Azul_Aero;876410;2013;01;01;13.4;8;7.0;8;1017.7;8;1000.1;8;15.0;8;5.6;8;9.3;999.9;24.8;8.0;0.0;999.9;0;1;0;0;0;0
Azul_Aero;876410;2013;01;02;13.5;8;7.7;8;1021.2;8;1003.5;8;17.5;8;2.0;8;4.1;999.9;21.2;5.0;0.0;999.9;0;0;0;0;0;0
Azul_Aero;876410;2013;01;03;18.2;8;12.6;8;1017.5;8;1000.0;8;17.5;8;5.8;8;7.7;999.9;25.8;11.5;0.0;999.9;0;0;0;0;0;0
Azul_Aero;876410;2013;01;04;21.6;8;15.5;8;1013.6;8;996.5;8;15.0;8;3.5;8;4.6;999.9;27.9;13.8;0.0;999.9;0;0;0;0;0;0
Azul_Aero;876410;2013;01;05;23.1;8;18.5;8;1007.1;8;990.2;8;15.0;8;4.0;8;5.7;999.9;29.2;18.4;0.0;999.9;0;0;0;0;0;0
Azul_Aero;876410;2013;01;06;22.0;8;15.7;8;1005.9;8;988.9;8;11.3;8;4.4;8;7.7;999.9;29.9;11.5;0.0;999.9;1;0;0;0;0;0
Azul_Aero;876410;2013;01;07;23.9;8;16.5;8;1001.9;8;985.2;8;13.2;8;4.5;8;6.2;999.9;30.4;19.5;0.0;999.9;0;1;0;0;0;0
Azul_Aero;876410;2013;01;08;19.1;8;12.2;8;1009.4;8;992.3;8;17.5;8;3.5;8;5.1;999.9;29.5;11.8;0.0;999.9;0;1;0;0;0;0
Azul_Aero;876410;2013;01;09;19.9;8;11.2;8;1016.6;8;999.3;8;15.6;8;2.4;8;3.6;999.9;29.0;9.0;0.0;999.9;0;0;0;0;0;0
Azul_Aero;876410;2013;01;10;24.4;8;16.1;8;1017.5;8;1000.5;8;15.0;8;3.9;8;5.7;999.9;31.5;15.2;0.0;999.9;0;0;0;0;0;0
Azul_Aero;876410;2013;01;11;25.7;8;14.9;8;1014.9;8;998.1;8;15.0;8;4.8;8;6.7;999.9;32.2;18.4;0.0;999.9;0;0;0;0;0;0
Azul_Aero;876410;2013;01;12;23.9;8;14.6;8;1012.3;8;995.4;8;16.9;8;3.8;8;6.2;999.9;33.0;15.2;0.0;999.9;0;0;0;0;0;0
Azul_Aero;876410;2013;01;13;24.6;8;17.4;8;1015.3;8;998.4;8;15.6;8;2.3;8;3.1;999.9;31.6;16.0;999.9;999.9;0;1;0;0;0;0
Azul_Aero;876410;2013;01;14;21.5;8;16.8;8;1016.8;8;999.7;8;13.2;8;3.4;8;5.1;999.9;31.4;15.9;0.0;999.9;0;0;0;0;0;0
Azul_Aero;876410;2013;01;15;23.4;8;16.7;8;1012.4;8;995.5;8;13.8;8;2.9;8;6.2;999.9;30.5;14.9;0.0;999.9;0;0;0;0;0;0
Azul_Aero;876410;2013;01;16;21.9;8;16.9;8;1008.6;8;991.7;8;13.7;8;2.8;8;5.1;999.9;31.8;14.9;0.5;999.9;0;1;0;0;0;0
Azul_Aero;876410;2013;01;17;19.4;8;17.1;8;1013.9;8;996.7;8;13.7;8;3.8;8;6.2;999.9;27.8;14.0;0.5;999.9;0;0;0;0;0;0
Azul_Aero;876410;2013;01;18;19.6;8;14.4;8;1018.0;8;1000.7;8;15.0;8;3.8;8;5.1;999.9;25.3;14.0;0.0;999.9;0;0;0;0;0;0
Azul_Aero;876410;2013;01;19;17.9;8;12.0;8;1021.1;8;1003.7;8;15.0;8;4.7;8;8.7;999.9;26.0;10.5;0.0;999.9;0;0;0;0;0;0
Azul_Aero;876410;2013;01;20;17.0;8;9.9;8;1024.3;8;1006.7;8;16.9;8;2.8;8;4.1;999.9;25.0;7.2;0.0;999.9;0;0;0;0;0;0
Azul_Aero;876410;2013;01;21;19.8;8;13.4;8;1022.5;8;1005.0;8;15.6;8;4.0;8;7.2;999.9;26.2;12.8;0.0;999.9;0;0;0;0;0;0
Azul_Aero;876410;2013;01;22;21.5;8;14.3;8;1018.4;8;1001.1;8;13.2;8;4.0;8;5.1;999.9;28.2;10.0;0.0;999.9;1;0;0;0;0;0
Azul_Aero;876410;2013;01;23;24.8;8;16.5;8;1011.1;8;994.2;8;13.2;8;3.7;8;6.2;999.9;31.9;16.0;0.0;999.9;0;0;0;0;0;0
Azul_Aero;876410;2013;01;24;23.4;8;17.5;8;1002.3;8;985.5;8;15.0;8;6.0;8;12.3;999.9;32.3;17.7;6.1;999.9;0;1;0;0;1;0
Azul_Aero;876410;2013;01;25;15.6;8;9.3;8;1012.3;8;995.0;8;16.3;8;5.1;8;10.3;999.9;29.9;10.3;0.0;999.9;0;0;0;0;0;0
Azul_Aero;876410;2013;01;26;17.1;8;6.2;8;1014.4;8;996.9;8;15.6;8;3.5;8;5.1;999.9;27.8;8.0;0.0;999.9;0;0;0;0;0;0
Azul_Aero;876410;2013;01;27;22.9;8;10.7;8;1011.3;8;994.2;8;15.0;8;6.0;8;8.7;999.9;31.8;14.5;0.0;999.9;0;0;0;0;0;0
Azul_Aero;876410;2013;01;28;26.5;8;16.9;8;1011.4;8;994.6;8;13.2;8;3.3;8;5.7;999.9;35.7;18.5;0.0;999.9;0;0;0;0;0;0
Azul_Aero;876410;2013;01;29;25.9;8;16.3;8;1014.2;8;997.3;8;14.8;8;3.1;8;9.3;999.9;36.0;19.6;0.0;999.9;0;1;0;0;0;0
Azul_Aero;876410;2013;01;30;22.4;8;17.6;8;1012.5;8;995.5;8;14.5;8;3.6;8;8.2;999.9;32.5;16.3;49.0;999.9;0;1;0;0;1;0
Azul_Aero;876410;2013;01;31;22.3;8;18.4;8;1010.5;8;993.5;8;13.2;8;3.6;8;5.1;999.9;29.2;17.5;0.0;999.9;1;0;0;0;0;0
Azul_Aero;876410;2013;02;01;24.9;8;19.9;8;1004.8;8;988.0;8;12.6;8;5.2;8;8.2;999.9;31.8;17.9;0.0;999.9;0;0;0;0;0;0
Azul_Aero;876410;2013;02;02;20.5;8;12.9;8;1011.6;8;994.5;8;14.8;8;4.9;8;7.2;999.9;32.9;13.0;0.0;999.9;0;0;0;0;0;0
Azul_Aero;876410;2013;02;03;16.2;8;8.0;8;1019.9;8;1002.4;8;16.9;8;2.1;8;5.1;999.9;26.0;7.0;0.0;999.9;0;0;0;0;0;0
Azul_Aero;876410;2013;02;04;19.6;8;8.4;8;1014.4;8;997.2;8;16.3;8;5.0;8;7.7;999.9;26.9;11.5;0.0;999.9;0;0;0;0;0;0
Azul_Aero;876410;2013;02;05;21.7;8;10.1;8;1014.7;8;997.6;8;15.6;8;3.0;8;3.6;999.9;29.6;10.0;0.0;999.9;0;0;0;0;0;0
Azul_Aero;876410;2013;02;06;23.3;8;13.0;8;1016.5;8;999.4;8;19.3;8;3.2;8;5.7;999.9;30.7;12.3;0.0;999.9;0;0;0;0;0;0
Azul_Aero;876410;2013;02;07;23.3;8;13.9;8;1017.0;8;1000.0;8;15.6;8;3.0;8;4.6;999.9;30.7;13.8;0.0;999.9;0;0;0;0;0;0
Azul_Aero;876410;2013;02;08;23.0;8;15.9;8;1014.2;8;997.2;8;14.2;8;2.8;8;4.6;999.9;30.5;13.4;0.0;999.9;0;0;0;0;0;0
Azul_Aero;876410;2013;02;09;22.7;7;14.8;7;1011.9;7;994.9;7;13.7;7;3.8;7;5.1;999.9;31.2;13.1;0.0;999.9;1;0;0;0;0;0
Azul_Aero;876410;2013;02;10;24.9;8;18.7;8;1008.0;8;991.2;8;12.9;8;3.6;8;4.6;999.9;32.4;17.5;0.0;999.9;1;0;0;0;0;0
Azul_Aero;876410;2013;02;11;24.1;8;18.7;8;1006.8;8;990.0;8;13.2;8;2.3;8;5.1;999.9;33.4;18.0;38.1;999.9;0;1;0;0;1;0
Azul_Aero;876410;2013;02;12;23.6;8;15.0;8;1002.9;8;986.1;8;15.0;8;3.1;8;4.6;999.9;31.5;18.5;0.0;999.9;0;0;0;0;0;0
Azul_Aero;876410;2013;02;13;20.9;8;10.9;8;1006.9;8;989.9;8;15.6;8;2.6;8;4.1;999.9;30.3;10.1;1.0;999.9;0;0;0;0;0;0
Azul_Aero;876410;2013;02;14;20.7;8;12.4;8;1011.3;8;994.2;8;14.8;8;2.8;8;4.6;999.9;30.6;10.6;0.0;999.9;0;0;0;0;0;0
Azul_Aero;876410;2013;02;15;25.0;8;15.8;8;1010.5;8;993.6;8;14.2;8;3.5;8;5.1;999.9;32.3;12.0;0.0;999.9;0;0;0;0;0;0
Azul_Aero;876410;2013;02;16;25.8;8;16.9;8;1005.1;8;988.3;8;14.3;8;5.1;8;7.7;999.9;32.5;17.3;0.0;999.9;0;0;0;0;0;0
Azul_Aero;876410;2013;02;17;20.9;8;14.4;8;1006.1;8;989.2;8;14.5;8;4.4;8;7.7;999.9;32.8;18.4;0.0;999.9;0;1;0;0;0;0
Azul_Aero;876410;2013;02;18;15.0;8;7.1;8;1018.7;8;1001.1;8;15.0;8;2.1;8;4.1;999.9;23.4;5.5;0.5;999.9;0;0;0;0;0;0
Azul_Aero;876410;2013;02;19;17.3;8;9.4;8;1020.6;8;1003.1;8;15.6;8;2.6;8;4.6;999.9;24.3;9.8;0.0;999.9;0;0;0;0;0;0
Azul_Aero;876410;2013;02;20;17.6;8;8.1;8;1019.2;8;1001.7;8;15.6;8;3.6;8;7.2;999.9;26.3;6.6;0.0;999.9;0;0;0;0;0;0
Azul_Aero;876410;2013;02;21;18.2;8;10.0;8;1016.7;8;999.4;8;17.5;8;2.6;8;4.6;999.9;26.8;11.0;0.0;999.9;0;0;0;0;0;0
Azul_Aero;876410;2013;02;22;17.9;8;11.1;8;1018.2;8;1000.9;8;12.9;8;4.1;8;6.7;999.9;27.0;7.9;0.0;999.9;1;0;0;0;0;0
Azul_Aero;876410;2013;02;23;20.6;8;15.0;8;1011.9;8;994.8;8;14.3;8;6.2;8;8.2;999.9;27.7;12.4;999.9;999.9;0;1;0;0;0;0
Azul_Aero;876410;2013;02;24;19.6;8;13.1;8;1006.9;8;989.8;8;16.3;8;3.7;8;9.3;999.9;27.5;12.6;6.1;999.9;0;1;0;0;0;0
Azul_Aero;876410;2013;02;25;16.3;8;9.7;8;1012.8;8;995.4;8;15.6;8;4.9;8;8.2;999.9;28.2;11.0;0.0;999.9;0;0;0;0;0;0
Azul_Aero;876410;2013;02;26;13.8;8;7.7;8;1016.3;8;998.6;8;15.0;8;3.0;8;4.1;999.9;21.0;6.0;0.0;999.9;0;0;0;0;0;0
Azul_Aero;876410;2013;02;27;14.3;8;5.9;8;1016.8;8;999.1;8;13.5;8;1.1;8;2.1;999.9;25.2;2.0;0.0;999.9;1;0;0;0;0;0
Azul_Aero;876410;2013;02;28;17.2;8;9.7;8;1016.1;8;998.7;8;14.3;8;4.4;8;8.2;999.9;25.7;8.6;0.0;999.9;0;0;0;0;0;0
Azul_Aero;876410;2013;03;01;17.2;8;14.8;8;1012.5;8;995.2;8;12.6;8;7.5;8;13.9;999.9;26.6;12.6;0.8;999.9;0;1;0;0;1;0
Azul_Aero;876410;2013;03;02;17.3;8;14.6;8;1004.0;8;986.8;8;10.3;8;6.3;8;10.3;999.9;22.2;14.5;83.1;999.9;0;1;0;0;1;0
Azul_Aero;876410;2013;03;03;16.4;8;12.2;8;1013.7;8;996.3;8;16.9;8;4.8;8;7.7;999.9;22.0;13.2;4.1;999.9;0;1;0;0;0;0
Azul_Aero;876410;2013;03;04;14.6;8;10.2;8;1018.0;8;1000.4;8;15.0;8;2.4;8;3.6;999.9;20.6;8.2;0.0;999.9;0;0;0;0;0;0
Azul_Aero;876410;2013;03;05;15.4;8;9.3;8;1014.0;8;996.5;8;11.4;8;1.9;8;3.6;999.9;24.2;5.6;0.0;999.9;1;0;0;0;0;0
Azul_Aero;876410;2013;03;06;19.1;8;10.9;8;1007.9;8;990.7;8;15.0;8;3.7;8;6.2;999.9;25.9;13.0;0.0;999.9;0;0;0;0;0;0
Azul_Aero;876410;2013;03;07;13.7;7;7.4;7;1013.2;7;995.8;7;14.3;7;2.4;7;4.6;999.9;26.9;5.0;0.0;999.9;0;0;0;0;0;0
Azul_Aero;876410;2013;03;08;17.3;8;12.4;8;1015.2;8;997.7;8;11.7;8;2.2;8;3.6;999.9;26.6;8.5;6.1;999.9;1;1;0;0;1;0
Azul_Aero;876410;2013;03;09;22.6;8;16.7;8;1008.8;8;991.8;8;14.3;8;2.4;8;4.6;999.9;27.7;13.2;0.0;999.9;0;1;0;0;0;0
Azul_Aero;876410;2013;03;10;18.6;8;9.7;8;1007.9;7;990.8;7;15.0;8;3.9;8;6.7;999.9;28.2;12.7;0.5;999.9;0;0;0;0;0;0
Azul_Aero;876410;2013;03;11;13.2;7;8.7;7;1008.0;7;990.5;7;16.1;7;3.1;7;9.3;999.9;21.9;4.0;0.0;999.9;0;0;0;0;0;0
Azul_Aero;876410;2013;03;12;13.8;8;6.9;8;1012.6;8;995.1;8;12.6;8;1.9;8;5.7;999.9;25.6;3.2;0.0;999.9;1;0;0;0;0;0
Azul_Aero;876410;2013;03;13;12.4;7;7.4;7;1018.1;7;1000.5;7;14.3;7;2.6;7;5.1;999.9;22.2;8.0;3.0;999.9;0;1;0;0;0;0
Azul_Aero;876410;2013;03;14;9.1;8;4.1;8;1023.4;8;1005.4;8;14.3;8;1.8;8;3.1;999.9;18.0;1.4;0.0;999.9;0;0;0;0;0;0
Azul_Aero;876410;2013;03;15;10.7;8;6.9;8;1024.6;8;1006.7;8;14.2;8;2.1;8;4.1;999.9;16.8;7.4;3.0;999.9;0;1;0;0;0;0
Azul_Aero;876410;2013;03;16;9.7;8;4.5;8;1027.4;8;1009.3;8;14.2;8;1.4;8;2.6;999.9;17.9;0.9;2.0;999.9;0;0;0;0;0;0
Azul_Aero;876410;2013;03;17;9.9;8;4.7;8;1029.2;8;1011.2;8;15.0;8;3.0;8;4.6;999.9;19.4;1.2;0.0;999.9;0;0;0;0;0;0
Azul_Aero;876410;2013;03;18;11.2;8;6.6;8;1027.3;8;1009.3;8;15.0;8;3.2;8;5.7;999.9;20.2;1.7;0.0;999.9;0;0;0;0;0;0
Azul_Aero;876410;2013;03;19;14.8;8;11.4;8;1023.0;8;1005.3;8;15.0;8;4.9;8;8.7;999.9;21.2;9.5;0.0;999.9;0;0;0;0;0;0
Azul_Aero;876410;2013;03;20;18.0;8;15.2;8;1015.1;8;997.7;8;14.2;8;4.0;8;6.2;999.9;24.1;12.1;0.0;999.9;0;0;0;0;0;0
Azul_Aero;876410;2013;03;21;17.1;8;11.7;8;1011.7;8;994.4;8;10.8;8;3.3;8;7.2;999.9;25.1;11.0;0.0;999.9;1;0;0;0;0;0
Azul_Aero;876410;2013;03;22;13.2;8;2.7;8;1016.1;8;998.4;8;15.0;8;2.8;8;5.7;999.9;24.5;2.5;0.0;999.9;0;0;0;0;0;0
Azul_Aero;876410;2013;03;23;15.4;8;5.2;8;1017.8;8;1000.2;8;15.0;8;1.4;8;3.6;999.9;25.4;4.1;0.0;999.9;0;0;0;0;0;0
Azul_Aero;876410;2013;03;24;16.8;8;11.7;8;1014.2;8;996.8;8;14.2;8;3.4;8;5.7;999.9;26.0;9.1;0.0;999.9;0;0;0;0;0;0
Azul_Aero;876410;2013;03;25;18.4;8;13.1;8;1011.0;8;993.8;8;14.2;8;4.4;8;7.2;999.9;27.0;12.6;21.1;999.9;0;1;0;0;1;0
Azul_Aero;876410;2013;03;26;15.5;8;8.9;8;1019.5;8;1001.9;8;12.6;8;2.0;8;3.1;999.9;24.5;6.5;0.0;999.9;1;0;0;0;0;0
Azul_Aero;876410;2013;03;27;16.6;8;8.0;8;1020.8;8;1003.2;8;15.0;8;1.9;8;3.6;999.9;24.5;5.5;0.0;999.9;0;0;0;0;0;0
Azul_Aero;876410;2013;03;28;17.3;8;8.9;8;1020.2;8;1002.7;8;15.0;8;3.0;8;4.6;999.9;25.8;7.5;0.0;999.9;0;0;0;0;0;0
Azul_Aero;876410;2013;03;29;18.3;8;9.4;8;1018.5;8;1001.0;8;14.3;8;3.0;8;5.1;999.9;26.5;6.1;0.0;999.9;0;0;0;0;0;0
Azul_Aero;876410;2013;03;30;20.1;8;13.1;8;1015.0;8;997.8;8;14.2;8;3.1;8;4.1;999.9;26.7;9.6;0.0;999.9;0;0;0;0;0;0
Azul_Aero;876410;2013;03;31;17.1;8;14.8;8;1017.0;8;999.6;8;12.1;8;2.5;8;5.1;999.9;27.6;11.9;0.5;999.9;0;1;0;0;0;0
Azul_Aero;876410;2013;04;01;16.5;8;15.9;8;1018.9;8;1001.4;8;8.7;8;6.5;8;9.8;999.9;20.9;14.3;3.0;999.9;0;1;0;0;0;0
Azul_Aero;876410;2013;04;02;17.9;8;16.7;8;1016.4;8;999.0;8;9.0;8;4.7;8;7.7;999.9;20.6;14.5;64.0;999.9;0;1;0;0;1;0
Azul_Aero;876410;2013;04;03;17.9;8;16.8;8;1015.6;8;998.3;8;9.0;8;3.9;8;6.7;999.9;22.4;16.0;26.9;999.9;0;1;0;0;1;0
Azul_Aero;876410;2013;04;04;15.3;8;14.5;8;1010.0;8;992.6;8;11.7;8;1.5;8;3.1;999.9;21.5;10.5;6.1;999.9;1;1;0;0;0;0
Azul_Aero;876410;2013;04;05;16.5;8;12.9;8;1004.1;8;986.7;8;9.5;8;2.3;8;3.6;999.9;23.9;9.9;19.0;999.9;1;1;0;0;0;0
Azul_Aero;876410;2013;04;06;14.4;8;6.6;8;1008.2;8;990.9;8;17.1;8;4.9;8;6.7;999.9;24.6;10.6;3.0;999.9;0;1;0;0;1;0
Azul_Aero;876410;2013;04;07;11.5;8;3.3;8;1016.3;8;998.5;8;15.6;8;3.6;8;6.7;999.9;21.4;1.5;0.0;999.9;0;0;0;0;0;0
Azul_Aero;876410;2013;04;08;14.4;8;7.1;8;1018.1;8;1000.4;8;15.9;8;2.3;8;4.1;999.9;23.3;4.8;0.0;999.9;0;0;0;0;0;0
Azul_Aero;876410;2013;04;09;14.2;8;7.5;8;1019.0;8;1001.4;8;14.8;8;2.6;8;4.1;999.9;24.0;5.5;0.0;999.9;0;0;0;0;0;0
Azul_Aero;876410;2013;04;10;15.2;8;10.2;8;1017.0;8;999.5;8;13.0;8;6.0;8;8.2;999.9;23.6;9.6;0.0;999.9;0;0;0;0;0;0
Azul_Aero;876410;2013;04;11;16.1;8;13.0;8;1011.0;8;993.6;8;14.3;8;2.8;8;7.2;999.9;20.0;12.0;0.5;999.9;0;1;0;0;0;0
Azul_Aero;876410;2013;04;12;13.0;8;6.5;8;1013.2;8;995.7;8;15.0;8;4.5;8;7.2;999.9;21.5;9.0;0.0;999.9;0;0;0;0;0;0
Azul_Aero;876410;2013;04;13;9.5;8;0.1;8;1017.2;8;999.3;8;16.9;8;4.5;8;7.7;999.9;17.5;1.9;0.0;999.9;0;0;0;0;0;0
Azul_Aero;876410;2013;04;14;13.9;7;4.9;7;1012.0;7;994.4;7;20.0;7;4.4;7;7.2;999.9;22.0;5.4;0.0;999.9;0;0;0;0;0;0
Azul_Aero;876410;2013;04;15;15.4;8;7.7;8;1015.1;8;997.6;8;15.6;8;2.9;8;5.1;999.9;23.3;7.9;0.0;999.9;0;0;0;0;0;0
Azul_Aero;876410;2013;04;16;10.2;8;7.2;8;1020.0;8;1002.2;8;12.4;8;2.0;8;3.1;999.9;22.6;2.4;0.0;999.9;0;0;0;0;0;0
Azul_Aero;876410;2013;04;17;12.1;8;8.8;8;1018.8;8;1001.0;8;7.6;8;2.6;8;6.2;999.9;23.1;1.5;0.0;999.9;1;0;0;0;0;0
Azul_Aero;876410;2013;04;18;19.1;8;13.9;8;1015.5;8;998.2;8;13.4;8;4.0;8;5.7;999.9;26.6;6.8;0.0;999.9;1;0;0;0;0;0
Azul_Aero;876410;2013;04;19;19.0;8;12.8;8;1016.5;8;999.2;8;14.2;8;2.9;8;5.1;999.9;27.5;7.0;0.0;999.9;0;0;0;0;0;0
Azul_Aero;876410;2013;04;20;16.5;8;9.5;8;1019.5;8;1002.0;8;13.0;8;2.1;8;4.6;999.9;27.5;6.0;0.0;999.9;0;0;0;0;0;0
Azul_Aero;876410;2013;04;21;17.4;8;10.8;8;1020.2;8;1002.7;8;12.2;8;3.2;8;5.1;999.9;27.0;6.8;0.0;999.9;0;0;0;0;0;0
Azul_Aero;876410;2013;04;22;16.2;8;11.6;8;1020.8;8;1003.3;8;11.3;8;3.0;8;4.1;999.9;26.3;5.7;0.0;999.9;1;0;0;0;0;0
Azul_Aero;876410;2013;04;23;14.4;8;12.8;8;1021.6;8;1004.0;8;7.6;8;2.7;8;4.1;999.9;25.7;8.6;0.0;999.9;1;0;0;0;0;0
Azul_Aero;876410;2013;04;24;17.0;8;14.7;8;1019.9;8;1002.4;8;4.5;8;3.3;8;5.1;999.9;23.3;11.4;0.0;999.9;1;0;0;0;0;0
Azul_Aero;876410;2013;04;25;18.2;8;13.6;8;1016.2;8;998.8;8;6.8;8;2.9;8;6.2;999.9;25.9;9.1;0.0;999.9;1;0;0;0;0;0
Azul_Aero;876410;2013;04;26;16.3;7;13.3;7;1015.7;7;998.3;7;7.9;7;2.6;7;5.7;999.9;26.3;9.1;0.0;999.9;1;0;0;0;0;0
Azul_Aero;876410;2013;04;27;17.1;8;15.4;8;1016.1;8;998.7;8;8.7;8;6.3;8;7.2;999.9;26.1;11.9;0.0;999.9;0;1;0;0;0;0
Azul_Aero;876410;2013;04;28;17.4;7;15.1;7;1009.9;7;992.6;7;10.6;7;3.1;7;6.7;999.9;20.6;16.0;22.1;999.9;0;1;0;0;0;0
Azul_Aero;876410;2013;04;29;15.8;8;12.7;8;1011.8;8;994.4;8;10.9;8;2.6;8;3.6;999.9;21.5;11.9;0.0;999.9;0;0;0;0;0;0
Azul_Aero;876410;2013;04;30;13.6;8;10.3;8;1016.1;8;998.5;8;6.8;8;1.3;8;3.1;999.9;22.9;5.0;0.0;999.9;1;0;0;0;0;0
Azul_Aero;876410;2013;05;01;14.8;8;13.5;8;1015.0;8;997.5;8;10.0;8;4.0;8;5.7;999.9;23.0;7.5;4.1;999.9;1;1;0;0;0;0
Azul_Aero;876410;2013;05;02;15.2;8;14.1;8;1014.2;8;996.6;8;8.2;8;2.9;8;4.6;999.9;17.7;13.9;4.1;999.9;1;1;0;0;0;0
Azul_Aero;876410;2013;05;03;12.6;8;11.7;8;1014.6;8;997.0;8;11.7;8;3.9;8;6.7;999.9;18.3;10.9;7.9;999.9;0;1;0;0;0;0
Azul_Aero;876410;2013;05;04;11.9;8;9.0;8;1015.3;8;997.6;8;9.5;8;3.2;8;7.2;999.9;18.5;4.6;2.0;999.9;1;0;0;0;0;0
Azul_Aero;876410;2013;05;05;11.9;8;7.2;8;1019.4;8;1001.7;8;13.0;8;2.4;8;5.1;999.9;19.9;5.5;0.0;999.9;0;0;0;0;0;0
Azul_Aero;876410;2013;05;06;12.6;8;8.3;8;1013.5;8;995.8;8;15.0;8;4.0;8;7.2;999.9;19.8;6.6;0.0;999.9;0;0;0;0;0;0
Azul_Aero;876410;2013;05;07;8.5;8;2.6;8;1020.4;8;1002.5;8;15.0;8;3.9;8;9.3;999.9;19.8;0.0;0.0;999.9;0;0;0;0;0;0
Azul_Aero;876410;2013;05;08;12.8;8;4.9;8;1010.6;8;992.9;8;15.0;8;6.4;8;9.3;999.9;22.2;2.8;0.0;999.9;0;0;0;0;0;0
Azul_Aero;876410;2013;05;09;14.2;8;9.8;8;1013.3;8;995.7;8;14.3;8;2.3;8;4.6;999.9;22.5;4.2;0.0;999.9;0;0;0;0;0;0
Azul_Aero;876410;2013;05;10;16.1;8;12.9;8;1010.9;8;993.5;8;10.9;8;3.2;8;4.1;999.9;23.4;7.2;0.0;999.9;0;0;0;0;0;0
Azul_Aero;876410;2013;05;11;14.4;8;8.1;8;1014.2;8;996.7;8;15.6;8;2.9;8;6.2;999.9;20.9;6.4;0.0;999.9;0;0;0;0;0;0
Azul_Aero;876410;2013;05;12;8.6;8;3.8;8;1016.8;8;998.8;8;13.2;8;1.8;8;4.6;999.9;19.2;-0.5;0.0;999.9;0;0;0;0;0;0
Azul_Aero;876410;2013;05;13;11.0;8;3.9;8;1015.6;8;997.8;8;13.7;8;2.0;8;4.1;999.9;19.7;1.0;0.0;999.9;0;0;0;0;0;0
Azul_Aero;876410;2013;05;14;10.2;8;3.6;8;1014.2;8;996.3;8;13.7;8;2.2;8;4.1;999.9;18.8;4.0;0.0;999.9;0;1;0;0;0;0
Azul_Aero;876410;2013;05;15;4.6;8;-3.7;8;1017.3;8;999.2;8;17.5;8;4.1;8;8.2;999.9;16.5;-0.3;0.0;999.9;0;0;0;0;0;0
Azul_Aero;876410;2013;05;16;5.6;8;-1.5;8;1022.2;8;1004.0;8;15.0;8;4.1;8;7.7;999.9;11.2;-0.8;0.0;999.9;0;0;0;0;0;0
Azul_Aero;876410;2013;05;17;6.7;8;-0.1;8;1024.7;8;1006.4;8;15.0;8;2.8;8;4.6;999.9;15.2;-1.4;0.0;999.9;0;0;0;0;0;0
Azul_Aero;876410;2013;05;18;6.4;8;3.2;8;1024.9;8;1006.7;8;11.4;8;1.9;8;4.1;999.9;15.4;-1.2;999.9;999.9;0;1;0;0;0;0
Azul_Aero;876410;2013;05;19;8.1;8;7.5;8;1024.9;8;1006.7;8;7.6;8;1.8;8;4.1;999.9;11.5;0.3;7.9;999.9;0;1;0;0;0;0
Azul_Aero;876410;2013;05;20;9.0;8;7.6;8;1022.8;8;1004.7;8;6.6;8;0.7;8;1.0;999.9;10.6;7.5;1.0;999.9;1;0;0;0;0;0
Azul_Aero;876410;2013;05;21;5.9;8;4.0;8;1019.7;8;1001.5;8;5.8;8;1.4;8;3.1;999.9;16.0;-1.5;0.0;999.9;1;0;0;0;0;0
Azul_Aero;876410;2013;05;22;8.2;8;4.9;8;1021.0;8;1002.9;8;8.4;8;1.1;8;1.5;999.9;17.7;-0.4;0.0;999.9;1;0;0;0;0;0
Azul_Aero;876410;2013;05;23;7.5;8;5.6;8;1019.9;8;1001.9;8;7.2;8;2.7;8;6.7;999.9;17.9;0.5;0.0;999.9;1;0;0;0;0;0
Azul_Aero;876410;2013;05;24;10.9;8;7.2;8;1019.1;8;1001.2;8;12.6;8;4.3;8;7.7;999.9;16.5;2.5;0.0;999.9;0;0;0;0;0;0
Azul_Aero;876410;2013;05;25;6.1;8;4.4;8;1020.5;8;1002.3;8;10.5;8;2.3;8;5.7;999.9;16.4;-0.4;0.0;999.9;1;0;0;0;0;0
Azul_Aero;876410;2013;05;26;12.1;8;9.2;8;1013.1;8;995.3;8;10.3;8;5.7;8;9.8;999.9;19.3;0.6;0.0;999.9;1;0;0;0;0;0
Azul_Aero;876410;2013;05;27;8.5;8;6.4;8;1011.0;8;993.2;8;6.4;8;1.9;8;6.2;999.9;19.3;1.0;0.0;999.9;1;0;0;0;0;0
Azul_Aero;876410;2013;05;28;11.4;8;10.3;8;1002.1;8;984.6;8;6.0;8;3.9;8;9.3;999.9;16.5;2.9;5.1;999.9;1;1;0;0;1;0
Azul_Aero;876410;2013;05;29;11.0;8;5.9;8;1004.9;8;987.3;8;13.7;8;3.1;8;5.1;999.9;14.9;5.5;18.0;999.9;0;0;0;0;0;0
Azul_Aero;876410;2013;05;30;8.6;8;2.4;8;1008.4;8;990.6;8;15.0;8;4.9;8;8.2;999.9;15.8;2.0;0.0;999.9;0;0;0;0;0;0
Azul_Aero;876410;2013;05;31;10.7;8;6.1;8;1005.0;8;987.4;8;13.7;8;4.4;8;6.7;999.9;16.1;3.8;0.0;999.9;0;0;0;0;0;0
Azul_Aero;876410;2013;06;01;10.8;8;4.6;8;1008.7;8;991.0;8;14.6;8;4.9;8;8.7;999.9;18.5;1.0;999.9;999.9;0;1;0;0;1;0
Azul_Aero;876410;2013;06;02;9.2;8;2.7;8;1013.8;8;996.0;8;15.0;8;3.4;8;4.6;999.9;19.3;3.1;1.0;999.9;0;0;0;0;0;0
Azul_Aero;876410;2013;06;03;10.5;8;5.6;8;1016.1;8;998.2;8;17.5;8;3.9;8;6.7;999.9;17.4;3.6;0.5;999.9;0;1;0;0;0;0
Azul_Aero;876410;2013;06;04;12.8;8;5.6;8;1011.6;8;994.0;8;15.6;8;3.9;8;6.2;999.9;19.0;5.7;0.0;999.9;0;0;0;0;0;0
Azul_Aero;876410;2013;06;05;11.2;8;4.6;8;1009.3;8;991.7;8;17.5;8;4.1;8;6.7;999.9;19.0;5.5;0.0;999.9;0;0;0;0;0;0
Azul_Aero;876410;2013;06;06;8.3;8;4.5;8;1018.1;8;1000.2;8;14.3;8;3.6;8;6.2;999.9;18.9;1.5;0.0;999.9;0;0;0;0;0;0
Azul_Aero;876410;2013;06;07;8.6;8;3.4;8;1016.8;8;998.8;8;15.0;8;5.7;8;8.7;999.9;17.0;2.8;0.0;999.9;0;0;0;0;0;0
Azul_Aero;876410;2013;06;08;4.1;8;-0.9;8;1026.1;8;1007.7;8;13.2;8;1.4;8;4.6;999.9;17.5;-5.0;0.0;999.9;0;0;0;0;0;0
Azul_Aero;876410;2013;06;09;7.9;8;4.3;8;1019.4;8;1001.4;8;11.6;8;2.7;8;6.7;999.9;15.1;-1.6;0.0;999.9;0;0;0;0;0;0
Azul_Aero;876410;2013;06;10;10.1;8;6.4;8;1016.6;8;998.7;8;7.1;8;3.5;8;6.2;999.9;18.0;1.1;0.0;999.9;1;0;0;0;0;0
Azul_Aero;876410;2013;06;11;9.2;8;7.7;8;1017.8;8;1000.0;8;9.3;8;3.3;8;5.7;999.9;19.1;2.5;0.0;999.9;1;0;0;0;0;0
Azul_Aero;876410;2013;06;12;15.2;8;13.7;8;1015.6;8;998.0;8;7.9;8;4.4;8;6.2;999.9;18.4;6.2;0.0;999.9;1;0;0;0;0;0
Azul_Aero;876410;2013;06;13;12.1;8;8.8;8;1013.8;8;996.1;8;8.0;8;2.5;8;4.6;999.9;22.0;4.0;0.0;999.9;0;0;0;0;0;0
Azul_Aero;876410;2013;06;14;8.4;8;2.9;8;1023.6;8;1005.6;8;15.0;8;3.9;8;10.8;999.9;22.2;2.5;0.0;999.9;0;0;0;0;0;0
Azul_Aero;876410;2013;06;15;6.3;8;1.5;8;1020.4;8;1002.2;8;14.3;8;4.7;8;7.2;999.9;11.9;0.1;0.0;999.9;0;0;0;0;0;0
Azul_Aero;876410;2013;06;16;9.6;8;6.4;8;1014.9;8;997.0;8;11.9;8;3.3;8;6.2;999.9;12.4;6.1;0.0;999.9;1;1;0;0;0;0
Azul_Aero;876410;2013;06;17;2.3;8;-2.6;8;1020.1;8;1001.8;8;15.0;8;2.2;8;5.7;999.9;12.4;-6.6;5.1;999.9;0;0;0;0;0;0
Azul_Aero;876410;2013;06;18;6.1;8;0.0;8;1015.5;8;997.3;8;14.0;8;4.1;8;8.2;999.9;12.8;-3.9;0.0;999.9;1;0;0;0;0;0
Azul_Aero;876410;2013;06;19;2.2;8;-5.9;8;1025.0;8;1006.5;8;17.9;8;3.0;8;5.1;999.9;13.3;-5.7;0.0;999.9;0;0;0;0;0;0
Azul_Aero;876410;2013;06;20;3.6;8;-5.1;8;1024.4;8;1006.0;8;15.6;8;4.2;8;7.2;999.9;11.3;-3.0;0.0;999.9;0;0;0;0;0;0
Azul_Aero;876410;2013;06;21;4.1;7;-3.5;7;1013.4;7;995.2;7;15.0;7;6.1;7;10.3;999.9;13.0;-1.8;0.0;999.9;0;0;0;0;0;0
Azul_Aero;876410;2013;06;22;7.9;8;0.9;8;1011.8;8;993.9;8;15.0;8;3.4;8;5.7;999.9;13.6;0.2;0.0;999.9;0;0;0;0;0;0
Azul_Aero;876410;2013;06;23;2.4;8;-3.3;8;1023.0;8;1004.6;8;15.0;8;2.5;8;6.2;999.9;12.2;-6.6;0.0;999.9;0;0;0;0;0;0
Azul_Aero;876410;2013;06;24;3.3;8;-1.8;8;1024.7;8;1006.2;8;13.5;8;0.7;8;2.6;999.9;12.9;-4.7;0.0;999.9;0;0;0;0;0;0
Azul_Aero;876410;2013;06;25;2.4;8;-0.1;8;1019.9;8;1001.5;8;11.9;8;1.1;8;3.1;999.9;13.2;-4.9;0.0;999.9;1;0;0;0;0;0
Azul_Aero;876410;2013;06;26;3.9;8;0.7;8;1015.8;8;997.5;8;6.4;8;1.9;8;4.1;999.9;15.1;-4.5;0.0;999.9;1;0;0;0;0;0
Azul_Aero;876410;2013;06;27;9.3;8;4.8;8;1014.0;8;996.1;8;15.0;8;2.7;8;6.2;999.9;16.0;-3.0;0.0;999.9;0;0;0;0;0;0
Azul_Aero;876410;2013;06;28;9.8;8;6.9;8;1010.0;8;992.3;8;12.6;8;3.3;8;8.2;999.9;16.6;4.8;0.0;999.9;0;0;0;0;0;0
Azul_Aero;876410;2013;06;29;8.7;8;0.8;8;1013.4;8;995.5;8;13.0;8;3.0;8;6.2;999.9;13.6;2.6;0.0;999.9;0;0;0;0;0;0
Azul_Aero;876410;2013;06;30;5.2;8;-3.5;8;1020.3;8;1002.1;8;17.5;8;2.2;8;4.6;999.9;14.0;-1.6;0.0;999.9;0;0;0;0;0;0
Azul_Aero;876410;2013;07;01;5.6;8;-1.3;8;1022.6;8;1004.4;8;15.6;8;2.4;8;5.7;999.9;13.5;-3.4;0.0;999.9;0;0;0;0;0;0
Azul_Aero;876410;2013;07;02;10.8;8;4.3;8;1014.5;8;996.6;8;15.0;8;4.9;8;9.8;999.9;18.0;-1.1;0.0;999.9;0;0;0;0;0;0
Azul_Aero;876410;2013;07;03;9.8;8;4.7;8;1010.9;8;993.2;8;13.7;8;3.7;8;7.2;999.9;18.4;0.0;0.0;999.9;0;0;0;0;0;0
Azul_Aero;876410;2013;07;04;12.5;8;10.7;8;1015.2;8;997.5;8;10.6;8;5.1;8;8.2;999.9;17.2;3.2;2.0;999.9;0;1;0;0;0;0
Azul_Aero;876410;2013;07;05;10.3;8;9.9;8;1016.1;8;998.3;8;5.0;8;4.7;8;6.2;999.9;12.9;8.1;3.0;999.9;1;1;0;0;0;0
Azul_Aero;876410;2013;07;06;10.8;8;9.3;8;1014.0;8;996.2;8;10.6;8;4.8;8;9.8;999.9;12.5;8.1;9.9;999.9;0;1;0;0;0;0
Azul_Aero;876410;2013;07;07;5.9;8;3.7;8;1025.5;8;1007.3;8;13.2;8;3.3;8;6.2;999.9;12.5;1.5;0.0;999.9;1;0;0;0;0;0
Azul_Aero;876410;2013;07;08;2.8;8;-1.1;8;1031.7;8;1013.2;8;12.6;8;2.2;8;5.1;999.9;11.2;-4.0;0.0;999.9;1;0;0;0;0;0
Azul_Aero;876410;2013;07;09;5.6;8;3.7;8;1024.0;8;1005.8;8;14.2;8;4.5;8;6.7;999.9;12.0;-4.0;8.9;999.9;0;1;0;0;0;0
Azul_Aero;876410;2013;07;10;7.4;8;6.9;8;1018.6;8;1000.5;8;4.0;8;2.2;8;4.6;999.9;9.0;5.6;0.8;999.9;1;1;0;0;0;0
Azul_Aero;876410;2013;07;11;10.2;8;9.4;8;1016.6;8;998.7;8;6.4;8;2.2;8;4.1;999.9;13.3;6.5;2.0;999.9;1;1;0;0;0;0
Azul_Aero;876410;2013;07;12;7.0;8;5.6;8;1020.5;8;1002.5;8;10.0;8;2.1;8;4.1;999.9;13.9;0.2;0.5;999.9;1;0;0;0;0;0
Azul_Aero;876410;2013;07;13;8.7;8;7.7;8;1015.9;8;998.0;8;5.1;8;4.9;8;6.7;999.9;15.5;1.2;0.0;999.9;1;0;0;0;0;0
Azul_Aero;876410;2013;07;14;8.2;8;1.6;8;1017.3;8;999.4;8;15.0;8;2.9;8;4.1;999.9;14.9;3.0;0.0;999.9;0;0;0;0;0;0
Azul_Aero;876410;2013;07;15;4.9;8;-0.4;8;1019.9;8;1001.7;8;17.5;8;3.4;8;6.7;999.9;14.2;-3.3;0.0;999.9;0;0;0;0;0;0
Azul_Aero;876410;2013;07;16;10.4;8;3.2;8;1012.6;8;994.7;8;15.6;8;4.1;8;5.7;999.9;19.0;1.7;0.0;999.9;0;0;0;0;0;0
Azul_Aero;876410;2013;07;17;9.8;8;4.6;8;1008.1;8;990.4;8;15.0;8;2.2;8;3.6;999.9;19.6;1.0;0.0;999.9;0;0;0;0;0;0
Azul_Aero;876410;2013;07;18;5.8;8;2.9;8;1016.9;8;998.9;8;14.5;8;6.3;8;10.3;999.9;19.0;0.8;0.5;999.9;0;1;0;0;0;0
Azul_Aero;876410;2013;07;19;1.9;8;-2.7;8;1023.8;8;1005.3;8;15.6;8;3.6;8;7.7;999.9;9.0;-4.3;0.0;999.9;0;0;0;0;0;0
Azul_Aero;876410;2013;07;20;2.2;8;-1.9;8;1009.8;8;991.5;8;15.6;8;4.3;8;5.1;999.9;7.8;-2.1;0.0;999.9;0;0;0;0;0;0
Azul_Aero;876410;2013;07;21;2.6;8;-0.4;8;1012.5;8;994.3;8;15.4;8;4.6;8;7.2;999.9;9.2;-1.3;0.0;999.9;0;1;0;0;0;0
Azul_Aero;876410;2013;07;22;4.2;8;1.6;8;1019.4;8;1001.1;8;15.0;8;5.4;8;9.3;999.9;8.8;1.4;0.0;999.9;0;1;0;0;0;0
Azul_Aero;876410;2013;07;23;2.6;8;-2.8;8;1022.8;7;1004.4;7;16.9;8;4.2;8;8.2;999.9;8.0;-4.2;0.0;999.9;0;0;0;0;0;0
Azul_Aero;876410;2013;07;24;5.0;8;0.6;8;1025.1;8;1006.7;8;13.7;8;2.4;8;4.1;999.9;10.3;-3.1;0.0;999.9;1;0;0;0;0;0
Azul_Aero;876410;2013;07;25;6.4;8;-1.1;8;1023.3;8;1005.0;8;14.3;8;6.0;8;9.3;999.9;13.9;-2.2;0.0;999.9;0;0;0;0;0;0
Azul_Aero;876410;2013;07;26;7.4;8;1.0;8;1023.3;8;1005.2;8;15.0;8;5.0;8;6.7;999.9;14.6;1.0;0.0;999.9;0;0;0;0;0;0
Azul_Aero;876410;2013;07;27;9.3;8;3.1;8;1022.1;8;1004.1;8;13.2;8;2.7;8;6.7;999.9;16.4;-1.0;0.0;999.9;1;0;0;0;0;0
Azul_Aero;876410;2013;07;28;6.3;8;2.9;8;1022.8;8;1004.6;8;12.6;8;1.3;8;2.6;999.9;17.4;-1.0;0.0;999.9;1;0;0;0;0;0
Azul_Aero;876410;2013;07;29;8.1;8;4.4;8;1023.0;8;1004.9;8;4.5;8;1.6;8;3.1;999.9;18.3;-1.2;0.0;999.9;1;0;0;0;0;0
Azul_Aero;876410;2013;07;30;8.5;8;6.1;8;1020.8;8;1002.8;8;8.0;8;3.2;8;7.2;999.9;19.1;0.9;0.0;999.9;1;0;0;0;0;0
Azul_Aero;876410;2013;07;31;11.7;8;10.2;8;1013.6;8;995.9;8;10.5;8;3.6;8;7.2;999.9;15.4;4.2;7.9;999.9;1;1;0;0;0;0
Azul_Aero;876410;2013;08;01;8.8;7;5.9;7;1017.4;7;999.5;7;16.4;7;3.8;7;5.7;999.9;10.9;5.9;2.0;999.9;0;0;0;0;0;0
Azul_Aero;876410;2013;08;02;4.0;8;1.5;8;1021.2;8;1002.9;8;9.8;8;1.2;8;2.6;999.9;11.5;-3.4;0.0;999.9;1;0;0;0;0;0
Azul_Aero;876410;2013;08;03;7.4;8;4.1;8;1018.5;8;1000.4;8;15.0;8;2.4;8;6.2;999.9;12.1;0.4;0.0;999.9;0;0;0;0;0;0
Azul_Aero;876410;2013;08;04;9.4;8;4.3;8;1016.9;8;999.0;8;11.3;8;3.6;8;5.1;999.9;17.4;1.0;0.0;999.9;1;0;0;0;0;0
Azul_Aero;876410;2013;08;05;12.4;8;2.9;8;1010.3;8;992.7;8;15.0;8;8.0;8;12.3;999.9;17.7;2.5;0.0;999.9;0;0;0;0;0;0
Azul_Aero;876410;2013;08;06;7.2;8;-1.0;8;1016.8;8;998.8;8;13.5;8;2.7;8;6.2;999.9;17.5;-3.3;0.0;999.9;0;0;0;0;0;0
Azul_Aero;876410;2013;08;07;10.7;8;4.6;8;1005.5;8;987.8;8;15.0;8;4.9;8;6.2;999.9;16.7;-0.1;0.0;999.9;0;0;0;0;0;0
Azul_Aero;876410;2013;08;08;8.9;8;-0.4;8;1011.9;8;994.1;8;16.9;8;4.3;8;7.2;999.9;13.5;2.5;0.0;999.9;0;0;0;0;0;0
Azul_Aero;876410;2013;08;09;4.7;8;-3.3;8;1025.9;8;1007.5;8;15.6;8;2.4;8;4.6;999.9;13.5;-4.6;0.0;999.9;0;0;0;0;0;0
Azul_Aero;876410;2013;08;10;5.6;8;-5.8;8;1023.4;8;1005.1;8;16.9;8;4.7;8;10.3;999.9;15.2;-2.9;0.0;999.9;0;0;0;0;0;0
Azul_Aero;876410;2013;08;11;8.2;7;-0.6;7;1012.0;7;994.1;7;16.4;7;6.0;7;10.3;999.9;15.6;1.7;0.0;999.9;0;1;0;0;0;0
Azul_Aero;876410;2013;08;12;5.6;8;2.2;8;1013.3;8;995.3;8;13.2;8;6.3;8;10.3;999.9;12.4;2.5;0.5;999.9;1;0;0;0;0;0
Azul_Aero;876410;2013;08;13;2.3;8;-3.9;8;1027.8;8;1009.3;8;17.5;8;3.0;8;7.2;999.9;10.5;-4.6;0.0;999.9;0;0;0;0;0;0
Azul_Aero;876410;2013;08;14;3.6;8;-4.8;8;1030.7;8;1012.2;8;15.9;8;3.4;8;7.7;999.9;12.2;-6.4;0.0;999.9;0;0;0;0;0;0
Azul_Aero;876410;2013;08;15;7.3;8;-3.7;8;1020.2;8;1002.1;8;15.6;8;8.3;8;13.4;999.9;14.4;-2.6;0.0;999.9;0;0;0;0;0;0
Azul_Aero;876410;2013;08;16;10.3;7;-3.8;7;1022.2;7;1004.3;7;15.0;7;5.1;7;7.2;999.9;15.8;2.0;0.0;999.9;0;0;0;0;0;0
Azul_Aero;876410;2013;08;17;4.1;8;-2.4;8;1029.2;8;1010.8;8;15.9;8;3.2;8;8.2;999.9;16.1;-6.4;0.0;999.9;0;0;0;0;0;0
Azul_Aero;876410;2013;08;18;8.9;8;0.4;8;1021.8;8;1003.8;8;15.0;8;7.5;8;11.3;999.9;17.6;1.4;0.0;999.9;0;0;0;0;0;0
Azul_Aero;876410;2013;08;19;12.4;8;4.7;8;1015.4;8;997.7;8;14.2;8;3.8;8;6.7;999.9;21.2;4.2;0.0;999.9;0;0;0;0;0;0
Azul_Aero;876410;2013;08;20;10.3;8;2.9;8;1017.0;8;999.2;8;15.0;8;3.4;8;8.2;999.9;21.5;-0.4;0.0;999.9;0;0;0;0;0;0
Azul_Aero;876410;2013;08;21;12.6;8;9.8;8;1009.6;8;992.1;8;11.3;8;2.2;8;5.7;999.9;22.0;4.3;1.0;999.9;0;0;0;0;1;0
Azul_Aero;876410;2013;08;22;6.8;8;-0.9;8;1013.6;8;995.7;8;11.3;8;6.0;8;9.3;999.9;16.2;2.5;0.0;999.9;1;0;0;0;0;0
Azul_Aero;876410;2013;08;23;3.1;7;-5.2;7;1024.7;7;1006.2;7;17.9;7;2.6;7;4.1;999.9;9.6;-3.5;0.0;999.9;0;0;0;0;0;0
Azul_Aero;876410;2013;08;24;2.8;8;-2.4;8;1031.8;8;1013.3;8;15.6;8;1.4;8;2.6;999.9;10.8;-3.6;0.0;999.9;0;0;0;0;0;0
Azul_Aero;876410;2013;08;25;1.6;8;-5.2;8;1035.5;8;1016.9;8;15.0;8;0.9;8;4.1;999.9;9.4;-4.9;0.0;999.9;0;0;0;0;0;0
Azul_Aero;876410;2013;08;26;0.6;8;-6.7;8;1036.0;8;1017.2;8;15.0;8;0.8;8;2.6;999.9;9.5;-7.8;0.0;999.9;0;0;0;0;0;0
Azul_Aero;876410;2013;08;27;3.8;8;-3.9;8;1025.5;8;1007.0;8;14.3;8;3.8;8;9.8;999.9;12.4;-6.6;0.0;999.9;0;0;0;0;0;0
Azul_Aero;876410;2013;08;28;13.1;8;0.6;8;1016.7;8;998.9;8;12.6;8;5.0;8;9.8;999.9;23.7;1.4;0.0;999.9;0;0;0;0;0;0
Azul_Aero;876410;2013;08;29;16.3;8;2.7;8;1013.0;8;995.6;8;14.8;8;5.2;8;9.8;999.9;28.1;6.9;0.0;999.9;0;0;0;0;0;0
Azul_Aero;876410;2013;08;30;16.1;8;3.4;8;1011.2;8;993.8;8;11.7;8;3.9;8;7.2;999.9;28.5;1.4;0.0;999.9;0;0;0;0;0;0
Azul_Aero;876410;2013;08;31;13.6;8;6.0;8;1012.9;8;995.4;8;13.2;8;4.0;8;7.7;999.9;26.5;6.0;0.0;999.9;0;0;0;0;0;0
Azul_Aero;876410;2013;09;01;13.8;8;5.8;8;1013.3;8;995.7;8;15.0;8;3.6;8;5.7;999.9;24.8;2.4;0.0;999.9;0;0;0;0;0;0
Azul_Aero;876410;2013;09;02;11.7;8;4.9;8;1015.8;8;998.1;8;16.3;8;3.9;8;6.2;999.9;26.2;5.7;0.5;999.9;0;1;0;0;0;0
Azul_Aero;876410;2013;09;03;7.0;8;1.8;8;1023.9;8;1005.8;8;15.6;8;4.0;8;7.2;999.9;14.8;1.7;0.0;999.9;0;0;0;0;0;0
Azul_Aero;876410;2013;09;04;4.5;8;-1.5;8;1026.7;8;1008.3;8;15.6;8;4.0;8;7.2;999.9;13.8;-4.3;0.0;999.9;0;0;0;0;0;0
Azul_Aero;876410;2013;09;05;11.1;8;4.0;8;1019.8;8;1001.8;8;13.2;8;5.8;8;7.7;999.9;16.6;1.9;0.0;999.9;0;0;0;0;0;0
Azul_Aero;876410;2013;09;06;11.2;8;6.7;7;1017.9;8;1000.1;8;11.9;8;2.8;8;4.6;999.9;19.8;1.2;0.0;999.9;1;0;0;0;0;0
Azul_Aero;876410;2013;09;07;12.9;8;12.1;8;1012.3;8;994.7;8;11.1;8;3.0;8;6.7;999.9;21.2;5.8;5.1;999.9;0;1;0;0;1;0
Azul_Aero;876410;2013;09;08;14.5;8;8.6;8;1013.9;8;996.4;8;17.5;8;4.3;8;7.2;999.9;20.3;6.5;30.0;999.9;0;0;0;0;0;0
Azul_Aero;876410;2013;09;09;18.2;8;12.4;8;1011.5;8;994.1;8;15.6;8;5.7;8;7.7;999.9;24.8;10.7;0.0;999.9;0;0;0;0;0;0
Azul_Aero;876410;2013;09;10;22.1;8;14.1;8;1006.7;8;989.7;8;13.8;8;7.2;8;11.3;999.9;26.1;15.0;0.0;999.9;0;0;0;0;0;0
Azul_Aero;876410;2013;09;11;14.8;8;2.3;8;1011.4;8;994.1;8;15.0;8;10.0;8;11.8;999.9;26.1;11.6;0.0;999.9;0;0;0;0;0;0
Azul_Aero;876410;2013;09;12;12.7;8;9.6;8;1010.1;8;992.6;8;14.8;8;10.2;8;13.4;999.9;15.5;10.4;0.3;999.9;0;1;0;0;0;0
Azul_Aero;876410;2013;09;13;8.4;8;3.8;8;1021.5;8;1003.5;8;15.0;8;8.2;8;10.3;999.9;15.8;4.5;0.0;999.9;0;0;0;0;0;0
Azul_Aero;876410;2013;09;14;4.9;8;-1.1;8;1027.3;8;1008.9;8;14.3;8;4.5;8;8.2;999.9;11.4;-2.2;0.0;999.9;0;0;0;0;0;0
Azul_Aero;876410;2013;09;15;4.8;8;1.8;8;1026.0;8;1007.6;8;13.5;8;7.5;8;11.3;999.9;12.2;0.4;0.0;999.9;0;1;0;0;0;0
Azul_Aero;876410;2013;09;16;5.8;8;3.8;8;1022.5;8;1004.3;8;13.7;8;7.6;8;11.3;999.9;9.0;4.0;0.3;999.9;0;1;0;0;0;0
Azul_Aero;876410;2013;09;17;5.8;8;-0.6;8;1019.0;8;1000.8;8;15.8;7;4.6;8;6.7;999.9;10.0;0.9;3.0;999.9;0;0;0;0;0;0
Azul_Aero;876410;2013;09;18;7.0;8;-3.5;8;1016.6;8;998.5;8;18.8;8;3.8;8;6.2;999.9;15.4;-3.3;0.0;999.9;0;0;0;0;0;0
Azul_Aero;876410;2013;09;19;11.4;8;-2.1;8;1018.0;8;1000.2;8;15.6;8;5.5;8;9.3;999.9;21.2;2.0;0.0;999.9;0;0;0;0;0;0
Azul_Aero;876410;2013;09;20;12.9;8;3.4;8;1011.6;8;994.0;8;15.0;8;6.2;8;9.3;999.9;21.5;7.7;0.0;999.9;0;0;0;0;0;0
Azul_Aero;876410;2013;09;21;9.1;8;1.6;8;1013.6;7;997.1;8;15.0;8;3.9;8;7.2;999.9;19.4;1.4;0.0;999.9;0;0;0;0;0;0
Azul_Aero;876410;2013;09;22;5.7;8;0.6;8;1024.3;8;1006.1;8;13.2;8;3.3;8;4.1;999.9;14.1;-1.5;0.0;999.9;1;0;0;0;0;0
Azul_Aero;876410;2013;09;23;7.2;8;1.8;8;1030.9;8;1012.6;8;15.0;8;2.0;8;3.6;999.9;14.0;-1.0;0.0;999.9;0;0;0;0;0;0
Azul_Aero;876410;2013;09;24;6.2;8;0.6;8;1032.3;8;1013.9;8;12.4;8;2.1;8;3.6;999.9;13.5;-4.0;0.0;999.9;1;0;0;0;0;0
Azul_Aero;876410;2013;09;25;6.6;8;0.4;8;1028.6;8;1010.4;8;11.4;8;4.6;8;7.7;999.9;14.6;-3.8;0.0;999.9;1;0;0;0;0;0
Azul_Aero;876410;2013;09;26;12.2;8;5.4;8;1021.9;8;1004.0;8;15.0;8;6.9;8;9.3;999.9;17.8;3.2;0.0;999.9;0;0;0;0;0;0
Azul_Aero;876410;2013;09;27;11.6;8;7.0;8;1021.0;8;1003.1;8;12.2;8;4.1;8;5.7;999.9;18.5;3.8;0.0;999.9;1;0;0;0;0;0
Azul_Aero;876410;2013;09;28;11.8;8;9.7;8;1020.1;8;1002.4;8;12.2;8;5.4;8;7.7;999.9;18.0;7.7;0.8;999.9;0;1;0;0;0;0
Azul_Aero;876410;2013;09;29;7.9;8;5.6;8;1017.9;8;1000.0;8;14.0;8;5.7;8;8.2;999.9;15.6;2.4;16.0;999.9;0;1;0;0;0;0
Azul_Aero;876410;2013;09;30;9.5;8;6.2;8;1014.7;8;996.8;8;13.7;8;3.9;8;11.3;999.9;13.8;4.9;7.9;999.9;0;1;0;0;0;0
Azul_Aero;876410;2013;10;01;10.8;8;8.1;8;1016.3;8;998.4;8;12.1;8;7.4;8;10.3;999.9;15.2;7.0;0.0;999.9;0;1;0;0;0;0
Azul_Aero;876410;2013;10;02;11.8;8;8.9;8;1019.6;8;1001.8;8;8.5;8;2.9;8;4.1;999.9;16.0;6.8;0.3;999.9;1;0;0;0;0;0
Azul_Aero;876410;2013;10;03;12.8;8;9.9;8;1020.7;8;1003.0;8;15.0;8;3.3;8;6.2;999.9;16.6;8.8;0.0;999.9;0;0;0;0;0;0
Azul_Aero;876410;2013;10;04;13.5;8;9.7;8;1022.4;8;1004.6;8;15.4;8;2.7;8;4.1;999.9;18.4;8.4;0.0;999.9;0;1;0;0;0;0
Azul_Aero;876410;2013;10;05;12.9;8;7.8;8;1022.5;8;1004.7;8;13.2;8;3.9;8;6.2;999.9;19.8;5.5;0.0;999.9;0;0;0;0;0;0
Azul_Aero;876410;2013;10;06;15.5;8;7.8;8;1023.1;8;1005.4;8;13.2;8;3.9;8;6.7;999.9;21.8;5.0;0.0;999.9;0;0;0;0;0;0
Azul_Aero;876410;2013;10;07;16.4;8;7.7;8;1023.8;8;1006.2;8;15.0;8;4.5;8;6.2;999.9;23.0;6.0;0.0;999.9;0;0;0;0;0;0
Azul_Aero;876410;2013;10;08;16.4;8;7.8;8;1019.5;8;1001.9;8;15.0;8;6.1;8;8.2;999.9;23.5;8.2;0.0;999.9;0;0;0;0;0;0
Azul_Aero;876410;2013;10;09;15.4;8;13.0;8;1014.4;8;997.0;8;12.2;8;4.1;8;7.2;999.9;23.4;12.1;6.1;999.9;0;1;0;0;1;0
Azul_Aero;876410;2013;10;10;12.9;8;10.4;8;1019.0;8;1001.3;8;12.7;8;2.4;8;5.1;999.9;20.8;5.0;6.1;999.9;1;0;0;0;0;0
Azul_Aero;876410;2013;10;11;11.9;8;7.5;8;1022.5;8;1004.6;8;15.0;8;7.7;8;11.3;999.9;21.5;5.0;0.0;999.9;0;0;0;0;0;0
Azul_Aero;876410;2013;10;12;12.1;7;8.1;7;1022.3;7;1004.5;7;12.7;7;6.6;7;8.8;999.9;18.9;7.7;0.0;999.9;0;0;0;0;0;0
Azul_Aero;876410;2013;10;13;14.6;8;12.6;8;1018.0;8;1000.4;8;10.0;8;3.9;8;6.7;999.9;19.5;10.2;0.3;999.9;1;1;0;0;0;0
Azul_Aero;876410;2013;10;14;16.3;8;10.8;8;1015.7;8;998.2;8;10.1;8;3.1;8;6.2;999.9;25.5;6.4;0.0;999.9;1;0;0;0;0;0
Azul_Aero;876410;2013;10;15;17.0;8;9.8;8;1017.9;8;1000.4;8;15.0;8;2.5;8;4.6;999.9;26.7;6.0;0.0;999.9;0;0;0;0;0;0
Azul_Aero;876410;2013;10;16;20.2;8;14.3;8;1015.8;8;998.6;8;14.2;8;3.5;8;7.2;999.9;27.6;14.4;0.0;999.9;0;1;0;0;0;0
Azul_Aero;876410;2013;10;17;17.3;8;14.0;8;1014.6;8;997.2;8;15.6;8;3.9;8;5.7;999.9;26.2;12.0;0.0;999.9;1;0;0;0;0;0
Azul_Aero;876410;2013;10;18;16.1;8;11.5;8;1012.7;8;995.2;8;11.1;8;2.5;8;5.1;999.9;26.0;5.3;0.0;999.9;1;0;0;0;0;0
Azul_Aero;876410;2013;10;19;19.0;8;12.9;8;1007.6;8;990.5;8;15.0;8;4.5;8;7.7;999.9;27.2;7.5;0.5;999.9;0;1;0;0;1;0
Azul_Aero;876410;2013;10;20;19.1;8;12.7;8;1001.1;8;984.1;8;12.7;8;5.6;8;8.8;999.9;28.0;14.0;20.1;999.9;0;1;0;0;1;0
Azul_Aero;876410;2013;10;21;11.7;8;4.5;8;1013.8;8;996.2;8;15.0;8;3.7;8;5.1;999.9;22.8;5.5;0.0;999.9;0;0;0;0;0;0
Azul_Aero;876410;2013;10;22;10.0;8;7.1;8;1013.8;8;996.0;8;13.5;8;4.6;8;7.2;999.9;16.9;2.0;0.3;999.9;0;1;0;0;0;0
Azul_Aero;876410;2013;10;23;13.2;8;9.4;7;1011.5;8;993.9;8;12.4;8;4.1;8;6.2;999.9;17.4;8.2;20.1;999.9;0;1;0;0;1;0
Azul_Aero;876410;2013;10;24;9.5;8;4.3;8;1024.4;8;1006.4;8;14.2;8;3.4;8;4.6;999.9;17.9;0.2;7.1;999.9;0;0;0;0;0;0
Azul_Aero;876410;2013;10;25;8.3;8;4.7;8;1025.3;8;1007.3;8;15.0;8;4.3;8;6.2;999.9;17.0;-0.4;0.0;999.9;0;1;0;0;0;0
Azul_Aero;876410;2013;10;26;13.2;8;8.1;8;1015.3;8;997.5;8;12.6;8;4.2;8;8.8;999.9;23.4;3.5;0.0;999.9;1;0;0;0;0;0
Azul_Aero;876410;2013;10;27;14.0;8;4.3;8;1019.5;8;1001.9;8;15.0;8;4.6;8;9.3;999.9;24.2;3.0;0.0;999.9;0;0;0;0;0;0
Azul_Aero;876410;2013;10;28;14.3;8;5.0;8;1018.6;8;1001.0;8;16.3;8;5.0;8;6.2;999.9;20.8;7.7;0.0;999.9;0;1;0;0;0;0
Azul_Aero;876410;2013;10;29;16.3;8;9.9;8;1015.9;8;998.4;8;15.0;8;3.9;8;5.7;999.9;21.9;9.2;0.0;999.9;0;0;0;0;0;0
Azul_Aero;876410;2013;10;30;14.9;8;8.7;8;1016.2;8;998.7;8;15.0;8;5.6;8;9.3;999.9;23.0;6.5;0.0;999.9;0;0;0;0;0;0
Azul_Aero;876410;2013;10;31;15.9;8;13.2;8;1012.3;8;994.9;8;14.2;8;7.9;8;9.8;999.9;22.5;13.0;0.3;999.9;0;1;0;0;0;0
Azul_Aero;876410;2013;11;01;17.4;8;15.6;8;1011.1;8;993.8;8;11.6;8;5.4;8;8.8;999.9;19.0;15.0;7.1;999.9;0;1;0;0;0;0
Azul_Aero;876410;2013;11;02;15.4;8;11.7;8;1014.1;8;996.7;8;13.5;8;4.4;8;7.2;999.9;20.1;9.6;0.0;999.9;0;0;0;0;0;0
Azul_Aero;876410;2013;11;03;14.9;7;8.9;7;1017.3;7;999.7;7;15.0;7;3.0;7;3.6;999.9;23.4;7.0;0.0;999.9;0;0;0;0;0;0
Azul_Aero;876410;2013;11;04;13.6;8;9.2;8;1019.8;8;1002.2;8;15.6;8;4.5;8;6.7;999.9;24.8;6.1;0.0;999.9;0;0;0;0;0;0
Azul_Aero;876410;2013;11;05;16.6;8;10.4;8;1019.6;8;1002.1;8;15.0;8;4.7;8;5.7;999.9;24.4;5.5;0.0;999.9;0;0;0;0;0;0
Azul_Aero;876410;2013;11;06;18.1;8;10.2;8;1015.9;8;998.5;8;15.0;8;9.1;8;14.9;999.9;25.6;9.0;0.0;999.9;0;0;0;0;0;0
Azul_Aero;876410;2013;11;07;16.9;8;12.8;8;1013.7;8;996.4;8;13.5;8;4.1;8;10.3;999.9;26.5;12.1;5.1;999.9;0;1;0;0;0;0
Azul_Aero;876410;2013;11;08;16.5;8;11.4;8;1013.1;8;995.7;8;12.6;8;2.3;8;4.1;999.9;23.7;6.5;0.0;999.9;1;0;0;0;0;0
Azul_Aero;876410;2013;11;09;16.5;8;11.8;8;1011.6;8;994.3;8;14.8;8;5.7;8;7.7;999.9;25.6;10.9;0.0;999.9;0;0;0;0;0;0
Azul_Aero;876410;2013;11;10;14.5;8;13.3;8;1009.1;8;991.7;8;7.4;8;6.6;8;10.3;999.9;23.1;10.9;30.0;999.9;0;1;0;0;0;0
Azul_Aero;876410;2013;11;11;17.8;8;12.0;8;1005.9;8;988.7;8;15.9;8;3.2;8;4.1;999.9;25.7;11.1;6.1;999.9;0;0;0;0;0;0
Azul_Aero;876410;2013;11;12;17.9;8;7.0;8;1007.5;8;990.3;8;16.3;8;3.3;8;7.7;999.9;26.2;10.5;0.0;999.9;0;0;0;0;0;0
Azul_Aero;876410;2013;11;13;15.2;8;8.6;8;1015.4;8;997.9;8;15.0;8;5.9;8;9.3;999.9;25.6;6.0;0.8;999.9;0;0;0;0;0;0
