Bahia_Blanca_Aero;877500;20130101;14.7;8;4.5;8;1020.3;8;1010.4;8;14.2;8;8.0;8;12.3;999.9;23.0;9.2;0.0;999.9;0;0;0;0;0;0
Bahia_Blanca_Aero;877500;20130102;15.6;8;5.2;8;1019.8;7;1009.8;8;14.3;8;3.7;8;5.1;999.9;26.4;5.0;0.0;999.9;0;0;0;0;0;0
Bahia_Blanca_Aero;877500;20130103;21.7;8;10.0;8;1012.0;7;1002.3;7;13.0;8;8.2;8;15.4;18.5;31.5;9.2;0.0;999.9;0;0;0;0;0;0
Bahia_Blanca_Aero;877500;20130104;26.4;8;13.8;8;1009.6;8;1000.1;8;14.3;8;9.9;8;13.4;999.9;32.0;21.6;0.0;999.9;0;0;0;0;0;0
Bahia_Blanca_Aero;877500;20130105;23.1;7;16.2;7;1008.5;7;998.9;7;12.1;7;3.1;7;7.2;999.9;33.2;17.8;8.9;999.9;0;1;0;0;1;0
Bahia_Blanca_Aero;877500;20130106;25.8;8;14.3;8;1002.6;8;993.1;8;15.0;8;7.8;8;12.9;999.9;34.0;18.0;0.0;999.9;0;0;0;0;0;0
Bahia_Blanca_Aero;877500;20130107;25.2;8;8.1;8;1000.5;8;990.8;8;15.0;8;7.3;8;9.3;999.9;34.6;20.5;0.0;999.9;0;0;0;0;0;0
Bahia_Blanca_Aero;877500;20130108;21.5;8;3.6;8;1007.8;8;998.1;8;15.0;8;4.4;8;7.2;999.9;28.4;14.2;0.0;999.9;0;0;0;0;0;0
Bahia_Blanca_Aero;877500;20130109;23.7;8;8.7;8;1013.7;8;1004.0;8;15.0;8;7.8;8;13.4;999.9;35.0;12.2;0.0;999.9;0;0;0;0;0;0
Bahia_Blanca_Aero;877500;20130110;30.3;8;11.8;8;1013.9;8;1004.4;8;15.0;8;7.6;8;9.3;999.9;37.4;23.6;0.0;999.9;0;0;0;0;0;0
Bahia_Blanca_Aero;877500;20130111;29.5;8;15.9;8;1010.7;8;1001.5;8;13.8;8;8.3;8;14.4;999.9;38.0;23.5;0.0;999.9;0;0;0;0;0;0
Bahia_Blanca_Aero;877500;20130112;28.1;6;17.4;6;1010.6;6;1001.1;6;14.0;6;4.8;6;8.2;999.9;35.0;20.8;0.0;999.9;0;0;0;0;0;0
Bahia_Blanca_Aero;877500;20130113;21.4;8;16.4;8;1017.3;8;1007.6;8;12.6;8;7.3;8;10.3;999.9;33.0;18.0;0.0;999.9;0;1;0;0;0;0
Bahia_Blanca_Aero;877500;20130114;21.9;8;13.7;8;1017.4;8;1007.6;8;12.7;8;5.9;8;9.3;999.9;31.4;15.9;0.0;999.9;0;0;0;0;0;0
Bahia_Blanca_Aero;877500;20130115;27.2;8;15.9;8;1010.4;8;1000.8;8;14.6;8;6.3;8;12.3;999.9;35.5;18.9;0.0;999.9;0;0;0;0;0;0
Bahia_Blanca_Aero;877500;20130116;25.1;8;18.9;8;1007.3;8;997.8;8;13.5;8;3.0;8;7.7;999.9;36.0;20.6;17.0;999.9;0;0;0;0;1;0
Bahia_Blanca_Aero;877500;20130117;21.3;7;16.3;7;1016.0;7;1006.7;6;10.8;7;6.2;7;8.2;999.9;31.8;17.5;0.8;999.9;0;1;0;0;0;0
Bahia_Blanca_Aero;877500;20130118;18.6;8;10.4;8;1019.1;8;1009.1;8;15.0;8;4.7;8;6.2;999.9;26.9;10.2;0.0;999.9;0;0;0;0;0;0
Bahia_Blanca_Aero;877500;20130119;19.1;8;11.4;8;1023.2;8;1013.4;8;15.8;8;7.6;8;11.3;999.9;27.5;11.8;0.0;999.9;0;0;0;0;0;0
Bahia_Blanca_Aero;877500;20130120;19.1;7;9.6;7;1023.7;7;1013.9;7;15.0;7;4.5;7;8.2;999.9;28.1;4.0;0.0;999.9;0;0;0;0;0;0
Bahia_Blanca_Aero;877500;20130121;23.0;8;11.1;8;1020.1;8;1010.3;8;15.0;8;5.9;8;9.3;999.9;30.3;12.8;0.0;999.9;0;0;0;0;0;0
Bahia_Blanca_Aero;877500;20130122;26.0;8;11.4;8;1015.3;8;1005.8;8;15.0;8;6.2;8;10.3;999.9;32.3;17.6;0.0;999.9;0;0;0;0;0;0
Bahia_Blanca_Aero;877500;20130123;28.3;9;15.7;9;1009.7;6;999.4;7;11.6;9;6.3;9;13.9;17.0;36.8;20.0;0.8;999.9;0;1;0;0;1;0
Bahia_Blanca_Aero;877500;20130124;18.9;10;14.4;10;1005.3;8;995.8;8;10.1;10;6.9;10;11.3;999.9;21.4;16.7;10.9;999.9;0;1;0;0;1;0
Bahia_Blanca_Aero;877500;20130125;15.7;8;7.0;7;1015.2;7;1005.3;7;14.8;8;6.5;8;12.3;999.9;23.1;8.5;7.9;999.9;0;1;0;0;0;0
Bahia_Blanca_Aero;877500;20130126;21.2;7;3.6;6;1011.5;6;1001.7;6;15.0;7;6.5;7;9.3;999.9;31.2;13.0;0.0;999.9;0;0;0;0;0;0
Bahia_Blanca_Aero;877500;20130127;27.2;8;9.1;8;1007.6;8;998.1;8;14.6;8;6.9;8;10.3;999.9;33.4;20.0;0.0;999.9;0;0;0;0;0;0
Bahia_Blanca_Aero;877500;20130128;24.8;8;11.5;8;1010.5;8;1000.9;8;15.0;8;6.4;8;12.3;999.9;34.2;19.0;0.0;999.9;0;0;0;0;0;0
Bahia_Blanca_Aero;877500;20130129;21.7;9;15.8;9;1014.4;7;1004.7;7;13.0;9;3.9;9;9.3;999.9;34.3;16.2;0.8;999.9;0;1;0;0;1;0
Bahia_Blanca_Aero;877500;20130130;23.5;8;15.5;8;1011.7;8;1002.0;8;12.6;8;1.7;8;6.2;999.9;31.9;15.6;2.0;999.9;0;0;0;0;0;0
Bahia_Blanca_Aero;877500;20130131;27.4;8;16.2;8;1007.8;8;998.3;8;14.3;8;5.4;8;8.2;999.9;36.0;17.3;0.0;999.9;0;0;0;0;0;0
Bahia_Blanca_Aero;877500;20130201;27.6;8;14.7;8;1002.0;8;992.6;8;14.2;8;9.4;8;12.3;999.9;36.6;23.9;0.0;999.9;0;0;0;0;0;0
Bahia_Blanca_Aero;877500;20130202;20.3;6;11.2;6;1013.8;6;1004.2;6;15.0;6;6.0;6;8.2;999.9;34.4;14.4;0.0;999.9;0;0;0;0;0;0
Bahia_Blanca_Aero;877500;20130203;20.3;8;8.1;8;1017.9;8;1008.1;8;14.6;8;5.1;8;7.7;999.9;30.1;10.6;0.0;999.9;0;0;0;0;0;0
Bahia_Blanca_Aero;877500;20130204;25.6;8;9.9;8;1010.2;8;1000.6;8;14.6;8;10.1;8;14.4;999.9;32.5;19.6;0.0;999.9;0;0;0;0;0;0
Bahia_Blanca_Aero;877500;20130205;24.0;8;14.9;8;1013.5;8;1003.8;8;12.6;8;4.5;8;10.3;999.9;34.8;15.0;0.0;999.9;0;0;0;0;0;0
Bahia_Blanca_Aero;877500;20130206;29.4;8;11.4;8;1013.0;8;1003.5;8;15.0;8;6.9;8;9.3;999.9;37.2;21.0;0.0;999.9;0;0;0;0;0;0
Bahia_Blanca_Aero;877500;20130207;30.2;8;12.5;8;1013.8;8;1004.4;8;15.0;8;7.8;8;11.3;999.9;37.6;25.2;0.0;999.9;0;0;0;0;0;0
Bahia_Blanca_Aero;877500;20130208;27.8;8;10.9;8;1012.3;8;1002.8;8;15.0;8;3.9;8;6.2;999.9;37.0;18.6;0.0;999.9;0;0;0;0;0;0
Bahia_Blanca_Aero;877500;20130209;28.9;6;13.6;6;1008.5;6;999.1;6;15.0;6;7.1;6;9.3;999.9;36.7;22.2;0.0;999.9;0;0;0;0;0;0
Bahia_Blanca_Aero;877500;20130210;29.2;8;15.9;8;1005.4;8;996.0;8;13.0;8;5.7;8;12.3;999.9;35.6;24.5;3.0;999.9;0;0;0;0;0;0
Bahia_Blanca_Aero;877500;20130211;26.0;8;10.6;8;1005.3;8;996.6;7;15.0;8;3.9;8;8.2;999.9;35.2;17.0;0.0;999.9;0;0;0;0;0;0
Bahia_Blanca_Aero;877500;20130212;27.7;8;6.6;8;1001.6;8;992.2;8;15.0;8;6.8;8;9.3;999.9;35.2;24.0;0.0;999.9;0;0;0;0;0;0
Bahia_Blanca_Aero;877500;20130213;23.5;8;4.2;8;1006.0;8;996.5;8;15.0;8;4.7;8;7.2;999.9;30.3;14.6;0.0;999.9;0;0;0;0;0;0
Bahia_Blanca_Aero;877500;20130214;23.2;8;7.8;8;1009.5;8;999.9;8;15.0;8;6.2;8;10.3;999.9;33.3;13.5;0.0;999.9;0;0;0;0;0;0
Bahia_Blanca_Aero;877500;20130215;28.6;8;10.3;8;1007.0;8;997.5;8;15.0;8;5.8;8;10.3;999.9;36.2;19.8;0.0;999.9;0;0;0;0;0;0
Bahia_Blanca_Aero;877500;20130216;30.6;9;15.9;9;1001.2;8;991.9;8;13.4;9;8.4;9;12.9;999.9;37.5;25.4;0.0;999.9;0;0;0;0;0;0
Bahia_Blanca_Aero;877500;20130217;21.7;8;7.6;8;1007.9;8;998.3;8;15.0;8;6.0;8;8.2;999.9;35.0;15.4;2.0;999.9;0;0;0;0;0;0
Bahia_Blanca_Aero;877500;20130218;17.3;8;4.3;8;1018.7;8;1008.8;8;15.0;8;3.1;8;8.7;999.9;25.8;7.8;0.0;999.9;0;0;0;0;0;0
Bahia_Blanca_Aero;877500;20130219;20.5;8;5.0;8;1018.9;8;1009.1;8;15.0;8;5.3;8;7.2;999.9;27.8;11.2;0.0;999.9;0;0;0;0;0;0
Bahia_Blanca_Aero;877500;20130220;21.5;8;8.0;8;1017.6;8;1007.9;8;15.0;8;4.1;8;10.3;999.9;29.0;13.0;0.0;999.9;0;0;0;0;0;0
Bahia_Blanca_Aero;877500;20130221;23.1;8;7.5;8;1015.6;8;1006.0;8;15.0;8;3.5;8;7.7;999.9;30.8;14.6;0.0;999.9;0;0;0;0;0;0
Bahia_Blanca_Aero;877500;20130222;23.8;8;6.9;8;1014.5;8;1004.8;8;15.0;8;5.8;8;10.3;999.9;32.0;14.2;0.0;999.9;0;0;0;0;0;0
Bahia_Blanca_Aero;877500;20130223;24.3;9;15.7;9;1007.6;8;998.1;8;13.7;9;7.8;9;10.3;999.9;32.0;22.0;14.0;999.9;0;1;0;0;1;0
Bahia_Blanca_Aero;877500;20130224;19.1;8;10.7;8;1007.7;8;998.0;8;13.2;8;4.6;8;11.3;999.9;27.9;11.8;999.9;999.9;0;1;0;0;0;0
Bahia_Blanca_Aero;877500;20130225;15.7;8;7.0;8;1016.3;8;1006.4;8;13.8;8;7.8;8;10.3;999.9;25.6;11.0;0.0;999.9;0;0;0;0;0;0
Bahia_Blanca_Aero;877500;20130226;14.7;8;5.2;8;1017.7;8;1007.7;8;15.0;8;4.2;8;7.2;999.9;22.0;6.9;0.0;999.9;0;0;0;0;0;0
Bahia_Blanca_Aero;877500;20130227;18.4;8;4.1;8;1014.7;8;1004.8;8;15.0;8;4.2;8;7.7;999.9;28.8;6.8;0.0;999.9;0;0;0;0;0;0
Bahia_Blanca_Aero;877500;20130228;19.7;10;11.3;10;1014.2;6;1004.5;6;11.1;10;7.2;10;11.3;999.9;29.5;8.0;0.0;999.9;0;1;0;0;1;0
Bahia_Blanca_Aero;877500;20130301;17.2;9;15.2;9;1010.7;7;1001.5;7;10.6;9;5.9;9;11.3;999.9;25.6;15.4;38.1;999.9;0;1;0;0;1;0
Bahia_Blanca_Aero;877500;20130302;15.7;9;15.1;9;1008.3;8;998.4;8;8.2;9;5.5;9;11.3;999.9;19.5;15.0;16.0;999.9;0;1;0;0;0;0
Bahia_Blanca_Aero;877500;20130303;14.4;7;10.8;7;1017.2;7;1007.3;7;13.4;7;6.8;7;10.3;999.9;17.6;11.3;9.9;999.9;0;0;0;0;0;0
Bahia_Blanca_Aero;877500;20130304;15.0;8;9.4;8;1018.8;8;1009.0;8;14.6;8;1.9;8;5.1;999.9;23.0;7.7;0.0;999.9;0;0;0;0;0;0
Bahia_Blanca_Aero;877500;20130305;18.7;8;9.2;8;1012.1;8;1002.3;8;16.9;8;5.1;8;7.2;999.9;26.3;11.8;0.0;999.9;0;0;0;0;0;0
Bahia_Blanca_Aero;877500;20130306;19.2;10;10.1;10;1005.9;8;996.2;8;13.7;10;6.8;10;11.3;999.9;28.2;15.0;6.1;999.9;0;1;0;0;1;0
Bahia_Blanca_Aero;877500;20130307;16.7;8;4.2;8;1012.3;8;1002.4;8;15.0;8;3.9;8;6.2;999.9;23.9;6.7;0.0;999.9;0;0;0;0;0;0
Bahia_Blanca_Aero;877500;20130308;18.9;8;10.0;8;1012.8;8;1003.0;8;15.0;8;2.6;8;7.2;999.9;29.2;9.8;0.0;999.9;0;0;0;0;0;0
Bahia_Blanca_Aero;877500;20130309;24.1;8;13.4;8;1006.9;8;997.3;8;15.0;8;5.1;8;8.2;999.9;30.6;16.4;0.0;999.9;0;0;0;0;0;0
Bahia_Blanca_Aero;877500;20130310;18.8;8;8.2;8;1009.0;8;999.3;8;15.1;8;5.2;8;9.3;999.9;30.8;11.8;0.8;999.9;0;0;0;0;0;0
Bahia_Blanca_Aero;877500;20130311;16.1;7;6.1;7;1006.5;7;996.7;7;15.8;7;5.4;7;8.2;999.9;22.5;10.0;0.0;999.9;0;0;0;0;0;0
Bahia_Blanca_Aero;877500;20130312;13.8;8;6.1;8;1013.4;8;1003.5;8;15.0;8;4.4;8;7.2;999.9;23.0;6.6;0.0;999.9;0;0;0;0;0;0
Bahia_Blanca_Aero;877500;20130313;12.7;8;6.1;8;1021.0;8;1010.9;8;15.0;8;5.7;8;10.3;999.9;22.0;8.2;0.0;999.9;0;0;0;0;0;0
Bahia_Blanca_Aero;877500;20130314;10.3;8;5.3;8;1024.4;8;1014.3;8;13.4;8;3.2;8;5.1;999.9;17.0;3.6;0.0;999.9;0;0;0;0;0;0
Bahia_Blanca_Aero;877500;20130315;11.0;8;5.3;8;1025.4;8;1015.2;8;13.4;8;3.0;8;5.1;999.9;17.0;6.2;1.0;999.9;0;1;0;0;0;0
Bahia_Blanca_Aero;877500;20130316;10.8;8;3.9;8;1027.1;8;1016.9;8;15.0;8;3.1;8;7.7;999.9;19.0;2.4;0.0;999.9;0;0;0;0;0;0
Bahia_Blanca_Aero;877500;20130317;14.1;8;4.5;8;1027.4;8;1017.3;8;15.0;8;4.8;8;8.2;999.9;22.5;5.0;0.0;999.9;0;0;0;0;0;0
Bahia_Blanca_Aero;877500;20130318;13.6;8;3.3;8;1025.4;8;1015.4;8;15.0;8;3.9;8;6.2;999.9;25.6;4.4;0.0;999.9;0;0;0;0;0;0
Bahia_Blanca_Aero;877500;20130319;17.1;8;8.0;8;1021.1;8;1011.2;8;15.0;8;3.7;8;7.7;999.9;25.0;10.0;0.0;999.9;0;0;0;0;0;0
Bahia_Blanca_Aero;877500;20130320;17.6;7;10.8;7;1014.0;7;1004.2;7;15.4;7;4.4;7;8.2;999.9;26.6;11.2;0.0;999.9;0;0;0;0;0;0
Bahia_Blanca_Aero;877500;20130321;18.2;8;7.5;8;1012.5;8;1002.7;8;14.6;8;5.9;8;9.3;999.9;27.0;14.6;0.0;999.9;0;0;0;0;0;0
Bahia_Blanca_Aero;877500;20130322;15.7;8;-0.9;8;1015.0;8;1005.0;8;15.0;8;5.1;8;8.2;999.9;26.4;5.6;0.0;999.9;0;0;0;0;0;0
Bahia_Blanca_Aero;877500;20130323;16.0;8;7.7;8;1017.9;8;1008.0;8;15.0;8;4.3;8;8.2;999.9;26.8;6.2;0.0;999.9;0;0;0;0;0;0
Bahia_Blanca_Aero;877500;20130324;19.1;10;12.9;10;1010.8;8;1001.0;8;12.1;10;7.7;10;11.3;999.9;27.5;13.5;999.9;999.9;0;1;0;0;1;0
Bahia_Blanca_Aero;877500;20130325;16.7;8;10.1;8;1010.9;8;1001.1;8;14.3;8;4.9;8;7.7;999.9;28.9;10.9;6.1;999.9;0;0;0;0;0;0
Bahia_Blanca_Aero;877500;20130326;17.0;8;7.3;8;1018.8;8;1008.8;8;14.3;8;3.9;8;7.2;999.9;27.4;7.6;0.0;999.9;0;0;0;0;0;0
Bahia_Blanca_Aero;877500;20130327;20.9;8;5.7;8;1018.1;8;1008.4;8;15.0;8;5.7;8;8.2;999.9;28.8;12.8;0.0;999.9;0;0;0;0;0;0
Bahia_Blanca_Aero;877500;20130328;22.8;7;8.4;7;1016.3;7;1006.6;7;14.2;7;7.5;7;11.3;999.9;31.8;14.2;0.0;999.9;0;0;0;0;0;0
Bahia_Blanca_Aero;877500;20130329;21.5;8;10.4;8;1015.7;8;1005.9;8;15.0;8;4.6;8;8.7;999.9;32.2;12.4;0.0;999.9;0;0;0;0;0;0
Bahia_Blanca_Aero;877500;20130330;22.3;9;12.4;9;1012.1;8;1002.4;8;13.5;9;8.0;9;23.1;999.9;30.5;16.6;999.9;999.9;0;1;0;0;1;0
Bahia_Blanca_Aero;877500;20130331;15.8;9;14.0;9;1020.8;8;1010.9;8;9.0;9;8.0;9;11.3;999.9;30.6;4.6;16.0;999.9;0;1;0;0;0;0
Bahia_Blanca_Aero;877500;20130401;14.3;9;13.1;9;1021.9;7;1011.9;7;6.6;9;8.6;9;11.3;999.9;16.0;13.0;0.8;999.9;0;1;0;0;0;0
Bahia_Blanca_Aero;877500;20130402;16.9;9;15.1;9;1016.6;8;1006.7;8;9.2;9;4.7;9;10.3;999.9;19.8;13.5;26.9;999.9;0;1;0;0;0;0
Bahia_Blanca_Aero;877500;20130403;17.6;8;15.9;8;1018.0;8;1008.1;8;9.8;8;7.8;8;9.3;999.9;20.0;15.6;4.1;999.9;0;1;0;0;0;0
Bahia_Blanca_Aero;877500;20130404;16.1;9;13.9;9;1009.4;8;999.6;8;10.1;9;2.6;8;4.1;999.9;20.0;13.6;0.5;999.9;1;0;0;0;0;0
Bahia_Blanca_Aero;877500;20130405;17.4;8;10.9;8;1003.4;8;993.7;8;15.0;8;3.3;8;8.2;999.9;24.0;10.8;0.0;999.9;0;0;0;0;0;0
Bahia_Blanca_Aero;877500;20130406;13.2;8;1.6;8;1008.1;8;998.2;8;14.6;8;7.3;8;11.3;999.9;24.0;7.2;0.0;999.9;0;0;0;0;0;0
Bahia_Blanca_Aero;877500;20130407;13.7;7;4.7;7;1014.3;7;1004.3;7;15.0;7;4.1;7;6.2;999.9;21.5;6.0;0.0;999.9;0;0;0;0;0;0
Bahia_Blanca_Aero;877500;20130408;14.4;7;6.1;7;1017.3;7;1007.3;7;15.0;7;2.7;7;4.1;999.9;23.4;6.4;0.0;999.9;0;0;0;0;0;0
Bahia_Blanca_Aero;877500;20130409;17.0;8;7.4;8;1015.4;8;1005.5;8;14.3;8;5.9;8;12.3;999.9;26.5;9.4;0.0;999.9;0;0;0;0;0;0
Bahia_Blanca_Aero;877500;20130410;18.1;8;10.4;8;1013.1;8;1003.4;8;13.4;8;4.9;8;8.2;999.9;26.8;13.9;3.0;999.9;0;1;0;0;0;0
Bahia_Blanca_Aero;877500;20130411;16.3;7;11.6;7;1011.2;7;1001.3;7;15.0;7;3.6;7;6.2;999.9;22.2;12.8;2.0;999.9;0;1;0;0;0;0
Bahia_Blanca_Aero;877500;20130412;10.8;8;3.8;8;1016.6;8;1006.5;8;15.0;8;6.4;8;9.8;999.9;21.6;5.8;0.0;999.9;0;1;0;0;0;0
Bahia_Blanca_Aero;877500;20130413;9.6;8;0.3;8;1016.5;8;1006.4;8;14.6;8;4.6;8;7.7;999.9;18.0;1.7;0.0;999.9;0;0;0;0;0;0
Bahia_Blanca_Aero;877500;20130414;15.2;7;4.8;7;1011.0;7;1001.0;7;15.0;7;6.0;7;9.3;999.9;23.4;7.0;0.0;999.9;0;0;0;0;0;0
Bahia_Blanca_Aero;877500;20130415;14.5;7;8.7;7;1016.8;7;1006.9;7;15.0;7;3.0;7;7.2;999.9;20.6;7.4;0.0;999.9;0;0;0;0;0;0
Bahia_Blanca_Aero;877500;20130416;14.8;8;9.1;8;1018.3;8;1008.3;8;15.0;8;2.4;8;4.1;999.9;26.0;5.8;0.0;999.9;0;0;0;0;0;0
Bahia_Blanca_Aero;877500;20130417;20.0;8;11.7;8;1014.7;8;1004.9;8;14.6;8;6.6;8;11.3;999.9;27.9;9.0;0.0;999.9;0;0;0;0;0;0
Bahia_Blanca_Aero;877500;20130418;22.7;8;14.2;8;1012.5;8;1002.8;8;15.0;8;4.3;8;7.2;999.9;31.4;15.6;0.0;999.9;0;0;0;0;0;0
Bahia_Blanca_Aero;877500;20130419;23.8;8;13.8;8;1013.2;8;1003.6;8;14.2;8;3.6;8;6.2;999.9;31.6;16.0;0.0;999.9;0;0;0;0;0;0
Bahia_Blanca_Aero;877500;20130420;21.2;8;9.9;8;1016.5;8;1006.8;8;15.0;8;4.5;8;6.2;999.9;32.2;11.8;0.0;999.9;0;0;0;0;0;0
Bahia_Blanca_Aero;877500;20130421;20.8;8;10.9;8;1016.9;8;1007.1;8;15.0;8;6.5;8;10.3;999.9;29.4;13.4;0.0;999.9;0;0;0;0;0;0
Bahia_Blanca_Aero;877500;20130422;19.8;8;12.1;8;1018.0;8;1008.2;8;15.0;8;2.5;8;6.2;999.9;29.6;12.4;0.0;999.9;0;0;0;0;0;0
Bahia_Blanca_Aero;877500;20130423;19.5;8;12.3;8;1019.4;8;1009.5;8;15.0;8;3.2;8;5.1;999.9;29.6;11.9;0.0;999.9;0;0;0;0;0;0
Bahia_Blanca_Aero;877500;20130424;19.8;8;13.6;8;1017.2;8;1007.4;8;14.6;8;4.5;8;8.2;999.9;28.6;12.4;0.0;999.9;0;0;0;0;0;0
Bahia_Blanca_Aero;877500;20130425;20.4;8;14.9;8;1013.9;8;1004.1;8;14.6;8;5.4;8;10.3;999.9;28.6;17.0;0.0;999.9;0;0;0;0;0;0
Bahia_Blanca_Aero;877500;20130426;18.1;10;15.7;10;1015.5;7;1005.7;7;6.8;10;6.7;10;10.3;999.9;26.3;14.6;0.0;999.9;1;1;0;0;0;0
Bahia_Blanca_Aero;877500;20130427;17.9;9;15.1;9;1014.6;8;1004.8;8;11.7;9;6.3;9;9.3;999.9;26.3;12.8;999.9;999.9;0;1;0;0;0;0
Bahia_Blanca_Aero;877500;20130428;15.7;12;15.0;12;1011.5;7;1001.6;7;7.4;12;3.2;12;6.2;999.9;23.2;14.0;18.0;999.9;1;1;0;0;1;0
Bahia_Blanca_Aero;877500;20130429;16.0;10;14.6;10;1012.5;7;1002.6;7;4.8;10;2.3;10;6.2;999.9;20.8;14.0;0.5;999.9;1;0;0;0;0;0
Bahia_Blanca_Aero;877500;20130430;17.0;8;12.9;8;1014.1;8;1004.2;8;15.0;8;3.6;8;6.2;999.9;24.4;11.8;0.0;999.9;0;0;0;0;0;0
Bahia_Blanca_Aero;877500;20130501;16.4;8;13.2;8;1012.1;8;1002.2;8;13.0;8;4.5;8;8.2;999.9;25.2;12.5;0.0;999.9;0;1;0;0;0;0
Bahia_Blanca_Aero;877500;20130502;15.1;11;13.4;11;1014.8;8;1004.9;8;8.4;11;3.0;11;6.2;999.9;23.4;11.4;0.0;999.9;1;0;0;0;0;0
Bahia_Blanca_Aero;877500;20130503;14.4;8;11.4;8;1014.8;8;1004.8;8;14.3;8;5.3;8;9.3;999.9;18.8;10.4;0.0;999.9;0;0;0;0;0;0
Bahia_Blanca_Aero;877500;20130504;15.1;8;9.9;8;1013.8;8;1003.8;8;13.7;8;6.5;8;9.3;999.9;19.6;12.7;2.0;999.9;0;1;0;0;0;0
Bahia_Blanca_Aero;877500;20130505;12.2;8;7.7;8;1019.2;8;1009.1;8;15.0;8;2.8;8;8.2;999.9;20.7;4.6;0.0;999.9;0;0;0;0;0;0
Bahia_Blanca_Aero;877500;20130506;13.5;9;6.7;9;1013.2;8;1003.2;8;13.8;9;8.0;9;9.3;999.9;19.7;6.8;0.0;999.9;0;1;0;0;0;0
Bahia_Blanca_Aero;877500;20130507;9.6;8;-0.3;8;1018.4;8;1008.2;8;14.6;8;5.6;8;12.9;999.9;18.6;1.2;0.0;999.9;0;0;0;0;0;0
Bahia_Blanca_Aero;877500;20130508;17.0;7;4.6;7;1006.1;7;996.2;7;14.2;7;9.8;7;11.3;999.9;22.4;6.6;0.0;999.9;0;0;0;0;0;0
Bahia_Blanca_Aero;877500;20130509;15.0;8;6.9;8;1011.4;8;1001.5;8;15.0;8;4.8;8;6.2;999.9;24.3;9.5;0.0;999.9;0;0;0;0;0;0
Bahia_Blanca_Aero;877500;20130510;16.5;8;11.4;8;1007.5;8;997.7;8;13.5;8;6.1;8;7.7;999.9;25.0;11.3;0.0;999.9;0;0;0;0;0;0
Bahia_Blanca_Aero;877500;20130511;13.9;8;5.6;8;1014.5;8;1004.6;8;15.0;8;3.6;8;5.1;999.9;22.5;9.5;0.0;999.9;0;0;0;0;0;0
Bahia_Blanca_Aero;877500;20130512;11.1;8;2.7;8;1015.1;8;1005.0;8;15.0;8;3.1;8;6.2;999.9;20.0;6.2;0.0;999.9;0;0;0;0;0;0
Bahia_Blanca_Aero;877500;20130513;10.7;8;0.3;8;1014.0;8;1004.0;8;15.0;8;4.4;8;6.2;999.9;17.5;2.7;0.0;999.9;0;0;0;0;0;0
Bahia_Blanca_Aero;877500;20130514;7.6;8;-0.4;8;1014.8;8;1004.6;8;15.0;8;3.2;8;5.1;999.9;17.4;-0.5;0.0;999.9;0;0;0;0;0;0
Bahia_Blanca_Aero;877500;20130515;4.6;8;-2.8;8;1018.4;7;1008.1;7;13.7;8;7.4;8;14.4;999.9;13.5;0.0;0.0;999.9;0;1;0;0;0;0
Bahia_Blanca_Aero;877500;20130516;6.6;8;-0.9;8;1022.3;8;1012.0;8;14.6;8;5.3;8;10.3;999.9;14.3;-2.0;0.0;999.9;0;0;0;0;0;0
Bahia_Blanca_Aero;877500;20130517;8.1;8;-0.2;8;1022.3;8;1012.0;8;15.0;8;3.5;8;7.2;999.9;17.4;0.2;0.0;999.9;0;0;0;0;0;0
Bahia_Blanca_Aero;877500;20130518;7.9;8;0.5;8;1021.7;8;1011.4;8;15.0;8;5.8;8;8.2;999.9;17.4;3.2;0.0;999.9;0;0;0;0;0;0
Bahia_Blanca_Aero;877500;20130519;8.8;8;6.7;8;1023.1;8;1012.9;8;13.2;8;4.5;8;6.2;999.9;14.8;5.2;999.9;999.9;0;1;0;0;0;0
Bahia_Blanca_Aero;877500;20130520;10.4;8;8.1;8;1021.0;7;1010.8;7;9.2;8;3.3;8;7.2;999.9;17.2;4.7;1.0;999.9;1;0;0;0;0;0
Bahia_Blanca_Aero;877500;20130521;10.6;8;6.9;8;1017.3;7;1007.2;7;14.5;8;5.1;8;7.2;999.9;17.5;6.0;0.0;999.9;0;0;0;0;0;0
Bahia_Blanca_Aero;877500;20130522;10.4;8;5.6;8;1019.2;8;1009.0;8;12.2;8;3.1;8;6.2;999.9;19.1;5.2;0.0;999.9;0;0;0;0;0;0
Bahia_Blanca_Aero;877500;20130523;11.5;8;6.3;8;1015.3;8;1005.2;8;14.6;8;8.1;8;14.4;999.9;20.8;5.8;0.0;999.9;0;0;0;0;0;0
Bahia_Blanca_Aero;877500;20130524;11.6;8;4.4;8;1018.8;8;1008.7;8;14.0;8;4.1;8;7.7;999.9;19.3;6.3;0.0;999.9;0;0;0;0;0;0
Bahia_Blanca_Aero;877500;20130525;8.9;8;3.6;8;1016.6;8;1006.3;8;14.3;8;6.7;8;12.9;999.9;17.2;1.4;0.0;999.9;0;0;0;0;0;0
Bahia_Blanca_Aero;877500;20130526;13.8;8;5.9;8;1009.3;8;999.4;8;15.0;8;7.4;8;10.3;999.9;18.3;9.8;0.0;999.9;0;0;0;0;0;0
Bahia_Blanca_Aero;877500;20130527;9.9;7;5.8;7;1008.3;7;998.3;7;15.0;7;2.7;7;3.1;999.9;18.2;3.6;0.0;999.9;0;0;0;0;0;0
Bahia_Blanca_Aero;877500;20130528;14.4;8;10.3;8;1000.3;7;990.4;7;12.7;8;3.3;8;8.2;999.9;18.5;5.4;0.0;999.9;0;1;0;0;1;0
Bahia_Blanca_Aero;877500;20130529;10.1;8;3.4;8;1004.4;8;994.4;8;15.0;8;5.4;8;7.7;999.9;18.6;6.0;0.0;999.9;0;0;0;0;0;0
Bahia_Blanca_Aero;877500;20130530;9.9;8;0.1;8;1005.7;8;995.7;8;15.0;8;6.0;8;9.3;999.9;21.4;1.6;0.0;999.9;0;0;0;0;0;0
Bahia_Blanca_Aero;877500;20130531;16.1;8;3.0;8;1000.1;8;990.4;8;14.3;8;7.6;8;10.3;999.9;21.5;6.8;0.0;999.9;0;0;0;0;0;0
Bahia_Blanca_Aero;877500;20130601;14.1;8;3.0;8;1004.7;8;994.8;8;13.2;8;9.2;8;17.5;999.9;20.4;8.0;0.0;999.9;0;1;0;0;0;0
Bahia_Blanca_Aero;877500;20130602;12.1;8;2.6;8;1013.4;8;1003.4;8;14.6;8;5.6;8;10.3;999.9;21.4;7.0;0.0;999.9;0;0;0;0;0;0
Bahia_Blanca_Aero;877500;20130603;11.1;9;5.8;9;1014.2;8;1004.2;8;14.0;9;3.5;9;6.2;999.9;18.0;3.9;0.3;999.9;0;1;0;0;0;0
Bahia_Blanca_Aero;877500;20130604;15.3;8;5.4;8;1010.1;8;1000.2;8;14.6;8;6.9;8;9.3;999.9;19.8;5.0;0.0;999.9;0;0;0;0;0;0
Bahia_Blanca_Aero;877500;20130605;12.4;8;3.6;8;1007.7;8;997.8;8;10.1;8;11.7;8;18.5;999.9;20.0;6.6;0.0;999.9;0;1;0;0;0;0
Bahia_Blanca_Aero;877500;20130606;8.0;8;2.3;8;1017.9;8;1007.8;8;15.0;8;5.7;8;9.3;999.9;18.6;0.4;0.0;999.9;0;0;0;0;0;0
Bahia_Blanca_Aero;877500;20130607;12.6;8;-0.7;8;1013.5;8;1003.5;8;13.5;8;10.5;8;17.5;999.9;16.9;1.5;0.0;999.9;0;0;0;0;0;0
Bahia_Blanca_Aero;877500;20130608;5.5;8;-3.8;8;1024.1;7;1014.1;8;14.3;8;3.6;8;9.3;999.9;17.0;-3.4;0.0;999.9;0;0;0;0;0;0
Bahia_Blanca_Aero;877500;20130609;10.3;8;0.4;8;1016.3;8;1006.1;8;14.6;8;4.4;8;8.2;999.9;17.0;-0.6;0.0;999.9;0;0;0;0;0;0
Bahia_Blanca_Aero;877500;20130610;11.9;8;-1.2;8;1014.0;8;1003.9;8;15.0;8;4.9;8;9.3;999.9;24.5;2.6;0.0;999.9;0;0;0;0;0;0
Bahia_Blanca_Aero;877500;20130611;14.5;8;6.6;8;1014.0;8;1004.0;8;14.3;8;5.7;8;10.3;999.9;24.5;6.0;0.0;999.9;0;0;0;0;0;0
Bahia_Blanca_Aero;877500;20130612;13.2;8;7.0;8;1013.9;8;1004.0;8;12.6;8;4.3;8;8.2;999.9;24.0;6.0;0.0;999.9;0;0;0;0;0;0
Bahia_Blanca_Aero;877500;20130613;11.3;8;3.6;8;1014.0;7;1003.9;7;15.0;8;4.1;8;6.2;999.9;20.0;6.4;0.0;999.9;0;0;0;0;0;0
Bahia_Blanca_Aero;877500;20130614;7.7;8;1.1;8;1025.6;8;1015.4;8;15.0;8;3.6;8;5.1;999.9;17.1;1.0;0.0;999.9;0;0;0;0;0;0
Bahia_Blanca_Aero;877500;20130615;11.0;8;3.2;8;1014.4;8;1004.2;8;12.6;8;8.4;8;19.5;999.9;15.0;3.4;0.0;999.9;0;0;0;0;0;0
Bahia_Blanca_Aero;877500;20130616;11.5;8;1.4;8;1014.3;8;1004.2;8;13.2;8;8.4;8;12.3;999.9;15.4;7.5;0.5;999.9;0;1;0;0;0;0
Bahia_Blanca_Aero;877500;20130617;4.2;8;-6.1;8;1016.9;8;1006.5;8;15.0;8;6.0;8;11.3;999.9;13.2;-2.1;0.0;999.9;0;0;0;0;0;0
Bahia_Blanca_Aero;877500;20130618;8.2;8;-2.6;8;1012.6;8;1002.4;8;13.5;8;12.3;8;15.4;999.9;13.8;0.8;0.0;999.9;0;0;0;0;0;0
Bahia_Blanca_Aero;877500;20130619;1.8;8;-6.8;8;1024.0;8;1013.6;8;15.0;8;2.7;8;5.1;999.9;12.5;-6.2;0.0;999.9;0;0;0;0;0;0
Bahia_Blanca_Aero;877500;20130620;6.1;8;-10.0;8;1020.4;8;1010.0;8;15.0;8;7.3;8;11.3;999.9;14.8;-3.9;0.0;999.9;0;0;0;0;0;0
Bahia_Blanca_Aero;877500;20130621;10.2;7;-6.7;7;1007.6;7;997.1;7;14.6;7;10.0;7;12.3;999.9;15.6;2.1;0.0;999.9;0;0;0;0;0;0
Bahia_Blanca_Aero;877500;20130622;8.5;8;-0.6;8;1012.5;8;1002.3;8;14.6;8;4.1;8;10.3;999.9;16.5;1.8;0.0;999.9;0;0;0;0;0;0
Bahia_Blanca_Aero;877500;20130623;5.0;8;-3.8;8;1021.3;8;1011.0;8;15.0;8;3.1;8;6.2;999.9;15.6;-2.5;0.0;999.9;0;0;0;0;0;0
Bahia_Blanca_Aero;877500;20130624;7.2;8;-1.6;8;1022.7;8;1012.4;8;15.0;8;3.1;7;6.2;999.9;15.6;0.8;0.0;999.9;0;0;0;0;0;0
Bahia_Blanca_Aero;877500;20130625;9.6;8;0.4;8;1016.5;8;1006.3;8;15.0;8;6.3;8;11.3;999.9;17.0;2.6;0.0;999.9;0;0;0;0;0;0
Bahia_Blanca_Aero;877500;20130626;12.2;8;4.0;8;1012.6;8;1002.5;8;15.0;8;4.4;8;7.2;999.9;18.9;6.1;0.0;999.9;0;0;0;0;0;0
Bahia_Blanca_Aero;877500;20130627;12.2;8;3.7;8;1009.9;8;999.9;8;15.0;8;5.5;8;9.3;999.9;18.9;6.8;0.0;999.9;0;0;0;0;0;0
Bahia_Blanca_Aero;877500;20130628;13.2;8;5.6;8;1007.2;8;997.3;8;15.0;8;5.9;8;10.3;999.9;18.5;7.0;0.0;999.9;0;0;0;0;0;0
Bahia_Blanca_Aero;877500;20130629;8.3;8;-0.7;8;1013.6;8;1003.4;8;14.6;8;5.5;8;7.7;999.9;19.3;4.6;0.0;999.9;0;0;0;0;0;0
Bahia_Blanca_Aero;877500;20130630;5.8;8;-3.1;8;1020.2;8;1009.9;8;14.6;8;2.7;8;5.1;999.9;12.0;2.2;0.0;999.9;0;0;0;0;0;0
Bahia_Blanca_Aero;877500;20130701;6.6;8;-1.2;8;1019.8;8;1009.5;8;15.0;8;6.2;8;12.3;999.9;16.8;-0.4;0.0;999.9;0;0;0;0;0;0
Bahia_Blanca_Aero;877500;20130702;13.7;7;3.4;7;1008.8;7;998.9;7;13.4;7;12.3;7;14.4;999.9;17.6;3.1;0.0;999.9;0;0;0;0;0;0
Bahia_Blanca_Aero;877500;20130703;13.1;8;3.2;8;1008.9;8;998.9;8;12.1;8;4.4;8;9.3;999.9;19.5;7.0;0.0;999.9;0;0;0;0;0;0
Bahia_Blanca_Aero;877500;20130704;8.0;8;1.3;8;1018.2;8;1008.0;8;14.6;8;2.5;8;6.2;999.9;19.4;0.0;0.0;999.9;0;0;0;0;0;0
Bahia_Blanca_Aero;877500;20130705;7.3;10;5.9;10;1018.5;7;1008.2;7;8.5;10;4.7;10;7.2;999.9;15.4;0.9;2.0;999.9;1;1;0;0;0;0
Bahia_Blanca_Aero;877500;20130706;8.1;11;6.9;11;1018.4;8;1008.2;8;9.8;11;6.1;11;8.2;999.9;10.6;6.2;29.0;999.9;0;1;0;0;0;0
Bahia_Blanca_Aero;877500;20130707;5.9;8;3.1;8;1027.7;8;1017.1;7;15.0;8;2.3;8;3.1;999.9;12.0;0.0;0.0;999.9;0;0;0;0;0;0
Bahia_Blanca_Aero;877500;20130708;3.4;8;-0.2;8;1029.6;8;1019.1;8;15.0;8;4.0;8;10.3;999.9;12.0;-2.4;0.0;999.9;0;0;0;0;0;0
Bahia_Blanca_Aero;877500;20130709;7.9;8;4.8;8;1020.6;8;1010.4;8;12.4;8;4.5;8;7.2;999.9;12.0;-1.1;5.1;999.9;0;1;0;0;0;0
Bahia_Blanca_Aero;877500;20130710;7.5;8;5.7;8;1016.2;8;1006.0;8;15.0;8;4.0;8;8.2;999.9;11.7;3.0;14.0;999.9;0;0;0;0;0;0
Bahia_Blanca_Aero;877500;20130711;10.2;9;7.9;9;1016.6;8;1006.4;8;13.0;9;5.3;9;8.2;999.9;13.5;6.2;0.0;999.9;0;0;0;0;0;0
Bahia_Blanca_Aero;877500;20130712;9.4;8;5.5;8;1019.0;8;1008.8;8;15.0;8;4.7;8;6.2;999.9;16.8;3.3;0.0;999.9;0;0;0;0;0;0
Bahia_Blanca_Aero;877500;20130713;12.6;8;6.7;8;1012.0;8;1002.1;8;13.2;8;7.4;8;11.3;999.9;17.6;3.8;0.0;999.9;0;1;0;0;0;0
Bahia_Blanca_Aero;877500;20130714;8.1;8;-0.6;8;1018.0;8;1007.8;8;14.3;8;4.4;8;7.7;999.9;17.2;4.0;0.0;999.9;0;0;0;0;0;0
Bahia_Blanca_Aero;877500;20130715;6.3;7;-0.3;7;1017.7;7;1007.3;7;14.6;7;4.9;7;6.7;999.9;22.6;1.4;0.0;999.9;0;0;0;0;0;0
Bahia_Blanca_Aero;877500;20130716;10.8;7;3.2;7;1011.1;7;1001.0;7;15.0;7;5.1;7;6.2;999.9;19.5;3.6;0.0;999.9;0;0;0;0;0;0
Bahia_Blanca_Aero;877500;20130717;7.3;9;4.5;9;1008.0;8;997.9;8;14.2;9;3.6;9;7.2;999.9;20.5;3.0;999.9;999.9;0;1;0;0;0;0
Bahia_Blanca_Aero;877500;20130718;4.7;9;2.4;9;1021.7;8;1011.3;8;10.3;9;8.2;9;11.3;999.9;11.2;1.2;7.9;999.9;0;1;0;0;0;0
Bahia_Blanca_Aero;877500;20130719;2.1;8;-3.4;8;1022.5;8;1012.0;8;15.0;8;5.7;8;12.3;999.9;8.0;-3.8;0.0;999.9;0;0;0;0;0;0
Bahia_Blanca_Aero;877500;20130720;3.8;8;-0.8;8;1008.3;8;998.1;8;14.3;8;8.3;8;10.3;999.9;8.6;-1.3;0.0;999.9;0;1;0;0;0;0
Bahia_Blanca_Aero;877500;20130721;4.1;10;2.3;10;1015.2;8;1004.9;8;10.5;10;8.0;10;9.3;999.9;7.8;1.2;0.8;999.9;0;1;0;0;0;0
Bahia_Blanca_Aero;877500;20130722;4.1;8;2.2;8;1023.2;8;1012.8;8;13.5;8;9.2;8;10.3;999.9;7.2;2.4;4.1;999.9;0;0;0;0;0;0
Bahia_Blanca_Aero;877500;20130723;3.1;9;-0.7;9;1022.6;8;1012.0;8;13.7;9;3.1;9;6.2;999.9;8.0;-1.6;0.0;999.9;0;1;0;0;0;0
Bahia_Blanca_Aero;877500;20130724;4.8;8;0.7;8;1023.6;8;1013.2;8;15.0;8;4.1;8;8.2;999.9;13.3;-2.4;0.8;999.9;0;0;0;0;0;0
Bahia_Blanca_Aero;877500;20130725;9.8;8;-0.4;8;1016.8;8;1006.6;7;15.0;8;9.9;8;12.9;999.9;16.6;-0.2;0.0;999.9;0;0;0;0;0;0
Bahia_Blanca_Aero;877500;20130726;11.0;8;1.5;8;1017.3;8;1007.2;8;14.3;8;9.4;8;14.4;999.9;17.2;5.8;0.0;999.9;0;0;0;0;0;0
Bahia_Blanca_Aero;877500;20130727;8.9;8;3.4;8;1021.7;8;1011.5;8;14.0;8;3.9;8;9.3;999.9;15.0;-0.2;0.0;999.9;0;0;0;0;0;0
Bahia_Blanca_Aero;877500;20130728;7.5;8;2.7;8;1022.0;8;1011.7;8;15.0;8;2.4;8;4.1;999.9;16.2;1.4;0.0;999.9;0;0;0;0;0;0
Bahia_Blanca_Aero;877500;20130729;10.1;8;5.7;8;1021.3;8;1011.1;8;12.2;8;2.8;8;5.1;999.9;18.0;3.5;0.0;999.9;0;0;0;0;0;0
Bahia_Blanca_Aero;877500;20130730;9.2;10;7.7;10;1018.7;8;1008.6;8;8.9;10;3.4;10;5.1;999.9;18.2;2.8;0.0;999.9;0;1;0;0;1;0
Bahia_Blanca_Aero;877500;20130731;9.6;7;9.4;7;1015.5;5;1005.3;5;2.6;7;2.6;7;5.1;999.9;14.5;6.4;8.9;999.9;1;0;0;0;0;0
Bahia_Blanca_Aero;877500;20130801;8.7;7;6.2;7;1018.9;7;1008.6;7;12.2;7;3.1;7;6.2;999.9;10.9;6.0;0.0;999.9;0;1;0;0;0;0
Bahia_Blanca_Aero;877500;20130802;8.1;8;6.3;8;1020.8;8;1010.6;8;13.2;8;2.9;8;4.1;999.9;12.0;5.0;0.0;999.9;0;1;0;0;0;0
Bahia_Blanca_Aero;877500;20130803;7.3;8;3.4;8;1015.8;8;1005.6;8;15.0;8;3.8;8;7.2;999.9;14.4;0.8;0.0;999.9;0;0;0;0;0;0
Bahia_Blanca_Aero;877500;20130804;10.9;8;3.1;8;1013.6;8;1003.5;8;14.6;8;6.2;8;9.3;999.9;17.0;5.1;0.0;999.9;0;0;0;0;0;0
Bahia_Blanca_Aero;877500;20130805;12.9;8;2.6;8;1005.5;8;995.6;8;12.1;8;14.3;8;19.6;999.9;18.4;9.6;0.0;999.9;0;0;0;0;0;0
Bahia_Blanca_Aero;877500;20130806;8.2;8;-0.7;8;1013.9;8;1003.7;8;14.6;8;4.5;8;10.3;999.9;18.5;-0.1;0.0;999.9;0;0;0;0;0;0
Bahia_Blanca_Aero;877500;20130807;14.7;8;0.4;8;1001.5;8;991.7;8;13.5;8;9.4;8;17.5;999.9;18.8;4.4;0.0;999.9;0;0;0;0;0;0
Bahia_Blanca_Aero;877500;20130808;7.2;8;-0.4;8;1013.1;8;1003.0;8;15.0;8;4.8;8;7.2;999.9;15.5;-0.8;0.0;999.9;0;0;0;0;0;0
Bahia_Blanca_Aero;877500;20130809;4.4;8;-3.1;8;1025.9;8;1015.5;8;17.5;8;2.8;8;5.1;999.9;13.6;-2.8;0.0;999.9;0;0;0;0;0;0
Bahia_Blanca_Aero;877500;20130810;9.3;7;-6.3;7;1017.1;7;1006.9;7;14.6;7;8.0;7;11.3;999.9;18.4;0.9;0.0;999.9;0;0;0;0;0;0
Bahia_Blanca_Aero;877500;20130811;12.9;8;0.1;8;1007.5;8;997.6;8;15.0;8;7.2;8;11.3;999.9;19.8;4.6;0.0;999.9;0;0;0;0;0;0
Bahia_Blanca_Aero;877500;20130812;8.0;8;2.8;8;1015.4;8;1005.2;8;12.1;8;7.6;8;13.4;999.9;15.8;4.9;1.0;999.9;0;1;0;0;0;0
Bahia_Blanca_Aero;877500;20130813;2.8;9;-3.7;9;1028.0;9;1017.5;9;12.7;9;4.6;9;10.3;999.9;11.2;-4.0;0.0;999.9;0;0;0;0;0;0
Bahia_Blanca_Aero;877500;20130814;5.7;8;-4.8;8;1027.9;8;1017.5;8;15.0;8;7.1;8;15.4;999.9;15.8;-5.0;0.0;999.9;0;0;0;0;0;0
Bahia_Blanca_Aero;877500;20130815;11.3;8;-3.9;8;1012.2;8;1002.2;8;13.5;8;14.6;8;18.5;999.9;17.0;0.4;0.0;999.9;0;0;0;0;0;0
Bahia_Blanca_Aero;877500;20130816;10.6;7;-2.7;7;1023.0;7;1012.8;7;15.0;7;5.4;7;7.7;999.9;17.8;7.0;0.0;999.9;0;0;0;0;0;0
Bahia_Blanca_Aero;877500;20130817;7.4;8;-4.3;8;1025.2;8;1015.0;8;13.2;8;5.7;8;11.3;999.9;17.4;-0.5;0.0;999.9;0;0;0;0;0;0
Bahia_Blanca_Aero;877500;20130818;14.1;9;0.2;9;1015.4;8;1005.4;8;11.3;9;12.8;9;15.4;20.6;20.7;3.4;0.0;999.9;0;0;0;0;0;0
Bahia_Blanca_Aero;877500;20130819;15.7;8;1.6;8;1011.8;8;1001.9;8;12.6;8;9.1;8;14.4;999.9;21.5;11.3;0.0;999.9;0;0;0;0;0;0
Bahia_Blanca_Aero;877500;20130820;7.7;8;-5.9;8;1017.1;8;1007.0;8;14.3;8;4.6;8;7.7;999.9;21.0;-0.4;999.9;999.9;0;1;0;0;1;0
Bahia_Blanca_Aero;877500;20130821;11.4;8;0.4;8;1010.1;7;1000.0;7;12.7;8;5.9;8;13.9;19.6;19.6;0.5;3.0;999.9;0;0;0;0;0;0
Bahia_Blanca_Aero;877500;20130822;5.9;8;-4.2;8;1016.7;8;1006.5;8;9.8;8;13.0;8;14.4;999.9;21.0;1.8;0.0;999.9;0;1;0;0;0;0
Bahia_Blanca_Aero;877500;20130823;2.6;7;-1.9;7;1026.2;6;1015.8;6;13.5;7;5.6;7;7.7;999.9;6.8;-0.5;0.0;999.9;0;1;0;0;0;0
Bahia_Blanca_Aero;877500;20130824;1.8;8;-2.8;8;1033.7;8;1023.2;8;13.7;8;3.0;8;5.1;999.9;8.0;-6.5;0.0;999.9;0;1;0;0;0;0
Bahia_Blanca_Aero;877500;20130825;0.5;8;-3.8;8;1037.1;8;1026.5;8;13.7;8;2.5;8;4.1;999.9;7.6;-7.9;0.0;999.9;0;0;0;0;0;0
Bahia_Blanca_Aero;877500;20130826;2.1;8;-5.8;8;1035.3;8;1024.8;8;14.3;8;3.8;8;6.2;999.9;11.4;-6.2;0.0;999.9;0;0;0;0;0;0
Bahia_Blanca_Aero;877500;20130827;9.8;8;-4.2;8;1019.8;8;1009.5;8;12.9;8;10.7;8;14.4;999.9;20.2;-0.8;0.0;999.9;0;1;0;0;0;0
Bahia_Blanca_Aero;877500;20130828;15.1;8;4.6;8;1013.9;8;1003.9;8;15.0;8;6.8;8;11.3;999.9;24.4;6.5;0.0;999.9;0;0;0;0;0;0
Bahia_Blanca_Aero;877500;20130829;19.3;8;0.8;8;1009.4;8;999.5;8;14.3;8;5.5;8;9.3;999.9;32.2;7.9;0.0;999.9;0;0;0;0;0;0
Bahia_Blanca_Aero;877500;20130830;16.0;8;3.1;8;1009.4;8;999.6;8;12.2;8;3.5;8;6.2;999.9;32.6;7.6;0.0;999.9;0;0;0;0;0;0
Bahia_Blanca_Aero;877500;20130831;13.7;8;2.8;8;1013.5;8;1003.5;8;14.3;8;6.8;8;11.3;999.9;25.0;6.0;0.0;999.9;0;0;0;0;0;0
Bahia_Blanca_Aero;877500;20130901;13.2;8;3.6;8;1013.9;8;1004.0;8;15.0;8;4.2;8;7.2;999.9;22.0;6.9;0.0;999.9;0;0;0;0;0;0
Bahia_Blanca_Aero;877500;20130902;12.7;9;3.2;9;1016.8;8;1006.8;8;13.2;9;5.8;9;8.8;999.9;20.5;6.9;0.0;999.9;0;1;0;0;0;0
Bahia_Blanca_Aero;877500;20130903;5.9;9;0.8;9;1026.4;8;1016.1;8;12.4;9;4.7;9;7.7;999.9;16.5;0.5;0.0;999.9;0;0;0;0;0;0
Bahia_Blanca_Aero;877500;20130904;8.2;8;0.4;8;1023.9;8;1013.6;8;15.0;8;5.6;8;10.3;999.9;16.8;1.5;0.0;999.9;0;0;0;0;0;0
Bahia_Blanca_Aero;877500;20130905;15.5;8;1.3;8;1015.0;8;1005.0;8;13.2;8;9.5;8;13.4;999.9;22.0;6.8;0.0;999.9;0;0;0;0;0;0
Bahia_Blanca_Aero;877500;20130906;14.7;9;6.8;9;1016.1;8;1006.1;8;13.0;9;4.3;9;8.2;999.9;23.0;11.6;999.9;999.9;0;1;0;0;0;0
Bahia_Blanca_Aero;877500;20130907;10.8;9;10.3;9;1011.9;7;1001.9;7;6.0;9;2.8;9;8.2;999.9;18.0;5.8;5.1;999.9;1;1;0;0;0;0
Bahia_Blanca_Aero;877500;20130908;14.2;8;7.6;8;1013.0;8;1003.0;8;13.5;8;5.8;8;11.3;999.9;23.7;5.1;6.1;999.9;0;0;0;0;1;0
Bahia_Blanca_Aero;877500;20130909;21.5;8;7.6;8;1006.2;8;996.5;8;14.3;8;9.3;8;13.4;999.9;29.6;8.6;0.0;999.9;0;0;0;0;0;0
Bahia_Blanca_Aero;877500;20130910;21.1;8;6.7;8;1006.6;8;997.0;8;14.3;8;6.7;8;12.3;999.9;30.5;15.2;0.0;999.9;0;0;0;0;0;0
Bahia_Blanca_Aero;877500;20130911;13.9;8;4.7;8;1014.4;8;1004.5;8;15.0;8;3.2;8;6.2;999.9;24.3;8.8;0.0;999.9;0;0;0;0;0;0
Bahia_Blanca_Aero;877500;20130912;8.8;13;8.4;12;1016.3;8;1006.2;8;6.1;13;6.9;13;11.3;999.9;20.2;6.2;0.5;999.9;1;1;0;0;0;0
Bahia_Blanca_Aero;877500;20130913;6.6;9;3.3;8;1026.5;8;1016.1;8;10.5;9;6.1;9;7.7;999.9;11.0;4.0;16.0;999.9;0;1;0;0;0;0
Bahia_Blanca_Aero;877500;20130914;3.2;7;1.6;7;1029.7;7;1019.3;7;13.8;7;3.4;7;8.2;999.9;11.4;-1.2;0.0;999.9;0;1;0;0;0;0
Bahia_Blanca_Aero;877500;20130915;3.9;8;1.2;8;1029.6;8;1019.1;8;13.2;8;5.0;8;8.2;999.9;8.3;0.2;0.0;999.9;0;1;0;0;0;0
Bahia_Blanca_Aero;877500;20130916;5.3;10;4.2;10;1026.5;7;1016.1;7;9.2;10;3.9;10;6.2;999.9;8.0;4.0;3.0;999.9;0;1;0;0;0;0
Bahia_Blanca_Aero;877500;20130917;5.6;9;2.5;9;1021.6;6;1011.3;6;10.3;9;3.4;9;5.1;999.9;11.5;2.0;5.1;999.9;0;0;0;0;0;0
Bahia_Blanca_Aero;877500;20130918;7.7;8;-0.8;8;1016.5;8;1006.2;8;15.0;8;4.2;8;7.7;999.9;17.5;-1.5;0.0;999.9;0;0;0;0;0;0
Bahia_Blanca_Aero;877500;20130919;12.1;8;-3.2;8;1014.7;8;1004.7;8;15.0;8;7.8;8;11.3;999.9;23.1;3.8;0.0;999.9;0;0;0;0;0;0
Bahia_Blanca_Aero;877500;20130920;13.1;8;1.9;8;1010.3;8;1000.3;8;14.3;8;4.6;8;9.3;999.9;23.8;6.7;0.0;999.9;0;0;0;0;0;0
Bahia_Blanca_Aero;877500;20130921;9.2;8;0.7;8;1015.6;8;1005.5;8;15.0;8;5.5;8;7.7;999.9;18.2;1.1;0.0;999.9;0;1;0;0;0;0
Bahia_Blanca_Aero;877500;20130922;7.1;11;4.4;11;1025.6;7;1015.2;7;11.4;11;4.7;11;10.3;12.9;13.0;-1.0;0.0;999.9;0;1;0;0;0;0
Bahia_Blanca_Aero;877500;20130923;6.8;8;0.5;8;1033.3;8;1022.9;8;12.4;8;4.1;8;9.3;999.9;11.5;0.6;6.1;999.9;0;1;0;0;0;0
Bahia_Blanca_Aero;877500;20130924;7.5;8;-0.4;8;1031.6;8;1021.2;8;15.0;8;3.8;8;6.2;999.9;16.2;-0.8;0.0;999.9;0;0;0;0;0;0
Bahia_Blanca_Aero;877500;20130925;9.6;8;0.7;8;1025.4;8;1015.0;7;14.3;8;5.5;8;10.8;999.9;17.2;2.8;0.0;999.9;0;0;0;0;0;0
Bahia_Blanca_Aero;877500;20130926;14.3;8;4.2;8;1016.9;8;1006.8;8;12.6;8;9.0;8;15.4;999.9;22.2;7.8;0.0;999.9;0;0;0;0;0;0
Bahia_Blanca_Aero;877500;20130927;10.1;8;6.2;8;1022.7;7;1012.6;7;13.2;8;6.2;8;9.3;999.9;22.6;8.2;0.0;999.9;0;0;0;0;0;0
Bahia_Blanca_Aero;877500;20130928;8.4;10;7.7;10;1023.7;6;1013.5;6;5.8;10;6.9;10;8.7;999.9;11.5;7.0;3.0;999.9;0;1;0;0;0;0
Bahia_Blanca_Aero;877500;20130929;10.3;9;7.9;8;1016.9;8;1006.8;8;9.5;9;6.7;9;11.8;999.9;16.9;7.8;39.1;999.9;0;1;0;0;0;0
Bahia_Blanca_Aero;877500;20130930;9.9;11;8.8;11;1020.3;8;1010.1;8;7.2;11;8.8;11;11.8;16.5;13.3;7.8;2.0;999.9;0;1;0;0;0;0
Bahia_Blanca_Aero;877500;20131001;10.3;8;8.3;8;1021.0;8;1010.8;8;10.3;8;5.6;8;7.2;999.9;13.3;8.2;0.5;999.9;0;1;0;0;0;0
Bahia_Blanca_Aero;877500;20131002;10.9;7;7.9;7;1019.9;7;1009.7;7;14.2;7;2.7;7;5.1;999.9;16.6;4.2;0.0;999.9;0;0;0;0;0;0
Bahia_Blanca_Aero;877500;20131003;11.2;10;10.6;10;1020.9;7;1010.8;7;8.5;10;2.6;10;4.6;999.9;17.4;9.4;4.1;999.9;0;1;0;0;0;0
Bahia_Blanca_Aero;877500;20131004;11.6;10;8.3;10;1023.8;7;1013.7;7;8.2;10;2.3;10;3.6;999.9;19.8;6.7;7.1;999.9;1;0;0;0;0;0
Bahia_Blanca_Aero;877500;20131005;16.2;8;8.4;8;1019.9;8;1010.0;8;15.0;8;5.8;8;8.7;999.9;22.4;8.6;0.0;999.9;0;0;0;0;0;0
Bahia_Blanca_Aero;877500;20131006;14.6;8;7.7;8;1021.9;8;1011.9;8;15.0;8;3.6;8;5.1;999.9;23.5;6.5;0.0;999.9;0;0;0;0;0;0
Bahia_Blanca_Aero;877500;20131007;19.2;8;8.4;8;1020.3;8;1010.4;8;15.0;8;6.5;8;10.3;999.9;26.2;10.2;0.0;999.9;0;0;0;0;0;0
Bahia_Blanca_Aero;877500;20131008;19.4;8;7.1;8;1014.5;8;1004.7;8;15.0;8;8.9;8;14.4;999.9;27.1;11.4;0.0;999.9;0;0;0;0;0;0
Bahia_Blanca_Aero;877500;20131009;17.1;8;7.8;8;1013.0;8;1003.1;8;14.3;8;6.0;8;9.8;999.9;27.0;13.8;3.0;999.9;0;1;0;0;1;0
Bahia_Blanca_Aero;877500;20131010;14.3;8;5.3;8;1017.9;7;1007.9;7;15.0;7;5.4;8;11.3;999.9;22.2;8.0;0.0;999.9;0;0;0;0;0;0
Bahia_Blanca_Aero;877500;20131011;11.0;8;6.1;8;1024.9;8;1014.8;8;14.6;8;5.9;8;8.8;999.9;22.6;6.9;0.0;999.9;0;0;0;0;0;0
Bahia_Blanca_Aero;877500;20131012;13.9;8;8.1;8;1021.7;7;1011.7;7;12.6;8;6.0;8;7.7;999.9;22.0;9.2;3.0;999.9;0;1;0;0;0;0
Bahia_Blanca_Aero;877500;20131013;15.9;8;12.6;8;1016.6;8;1006.6;8;13.8;8;4.6;8;9.3;999.9;22.3;11.0;2.0;999.9;0;0;0;0;0;0
Bahia_Blanca_Aero;877500;20131014;17.5;8;10.4;8;1015.0;8;1005.1;8;14.3;8;4.6;8;7.2;999.9;22.9;13.4;0.0;999.9;0;0;0;0;0;0
Bahia_Blanca_Aero;877500;20131015;19.1;8;7.9;8;1016.3;8;1006.5;8;15.0;8;4.6;8;6.2;999.9;29.0;9.8;0.0;999.9;0;0;0;0;0;0
Bahia_Blanca_Aero;877500;20131016;18.8;13;15.8;13;1014.9;8;1005.1;8;10.5;13;4.1;13;9.3;999.9;30.1;15.2;0.0;999.9;0;1;0;0;1;0
Bahia_Blanca_Aero;877500;20131017;14.9;10;12.2;10;1017.2;7;1007.3;7;7.7;10;2.5;10;5.1;999.9;23.0;11.9;36.1;999.9;1;0;0;0;0;0
Bahia_Blanca_Aero;877500;20131018;19.7;11;13.2;11;1011.2;8;1001.4;8;12.6;11;5.9;11;10.3;999.9;28.0;12.3;0.0;999.9;0;1;0;0;1;0
Bahia_Blanca_Aero;877500;20131019;18.8;8;13.8;8;1005.3;8;995.5;8;14.3;8;5.3;8;9.3;999.9;28.8;9.5;8.9;999.9;0;0;0;0;0;0
Bahia_Blanca_Aero;877500;20131020;19.0;8;9.1;8;999.3;8;989.7;8;14.3;8;8.7;8;15.4;999.9;28.5;14.2;2.0;999.9;0;1;0;0;1;0
Bahia_Blanca_Aero;877500;20131021;10.3;8;3.3;8;1016.6;8;1006.5;8;14.2;8;6.0;8;12.3;999.9;23.2;4.7;6.1;999.9;0;1;0;0;0;0
Bahia_Blanca_Aero;877500;20131022;13.3;8;5.5;8;1010.0;8;1000.0;7;14.3;8;7.5;8;10.3;999.9;20.4;7.5;0.0;999.9;0;1;0;0;0;0
Bahia_Blanca_Aero;877500;20131023;13.0;9;7.4;9;1012.6;8;1002.6;8;14.5;9;7.5;9;11.3;999.9;20.5;9.4;0.0;999.9;0;0;0;0;0;0
Bahia_Blanca_Aero;877500;20131024;10.6;8;3.2;8;1025.3;8;1015.0;8;14.6;8;3.4;8;5.1;999.9;20.0;1.0;0.0;999.9;0;0;0;0;0;0
Bahia_Blanca_Aero;877500;20131025;12.9;8;4.4;8;1021.9;8;1011.8;8;15.0;8;5.5;8;9.3;999.9;20.8;7.5;0.0;999.9;0;0;0;0;0;0
Bahia_Blanca_Aero;877500;20131026;15.8;8;4.4;8;1013.0;8;1003.0;8;14.3;8;7.4;8;12.4;999.9;23.8;9.0;0.0;999.9;0;0;0;0;0;0
Bahia_Blanca_Aero;877500;20131027;14.3;8;2.0;8;1020.3;8;1010.2;8;15.0;8;3.1;8;6.2;999.9;25.4;2.8;0.0;999.9;0;0;0;0;0;0
Bahia_Blanca_Aero;877500;20131028;17.0;9;7.4;9;1015.2;8;1005.4;8;12.7;9;5.3;9;11.3;999.9;26.2;8.0;999.9;999.9;0;1;0;0;1;0
Bahia_Blanca_Aero;877500;20131029;18.3;9;13.8;9;1015.1;8;1005.2;8;11.9;9;6.3;9;9.3;999.9;27.2;13.4;14.0;999.9;0;1;0;0;1;0
Bahia_Blanca_Aero;877500;20131030;18.7;8;12.0;8;1013.5;8;1003.7;8;15.0;8;4.3;8;7.7;999.9;26.0;11.7;0.0;999.9;0;0;0;0;0;0
Bahia_Blanca_Aero;877500;20131031;18.4;7;13.8;7;1009.8;7;1000.0;7;15.0;7;6.3;7;9.3;999.9;26.5;15.0;0.0;999.9;0;0;0;0;0;0
Bahia_Blanca_Aero;877500;20131101;18.8;10;13.6;10;1012.8;8;1002.9;8;11.1;10;6.5;10;12.9;999.9;23.8;14.6;7.9;999.9;0;1;0;0;0;0
Bahia_Blanca_Aero;877500;20131102;17.1;8;12.0;8;1017.0;8;1007.2;8;13.4;8;5.1;8;10.3;999.9;24.4;12.6;0.0;999.9;0;0;0;0;0;0
Bahia_Blanca_Aero;877500;20131103;17.4;8;10.2;8;1017.6;8;1007.6;8;15.0;8;4.5;8;7.7;999.9;24.5;11.0;0.0;999.9;0;0;0;0;0;0
Bahia_Blanca_Aero;877500;20131104;17.3;9;9.7;9;1017.1;8;1007.6;8;13.5;9;7.9;9;11.3;999.9;25.4;10.0;0.0;999.9;0;1;0;0;0;0
Bahia_Blanca_Aero;877500;20131105;21.4;8;12.0;8;1014.9;8;1005.1;8;15.0;8;8.7;8;12.9;999.9;28.7;13.6;0.0;999.9;0;0;0;0;0;0
Bahia_Blanca_Aero;877500;20131106;23.8;9;10.3;9;1009.5;8;999.8;8;11.1;9;11.7;9;15.4;20.6;30.0;18.5;0.0;999.9;0;0;0;0;0;0
Bahia_Blanca_Aero;877500;20131107;17.9;8;10.0;8;1012.5;8;1002.7;8;13.0;8;6.2;8;10.3;999.9;31.2;14.0;13.0;999.9;0;1;0;0;0;0
Bahia_Blanca_Aero;877500;20131108;18.3;7;5.6;7;1012.4;7;1002.6;7;14.3;7;5.1;7;6.2;999.9;23.7;13.5;0.0;999.9;0;0;0;0;0;0
Bahia_Blanca_Aero;877500;20131109;14.7;11;8.6;11;1013.9;8;1004.0;8;12.4;11;4.6;11;7.2;999.9;24.3;12.6;3.0;999.9;0;1;0;0;1;0
Bahia_Blanca_Aero;877500;20131110;16.1;8;10.4;8;1012.0;7;1001.6;8;13.7;8;4.1;8;10.3;999.9;21.4;12.0;6.1;999.9;0;1;0;0;0;0
Bahia_Blanca_Aero;877500;20131111;18.6;8;8.4;8;1006.1;8;996.3;8;15.0;8;5.4;8;8.2;999.9;27.1;11.0;0.0;999.9;0;0;0;0;0;0
Bahia_Blanca_Aero;877500;20131112;18.6;7;1.9;7;1009.7;7;999.1;7;14.3;7;5.7;7;7.2;999.9;22.0;15.2;0.0;999.9;0;0;0;0;0;0
Bahia_Blanca_Aero;877500;20131113;18.2;8;5.6;8;1011.8;8;1001.9;8;12.7;8;6.7;8;10.8;999.9;28.6;7.5;0.0;999.9;0;0;0;0;0;0
