Bariloche_Aero;877650;2013;01;01;13,9;24;-0,4;24;9999,9;0;924,6;7;10,0;24;3,1;24;6,7;999,9;23,2;5,0;0,0;999,9;0;0;0;0;0;0
Bariloche_Aero;877650;2013;01;02;17,5;24;1,3;24;9999,9;0;917,9;7;10,0;24;4,4;24;9,3;999,9;27,0;8,6;0,0;999,9;0;0;0;0;0;0
Bariloche_Aero;877650;2013;01;03;17,6;22;6,3;22;9999,9;0;916,4;8;10,0;22;6,3;22;9,8;999,9;27,4;9,0;0,0;999,9;0;0;0;0;0;0
Bariloche_Aero;877650;2013;01;04;17,2;22;5,7;22;9999,9;0;919,3;9;10,3;22;6,5;22;10,3;15,4;24,3;9,9;0,0;999,9;0;0;0;0;0;0
Bariloche_Aero;877650;2013;01;05;15,7;23;3,7;23;9999,9;0;918,7;7;10,3;23;7,7;23;14,4;17,5;22,0;8,3;0,0;999,9;0;0;0;0;0;0
Bariloche_Aero;877650;2013;01;06;14,1;24;8,1;24;9999,9;0;910,5;8;8,0;24;10,3;24;17,5;24,7;22,2;12,0;0,0;999,9;0;1;0;0;0;0
Bariloche_Aero;877650;2013;01;07;8,8;24;1,5;24;9999,9;0;910,7;8;10,1;24;12,3;24;18,0;23,1;16,5;5,0;7,1;999,9;0;1;0;0;0;0
Bariloche_Aero;877650;2013;01;08;12,2;23;2,9;23;9999,9;0;917,0;9;10,5;23;10,1;23;15,4;21,6;18,1;8,2;0,0;999,9;0;0;0;0;0;0
Bariloche_Aero;877650;2013;01;09;15,1;24;3,9;24;9999,9;0;922,2;8;10,0;24;3,4;24;10,3;999,9;27,0;3,5;0,0;999,9;0;0;0;0;0;0
Bariloche_Aero;877650;2013;01;10;23,6;21;11,3;21;9999,9;0;920,0;7;10,1;21;2,5;21;7,2;999,9;34,1;9,0;0,0;999,9;0;0;0;0;0;0
Bariloche_Aero;877650;2013;01;11;23,2;23;10,6;23;9999,9;0;916,0;8;10,0;23;7,2;23;11,8;16,5;34,1;17,0;0,0;999,9;0;0;0;0;0;0
Bariloche_Aero;877650;2013;01;12;19,4;24;3,8;24;9999,9;0;918,9;8;10,1;24;3,4;24;8,2;999,9;34,0;3,7;0,0;999,9;0;0;0;0;0;0
Bariloche_Aero;877650;2013;01;13;22,2;21;11,1;21;9999,9;0;920,5;8;10,8;21;3,1;21;7,2;999,9;33,7;15,0;0,0;999,9;0;0;0;0;1;0
Bariloche_Aero;877650;2013;01;14;22,0;24;13,8;24;9999,9;0;920,2;8;10,5;24;2,9;24;5,7;999,9;30,5;14,0;0,0;999,9;0;0;0;0;0;0
Bariloche_Aero;877650;2013;01;15;22,5;24;7,4;24;9999,9;0;916,5;8;10,3;24;4,1;24;10,3;999,9;32,0;12,0;0,0;999,9;0;0;0;0;0;0
Bariloche_Aero;877650;2013;01;16;21,7;22;5,4;22;9999,9;0;917,8;8;10,0;22;3,4;22;8,2;999,9;31,8;9,0;0,0;999,9;0;0;0;0;0;0
Bariloche_Aero;877650;2013;01;17;21,1;23;8,8;23;9999,9;0;921,0;7;10,3;23;2,8;23;7,7;999,9;29,7;12,0;0,0;999,9;0;0;0;0;0;0
Bariloche_Aero;877650;2013;01;18;23,1;24;6,7;24;9999,9;0;921,6;8;10,1;24;3,0;24;6,2;999,9;32,5;13,1;0,0;999,9;0;0;0;0;0;0
Bariloche_Aero;877650;2013;01;19;20,9;22;9,2;22;9999,9;0;925,8;8;9,7;22;3,8;22;8,2;999,9;32,5;17,0;0,0;999,9;0;0;0;0;0;0
Bariloche_Aero;877650;2013;01;20;20,4;24;10,5;24;9999,9;0;924,0;7;10,5;24;2,6;24;8,2;999,9;26,0;16,0;0,0;999,9;0;0;0;0;0;0
Bariloche_Aero;877650;2013;01;21;21,7;24;8,6;24;9999,9;0;919,9;8;10,5;24;3,1;24;6,7;999,9;30,0;12,6;0,0;999,9;0;0;0;0;0;0
Bariloche_Aero;877650;2013;01;22;22,5;24;10,9;24;9999,9;0;918,9;7;9,5;24;4,0;24;10,3;999,9;30,0;12,0;0,0;999,9;1;0;0;0;0;0
Bariloche_Aero;877650;2013;01;23;19,1;24;4,4;24;9999,9;0;919,0;8;10,0;24;6,0;24;11,8;17,5;29,6;6,0;0,0;999,9;0;0;0;0;0;0
Bariloche_Aero;877650;2013;01;24;16,7;23;1,2;23;9999,9;0;918,1;8;10,3;23;7,3;23;11,3;999,9;27,0;11,0;0,0;999,9;0;0;0;0;0;0
Bariloche_Aero;877650;2013;01;25;15,1;24;2,8;24;9999,9;0;920,6;8;10,1;24;5,0;24;10,3;999,9;24,0;7,7;0,0;999,9;0;0;0;0;0;0
Bariloche_Aero;877650;2013;01;26;17,7;22;3,3;22;9999,9;0;918,0;8;10,0;22;6,9;22;11,8;15,9;25,0;8,0;0,0;999,9;0;0;0;0;0;0
Bariloche_Aero;877650;2013;01;27;18,2;24;4,4;24;9999,9;0;918,4;7;10,1;24;5,7;24;9,8;999,9;26,2;8,0;0,0;999,9;0;0;0;0;0;0
Bariloche_Aero;877650;2013;01;28;19,6;24;5,4;24;9999,9;0;920,6;8;10,5;24;4,1;24;8,2;999,9;28,0;9,7;0,0;999,9;0;0;0;0;0;0
Bariloche_Aero;877650;2013;01;29;18,8;24;8,0;23;9999,9;0;921,5;8;10,6;24;4,3;24;9,3;999,9;27,9;10,0;0,0;999,9;0;0;0;0;0;0
Bariloche_Aero;877650;2013;01;30;17,7;24;5,5;24;9999,9;0;919,5;8;10,0;24;2,5;24;6,7;999,9;29,0;7,0;0,0;999,9;0;0;0;0;0;0
Bariloche_Aero;877650;2013;01;31;18,4;24;3,7;24;9999,9;0;914,6;8;9,8;24;5,5;24;13,9;18,5;29,4;7,0;0,0;999,9;0;0;0;0;0;0
Bariloche_Aero;877650;2013;02;01;16,4;22;5,8;22;9999,9;0;914,4;9;10,1;22;9,1;22;12,3;999,9;26,5;12,0;0,0;999,9;0;0;0;0;0;0
Bariloche_Aero;877650;2013;02;02;14,8;22;1,0;22;9999,9;0;923,2;7;10,3;22;3,4;22;10,3;999,9;24,0;5,3;0,0;999,9;0;0;0;0;0;0
Bariloche_Aero;877650;2013;02;03;17,1;23;3,6;23;9999,9;0;921,6;8;10,0;23;3,8;23;9,3;999,9;30,0;1,7;0,0;999,9;0;0;0;0;0;0
Bariloche_Aero;877650;2013;02;04;20,1;24;3,3;24;9999,9;0;918,5;8;10,0;24;2,7;24;7,2;999,9;29,6;10,5;0,0;999,9;0;0;0;0;0;0
Bariloche_Aero;877650;2013;02;05;19,2;24;4,5;24;9999,9;0;918,2;8;10,0;24;2,6;23;7,7;999,9;32,0;9,0;0,0;999,9;0;0;0;0;0;0
Bariloche_Aero;877650;2013;02;06;21,4;24;2,3;24;9999,9;0;920,4;8;10,0;24;2,1;24;7,7;999,9;34,0;8,0;0,0;999,9;0;0;0;0;0;0
Bariloche_Aero;877650;2013;02;07;22,3;24;2,0;24;9999,9;0;919,7;8;10,0;24;2,3;24;5,1;999,9;34,0;8,6;0,0;999,9;0;0;0;0;0;0
Bariloche_Aero;877650;2013;02;08;24,7;23;5,0;23;9999,9;0;915,7;9;10,0;23;2,3;23;10,3;999,9;35,0;13,6;0,0;999,9;0;0;0;0;1;0
Bariloche_Aero;877650;2013;02;09;20,2;24;10,8;24;9999,9;0;915,1;6;9,2;24;4,6;23;13,4;15,9;34,6;12,0;0,0;999,9;0;0;0;0;1;0
Bariloche_Aero;877650;2013;02;10;17,3;24;9,4;24;9999,9;0;916,7;7;10,1;24;4,8;24;11,3;999,9;28,4;12,9;0,0;999,9;0;0;0;0;1;0
Bariloche_Aero;877650;2013;02;11;15,3;23;8,8;23;9999,9;0;912,4;8;8,9;23;9,7;23;18,0;24,2;22,5;11,6;0,0;999,9;0;1;0;0;0;0
Bariloche_Aero;877650;2013;02;12;12,8;24;5,1;24;9999,9;0;912,0;8;10,8;24;11,2;24;15,4;20,6;19,0;10,0;2,0;999,9;0;1;0;0;0;0
Bariloche_Aero;877650;2013;02;13;12,3;24;5,4;24;9999,9;0;915,2;8;10,5;24;9,5;24;12,9;20,6;16,8;10,5;0,0;999,9;0;0;0;0;0;0
Bariloche_Aero;877650;2013;02;14;14,1;24;6,6;24;9999,9;0;916,9;8;10,5;24;8,0;24;12,9;18,5;19,7;9,9;0,0;999,9;0;0;0;0;0;0
Bariloche_Aero;877650;2013;02;15;16,3;24;10,2;24;9999,9;0;912,2;9;9,8;24;8,3;24;11,8;999,9;21,0;12,3;0,0;999,9;0;1;0;0;0;0
Bariloche_Aero;877650;2013;02;16;11,8;24;8,6;24;9999,9;0;909,3;8;8,2;24;6,7;24;12,3;17,5;21,0;7,6;19,0;999,9;0;1;0;0;0;0
Bariloche_Aero;877650;2013;02;17;7,9;22;0,0;22;9999,9;0;919,7;8;10,8;22;7,1;22;11,8;999,9;15,0;2,6;5,1;999,9;0;0;0;0;0;0
Bariloche_Aero;877650;2013;02;18;8,3;24;-0,4;24;9999,9;0;924,3;9;10,0;24;1,8;24;6,2;999,9;19,0;-2,0;0,0;999,9;0;0;0;0;0;0
Bariloche_Aero;877650;2013;02;19;11,9;24;1,6;24;9999,9;0;922,5;8;10,1;24;1,3;24;5,1;999,9;25,0;0,0;0,0;999,9;0;0;0;0;0;0
Bariloche_Aero;877650;2013;02;20;14,7;24;2,4;24;9999,9;0;921,1;8;10,3;24;2,0;24;7,2;999,9;26,0;2,5;0,0;999,9;0;0;0;0;0;0
Bariloche_Aero;877650;2013;02;21;15,7;22;2,6;22;9999,9;0;919,2;7;10,0;22;2,9;22;9,8;999,9;25,7;6,0;0,0;999,9;0;0;0;0;0;0
Bariloche_Aero;877650;2013;02;22;16,4;24;5,4;24;9999,9;0;916,4;8;9,8;24;3,5;24;11,3;999,9;25,3;8,9;0,0;999,9;0;0;0;0;0;0
Bariloche_Aero;877650;2013;02;23;13,0;24;6,9;24;9999,9;0;915,5;8;9,7;24;6,6;24;10,3;999,9;24,8;10,9;999,9;999,9;0;1;0;0;0;0
Bariloche_Aero;877650;2013;02;24;13,2;24;7,6;24;9999,9;0;920,8;9;10,3;24;4,6;24;8,2;999,9;19,2;9,0;6,1;999,9;0;1;0;0;0;0
Bariloche_Aero;877650;2013;02;25;13,3;24;5,2;24;9999,9;0;923,0;8;10,5;24;2,9;24;6,7;999,9;21,3;6,0;0,0;999,9;0;0;0;0;0;0
Bariloche_Aero;877650;2013;02;26;15,1;24;4,7;24;9999,9;0;918,8;8;10,0;24;4,6;24;9,3;999,9;24,5;6,8;0,0;999,9;0;0;0;0;0;0
Bariloche_Aero;877650;2013;02;27;13,8;24;4,7;24;9999,9;0;917,5;8;10,5;24;5,8;24;12,9;999,9;19,0;5,8;0,0;999,9;0;0;0;0;0;0
Bariloche_Aero;877650;2013;02;28;11,8;24;1,9;24;9999,9;0;917,4;7;10,5;24;2,9;24;8,2;999,9;22,0;0,5;0,0;999,9;0;0;0;0;0;0
Bariloche_Aero;877650;2013;03;01;12,3;24;8,3;24;9999,9;0;917,5;8;8,5;24;3,1;24;8,7;999,9;22,2;1,5;5,1;999,9;0;1;0;0;1;0
Bariloche_Aero;877650;2013;03;02;12,8;24;8,5;24;9999,9;0;922,6;8;9,3;24;1,4;24;6,2;999,9;19,5;7,0;7,1;999,9;1;1;0;0;0;0
Bariloche_Aero;877650;2013;03;03;14,1;21;5,4;21;9999,9;0;924,3;8;10,5;21;2,8;21;5,1;999,9;22,0;7,0;0,0;999,9;0;0;0;0;0;0
Bariloche_Aero;877650;2013;03;04;14,6;24;4,3;24;9999,9;0;921,9;8;10,1;24;3,2;24;8,2;999,9;24,0;4,0;0,0;999,9;0;0;0;0;0;0
Bariloche_Aero;877650;2013;03;05;12,5;24;5,6;24;9999,9;0;915,4;7;9,3;24;5,0;24;11,8;17,0;23,7;2,0;999,9;999,9;1;1;0;0;0;0
Bariloche_Aero;877650;2013;03;06;7,7;24;2,7;24;9999,9;0;914,4;8;9,5;24;8,5;24;12,9;999,9;20,1;4,6;0,5;999,9;0;1;0;0;0;0
Bariloche_Aero;877650;2013;03;07;8,5;22;2,8;22;9999,9;0;917,4;8;9,3;22;6,6;22;11,8;999,9;13,2;5,0;3,0;999,9;0;1;0;0;0;0
Bariloche_Aero;877650;2013;03;08;13,1;24;6,3;24;9999,9;0;916,4;8;9,3;24;9,1;24;12,9;999,9;16,0;7,4;0,0;999,9;0;1;0;0;0;0
Bariloche_Aero;877650;2013;03;09;12,9;23;7,0;23;9999,9;0;912,5;8;9,3;23;11,1;23;14,4;21,6;17,0;11,0;0,0;999,9;0;1;0;0;0;0
Bariloche_Aero;877650;2013;03;10;13,5;24;6,8;24;9999,9;0;918,0;10;10,6;24;8,9;24;12,9;16,5;18,0;10,8;0,5;999,9;0;0;0;0;0;0
Bariloche_Aero;877650;2013;03;11;13,6;23;3,2;23;9999,9;0;915,6;7;10,3;23;9,0;23;13,4;999,9;17,6;10,8;0,0;999,9;0;0;0;0;0;0
Bariloche_Aero;877650;2013;03;12;9,1;24;-1,2;24;9999,9;0;920,3;8;10,1;24;3,9;24;9,3;999,9;17,4;0,0;0,0;999,9;0;0;0;0;0;0
Bariloche_Aero;877650;2013;03;13;9,5;24;-2,1;24;9999,9;0;926,0;10;10,5;24;4,4;24;9,8;999,9;16,4;1,8;0,0;999,9;0;1;0;0;0;0
Bariloche_Aero;877650;2013;03;14;7,0;23;-1,2;23;9999,9;0;925,9;8;10,3;23;2,1;23;4,1;999,9;14,1;0,4;999,9;999,9;0;1;0;0;0;0
Bariloche_Aero;877650;2013;03;15;8,0;23;-0,2;23;9999,9;0;926,4;8;10,8;23;3,6;23;5,7;999,9;14,1;4,8;0,0;999,9;0;0;0;0;0;0
Bariloche_Aero;877650;2013;03;16;8,4;24;0,6;24;9999,9;0;924,1;9;10,3;24;3,3;24;6,2;999,9;18,0;2,6;0,0;999,9;0;0;0;0;0;0
Bariloche_Aero;877650;2013;03;17;13,5;22;5,3;22;9999,9;0;923,6;9;10,3;22;1,7;22;3,6;999,9;20,0;7,2;0,0;999,9;0;0;0;0;0;0
Bariloche_Aero;877650;2013;03;18;14,6;23;7,6;23;9999,9;0;922,2;9;10,3;23;1,8;23;4,1;999,9;20,0;11,5;0,0;999,9;0;0;0;0;0;0
Bariloche_Aero;877650;2013;03;19;11,4;23;5,8;23;9999,9;0;919,4;7;8,7;23;3,0;23;8,2;999,9;21,0;2,0;0,0;999,9;1;0;0;0;0;0
Bariloche_Aero;877650;2013;03;20;12,6;24;4,3;24;9999,9;0;914,4;8;10,0;24;8,4;24;13,4;18,5;21,0;5,0;0,0;999,9;0;1;0;0;0;0
Bariloche_Aero;877650;2013;03;21;8,7;23;-1,1;23;9999,9;0;921,9;9;10,3;23;5,8;23;8,7;999,9;15,7;2,4;0,0;999,9;0;0;0;0;0;0
Bariloche_Aero;877650;2013;03;22;9,8;24;1,9;24;9999,9;0;922,1;8;10,1;24;5,1;24;12,9;999,9;18,0;0,7;0,0;999,9;0;0;0;0;0;0
Bariloche_Aero;877650;2013;03;23;9,0;24;3,2;24;9999,9;0;922,3;7;9,2;24;2,7;24;8,2;999,9;21,0;0,6;0,0;999,9;1;0;0;0;0;0
Bariloche_Aero;877650;2013;03;24;12,6;23;4,9;23;9999,9;0;914,9;7;9,8;23;9,2;23;14,9;18,0;15,4;9,6;2,0;999,9;0;1;0;0;0;0
Bariloche_Aero;877650;2013;03;25;11,4;24;1,2;24;9999,9;0;921,6;8;10,0;24;7,3;24;10,8;999,9;18,0;6,0;0,0;999,9;0;0;0;0;0;0
Bariloche_Aero;877650;2013;03;26;12,1;23;3,2;23;9999,9;0;923,5;10;9,8;23;2,6;23;9,8;999,9;25,0;-2,0;0,0;999,9;1;0;0;0;0;0
Bariloche_Aero;877650;2013;03;27;12,2;23;2,3;23;9999,9;0;923,1;7;10,0;23;2,4;23;9,3;999,9;24,6;-0,4;0,0;999,9;0;0;0;0;0;0
Bariloche_Aero;877650;2013;03;28;12,4;24;1,9;24;9999,9;0;922,7;8;10,1;24;1,1;24;5,1;999,9;25,1;-0,4;0,0;999,9;0;0;0;0;0;0
Bariloche_Aero;877650;2013;03;29;12,9;24;7,2;24;9999,9;0;920,0;8;10,1;24;3,6;24;10,3;999,9;25,4;3,5;0,0;999,9;1;0;0;0;0;0
Bariloche_Aero;877650;2013;03;30;11,4;24;7,3;24;9999,9;0;921,0;7;9,7;24;2,9;24;7,7;999,9;22,3;4,0;6,1;999,9;0;1;0;0;0;0
Bariloche_Aero;877650;2013;03;31;10,8;24;3,4;24;9999,9;0;927,9;8;10,8;24;3,8;24;6,7;999,9;14,0;8,4;0,0;999,9;0;1;0;0;0;0
Bariloche_Aero;877650;2013;04;01;9,2;22;2,8;22;9999,9;0;926,6;7;10,1;22;3,1;22;4,6;999,9;16,0;3,8;0,0;999,9;0;0;0;0;0;0
Bariloche_Aero;877650;2013;04;02;9,6;24;2,6;24;9999,9;0;925,6;10;10,5;24;2,2;24;6,7;999,9;22,0;-0,1;0,0;999,9;0;0;0;0;0;0
Bariloche_Aero;877650;2013;04;03;12,1;21;2,3;21;9999,9;0;925,4;8;10,0;21;3,6;21;5,1;999,9;21,8;-0,1;0,0;999,9;0;0;0;0;0;0
Bariloche_Aero;877650;2013;04;04;9,5;24;4,5;24;9999,9;0;916,0;6;8,7;24;4,2;24;10,3;15,4;18,0;-1,0;999,9;999,9;1;1;0;0;0;0
Bariloche_Aero;877650;2013;04;05;7,0;24;2,6;24;9999,9;0;912,9;8;9,2;24;9,1;24;14,9;20,6;18,4;1,2;0,0;999,9;0;1;0;0;0;0
Bariloche_Aero;877650;2013;04;06;6,6;24;1,9;24;9999,9;0;918,8;8;10,6;24;8,9;24;15,9;19,0;11,0;2,0;11,9;999,9;0;0;0;0;0;0
Bariloche_Aero;877650;2013;04;07;9,9;22;3,0;22;9999,9;0;921,1;8;10,6;22;7,7;22;11,3;15,4;15,0;6,5;0,0;999,9;0;0;0;0;0;0
Bariloche_Aero;877650;2013;04;08;9,3;24;1,8;24;9999,9;0;921,3;9;10,3;24;2,6;24;7,7;999,9;18,0;1,6;0,0;999,9;0;0;0;0;0;0
Bariloche_Aero;877650;2013;04;09;5,7;24;1,8;24;9999,9;0;914,9;8;9,5;24;1,7;24;11,8;15,4;18,3;-1,0;999,9;999,9;1;1;0;0;0;0
Bariloche_Aero;877650;2013;04;10;9,6;22;4,4;22;9999,9;0;911,8;8;9,0;22;7,2;22;11,3;17,0;14,6;1,8;3,0;999,9;0;1;0;0;0;0
Bariloche_Aero;877650;2013;04;11;3,7;24;-2,0;24;9999,9;0;918,2;8;10,6;24;4,8;23;10,3;999,9;14,0;-1,1;5,1;999,9;0;1;1;0;0;0
Bariloche_Aero;877650;2013;04;12;3,0;22;-3,3;22;9999,9;0;924,8;8;10,5;22;4,4;22;9,3;999,9;10,0;-6,0;0,0;999,9;0;0;0;0;0;0
Bariloche_Aero;877650;2013;04;13;4,7;24;-0,6;24;9999,9;0;922,5;8;10,3;24;3,4;24;9,8;999,9;14,0;-2,4;0,0;999,9;0;0;0;0;0;0
Bariloche_Aero;877650;2013;04;14;12,6;24;7,9;24;9999,9;0;920,2;7;10,0;24;6,5;24;9,3;999,9;19,0;1,0;7,1;999,9;0;1;0;0;0;0
Bariloche_Aero;877650;2013;04;15;11,8;22;6,1;22;9999,9;0;920,3;8;9,0;22;1,4;22;3,6;999,9;22,0;3,0;0,0;999,9;1;0;0;0;0;0
Bariloche_Aero;877650;2013;04;16;9,7;24;4,4;24;9999,9;0;919,2;8;9,2;24;2,2;24;9,3;999,9;25,0;-0,5;0,0;999,9;1;0;0;0;0;0
Bariloche_Aero;877650;2013;04;17;14,1;24;9,2;24;9999,9;0;920,2;8;10,5;24;3,1;24;7,7;999,9;21,6;1,0;0,0;999,9;0;0;0;0;0;0
Bariloche_Aero;877650;2013;04;18;9,9;24;5,2;24;9999,9;0;918,2;8;8,5;24;2,3;24;9,3;999,9;22,0;-0,8;0,0;999,9;1;0;0;0;0;0
Bariloche_Aero;877650;2013;04;19;9,9;22;3,4;22;9999,9;0;919,5;8;9,0;22;0,7;22;4,1;999,9;23,0;-1,0;0,0;999,9;0;0;0;0;0;0
Bariloche_Aero;877650;2013;04;20;10,4;24;1,7;24;9999,9;0;917,1;8;9,8;24;3,1;24;11,8;999,9;23,7;-1,0;0,0;999,9;0;0;0;0;0;0
Bariloche_Aero;877650;2013;04;21;12,8;24;6,6;24;9999,9;0;919,3;8;10,0;24;3,9;24;9,3;999,9;20,5;7,5;0,0;999,9;0;1;0;0;0;0
Bariloche_Aero;877650;2013;04;22;11,2;24;4,2;24;9999,9;0;922,5;8;10,3;24;1,6;24;12,3;999,9;19,3;3,7;0,0;999,9;0;1;0;0;0;0
Bariloche_Aero;877650;2013;04;23;8,3;24;1,7;24;9999,9;0;924,0;10;9,5;24;0,9;24;2,1;999,9;20,3;-2,3;0,0;999,9;1;0;0;0;0;0
Bariloche_Aero;877650;2013;04;24;7,4;24;2,8;24;9999,9;0;920,9;8;9,3;24;0,8;24;3,1;999,9;21,8;-2,5;0,0;999,9;1;0;0;0;0;0
Bariloche_Aero;877650;2013;04;25;5,3;24;-0,4;24;9999,9;0;921,3;8;9,0;24;0,8;24;3,1;999,9;18,0;-6,0;0,0;999,9;1;0;0;0;0;0
Bariloche_Aero;877650;2013;04;26;5,7;24;2,2;24;9999,9;0;920,4;8;9,2;24;1,1;24;3,6;999,9;18,1;-5,0;0,0;999,9;1;0;0;0;0;0
Bariloche_Aero;877650;2013;04;27;11,6;23;5,6;23;9999,9;0;922,1;7;10,0;23;5,9;23;12,3;14,4;16,0;8,8;0,0;999,9;1;0;0;0;0;0
Bariloche_Aero;877650;2013;04;28;7,4;24;2,4;24;9999,9;0;920,4;8;9,8;24;2,9;24;7,7;999,9;16,0;-2,2;0,0;999,9;1;0;0;0;0;0
Bariloche_Aero;877650;2013;04;29;10,5;23;5,2;23;9999,9;0;917,5;8;10,0;23;5,7;23;12,9;999,9;16,0;-1,0;0,0;999,9;0;0;0;0;0;0
Bariloche_Aero;877650;2013;04;30;7,6;24;5,6;24;9999,9;0;917,0;8;6,1;24;2,9;24;6,7;999,9;15,0;5,5;9,9;999,9;0;1;0;0;0;0
Bariloche_Aero;877650;2013;05;01;7,3;24;5,8;24;9999,9;0;914,3;10;5,8;24;0,9;24;4,6;999,9;10,0;5,8;9,9;999,9;1;1;0;0;0;0
Bariloche_Aero;877650;2013;05;02;8,2;24;6,0;24;9999,9;0;917,8;8;9,0;24;1,2;24;3,1;999,9;12,1;4,0;11,9;999,9;0;1;0;0;0;0
Bariloche_Aero;877650;2013;05;03;9,7;24;7,4;24;9999,9;0;914,3;8;8,4;24;2,5;24;9,3;14,4;12,0;8,0;4,1;999,9;0;1;0;0;0;0
Bariloche_Aero;877650;2013;05;04;8,6;24;3,0;24;9999,9;0;920,1;8;9,8;24;8,1;24;12,9;17,5;12,5;6,3;40,9;999,9;0;0;0;0;0;0
Bariloche_Aero;877650;2013;05;05;5,5;22;0,2;22;9999,9;0;923,3;8;9,8;22;4,8;22;12,3;999,9;14,0;-3,0;0,0;999,9;0;0;0;0;0;0
Bariloche_Aero;877650;2013;05;06;8,3;24;0,3;24;9999,9;0;924,0;7;9,7;24;9,3;24;12,3;19,5;12,1;5,0;2,0;999,9;0;1;0;0;0;0
Bariloche_Aero;877650;2013;05;07;6,5;24;-0,1;24;9999,9;0;920,9;8;10,5;24;6,3;24;16,5;22,6;15,0;-3,4;0,0;999,9;0;0;0;0;0;0
Bariloche_Aero;877650;2013;05;08;11,3;24;6,8;24;9999,9;0;910,7;7;9,0;24;15,0;24;23,6;28,8;14,8;-1,6;0,0;999,9;0;1;0;0;0;0
Bariloche_Aero;877650;2013;05;09;11,2;24;7,1;24;9999,9;0;914,1;9;10,3;24;6,2;24;10,3;999,9;13,6;9,6;4,1;999,9;0;1;0;0;0;0
Bariloche_Aero;877650;2013;05;10;9,1;23;4,1;23;9999,9;0;911,8;7;9,5;23;7,3;23;13,4;21,1;15,4;7,0;2,0;999,9;0;1;0;0;0;0
Bariloche_Aero;877650;2013;05;11;7,3;23;2,2;23;9999,9;0;920,3;8;10,3;23;8,4;23;12,3;18,5;11,7;5,6;3,0;999,9;0;1;0;0;0;0
Bariloche_Aero;877650;2013;05;12;5,8;24;-0,3;24;9999,9;0;920,1;8;10,3;24;8,3;24;12,9;18,0;10,0;3,0;0,0;999,9;0;0;0;0;0;0
Bariloche_Aero;877650;2013;05;13;6,3;24;1,2;24;9999,9;0;916,4;8;10,0;24;9,3;24;16,5;22,1;8,9;3,0;3,0;999,9;0;1;0;0;0;0
Bariloche_Aero;877650;2013;05;14;2,6;24;-4,3;24;9999,9;0;920,7;8;9,7;24;7,1;24;10,8;999,9;9,0;0,0;0,5;999,9;0;1;1;0;0;0
Bariloche_Aero;877650;2013;05;15;2,4;24;-4,7;24;9999,9;0;926,4;8;10,3;24;5,8;24;10,3;999,9;9,4;-6,3;0,0;999,9;0;0;0;0;0;0
Bariloche_Aero;877650;2013;05;16;2,1;24;-3,2;24;9999,9;0;925,9;8;10,0;24;2,3;24;9,3;999,9;12,0;-6,6;0,0;999,9;0;0;0;0;0;0
Bariloche_Aero;877650;2013;05;17;2,5;24;-2,7;24;9999,9;0;921,4;8;9,7;24;2,6;24;5,7;999,9;11,7;-7,5;0,0;999,9;1;0;0;0;0;0
Bariloche_Aero;877650;2013;05;18;-0,2;23;-3,7;23;9999,9;0;922,3;8;10,3;23;0,4;23;2,1;999,9;10,9;-8,6;0,0;999,9;0;0;0;0;0;0
Bariloche_Aero;877650;2013;05;19;3,6;22;0,5;22;9999,9;0;924,5;9;10,6;22;1,3;22;4,6;999,9;11,0;-8,4;0,0;999,9;0;0;0;0;0;0
Bariloche_Aero;877650;2013;05;20;3,4;24;0,1;24;9999,9;0;920,5;9;9,3;24;2,2;24;9,8;999,9;12,6;-2,5;2,0;999,9;1;1;0;0;0;0
Bariloche_Aero;877650;2013;05;21;7,2;24;2,7;24;9999,9;0;920,0;9;9,3;24;6,6;24;10,8;999,9;11,2;-1,5;0,0;999,9;0;1;0;0;0;0
Bariloche_Aero;877650;2013;05;22;7,6;23;2,8;23;9999,9;0;921,3;8;10,5;23;5,6;23;10,3;999,9;12,1;2,9;0,0;999,9;0;0;0;0;0;0
Bariloche_Aero;877650;2013;05;23;10,2;22;5,4;22;9999,9;0;916,7;8;9,3;22;11,2;22;15,4;21,1;13,0;3,1;0,0;999,9;0;1;0;0;0;0
Bariloche_Aero;877650;2013;05;24;10,5;24;5,8;24;9999,9;0;922,2;8;10,8;24;6,7;24;11,8;999,9;13,5;8,5;0,5;999,9;0;0;0;0;0;0
Bariloche_Aero;877650;2013;05;25;7,2;21;4,1;21;9999,9;0;916,8;7;8,2;20;4,1;21;11,8;16,5;14,6;2,3;0,0;999,9;1;1;0;0;0;0
Bariloche_Aero;877650;2013;05;26;9,2;24;2,4;24;9999,9;0;913,2;8;10,1;24;8,8;24;14,4;17,5;13,0;4,7;0,0;999,9;0;1;0;0;0;0
Bariloche_Aero;877650;2013;05;27;6,1;24;4,2;24;9999,9;0;906,4;8;6,8;24;2,3;24;7,2;999,9;12,7;5,0;2,0;999,9;0;1;0;0;0;0
Bariloche_Aero;877650;2013;05;28;3,4;24;1,2;24;9999,9;0;903,1;10;10,0;24;3,6;24;10,8;999,9;7,2;1,0;10,9;999,9;0;1;0;0;0;0
Bariloche_Aero;877650;2013;05;29;5,7;24;1,9;24;9999,9;0;912,6;8;9,7;24;8,2;24;12,3;19,5;9,0;1,8;14,0;999,9;0;1;0;0;0;0
Bariloche_Aero;877650;2013;05;30;6,2;22;3,2;22;9999,9;0;909,8;10;7,4;21;10,2;21;17,5;22,1;10,0;4,8;0,0;999,9;0;1;0;0;0;0
Bariloche_Aero;877650;2013;05;31;5,0;24;2,2;24;9999,9;0;902,2;9;6,8;24;6,4;24;14,4;21,6;10,1;3,4;53,1;999,9;0;1;0;0;0;0
Bariloche_Aero;877650;2013;06;01;5,3;24;2,1;24;9999,9;0;907,9;8;8,5;24;9,6;24;14,4;20,1;9,0;2,0;23,9;999,9;0;1;0;0;0;0
Bariloche_Aero;877650;2013;06;02;7,1;22;3,5;22;9999,9;0;918,7;8;10,0;22;8,0;22;11,3;999,9;11,0;4,1;0,0;999,9;0;1;0;0;0;0
Bariloche_Aero;877650;2013;06;03;10,5;23;5,6;23;9999,9;0;918,4;8;10,5;23;10,8;23;17,5;28,3;15,0;5,4;0,0;999,9;0;0;0;0;0;0
Bariloche_Aero;877650;2013;06;04;11,2;24;5,9;24;9999,9;0;915,9;8;10,0;24;11,2;24;18,5;27,8;15,1;9,0;999,9;999,9;0;1;0;0;0;0
Bariloche_Aero;877650;2013;06;05;7,6;22;1,9;22;9999,9;0;917,9;8;9,8;22;9,0;22;12,9;17,0;12,8;4,5;4,1;999,9;0;1;0;0;0;0
Bariloche_Aero;877650;2013;06;06;6,3;24;1,8;24;9999,9;0;917,8;9;9,5;24;7,6;24;15,4;20,6;11,1;0,0;0,0;999,9;0;1;0;0;0;0
Bariloche_Aero;877650;2013;06;07;5,4;22;-1,9;22;9999,9;0;921,2;9;9,8;22;8,5;22;13,4;18,0;11,1;2,0;13,0;999,9;0;1;0;0;0;0
Bariloche_Aero;877650;2013;06;08;-1,1;24;-4,3;24;9999,9;0;924,8;7;9,7;24;0,3;24;2,6;999,9;7,7;-7,4;0,0;999,9;1;0;0;0;0;0
Bariloche_Aero;877650;2013;06;09;2,7;24;-3,2;24;9999,9;0;921,2;10;10,3;24;4,4;24;12,3;999,9;11,1;-7,6;0,0;999,9;0;0;0;0;0;0
Bariloche_Aero;877650;2013;06;10;8,9;24;-2,3;24;9999,9;0;919,5;8;10,3;24;7,7;24;10,3;999,9;13,0;0,0;0,0;999,9;0;0;0;0;0;0
Bariloche_Aero;877650;2013;06;11;5,2;23;-0,3;23;9999,9;0;919,2;7;10,5;23;6,2;23;12,9;19,5;11,4;-4,0;0,0;999,9;0;0;0;0;0;0
Bariloche_Aero;877650;2013;06;12;8,6;24;3,3;24;9999,9;0;918,4;9;10,1;24;8,8;24;13,9;18,5;11,6;6,0;0,0;999,9;0;1;0;0;0;0
Bariloche_Aero;877650;2013;06;13;9,8;24;4,7;24;9999,9;0;918,9;9;10,8;24;6,1;24;9,8;16,5;12,2;5,0;0,5;999,9;0;0;0;0;0;0
Bariloche_Aero;877650;2013;06;14;4,8;24;0,1;24;9999,9;0;922,8;8;10,6;24;1,9;24;4,1;999,9;12,6;0,5;0,0;999,9;0;0;0;0;0;0
Bariloche_Aero;877650;2013;06;15;6,5;23;3,2;23;9999,9;0;912,5;8;8,2;23;7,7;23;11,8;16,5;8,0;2,1;6,1;999,9;0;1;0;0;0;0
Bariloche_Aero;877650;2013;06;16;2,0;23;-3,9;23;9999,9;0;922,5;10;9,2;23;8,9;23;12,9;17,0;8,8;-0,1;1,0;999,9;0;1;1;0;0;0
Bariloche_Aero;877650;2013;06;17;2,9;24;-0,8;24;9999,9;0;914,3;8;8,5;24;9,0;24;14,4;19,0;5,0;0,4;0,0;999,9;0;1;1;0;0;0
Bariloche_Aero;877650;2013;06;18;-0,1;24;-4,2;24;9999,9;0;916,9;8;8,7;24;6,5;24;11,3;999,9;5,3;-3,0;20,1;9,9;0;1;1;0;0;0
Bariloche_Aero;877650;2013;06;19;2,4;24;-1,9;24;9999,9;0;924,2;8;9,3;24;6,0;24;10,3;999,9;8,0;-2,8;0,0;999,9;0;0;1;0;0;0
Bariloche_Aero;877650;2013;06;20;2,6;24;-1,1;24;9999,9;0;921,5;8;10,6;24;4,1;24;11,8;15,4;11,0;-3,5;0,0;999,9;0;0;0;0;0;0
Bariloche_Aero;877650;2013;06;21;5,1;21;1,4;21;9999,9;0;912,3;7;8,5;21;12,0;21;21,1;22,6;10,7;-3,5;0,5;999,9;1;1;0;0;0;0
Bariloche_Aero;877650;2013;06;22;3,7;23;-1,8;23;9999,9;0;918,7;8;10,6;23;7,3;23;11,3;13,9;7,0;0,1;16,0;999,9;0;0;0;0;0;0
Bariloche_Aero;877650;2013;06;23;1,3;24;-2,3;24;9999,9;0;923,6;8;10,6;24;1,5;24;5,7;999,9;7,0;-4,7;0,0;999,9;0;0;0;0;0;0
Bariloche_Aero;877650;2013;06;24;1,2;23;-1,7;23;9999,9;0;922,7;10;10,5;23;1,5;23;7,7;999,9;8,1;-4,7;0,0;999,9;0;0;0;0;0;0
Bariloche_Aero;877650;2013;06;25;5,7;24;-2,1;24;9999,9;0;918,9;8;10,1;24;6,5;24;11,3;999,9;10,4;0,2;0,0;999,9;0;0;0;0;0;0
Bariloche_Aero;877650;2013;06;26;6,1;24;0,4;24;9999,9;0;914,6;8;10,0;24;6,8;24;11,3;13,4;11,0;2,6;0,0;999,9;0;1;0;0;0;0
Bariloche_Aero;877650;2013;06;27;5,9;22;2,9;22;9999,9;0;906,2;6;8,2;22;5,6;22;17,0;999,9;9,0;4,0;5,1;999,9;0;1;0;0;0;0
Bariloche_Aero;877650;2013;06;28;3,6;24;1,4;24;9999,9;0;908,4;6;7,9;24;7,1;24;10,8;999,9;9,6;1,0;11,9;999,9;0;1;1;0;0;0
Bariloche_Aero;877650;2013;06;29;1,8;24;-2,8;24;9999,9;0;918,1;8;10,6;24;7,5;24;999,9;999,9;5,7;0,6;3,0;999,9;0;0;1;0;0;0
Bariloche_Aero;877650;2013;06;30;-1,6;23;-4,1;23;9999,9;0;921,0;8;8,7;23;1,4;23;5,1;999,9;5,1;-5,0;0,0;999,9;0;1;1;0;0;0
Bariloche_Aero;877650;2013;07;01;5,0;24;2,2;24;9999,9;0;916,3;9;7,9;24;6,4;24;14,9;20,6;10,0;-3,6;14,0;999,9;0;1;1;0;0;0
Bariloche_Aero;877650;2013;07;02;4,7;24;2,8;24;9999,9;0;905,0;9;5,6;24;5,5;24;14,9;999,9;10,3;3,0;27,9;999,9;0;1;0;0;0;0
Bariloche_Aero;877650;2013;07;03;3,1;24;0,5;24;9999,9;0;908,8;7;6,9;24;6,9;24;11,3;999,9;6,0;0,0;55,9;999,9;0;1;1;0;0;0
Bariloche_Aero;877650;2013;07;04;2,4;24;-0,4;24;9999,9;0;919,7;8;9,7;24;4,5;24;9,3;999,9;6,0;0,0;4,1;999,9;0;1;1;0;0;0
Bariloche_Aero;877650;2013;07;05;0,6;24;-2,0;24;9999,9;0;920,5;8;10,5;24;2,5;24;5,1;999,9;6,0;-2,0;0,0;999,9;0;0;0;0;0;0
Bariloche_Aero;877650;2013;07;06;0,0;24;-3,9;24;9999,9;0;925,2;8;10,8;24;2,6;24;4,1;999,9;4,9;-3,0;0,0;999,9;0;0;0;0;0;0
Bariloche_Aero;877650;2013;07;07;-1,5;24;-5,4;24;9999,9;0;929,0;8;10,3;24;3,2;24;5,7;999,9;4,9;-6,0;0,0;999,9;0;0;0;0;0;0
Bariloche_Aero;877650;2013;07;08;1,3;22;-1,2;22;9999,9;0;922,1;8;8,2;22;3,0;22;5,1;999,9;3,7;-1,2;3,0;999,9;0;0;1;0;0;0
Bariloche_Aero;877650;2013;07;09;2,3;24;0,3;24;9999,9;0;916,1;9;8,2;24;1,9;24;4,1;999,9;6,0;0,0;0,5;999,9;0;1;1;0;0;0
Bariloche_Aero;877650;2013;07;10;4,3;23;1,4;23;9999,9;0;914,6;7;9,8;23;1,9;23;7,2;999,9;9,4;-0,8;6,1;999,9;0;1;0;0;0;0
Bariloche_Aero;877650;2013;07;11;5,2;24;2,7;24;9999,9;0;920,6;10;10,3;24;3,2;24;9,8;999,9;10,0;-0,8;0,0;999,9;0;1;0;0;0;0
Bariloche_Aero;877650;2013;07;12;5,1;24;0,7;24;9999,9;0;920,3;8;9,2;24;7,4;24;12,3;17,5;10,0;3,0;0,0;999,9;0;1;0;0;0;0
Bariloche_Aero;877650;2013;07;13;3,8;24;0,2;24;9999,9;0;915,6;7;9,3;24;7,4;24;13,4;16,5;8,5;2,0;14,0;999,9;0;1;1;0;0;0
Bariloche_Aero;877650;2013;07;14;3,1;21;-0,1;21;9999,9;0;922,2;8;9,8;21;4,4;21;6,7;999,9;6,1;0,4;4,1;999,9;0;1;0;0;0;0
Bariloche_Aero;877650;2013;07;15;6,8;21;1,6;21;9999,9;0;920,7;7;10,6;21;10,5;21;14,9;19,0;10,0;4,0;0,0;999,9;0;0;0;0;0;0
Bariloche_Aero;877650;2013;07;16;9,0;24;3,6;24;9999,9;0;916,8;8;10,8;24;12,6;24;15,4;22,6;11,3;4,9;0,0;999,9;0;0;0;0;0;0
Bariloche_Aero;877650;2013;07;17;6,2;24;1,8;24;9999,9;0;913,2;8;8,7;24;12,4;24;19,5;24,2;12,3;-2,0;3,0;999,9;0;1;0;0;0;0
Bariloche_Aero;877650;2013;07;18;-2,7;21;-6,3;21;9999,9;0;928,1;7;10,6;21;2,6;21;8,2;999,9;2,0;-5,0;3,0;999,9;0;0;0;0;0;0
Bariloche_Aero;877650;2013;07;19;-1,7;20;-8,4;20;9999,9;0;924,2;7;10,3;20;3,9;20;14,4;15,9;10,0;-10,5;0,0;999,9;0;0;0;0;0;0
Bariloche_Aero;877650;2013;07;20;0,2;23;-4,7;23;9999,9;0;920,7;7;10,3;23;5,6;23;12,9;20,1;10,0;-6,0;999,9;999,9;0;0;1;0;0;0
Bariloche_Aero;877650;2013;07;21;-2,2;24;-8,8;24;9999,9;0;932,7;8;10,6;24;5,3;24;10,8;999,9;2,7;-7,0;0,0;999,9;0;0;0;0;0;0
Bariloche_Aero;877650;2013;07;22;-5,3;23;-8,6;23;9999,9;0;929,4;7;10,5;23;1,1;23;6,2;999,9;5,0;-13,0;0,0;999,9;0;0;0;0;0;0
Bariloche_Aero;877650;2013;07;23;1,9;24;-3,4;24;9999,9;0;928,2;7;10,5;24;2,4;24;9,8;999,9;9,0;-7,0;0,0;999,9;0;0;0;0;0;0
Bariloche_Aero;877650;2013;07;24;1,2;24;-5,3;24;9999,9;0;923,7;8;9,7;24;1,6;24;7,7;999,9;13,0;-7,4;0,0;999,9;1;0;0;0;0;0
Bariloche_Aero;877650;2013;07;25;3,7;23;-3,8;23;9999,9;0;917,1;7;10,0;23;3,7;23;8,7;999,9;12,0;-8,0;0,0;999,9;0;0;0;0;0;0
Bariloche_Aero;877650;2013;07;26;2,0;24;-3,1;24;9999,9;0;917,8;8;10,3;24;3,3;24;11,3;15,9;12,7;-5,4;0,0;999,9;0;0;0;0;0;0
Bariloche_Aero;877650;2013;07;27;1,1;23;-4,8;23;9999,9;0;924,8;8;10,0;23;1,2;23;4,1;999,9;10,0;-5,5;0,0;999,9;0;0;0;0;0;0
Bariloche_Aero;877650;2013;07;28;0,4;24;-5,7;24;9999,9;0;922,4;7;10,0;24;1,0;24;5,1;999,9;12,0;-6,7;0,0;999,9;0;0;0;0;0;0
Bariloche_Aero;877650;2013;07;29;1,9;22;-4,3;22;9999,9;0;922,8;10;10,0;22;1,5;22;4,6;999,9;15,0;-7,0;0,0;999,9;0;0;0;0;0;0
Bariloche_Aero;877650;2013;07;30;4,3;20;-0,8;20;9999,9;0;920,5;8;10,3;20;4,2;20;10,8;999,9;15,0;-7,0;0,0;999,9;0;0;0;0;0;0
Bariloche_Aero;877650;2013;07;31;1,9;23;-2,1;23;9999,9;0;922,6;7;10,8;23;2,8;23;8,2;999,9;9,5;-5,7;0,0;999,9;0;0;0;0;0;0
Bariloche_Aero;877650;2013;08;01;2,8;23;-2,1;23;9999,9;0;922,2;7;10,0;19;3,1;23;9,3;999,9;10,0;-6,0;0,0;999,9;0;0;0;0;0;0
Bariloche_Aero;877650;2013;08;02;0,3;24;-4,2;24;9999,9;0;921,2;9;10,0;16;2,9;24;9,3;999,9;9,8;-7,6;0,0;999,9;0;0;0;0;0;0
Bariloche_Aero;877650;2013;08;03;3,7;22;0,2;22;9999,9;0;913,8;7;8,4;22;4,8;22;10,3;15,4;5,4;1,9;1,0;999,9;0;1;1;0;0;0
Bariloche_Aero;877650;2013;08;04;2,7;24;1,1;24;9999,9;0;910,7;8;5,3;24;5,2;24;11,3;999,9;6,0;1,0;31,0;999,9;0;1;1;0;0;0
Bariloche_Aero;877650;2013;08;05;3,2;18;0,4;18;9999,9;0;911,6;8;6,4;18;8,8;18;12,9;21,6;6,1;1,0;46,0;999,9;0;1;0;0;0;0
Bariloche_Aero;877650;2013;08;06;2,4;8;0,9;8;9999,9;0;911,8;7;5,1;8;6,2;8;9,3;999,9;5,0;0,7;6,1;999,9;0;1;0;0;0;0
Bariloche_Aero;877650;2013;08;07;2,7;12;-0,9;12;9999,9;0;906,0;7;6,6;12;8,1;12;11,3;15,4;4,9;0,4;45,0;999,9;0;1;1;0;0;0
Bariloche_Aero;877650;2013;08;08;2,4;23;-3,5;23;9999,9;0;920,7;7;10,0;23;7,7;23;10,3;999,9;6,0;0,4;0,5;999,9;0;1;1;0;0;0
Bariloche_Aero;877650;2013;08;09;0,7;21;-5,9;21;9999,9;0;928,3;7;10,0;17;6,0;21;13,4;17,5;6,0;-6,0;0,0;999,9;0;0;0;0;0;0
Bariloche_Aero;877650;2013;08;10;5,2;24;2,2;24;9999,9;0;917,7;8;7,7;24;9,7;24;14,4;21,1;7,2;-4,3;1,0;999,9;0;1;0;0;0;0
Bariloche_Aero;877650;2013;08;11;5,1;22;1,6;22;9999,9;0;913,6;6;8,9;22;8,6;22;11,8;15,4;7,7;3,0;0,0;999,9;0;1;0;0;0;0
Bariloche_Aero;877650;2013;08;12;-0,6;23;-6,1;23;9999,9;0;922,7;8;10,0;22;3,5;23;9,3;999,9;7,0;-7,0;0,0;999,9;0;0;0;0;0;0
Bariloche_Aero;877650;2013;08;13;-1,0;23;-7,4;23;9999,9;0;930,0;8;10,0;9;1,7;23;5,1;999,9;7,0;-9,0;0,0;999,9;0;0;0;0;0;0
Bariloche_Aero;877650;2013;08;14;-0,4;24;-6,8;24;9999,9;0;923,3;8;9,0;12;4,9;24;16,0;19,0;12,2;-8,0;999,9;999,9;0;1;0;0;0;0
Bariloche_Aero;877650;2013;08;15;4,3;22;1,5;22;9999,9;0;914,0;8;7,6;22;9,1;22;13,9;19,6;6,0;2,0;10,9;999,9;0;1;0;0;0;0
Bariloche_Aero;877650;2013;08;16;5,6;18;-2,0;18;9999,9;0;926,4;7;10,0;10;5,3;18;11,3;16,5;10,0;1,8;0,0;999,9;0;0;0;0;0;0
Bariloche_Aero;877650;2013;08;17;1,1;24;-5,1;24;9999,9;0;921,4;7;7,4;13;1,9;24;7,7;999,9;12,0;-7,0;0,0;999,9;1;0;0;0;0;0
Bariloche_Aero;877650;2013;08;18;5,6;24;-2,8;24;9999,9;0;912,2;8;8,2;12;7,1;24;16,0;23,2;13,0;-5,0;999,9;999,9;0;1;0;0;0;0
Bariloche_Aero;877650;2013;08;19;2,6;24;0,3;24;9999,9;0;914,4;7;6,3;24;9,9;24;15,4;20,6;6,0;0,0;6,1;999,9;0;1;1;0;0;0
Bariloche_Aero;877650;2013;08;20;4,3;24;-0,2;24;9999,9;0;917,9;8;9,5;24;9,6;24;13,4;17,0;8,0;2,5;11,9;999,9;0;1;0;0;0;0
Bariloche_Aero;877650;2013;08;21;2,3;23;-1,4;23;9999,9;0;915,8;8;6,4;23;6,9;23;10,3;999,9;5,0;0,0;7,1;2,0;0;1;1;0;0;0
Bariloche_Aero;877650;2013;08;22;-1,8;24;-6,4;24;9999,9;0;926,3;8;10,0;24;4,2;24;10,3;999,9;4,2;-4,1;2,0;999,9;0;0;0;0;0;0
Bariloche_Aero;877650;2013;08;23;-5,7;23;-10,8;23;9999,9;0;929,1;7;10,0;21;6,0;23;10,3;999,9;-2,9;-9,0;0,0;999,9;0;0;0;0;0;0
Bariloche_Aero;877650;2013;08;24;-3,7;23;-12,1;23;9999,9;0;933,0;8;10,0;23;4,4;23;10,3;999,9;2,0;-7,0;0,0;999,9;0;0;0;0;0;0
Bariloche_Aero;877650;2013;08;25;-3,4;22;-9,2;22;9999,9;0;932,1;8;10,0;16;3,4;22;5,7;999,9;2,0;-8,0;0,0;999,9;0;0;0;0;0;0
Bariloche_Aero;877650;2013;08;26;-0,7;24;-5,0;24;9999,9;0;928,4;8;9,5;18;4,0;24;12,9;999,9;7,0;-5,3;999,9;999,9;0;1;0;0;0;0
Bariloche_Aero;877650;2013;08;27;10,3;24;5,2;24;9999,9;0;917,7;8;10,0;24;13,6;24;21,1;27,8;13,0;-4,5;0,0;999,9;0;0;0;0;0;0
Bariloche_Aero;877650;2013;08;28;10,7;23;4,8;23;9999,9;0;918,0;8;10,0;23;15,4;23;20,6;25,7;14,0;8,7;0,0;999,9;0;0;0;0;0;0
Bariloche_Aero;877650;2013;08;29;9,8;23;3,2;23;9999,9;0;915,2;9;10,0;15;10,2;23;13,4;17,5;13,0;7,0;0,0;999,9;0;0;0;0;0;0
Bariloche_Aero;877650;2013;08;30;8,2;23;2,7;23;9999,9;0;916,3;8;10,0;21;7,7;23;12,9;16,5;13,0;5,0;0,0;999,9;0;0;0;0;0;0
Bariloche_Aero;877650;2013;08;31;7,0;23;4,8;23;9999,9;0;917,2;8;8,9;23;4,2;23;9,3;999,9;9,0;6,0;5,1;999,9;0;1;0;0;0;0
Bariloche_Aero;877650;2013;09;01;5,3;24;1,4;24;9999,9;0;919,2;8;9,5;24;8,2;24;12,9;999,9;7,3;3,0;6,1;999,9;0;1;0;0;0;0
Bariloche_Aero;877650;2013;09;02;3,2;22;-2,9;22;9999,9;0;923,1;7;9,7;20;5,7;22;10,3;999,9;7,0;-1,0;0,0;999,9;0;1;0;0;0;0
Bariloche_Aero;877650;2013;09;03;0,5;24;-4,9;24;9999,9;0;926,1;8;8,7;11;2,6;24;4,1;999,9;7,0;-4,0;0,0;999,9;0;1;0;0;0;0
Bariloche_Aero;877650;2013;09;04;4,4;24;2,1;24;9999,9;0;915,9;7;7,6;24;2,2;24;5,1;999,9;9,0;1,0;6,1;999,9;0;1;0;0;0;0
Bariloche_Aero;877650;2013;09;05;6,6;24;3,9;24;9999,9;0;913,0;8;8,5;24;8,4;24;20,6;23,7;11,0;4,0;7,9;999,9;0;1;0;0;0;0
Bariloche_Aero;877650;2013;09;06;7,5;22;4,1;22;9999,9;0;915,9;7;9,3;22;6,9;22;11,8;999,9;10,0;6,0;0,0;999,9;0;1;0;0;0;0
Bariloche_Aero;877650;2013;09;07;7,5;24;3,4;24;9999,9;0;914,9;8;9,0;24;6,5;24;14,4;17,0;11,0;5,0;13,0;999,9;0;1;0;0;0;0
Bariloche_Aero;877650;2013;09;08;7,8;22;5,3;22;9999,9;0;914,9;8;6,3;22;4,4;22;10,3;999,9;10,4;6,0;5,1;999,9;0;1;0;0;0;0
Bariloche_Aero;877650;2013;09;09;8,4;24;5,6;24;9999,9;0;908,1;7;6,6;24;5,1;24;12,9;16,5;11,0;4,5;38,1;999,9;0;1;0;0;0;0
Bariloche_Aero;877650;2013;09;10;5,1;23;2,3;23;9999,9;0;912,3;8;6,9;23;9,1;23;17,0;22,1;8,2;3,0;26,9;999,9;0;1;0;0;0;0
Bariloche_Aero;877650;2013;09;11;2,8;24;-1,2;24;9999,9;0;919,1;7;9,0;24;4,0;24;8,2;999,9;6,0;0,4;2,0;999,9;0;1;1;0;0;0
Bariloche_Aero;877650;2013;09;12;0,7;24;-4,9;24;9999,9;0;923,6;8;10,0;24;3,0;24;10,3;999,9;7,0;-5,0;0,0;999,9;0;0;0;0;0;0
Bariloche_Aero;877650;2013;09;13;-0,7;21;-4,3;21;9999,9;0;927,7;5;7,9;17;2,2;21;6,7;999,9;4,0;-7,0;0,0;999,9;0;1;1;0;1;0
Bariloche_Aero;877650;2013;09;14;0,3;23;-2,3;23;9999,9;0;926,8;7;7,7;23;4,4;23;6,7;999,9;3,0;-2,0;0,5;999,9;0;0;1;0;0;0
Bariloche_Aero;877650;2013;09;15;1,3;24;-3,2;24;9999,9;0;928,4;8;7,1;24;4,2;24;6,7;999,9;5,0;-1,0;1,0;999,9;0;1;1;0;0;0
Bariloche_Aero;877650;2013;09;16;1,5;24;-4,2;24;9999,9;0;927,1;9;9,8;24;2,5;24;4,1;999,9;7,2;-2,1;0,0;999,9;0;0;0;0;0;0
Bariloche_Aero;877650;2013;09;17;2,7;24;-4,6;24;9999,9;0;924,6;8;10,0;24;5,7;24;11,8;999,9;8,0;-3,0;0,0;999,9;0;0;0;0;0;0
Bariloche_Aero;877650;2013;09;18;5,7;24;-2,4;24;9999,9;0;921,7;9;10,0;22;7,1;24;11,8;999,9;13,0;0,0;0,0;999,9;0;0;0;0;0;0
Bariloche_Aero;877650;2013;09;19;4,8;24;1,1;24;9999,9;0;916,2;8;8,7;24;5,9;24;12,9;999,9;7,4;3,0;2,0;999,9;0;1;0;0;0;0
Bariloche_Aero;877650;2013;09;20;2,3;21;-1,4;21;9999,9;0;913,1;7;7,2;21;7,5;21;11,3;999,9;5,3;0,0;7,9;6,1;0;0;1;0;0;0
Bariloche_Aero;877650;2013;09;21;1,5;22;-3,7;22;9999,9;0;923,6;6;10,0;18;4,3;22;11,3;17,0;8,0;-5,0;0,0;999,9;0;0;0;0;0;0
Bariloche_Aero;877650;2013;09;22;4,2;24;-4,6;24;9999,9;0;931,9;8;10,0;19;3,4;24;7,7;999,9;11,0;-1,0;0,0;999,9;0;0;0;0;0;0
Bariloche_Aero;877650;2013;09;23;3,7;24;-6,2;24;9999,9;0;932,1;9;10,0;9;0,7;24;4,1;999,9;15,0;-7,0;0,0;999,9;0;0;0;0;0;0
Bariloche_Aero;877650;2013;09;24;7,3;21;-8,3;21;9999,9;0;926,8;8;10,0;8;4,3;21;6,2;999,9;15,0;-2,5;0,0;999,9;0;0;0;0;0;0
Bariloche_Aero;877650;2013;09;25;7,3;24;-5,2;23;9999,9;0;917,8;8;10,0;10;5,2;24;11,8;999,9;17,0;0,0;0,0;999,9;0;0;0;0;0;0
Bariloche_Aero;877650;2013;09;26;6,2;24;-5,7;23;9999,9;0;919,3;8;9,5;24;7,2;24;10,3;999,9;17,4;0,0;999,9;999,9;0;0;1;0;0;0
Bariloche_Aero;877650;2013;09;27;3,3;22;-7,0;22;9999,9;0;930,7;8;10,0;20;6,4;22;11,3;12,4;9,3;-0,7;0,0;999,9;0;0;0;0;0;0
Bariloche_Aero;877650;2013;09;28;3,5;21;-8,1;21;9999,9;0;933,5;7;10,0;20;5,3;21;10,3;999,9;10,0;-5,0;0,0;999,9;0;0;0;0;0;0
Bariloche_Aero;877650;2013;09;29;3,3;23;-3,8;23;9999,9;0;931,1;7;10,0;15;2,3;23;6,2;999,9;12,0;-3,0;0,0;999,9;0;0;0;0;0;0
Bariloche_Aero;877650;2013;09;30;6,3;24;0,3;24;9999,9;0;924,7;8;9,8;24;3,1;24;8,2;999,9;13,3;-2,4;0,0;999,9;0;0;0;0;0;0
Bariloche_Aero;877650;2013;10;01;6,4;24;-1,4;24;9999,9;0;918,6;8;9,5;24;5,9;24;12,4;999,9;12,0;3,2;0,0;999,9;0;1;0;0;0;0
Bariloche_Aero;877650;2013;10;02;4,6;23;-3,0;23;9999,9;0;919,9;8;9,7;23;6,0;23;10,8;999,9;9,4;-0,4;0,0;999,9;0;0;0;0;0;0
Bariloche_Aero;877650;2013;10;03;6,8;24;0,8;24;9999,9;0;923,3;7;10,0;24;7,4;24;9,8;999,9;12,4;2,6;0,0;999,9;0;0;0;0;0;0
Bariloche_Aero;877650;2013;10;04;7,6;24;4,2;24;9999,9;0;923,1;8;9,2;24;4,5;24;8,2;999,9;12,5;4,6;0,0;999,9;0;1;0;0;0;0
Bariloche_Aero;877650;2013;10;05;6,3;24;-2,3;24;9999,9;0;924,3;8;10,0;15;2,1;24;9,3;999,9;17,0;-4,0;0,3;999,9;0;0;0;0;0;0
Bariloche_Aero;877650;2013;10;06;6,6;22;-3,0;21;9999,9;0;923,0;8;10,0;8;1,8;22;4,6;999,9;19,8;-3,8;0,0;999,9;0;0;0;0;0;0
Bariloche_Aero;877650;2013;10;07;7,9;23;-5,3;23;9999,9;0;920,7;9;10,0;9;2,5;23;7,7;999,9;22,0;-4,4;0,0;999,9;0;0;0;0;0;0
Bariloche_Aero;877650;2013;10;08;9,8;21;2,1;21;9999,9;0;914,6;7;9,0;18;6,8;21;11,3;999,9;13,0;5,0;0,0;999,9;0;1;0;0;0;0
Bariloche_Aero;877650;2013;10;09;5,6;23;-0,8;23;9999,9;0;920,2;8;10,0;23;9,6;23;13,9;18,0;9,3;2,7;0,0;999,9;0;1;0;0;0;0
Bariloche_Aero;877650;2013;10;10;8,8;24;1,9;24;9999,9;0;920,8;8;10,0;24;8,6;24;17,5;999,9;15,0;4,0;0,0;999,9;0;0;0;0;0;0
Bariloche_Aero;877650;2013;10;11;9,5;23;0,4;23;9999,9;0;923,9;6;10,0;21;2,4;23;4,6;999,9;19,0;2,0;0,0;999,9;0;0;0;0;0;0
Bariloche_Aero;877650;2013;10;12;10,9;22;1,6;21;9999,9;0;921,1;6;10,0;17;3,6;22;5,7;999,9;18,0;4,5;0,0;999,9;0;0;0;0;0;0
Bariloche_Aero;877650;2013;10;13;9,1;24;1,1;24;9999,9;0;919,3;8;10,0;23;7,5;24;11,8;17,5;12,2;4,0;0,0;999,9;0;0;0;0;0;0
Bariloche_Aero;877650;2013;10;14;10,2;24;4,2;24;9999,9;0;921,1;8;9,5;21;8,1;24;14,4;17,0;16,0;7,0;0,0;999,9;0;1;0;0;0;0
Bariloche_Aero;877650;2013;10;15;13,6;23;5,5;23;9999,9;0;921,7;7;10,0;21;6,3;23;9,3;999,9;22,0;7,0;0,0;999,9;0;0;0;0;0;0
Bariloche_Aero;877650;2013;10;16;14,3;24;3,6;24;9999,9;0;922,5;8;10,0;18;2,5;24;5,7;999,9;23,0;6,0;0,0;999,9;0;0;0;0;0;0
Bariloche_Aero;877650;2013;10;17;13,8;23;1,1;23;9999,9;0;921,4;8;10,0;10;2,3;23;7,7;999,9;25,0;1,1;0,0;999,9;0;0;0;0;0;0
Bariloche_Aero;877650;2013;10;18;12,9;23;-0,3;23;9999,9;0;917,3;9;10,0;10;3,8;23;10,8;999,9;25,0;2,0;0,0;999,9;0;0;0;0;0;0
Bariloche_Aero;877650;2013;10;19;11,8;23;2,7;23;9999,9;0;911,5;8;10,0;17;6,9;23;14,4;18,5;24,0;7,7;0,0;999,9;0;0;0;0;0;0
Bariloche_Aero;877650;2013;10;20;7,7;20;-1,0;20;9999,9;0;909,4;7;10,0;20;10,1;20;13,4;18,5;15,3;5,0;0,0;999,9;0;0;0;0;0;0
Bariloche_Aero;877650;2013;10;21;4,8;24;-6,2;24;9999,9;0;919,9;7;10,0;17;7,9;24;13,4;16,0;11,0;0,9;0,0;999,9;0;0;0;0;0;0
Bariloche_Aero;877650;2013;10;22;5,2;24;-2,4;24;9999,9;0;913,7;8;9,8;24;9,2;24;12,9;16,5;11,5;2,7;999,9;999,9;0;1;0;0;0;0
Bariloche_Aero;877650;2013;10;23;5,1;24;-3,1;24;9999,9;0;921,3;9;10,0;19;5,5;24;12,9;999,9;12,0;-4,3;0,0;999,9;0;0;0;0;0;0
Bariloche_Aero;877650;2013;10;24;8,2;24;-4,1;24;9999,9;0;924,3;7;10,0;7;2,6;24;6,7;999,9;20,2;-6,0;0,0;999,9;0;0;0;0;0;0
Bariloche_Aero;877650;2013;10;25;10,9;22;-5,7;22;9999,9;0;918,2;8;10,9;10;5,6;22;11,8;999,9;21,6;4,0;0,0;999,9;0;0;0;0;0;0
Bariloche_Aero;877650;2013;10;26;9,7;24;-1,4;24;9999,9;0;921,6;8;10,0;8;10,7;24;12,9;17,0;20,2;4,6;0,0;999,9;0;0;0;0;0;0
Bariloche_Aero;877650;2013;10;27;10,7;22;-5,1;22;9999,9;0;923,0;8;9,5;12;2,6;22;5,1;999,9;22,0;-3,4;0,0;999,9;0;0;0;0;0;0
Bariloche_Aero;877650;2013;10;28;11,9;24;-3,1;24;9999,9;0;916,1;9;10,0;13;3,4;24;9,8;999,9;22,6;-1,4;0,0;999,9;0;0;0;0;0;0
Bariloche_Aero;877650;2013;10;29;12,4;23;0,9;23;9999,9;0;918,5;8;9,7;15;3,9;23;10,3;999,9;22,4;0,6;0,0;999,9;0;0;0;0;0;0
Bariloche_Aero;877650;2013;10;30;11,9;21;-0,1;21;9999,9;0;913,7;7;9,8;9;3,9;21;13,9;17,0;21,0;1,0;0,0;999,9;0;0;0;0;0;0
Bariloche_Aero;877650;2013;10;31;10,9;15;1,9;15;9999,9;0;914,3;8;10,0;15;6,3;15;10,8;999,9;22,0;3,6;0,0;999,9;0;0;0;0;0;0
Bariloche_Aero;877650;2013;11;01;8,4;23;1,8;23;9999,9;0;922,2;9;9,7;21;8,2;23;13,4;999,9;15,5;4,0;0,0;999,9;0;1;0;0;0;0
Bariloche_Aero;877650;2013;11;02;10,1;23;-1,0;23;9999,9;0;924,0;7;10,0;17;6,5;23;13,4;16,5;18,1;0,1;0,0;999,9;0;0;0;0;0;0
Bariloche_Aero;877650;2013;11;03;12,4;22;2,7;22;9999,9;0;923,3;8;9,8;16;3,2;22;7,2;999,9;22,0;4,0;0,0;999,9;0;0;0;0;0;0
Bariloche_Aero;877650;2013;11;04;14,0;23;2,4;23;9999,9;0;920,0;9;9,7;15;3,7;23;8,8;999,9;24,0;0,6;0,0;999,9;0;0;0;0;0;0
Bariloche_Aero;877650;2013;11;05;14,0;23;-1,0;23;9999,9;0;917,3;6;9,5;9;4,9;23;13,4;16,0;24,0;-1,0;0,0;999,9;0;0;0;0;0;0
Bariloche_Aero;877650;2013;11;06;9,1;23;2,7;23;9999,9;0;912,7;8;8,2;19;6,7;23;12,4;23,2;15,2;3,6;0,0;999,9;0;1;0;0;0;0
Bariloche_Aero;877650;2013;11;07;7,4;20;3,1;20;9999,9;0;917,3;7;8,7;20;12,0;20;15,4;20,6;10,9;4,9;6,1;999,9;0;1;0;0;0;0
Bariloche_Aero;877650;2013;11;08;7,9;23;2,8;23;9999,9;0;915,6;6;9,2;23;6,2;23;9,8;999,9;11,0;5,0;4,1;999,9;0;1;0;0;0;0
Bariloche_Aero;877650;2013;11;09;9,4;24;2,9;24;9999,9;0;917,5;8;9,5;24;2,7;24;7,2;999,9;17,2;4,0;0,0;999,9;0;1;0;0;0;0
Bariloche_Aero;877650;2013;11;10;9,5;22;-0,2;22;9999,9;0;917,2;9;9,7;19;5,9;22;13,4;16,0;18,0;-1,7;0,0;999,9;0;0;0;0;0;0
Bariloche_Aero;877650;2013;11;11;10,1;23;1,2;23;9999,9;0;915,0;7;8,9;23;12,4;23;20,1;23,7;17,5;6,8;0,0;999,9;0;0;0;0;0;0
Bariloche_Aero;877650;2013;11;12;8,3;24;-1,7;24;9999,9;0;916,0;7;10,0;19;11,3;24;17,0;20,6;13,0;4,0;0,0;999,9;0;0;0;0;0;0
Bariloche_Aero;877650;2013;11;13;9,3;24;-0,3;24;9999,9;0;913,0;8;9,5;20;5,8;24;16,0;21,6;18,0;-1,4;0,0;999,9;0;0;0;0;0;0
