Catamarca_Aero_II;872220;2013;01;01;22.8;7;14.1;7;1013.2;7;962.5;7;17.9;7;8.1;7;11.3;999.9;30.9;17.2;13.0;999.9;0;1;0;0;1;0
Catamarca_Aero_II;872220;2013;01;02;23.6;7;7.9;7;1012.6;7;961.2;7;20.0;7;9.9;7;15.9;999.9;27.7;16.9;0.0;999.9;0;0;0;0;0;0
Catamarca_Aero_II;872220;2013;01;03;27.1;8;11.6;8;1007.1;8;956.5;8;20.0;8;10.6;8;14.9;999.9;34.1;21.5;0.0;999.9;0;0;0;0;0;0
Catamarca_Aero_II;872220;2013;01;04;30.2;7;15.4;7;1002.9;7;953.2;7;20.0;7;7.4;7;12.3;999.9;37.1;23.4;0.0;999.9;0;0;0;0;0;0
Catamarca_Aero_II;872220;2013;01;05;30.2;5;17.6;5;1001.5;5;952.0;5;20.0;5;7.4;5;9.8;999.9;38.5;23.8;0.0;999.9;0;0;0;0;0;0
Catamarca_Aero_II;872220;2013;01;06;24.7;8;18.4;8;1004.3;8;953.9;8;16.3;8;4.9;8;12.9;999.9;32.0;20.5;3.0;999.9;0;1;0;0;1;0
Catamarca_Aero_II;872220;2013;01;07;28.1;7;13.1;7;998.5;7;948.0;7;20.9;7;5.0;7;9.3;999.9;38.5;20.0;0.0;999.9;0;0;0;0;0;0
Catamarca_Aero_II;872220;2013;01;08;31.4;8;18.2;7;999.8;7;950.5;7;18.8;8;9.3;8;13.9;999.9;40.0;26.5;0.0;999.9;0;0;0;0;1;0
Catamarca_Aero_II;872220;2013;01;09;25.3;7;19.5;7;1011.4;7;960.7;7;17.9;7;3.2;7;5.1;999.9;32.1;20.4;55.1;999.9;0;0;0;0;1;0
Catamarca_Aero_II;872220;2013;01;10;29.9;8;17.3;8;1009.4;8;959.1;8;20.0;8;9.6;8;13.4;999.9;35.5;22.9;0.0;999.9;0;0;0;0;0;0
Catamarca_Aero_II;872220;2013;01;11;31.1;8;16.6;8;1005.0;8;955.4;8;20.0;8;10.3;8;13.9;999.9;36.3;26.9;0.0;999.9;0;0;0;0;0;0
Catamarca_Aero_II;872220;2013;01;12;29.0;8;16.1;8;1003.4;8;953.7;8;18.8;8;6.1;8;12.3;999.9;36.5;23.1;1.0;999.9;0;1;0;0;1;0
Catamarca_Aero_II;872220;2013;01;13;29.3;8;16.7;8;1006.3;8;956.3;8;18.8;8;6.4;8;11.3;999.9;34.5;21.5;0.0;999.9;0;0;0;0;1;0
Catamarca_Aero_II;872220;2013;01;14;29.4;8;17.1;8;1007.2;8;957.1;8;20.0;8;6.4;8;9.3;999.9;36.4;24.5;0.0;999.9;0;0;0;0;0;0
Catamarca_Aero_II;872220;2013;01;15;30.2;8;13.9;8;1004.4;8;954.6;8;20.0;8;7.9;8;12.3;999.9;35.7;24.4;0.0;999.9;0;0;0;0;0;0
Catamarca_Aero_II;872220;2013;01;16;30.0;8;16.2;8;1001.9;8;952.3;8;20.0;8;5.1;8;8.2;999.9;37.5;25.9;0.0;999.9;0;0;0;0;1;0
Catamarca_Aero_II;872220;2013;01;17;26.3;8;19.5;8;1008.6;8;958.2;8;16.3;8;2.8;8;8.2;999.9;36.5;20.4;27.9;999.9;0;1;0;0;0;0
Catamarca_Aero_II;872220;2013;01;18;27.4;8;18.2;8;1010.9;8;960.1;8;20.0;8;4.8;8;7.7;999.9;32.1;20.9;0.0;999.9;0;0;0;0;0;0
Catamarca_Aero_II;872220;2013;01;19;28.8;7;15.7;7;1011.3;6;960.9;6;20.0;7;5.6;7;8.2;999.9;34.0;23.5;0.0;999.9;0;0;0;0;0;0
Catamarca_Aero_II;872220;2013;01;20;27.6;8;14.6;8;1012.6;8;962.0;8;20.0;8;6.4;8;8.7;999.9;34.3;23.9;0.0;999.9;0;0;0;0;0;0
Catamarca_Aero_II;872220;2013;01;21;23.9;8;16.9;8;1012.5;8;961.4;8;17.2;8;6.5;8;9.3;999.9;31.5;20.4;0.0;999.9;0;1;0;0;0;0
Catamarca_Aero_II;872220;2013;01;22;27.1;8;15.6;8;1010.1;8;959.3;8;20.0;8;6.1;8;7.7;999.9;32.5;22.1;0.0;999.9;0;0;0;0;0;0
Catamarca_Aero_II;872220;2013;01;23;28.2;7;16.7;6;1006.7;6;956.6;6;20.0;7;4.2;7;9.3;999.9;36.1;23.1;0.0;999.9;0;0;0;0;1;0
Catamarca_Aero_II;872220;2013;01;24;32.5;8;14.4;8;1000.4;8;951.0;8;20.0;8;4.0;8;9.3;999.9;40.4;22.5;0.0;999.9;0;0;0;0;1;0
Catamarca_Aero_II;872220;2013;01;25;28.2;8;14.3;8;1005.4;8;955.5;8;18.5;8;6.9;8;11.3;999.9;41.0;19.6;8.9;999.9;0;1;0;0;1;0
Catamarca_Aero_II;872220;2013;01;26;26.1;6;12.3;6;1009.4;6;958.9;6;20.0;6;8.1;6;12.9;999.9;32.5;22.3;0.0;999.9;0;0;0;0;0;0
Catamarca_Aero_II;872220;2013;01;27;29.6;8;15.0;8;1005.5;8;955.5;8;20.0;8;9.6;8;12.9;999.9;34.8;24.3;0.0;999.9;0;0;0;0;0;0
Catamarca_Aero_II;872220;2013;01;28;31.3;8;14.5;8;1006.0;8;956.3;8;20.0;8;6.5;8;12.3;999.9;36.7;25.9;0.0;999.9;0;0;0;0;0;0
Catamarca_Aero_II;872220;2013;01;29;31.2;8;12.9;8;1007.2;8;957.4;8;20.0;8;4.7;8;8.2;999.9;38.2;24.6;0.0;999.9;0;0;0;0;0;0
Catamarca_Aero_II;872220;2013;01;30;33.1;8;13.7;8;1003.8;8;954.4;8;20.0;8;7.5;8;10.3;999.9;38.9;26.4;0.0;999.9;0;0;0;0;0;0
Catamarca_Aero_II;872220;2013;01;31;30.7;8;15.1;8;1002.0;8;952.6;8;18.2;8;7.6;8;11.8;999.9;40.5;25.9;0.0;999.9;0;0;0;0;0;0
Catamarca_Aero_II;872220;2013;02;01;33.1;7;17.7;7;999.6;7;950.4;7;19.3;7;6.3;7;8.2;999.9;40.7;25.4;0.0;999.9;0;0;0;0;0;0
Catamarca_Aero_II;872220;2013;02;02;30.9;8;17.5;7;1003.2;7;954.0;7;20.0;8;6.6;8;10.8;999.9;41.5;26.5;0.0;999.9;0;0;0;0;0;0
Catamarca_Aero_II;872220;2013;02;03;27.9;8;16.4;8;1011.4;8;960.9;8;20.0;8;6.1;8;11.3;999.9;32.5;23.4;0.0;999.9;0;0;0;0;0;0
Catamarca_Aero_II;872220;2013;02;04;29.6;7;16.4;7;1005.5;7;955.6;7;20.0;7;9.1;7;13.4;999.9;35.7;24.6;0.0;999.9;0;0;0;0;0;0
Catamarca_Aero_II;872220;2013;02;05;31.1;8;15.4;8;1004.5;8;954.8;8;20.0;8;10.8;8;13.9;999.9;36.7;25.9;0.0;999.9;0;0;0;0;0;0
Catamarca_Aero_II;872220;2013;02;06;31.3;6;13.5;6;1007.1;6;957.2;6;20.0;6;6.9;6;7.7;999.9;37.8;25.0;0.0;999.9;0;0;0;0;0;0
Catamarca_Aero_II;872220;2013;02;07;29.8;8;11.4;8;1008.4;8;958.4;8;20.0;8;6.2;8;9.3;999.9;36.8;23.0;0.0;999.9;0;0;0;0;0;0
Catamarca_Aero_II;872220;2013;02;08;30.3;8;11.4;8;1005.0;8;955.2;8;20.0;8;5.5;8;7.2;999.9;37.2;23.1;0.0;999.9;0;0;0;0;0;0
Catamarca_Aero_II;872220;2013;02;09;31.2;7;12.5;7;1002.2;7;952.7;7;20.0;7;7.1;6;10.8;999.9;38.2;25.9;0.0;999.9;0;0;0;0;0;0
Catamarca_Aero_II;872220;2013;02;10;30.5;8;14.0;8;1001.0;8;951.5;8;20.0;8;6.6;8;15.4;999.9;38.0;25.2;0.0;999.9;0;0;0;0;0;0
Catamarca_Aero_II;872220;2013;02;11;25.5;7;16.1;7;1006.8;7;956.2;7;21.1;7;2.7;7;4.1;999.9;35.3;17.9;27.9;999.9;0;1;0;0;1;0
Catamarca_Aero_II;872220;2013;02;12;29.6;8;14.3;8;1000.0;8;950.2;8;20.0;8;6.3;8;8.2;999.9;36.9;17.9;0.0;999.9;0;0;0;0;0;0
Catamarca_Aero_II;872220;2013;02;13;31.9;8;15.2;8;998.3;8;949.1;8;20.0;8;6.8;8;8.7;999.9;38.2;24.7;0.0;999.9;0;0;0;0;1;0
Catamarca_Aero_II;872220;2013;02;14;26.8;8;19.1;8;1005.3;8;955.2;8;18.2;8;6.4;8;12.3;999.9;38.4;20.9;8.9;999.9;0;1;0;0;1;0
Catamarca_Aero_II;872220;2013;02;15;29.1;8;18.2;8;1005.4;8;955.2;8;20.0;8;4.7;8;7.2;999.9;34.1;22.1;0.0;999.9;0;0;0;0;0;0
Catamarca_Aero_II;872220;2013;02;16;31.6;8;18.2;8;998.1;8;948.7;8;20.0;8;4.8;8;10.8;999.9;38.7;25.9;0.0;999.9;0;0;0;0;0;0
Catamarca_Aero_II;872220;2013;02;17;30.1;8;18.6;8;997.9;8;949.0;7;20.0;8;6.7;8;9.3;999.9;40.0;26.3;0.0;999.9;0;0;0;0;0;0
Catamarca_Aero_II;872220;2013;02;18;20.2;7;15.8;7;1012.0;7;960.7;7;12.6;7;3.1;7;5.7;999.9;34.7;15.5;246.9;999.9;0;1;0;0;0;0
Catamarca_Aero_II;872220;2013;02;19;19.4;8;14.1;8;1013.9;8;961.8;8;20.0;8;1.7;8;2.6;999.9;23.7;15.6;1.0;999.9;0;0;0;0;0;0
Catamarca_Aero_II;872220;2013;02;20;21.9;8;14.7;8;1010.6;8;959.0;8;20.0;8;3.7;8;6.7;999.9;28.1;16.9;0.0;999.9;0;0;0;0;0;0
Catamarca_Aero_II;872220;2013;02;21;24.0;8;15.6;7;1010.6;7;959.4;7;20.0;8;5.4;8;11.3;999.9;30.5;18.4;0.0;999.9;0;0;0;0;0;0
Catamarca_Aero_II;872220;2013;02;22;24.9;8;16.0;8;1008.9;8;958.1;8;20.0;8;9.9;8;15.4;999.9;32.5;20.4;0.0;999.9;0;0;0;0;0;0
Catamarca_Aero_II;872220;2013;02;23;27.7;8;17.9;8;1003.1;8;952.9;8;20.0;8;10.0;8;13.4;999.9;32.9;22.3;0.0;999.9;0;0;0;0;0;0
Catamarca_Aero_II;872220;2013;02;24;28.3;8;19.7;8;1001.7;8;951.8;8;20.0;8;4.1;8;6.7;999.9;33.6;22.4;0.0;999.9;0;0;0;0;0;0
Catamarca_Aero_II;872220;2013;02;25;23.9;7;15.0;7;1010.7;7;959.8;7;15.8;7;6.4;7;9.3;999.9;32.5;17.3;7.1;999.9;0;1;0;0;0;0
Catamarca_Aero_II;872220;2013;02;26;22.9;8;11.6;8;1011.2;8;959.9;8;20.0;8;9.2;8;11.8;999.9;29.5;17.3;0.0;999.9;0;0;0;0;0;0
Catamarca_Aero_II;872220;2013;02;27;25.2;8;13.3;8;1008.5;8;957.5;8;20.0;8;9.6;8;12.3;999.9;31.5;20.5;0.0;999.9;0;0;0;0;0;0
Catamarca_Aero_II;872220;2013;02;28;28.3;8;16.1;8;1002.3;8;952.2;8;20.0;8;11.6;8;15.4;999.9;35.1;23.1;0.0;999.9;0;0;0;0;0;0
Catamarca_Aero_II;872220;2013;03;01;30.4;8;17.9;8;996.7;7;947.3;8;20.0;8;9.8;8;13.4;999.9;36.3;25.9;0.0;999.9;0;0;0;0;0;0
Catamarca_Aero_II;872220;2013;03;02;26.2;7;11.9;7;1003.5;7;953.5;7;17.2;7;5.7;7;11.3;999.9;37.2;21.9;0.0;999.9;0;0;0;0;0;0
Catamarca_Aero_II;872220;2013;03;03;23.5;8;11.5;8;1012.8;8;961.5;8;20.0;8;2.8;8;10.3;999.9;27.7;20.3;0.0;999.9;0;0;0;0;0;0
Catamarca_Aero_II;872220;2013;03;04;23.4;8;11.3;8;1013.1;8;961.8;8;20.0;8;8.6;8;11.8;999.9;27.1;20.7;0.0;999.9;0;0;0;0;0;0
Catamarca_Aero_II;872220;2013;03;05;24.7;7;11.5;7;1008.7;7;957.7;7;20.0;7;6.9;7;11.3;999.9;32.9;18.7;0.0;999.9;0;0;0;0;0;0
Catamarca_Aero_II;872220;2013;03;06;27.4;8;12.1;8;1001.5;8;951.4;8;20.0;8;6.6;8;12.3;999.9;34.5;20.4;0.0;999.9;0;0;0;0;0;0
Catamarca_Aero_II;872220;2013;03;07;28.8;8;15.3;7;1002.6;7;952.7;7;20.0;8;6.7;8;8.7;999.9;36.5;23.4;0.0;999.9;0;0;0;0;0;0
Catamarca_Aero_II;872220;2013;03;08;29.9;8;19.2;7;1003.6;7;953.8;7;20.0;8;5.4;8;10.3;999.9;36.5;24.7;0.0;999.9;0;0;0;0;0;0
Catamarca_Aero_II;872220;2013;03;09;31.6;8;20.1;8;1001.4;8;951.9;8;20.0;8;4.4;8;8.2;999.9;38.9;24.4;0.0;999.9;0;0;0;0;0;0
Catamarca_Aero_II;872220;2013;03;10;27.2;8;18.4;8;1003.7;8;954.0;8;17.7;8;5.3;8;9.3;999.9;40.8;19.5;999.9;999.9;0;1;0;0;0;0
Catamarca_Aero_II;872220;2013;03;11;26.1;7;15.7;7;1002.4;7;951.9;7;20.0;7;6.0;7;7.7;999.9;33.9;19.5;6.1;999.9;0;0;0;0;0;0
Catamarca_Aero_II;872220;2013;03;12;24.2;8;16.2;8;1004.9;8;954.3;8;19.3;8;3.9;8;7.2;999.9;34.5;16.9;6.1;999.9;0;1;0;1;0;0
Catamarca_Aero_II;872220;2013;03;13;24.5;8;13.7;8;1007.6;8;956.7;8;20.0;8;6.1;8;8.7;999.9;31.2;16.7;0.0;999.9;0;0;0;0;0;0
Catamarca_Aero_II;872220;2013;03;14;15.7;8;14.3;8;1015.1;8;962.9;8;10.0;8;3.9;8;5.1;999.9;30.4;14.1;22.1;999.9;0;1;0;0;0;0
Catamarca_Aero_II;872220;2013;03;15;15.2;8;12.7;8;1019.4;8;966.3;8;15.9;8;1.5;8;3.6;999.9;18.7;13.2;0.0;999.9;0;0;0;0;0;0
Catamarca_Aero_II;872220;2013;03;16;17.5;8;11.8;8;1018.7;8;966.0;8;20.0;8;7.5;8;13.4;999.9;22.1;14.1;0.0;999.9;0;0;0;0;0;0
Catamarca_Aero_II;872220;2013;03;17;20.4;8;12.0;8;1017.1;8;965.0;8;20.0;8;7.2;8;12.3;999.9;24.1;16.5;0.0;999.9;0;0;0;0;0;0
Catamarca_Aero_II;872220;2013;03;18;19.1;8;10.7;8;1015.9;8;963.8;8;20.0;8;6.8;8;10.3;999.9;25.3;14.9;0.0;999.9;0;0;0;0;0;0
Catamarca_Aero_II;872220;2013;03;19;20.1;8;11.3;8;1013.0;8;961.1;8;20.0;8;3.7;8;7.2;999.9;25.4;16.9;0.0;999.9;0;0;0;0;0;0
Catamarca_Aero_II;872220;2013;03;20;21.7;7;12.2;7;1008.8;7;957.3;7;20.0;7;3.0;7;4.6;999.9;29.3;14.1;0.0;999.9;0;0;0;0;0;0
Catamarca_Aero_II;872220;2013;03;21;23.5;8;12.6;8;1008.4;8;957.3;8;20.0;8;4.0;8;7.7;999.9;30.7;15.9;0.0;999.9;0;0;0;0;0;0
Catamarca_Aero_II;872220;2013;03;22;25.9;7;13.8;7;1009.4;7;958.6;7;20.0;7;10.0;7;12.3;999.9;32.5;19.5;0.0;999.9;0;0;0;0;0;0
Catamarca_Aero_II;872220;2013;03;23;25.0;8;14.8;8;1010.3;8;959.5;8;20.0;8;5.5;8;8.2;999.9;31.0;20.7;0.0;999.9;0;0;0;0;0;0
Catamarca_Aero_II;872220;2013;03;24;23.6;8;13.4;8;1008.0;8;956.9;8;20.0;8;4.8;8;9.3;999.9;31.3;17.1;0.0;999.9;0;0;0;0;0;0
Catamarca_Aero_II;872220;2013;03;25;24.2;8;13.5;8;1008.0;8;957.0;8;20.0;8;4.6;8;10.3;999.9;31.8;16.1;0.0;999.9;0;0;0;0;0;0
Catamarca_Aero_II;872220;2013;03;26;25.2;8;14.2;8;1014.7;8;963.6;8;20.0;8;6.2;8;9.8;999.9;31.5;21.1;0.0;999.9;0;0;0;0;0;0
Catamarca_Aero_II;872220;2013;03;27;25.4;8;13.1;8;1013.4;8;962.4;8;20.0;8;7.1;8;8.7;999.9;31.1;21.4;0.0;999.9;0;0;0;0;0;0
Catamarca_Aero_II;872220;2013;03;28;23.9;8;13.0;8;1012.8;8;961.7;8;18.8;8;7.8;8;10.3;999.9;31.7;11.9;0.0;999.9;0;0;0;0;0;0
Catamarca_Aero_II;872220;2013;03;29;25.8;8;12.3;8;1009.9;8;959.1;8;20.0;8;7.6;8;11.3;999.9;32.3;20.5;0.0;999.9;0;0;0;0;0;0
Catamarca_Aero_II;872220;2013;03;30;26.5;7;13.2;7;1006.1;7;955.6;7;20.0;7;6.0;7;12.9;999.9;33.9;17.3;0.0;999.9;0;0;0;0;0;0
Catamarca_Aero_II;872220;2013;03;31;26.2;7;13.4;7;1004.6;7;954.2;7;20.0;7;6.0;7;9.3;999.9;34.5;20.7;0.0;999.9;0;0;0;0;0;0
Catamarca_Aero_II;872220;2013;04;01;19.7;7;14.3;7;1012.0;7;960.4;7;20.0;7;2.4;7;4.6;999.9;30.1;16.2;1.0;999.9;0;1;0;0;1;0
Catamarca_Aero_II;872220;2013;04;02;17.1;7;13.8;7;1014.8;7;962.4;7;15.3;7;2.4;7;4.6;999.9;20.5;13.4;0.0;999.9;0;1;0;0;0;0
Catamarca_Aero_II;872220;2013;04;03;18.0;8;12.7;8;1016.4;8;963.9;8;20.0;8;0.8;8;1.5;999.9;22.7;13.4;2.0;999.9;0;0;0;0;0;0
Catamarca_Aero_II;872220;2013;04;04;20.6;8;12.0;8;1009.9;8;958.1;8;20.0;8;3.1;8;4.6;999.9;28.7;12.3;0.0;999.9;0;0;0;0;0;0
Catamarca_Aero_II;872220;2013;04;05;23.4;8;8.2;8;1004.6;8;953.6;8;20.0;8;6.1;8;12.9;999.9;33.7;13.9;0.0;999.9;0;0;0;0;0;0
Catamarca_Aero_II;872220;2013;04;06;24.4;8;8.7;8;1004.5;8;953.8;8;20.0;8;4.4;8;8.7;999.9;34.5;15.5;0.0;999.9;0;0;0;0;0;0
Catamarca_Aero_II;872220;2013;04;07;23.5;8;11.7;8;1010.7;8;959.6;8;18.8;8;7.8;8;12.9;999.9;33.6;17.2;0.0;999.9;0;0;0;0;0;0
Catamarca_Aero_II;872220;2013;04;08;22.1;8;11.4;8;1013.2;8;961.7;8;20.0;8;5.3;8;11.8;999.9;29.1;14.6;0.0;999.9;0;0;0;0;0;0
Catamarca_Aero_II;872220;2013;04;09;23.6;8;11.6;8;1009.4;8;958.3;8;19.3;8;11.0;8;14.9;999.9;29.5;17.1;0.0;999.9;0;0;0;0;0;0
Catamarca_Aero_II;872220;2013;04;10;24.8;8;12.2;8;1003.9;8;953.3;8;20.0;8;5.8;8;12.9;999.9;31.1;17.4;0.0;999.9;0;0;0;0;0;0
Catamarca_Aero_II;872220;2013;04;11;25.4;8;14.6;8;1000.5;8;950.1;8;20.0;8;4.2;8;8.7;999.9;32.0;17.4;0.0;999.9;0;0;0;0;0;0
Catamarca_Aero_II;872220;2013;04;12;16.5;9;14.1;9;1012.9;7;961.1;7;10.1;9;3.1;9;5.7;999.9;32.5;13.6;23.9;999.9;0;1;0;0;1;0
Catamarca_Aero_II;872220;2013;04;13;16.9;7;11.1;7;1016.1;7;963.3;7;20.0;7;7.4;7;14.4;999.9;22.3;13.2;3.0;999.9;0;0;0;0;0;0
Catamarca_Aero_II;872220;2013;04;14;20.8;8;12.0;8;1013.4;8;961.5;8;20.0;8;3.6;8;9.8;999.9;26.3;14.9;0.0;999.9;0;0;0;0;0;0
Catamarca_Aero_II;872220;2013;04;15;21.2;8;12.7;8;1014.3;8;962.5;8;20.0;8;4.6;8;7.2;999.9;29.7;13.4;0.0;999.9;0;0;0;0;0;0
Catamarca_Aero_II;872220;2013;04;16;23.6;8;11.9;8;1011.8;8;960.6;8;20.0;8;5.3;8;8.7;999.9;31.7;15.5;0.0;999.9;0;0;0;0;0;0
Catamarca_Aero_II;872220;2013;04;17;24.9;8;10.9;8;1010.8;8;959.9;8;20.0;8;7.4;8;12.3;999.9;32.5;15.8;0.0;999.9;0;0;0;0;0;0
Catamarca_Aero_II;872220;2013;04;18;25.7;8;9.3;8;1009.8;8;959.0;8;20.0;8;7.9;8;11.8;999.9;32.3;19.7;0.0;999.9;0;0;0;0;0;0
Catamarca_Aero_II;872220;2013;04;19;25.5;8;9.5;8;1009.7;8;958.9;8;20.0;8;8.9;8;14.4;999.9;32.4;20.0;0.0;999.9;0;0;0;0;0;0
Catamarca_Aero_II;872220;2013;04;20;25.6;8;8.5;8;1009.9;8;959.2;8;20.0;8;9.4;8;12.9;999.9;31.8;20.1;0.0;999.9;0;0;0;0;0;0
Catamarca_Aero_II;872220;2013;04;21;26.4;8;9.6;8;1009.7;8;959.0;8;20.0;8;8.3;8;13.9;999.9;32.5;20.9;0.0;999.9;0;0;0;0;0;0
Catamarca_Aero_II;872220;2013;04;22;26.3;7;10.3;7;1010.2;7;959.6;7;20.0;7;8.6;7;13.4;999.9;32.5;17.9;0.0;999.9;0;0;0;0;0;0
Catamarca_Aero_II;872220;2013;04;23;25.9;8;10.3;8;1011.5;8;960.8;8;20.0;8;6.5;8;15.4;999.9;33.0;17.9;0.0;999.9;0;0;0;0;0;0
Catamarca_Aero_II;872220;2013;04;24;25.9;8;8.9;8;1010.0;8;959.2;8;20.0;8;7.7;8;11.8;999.9;32.5;20.1;0.0;999.9;0;0;0;0;0;0
Catamarca_Aero_II;872220;2013;04;25;25.0;8;10.4;8;1007.0;8;956.5;8;20.0;8;5.0;8;9.3;999.9;32.5;18.1;0.0;999.9;0;0;0;0;0;0
Catamarca_Aero_II;872220;2013;04;26;25.1;8;11.3;8;1003.8;8;953.3;8;18.2;8;10.1;8;19.5;999.9;33.0;19.9;0.0;999.9;0;0;0;0;0;0
Catamarca_Aero_II;872220;2013;04;27;21.9;8;11.1;8;1006.0;8;955.1;8;15.0;8;5.0;8;10.3;999.9;28.0;17.3;0.0;999.9;0;0;0;0;0;0
Catamarca_Aero_II;872220;2013;04;28;19.1;8;10.3;8;1011.5;8;959.6;8;20.0;8;1.3;8;3.6;999.9;25.4;14.9;0.0;999.9;0;0;0;0;0;0
Catamarca_Aero_II;872220;2013;04;29;19.7;8;10.6;8;1010.9;8;959.0;8;20.0;8;3.0;8;8.7;999.9;26.9;12.9;0.0;999.9;0;0;0;0;0;0
Catamarca_Aero_II;872220;2013;04;30;22.6;8;11.9;8;1008.8;7;957.4;8;20.0;8;3.9;8;7.2;999.9;28.3;14.4;0.0;999.9;0;0;0;0;0;0
Catamarca_Aero_II;872220;2013;05;01;20.8;8;13.1;8;1006.5;8;955.2;8;20.0;8;2.8;8;10.3;999.9;29.0;14.5;0.0;999.9;0;0;0;0;0;0
Catamarca_Aero_II;872220;2013;05;02;20.2;8;15.6;8;1006.3;8;954.8;8;15.4;8;2.1;8;4.1;999.9;28.5;14.4;1.0;999.9;0;1;0;0;0;0
Catamarca_Aero_II;872220;2013;05;03;22.7;8;14.8;8;1007.6;8;956.3;8;20.0;8;2.6;8;4.1;999.9;28.0;15.9;0.0;999.9;0;0;0;0;0;0
Catamarca_Aero_II;872220;2013;05;04;20.7;8;11.0;8;1011.0;8;959.5;8;20.0;8;2.7;8;8.7;999.9;28.5;13.7;45.0;999.9;0;0;0;0;0;0
Catamarca_Aero_II;872220;2013;05;05;21.9;8;13.4;8;1017.5;8;965.6;8;20.0;8;1.9;8;6.2;999.9;28.1;13.7;0.0;999.9;0;0;0;0;0;0
Catamarca_Aero_II;872220;2013;05;06;22.4;8;11.7;8;1013.1;8;961.7;8;20.0;8;4.7;8;7.2;999.9;29.5;16.3;0.0;999.9;0;0;0;0;0;0
Catamarca_Aero_II;872220;2013;05;07;19.9;8;6.6;8;1018.6;7;966.8;8;20.0;8;7.9;8;13.9;999.9;28.5;14.7;0.0;999.9;0;0;0;0;0;0
Catamarca_Aero_II;872220;2013;05;08;19.8;8;6.4;8;1010.1;8;958.4;8;20.0;8;4.1;8;9.3;999.9;28.1;8.2;0.0;999.9;0;0;0;0;0;0
Catamarca_Aero_II;872220;2013;05;09;19.0;8;7.9;8;1007.5;8;955.7;8;20.0;8;2.6;8;5.7;999.9;29.0;7.9;0.0;999.9;0;0;0;0;0;0
Catamarca_Aero_II;872220;2013;05;10;21.3;8;8.8;8;1004.9;7;953.7;7;20.0;8;3.0;8;5.7;999.9;29.0;11.5;0.0;999.9;0;0;0;0;0;0
Catamarca_Aero_II;872220;2013;05;11;18.3;7;8.8;7;1010.4;7;958.6;7;20.0;7;2.1;7;3.1;999.9;29.0;11.0;0.0;999.9;0;0;0;0;0;0
Catamarca_Aero_II;872220;2013;05;12;21.2;8;8.9;8;1010.8;8;959.1;8;20.0;8;3.6;8;8.2;999.9;27.3;13.9;0.0;999.9;0;0;0;0;0;0
Catamarca_Aero_II;872220;2013;05;13;20.4;7;11.3;7;1009.6;7;958.0;7;20.0;7;3.6;7;5.1;999.9;28.5;12.9;0.0;999.9;0;0;0;0;0;0
Catamarca_Aero_II;872220;2013;05;14;20.3;8;12.5;8;1007.9;8;956.3;8;20.0;8;4.7;8;10.8;999.9;27.0;11.9;0.0;999.9;0;0;0;0;0;0
Catamarca_Aero_II;872220;2013;05;15;14.3;8;9.1;8;1016.1;8;963.6;8;15.9;8;3.3;7;5.7;999.9;27.4;8.9;0.5;999.9;0;1;0;0;0;0
Catamarca_Aero_II;872220;2013;05;16;10.7;7;3.3;7;1023.4;6;969.5;7;20.0;7;5.1;7;11.3;999.9;19.1;5.5;0.0;999.9;0;0;0;0;0;0
Catamarca_Aero_II;872220;2013;05;17;13.2;8;2.2;8;1018.0;8;964.6;8;20.0;8;7.5;8;12.3;999.9;19.7;6.9;0.0;999.9;0;0;0;0;0;0
Catamarca_Aero_II;872220;2013;05;18;14.5;8;2.4;8;1015.5;8;962.4;8;20.0;8;5.5;8;8.7;999.9;19.3;9.4;0.0;999.9;0;0;0;0;0;0
Catamarca_Aero_II;872220;2013;05;19;11.8;8;3.2;8;1020.2;8;966.6;8;20.0;8;1.8;8;3.6;999.9;20.7;3.0;0.0;999.9;0;0;0;0;0;0
Catamarca_Aero_II;872220;2013;05;20;14.5;8;4.9;8;1017.5;8;964.3;8;20.0;8;3.9;8;6.2;999.9;21.7;6.1;0.0;999.9;0;0;0;0;0;0
Catamarca_Aero_II;872220;2013;05;21;13.8;8;5.6;8;1013.2;8;960.5;8;20.0;8;4.4;8;9.3;999.9;22.5;5.3;0.0;999.9;0;0;0;0;0;0
Catamarca_Aero_II;872220;2013;05;22;12.2;8;4.6;8;1019.1;8;965.4;8;20.0;8;2.0;8;4.6;999.9;20.9;4.4;0.0;999.9;0;0;0;0;0;0
Catamarca_Aero_II;872220;2013;05;23;15.0;8;5.9;8;1016.5;8;963.5;8;20.0;8;3.0;8;7.7;999.9;22.5;6.7;0.0;999.9;0;0;0;0;0;0
Catamarca_Aero_II;872220;2013;05;24;13.7;8;6.2;8;1018.7;8;965.4;8;20.0;8;1.8;8;3.6;999.9;23.6;4.8;0.0;999.9;0;0;0;0;0;0
Catamarca_Aero_II;872220;2013;05;25;15.1;8;5.8;8;1013.8;8;961.1;8;20.0;8;4.8;8;10.3;999.9;23.9;4.4;0.0;999.9;0;0;0;0;0;0
Catamarca_Aero_II;872220;2013;05;26;16.7;8;5.6;8;1009.3;8;956.9;8;20.0;8;2.8;8;9.3;999.9;24.5;4.7;0.0;999.9;0;0;0;0;0;0
Catamarca_Aero_II;872220;2013;05;27;14.3;8;4.9;8;1005.7;8;953.2;8;20.0;8;1.8;8;4.6;999.9;25.1;4.9;0.0;999.9;0;0;0;0;0;0
Catamarca_Aero_II;872220;2013;05;28;16.1;8;6.0;8;997.3;8;945.8;8;18.2;8;2.8;8;4.6;999.9;26.9;6.1;0.0;999.9;0;0;0;0;0;0
Catamarca_Aero_II;872220;2013;05;29;14.9;8;3.9;8;1007.7;8;955.4;8;18.2;8;2.2;8;4.1;999.9;27.6;7.9;0.0;999.9;0;0;0;0;0;0
Catamarca_Aero_II;872220;2013;05;30;14.8;8;5.7;8;1012.6;8;959.7;8;18.8;8;4.8;8;13.4;999.9;25.5;5.9;0.0;999.9;0;0;0;0;0;0
Catamarca_Aero_II;872220;2013;05;31;16.9;7;6.1;7;1003.4;7;951.7;7;20.0;7;3.6;7;7.7;999.9;26.4;9.3;0.0;999.9;0;0;0;0;0;0
Catamarca_Aero_II;872220;2013;06;01;15.7;8;4.4;8;1009.2;8;956.6;8;20.0;8;2.4;8;4.6;999.9;25.2;7.1;0.0;999.9;0;0;0;0;0;0
Catamarca_Aero_II;872220;2013;06;02;17.6;8;5.7;8;1014.0;8;961.4;8;18.2;8;5.6;8;13.4;999.9;27.5;8.4;0.0;999.9;0;0;0;0;0;0
Catamarca_Aero_II;872220;2013;06;03;16.7;8;6.2;8;1016.9;8;964.5;8;20.0;8;2.6;8;4.6;999.9;27.8;9.5;0.0;999.9;0;0;0;0;0;0
Catamarca_Aero_II;872220;2013;06;04;15.3;8;4.4;8;1014.8;8;962.0;8;20.0;8;1.5;8;2.6;999.9;24.7;7.0;0.0;999.9;0;0;0;0;0;0
Catamarca_Aero_II;872220;2013;06;05;17.1;8;5.5;8;1009.9;8;957.6;8;20.0;8;3.8;8;6.2;999.9;25.4;6.9;0.0;999.9;0;0;0;0;0;0
Catamarca_Aero_II;872220;2013;06;06;15.6;8;-0.2;8;1017.2;8;964.3;8;17.5;8;6.5;8;11.8;999.9;27.2;8.2;0.0;999.9;0;0;0;0;0;0
Catamarca_Aero_II;872220;2013;06;07;15.6;8;-2.2;8;1012.7;8;960.2;8;17.5;8;5.5;8;10.3;999.9;24.5;5.2;0.0;999.9;0;0;0;0;0;0
Catamarca_Aero_II;872220;2013;06;08;16.6;8;2.6;8;1018.9;8;966.0;8;18.8;8;3.1;8;7.7;999.9;22.7;5.5;0.0;999.9;0;0;0;0;0;0
Catamarca_Aero_II;872220;2013;06;09;15.3;8;7.0;8;1014.4;8;961.8;8;17.5;8;3.0;8;6.2;999.9;23.9;6.4;0.0;999.9;0;0;0;0;0;0
Catamarca_Aero_II;872220;2013;06;10;15.8;8;8.8;7;1015.8;8;962.9;8;18.8;8;2.3;8;3.6;999.9;25.3;8.1;0.0;999.9;0;0;0;0;0;0
Catamarca_Aero_II;872220;2013;06;11;16.9;8;9.8;8;1015.1;8;962.6;8;16.9;8;1.8;8;4.6;999.9;26.3;8.8;0.0;999.9;0;0;0;0;0;0
Catamarca_Aero_II;872220;2013;06;12;19.0;8;11.2;8;1013.6;8;961.6;8;19.3;8;2.8;8;6.7;999.9;27.4;9.3;0.0;999.9;0;0;0;0;0;0
Catamarca_Aero_II;872220;2013;06;13;18.3;7;12.0;7;1012.4;7;960.4;7;20.0;7;2.8;7;4.1;999.9;26.3;10.9;0.0;999.9;0;0;0;0;0;0
Catamarca_Aero_II;872220;2013;06;14;18.0;9;14.6;9;1014.8;8;962.6;8;14.2;9;2.2;9;3.6;999.9;27.5;13.1;6.1;999.9;0;1;0;0;0;0
Catamarca_Aero_II;872220;2013;06;15;17.7;8;12.4;8;1012.5;8;960.1;8;20.0;8;5.6;8;9.3;999.9;24.1;12.9;0.0;999.9;0;0;0;0;0;0
Catamarca_Aero_II;872220;2013;06;16;14.5;9;12.6;9;1011.3;8;958.8;8;11.6;9;3.6;9;6.2;999.9;25.5;12.8;5.1;999.9;1;1;0;0;0;0
Catamarca_Aero_II;872220;2013;06;17;11.6;8;9.3;8;1015.8;8;962.3;8;14.6;8;2.4;8;8.2;999.9;15.7;7.9;11.9;999.9;1;1;0;0;0;0
Catamarca_Aero_II;872220;2013;06;18;11.6;8;7.7;8;1011.8;8;958.6;8;20.0;8;3.1;8;7.2;999.9;17.5;5.4;0.0;999.9;0;0;0;0;0;0
Catamarca_Aero_II;872220;2013;06;19;10.4;8;6.3;8;1021.3;8;967.3;8;16.1;8;3.0;8;8.2;999.9;17.0;6.5;0.0;999.9;0;1;0;0;0;0
Catamarca_Aero_II;872220;2013;06;20;9.2;8;0.0;8;1022.2;8;967.9;8;19.0;8;2.2;8;5.1;999.9;12.3;6.7;0.0;999.9;0;0;0;0;0;0
Catamarca_Aero_II;872220;2013;06;21;7.8;7;1.7;7;1015.2;7;961.1;7;20.0;7;2.8;7;4.6;999.9;18.1;-1.4;0.0;999.9;0;0;0;0;0;0
Catamarca_Aero_II;872220;2013;06;22;9.3;8;-0.6;8;1010.5;8;956.9;8;17.5;8;3.1;7;6.7;999.9;21.4;-0.9;0.0;999.9;0;0;0;0;0;0
Catamarca_Aero_II;872220;2013;06;23;10.5;8;3.3;8;1017.0;8;963.2;8;20.0;8;2.1;8;3.6;999.9;17.3;0.3;0.0;999.9;0;0;0;0;0;0
Catamarca_Aero_II;872220;2013;06;24;10.6;7;3.8;7;1018.3;7;964.5;7;17.9;7;1.7;7;3.6;999.9;17.5;1.8;0.0;999.9;0;0;0;0;0;0
Catamarca_Aero_II;872220;2013;06;25;10.8;8;3.3;8;1016.9;8;963.1;8;20.0;8;2.6;8;4.1;999.9;18.8;3.1;0.0;999.9;0;0;0;0;0;0
Catamarca_Aero_II;872220;2013;06;26;10.6;8;3.6;8;1015.3;8;961.6;8;19.3;8;2.3;8;4.6;999.9;19.9;3.9;0.0;999.9;0;0;0;0;0;0
Catamarca_Aero_II;872220;2013;06;27;10.9;8;3.2;8;1009.8;8;956.5;8;20.0;8;1.5;8;3.6;999.9;21.0;2.9;0.0;999.9;0;0;0;0;0;0
Catamarca_Aero_II;872220;2013;06;28;10.6;8;4.1;8;1006.9;8;953.7;8;20.0;8;2.7;8;4.1;999.9;22.2;2.6;0.0;999.9;0;0;0;0;0;0
Catamarca_Aero_II;872220;2013;06;29;13.6;8;2.1;8;1012.5;8;959.4;8;17.5;8;5.3;8;11.3;999.9;23.0;3.3;0.0;999.9;0;0;0;0;0;0
Catamarca_Aero_II;872220;2013;06;30;15.6;8;5.9;8;1014.6;8;961.8;8;20.0;8;3.6;8;7.7;999.9;23.0;7.9;0.0;999.9;0;0;0;0;0;0
Catamarca_Aero_II;872220;2013;07;01;11.9;8;4.7;8;1018.8;8;965.3;8;20.0;8;3.3;8;10.8;999.9;22.5;3.9;0.0;999.9;0;0;0;0;0;0
Catamarca_Aero_II;872220;2013;07;02;14.3;8;5.5;8;1009.7;8;957.0;8;19.3;8;3.9;8;8.7;999.9;22.3;3.9;0.0;999.9;0;0;0;0;0;0
Catamarca_Aero_II;872220;2013;07;03;14.6;8;4.3;8;1004.0;8;951.6;8;17.5;8;3.3;8;9.3;999.9;25.5;4.5;0.0;999.9;0;0;0;0;0;0
Catamarca_Aero_II;872220;2013;07;04;13.1;8;3.9;8;1010.7;8;957.7;8;20.0;8;1.3;8;3.1;999.9;23.5;6.4;0.0;999.9;0;0;0;0;0;0
Catamarca_Aero_II;872220;2013;07;05;12.1;8;4.4;8;1010.5;7;957.4;7;20.0;8;2.3;8;6.7;999.9;22.5;4.9;0.0;999.9;0;0;0;0;0;0
Catamarca_Aero_II;872220;2013;07;06;9.4;8;1.7;8;1016.1;8;962.2;8;19.3;8;2.0;8;3.1;999.9;19.5;1.0;0.0;999.9;0;0;0;0;0;0
Catamarca_Aero_II;872220;2013;07;07;9.6;8;2.6;8;1022.8;8;968.8;8;20.0;8;1.0;8;2.6;999.9;16.5;3.5;0.0;999.9;0;0;0;0;0;0
Catamarca_Aero_II;872220;2013;07;08;9.7;10;4.8;10;1024.2;8;969.9;8;13.5;10;4.3;10;14.9;999.9;19.3;5.4;0.0;999.9;1;1;0;0;0;0
Catamarca_Aero_II;872220;2013;07;09;12.4;8;5.5;8;1014.4;8;961.1;8;20.0;8;2.3;8;3.6;999.9;20.0;4.9;0.0;999.9;0;0;0;0;0;0
Catamarca_Aero_II;872220;2013;07;10;9.9;9;3.7;9;1012.2;9;958.6;9;20.0;9;1.9;9;2.6;999.9;20.6;2.9;0.0;999.9;0;0;0;0;0;0
Catamarca_Aero_II;872220;2013;07;11;10.3;9;6.4;9;1013.1;8;959.6;8;15.6;9;2.0;9;3.1;999.9;20.6;3.9;0.0;999.9;1;0;0;0;0;0
Catamarca_Aero_II;872220;2013;07;12;14.2;8;5.4;8;1019.0;8;965.7;8;20.0;8;2.2;8;4.1;999.9;23.7;7.1;0.0;999.9;0;0;0;0;0;0
Catamarca_Aero_II;872220;2013;07;13;15.6;7;3.7;7;1013.3;7;960.8;7;17.9;7;3.4;7;7.2;999.9;22.7;5.9;0.0;999.9;0;0;0;0;0;0
Catamarca_Aero_II;872220;2013;07;14;12.1;7;3.4;7;1016.4;7;963.0;7;20.0;7;2.1;7;5.1;999.9;24.0;4.3;0.0;999.9;0;0;0;0;0;0
Catamarca_Aero_II;872220;2013;07;15;15.0;8;7.2;8;1019.5;8;966.3;8;20.0;8;3.4;8;6.2;999.9;22.0;4.8;0.0;999.9;0;0;0;0;0;0
Catamarca_Aero_II;872220;2013;07;16;14.0;8;5.6;8;1014.7;8;961.7;8;20.0;8;2.8;8;4.1;999.9;23.9;5.9;0.0;999.9;0;0;0;0;0;0
Catamarca_Aero_II;872220;2013;07;17;16.2;8;5.2;8;1009.8;8;957.3;8;18.8;8;3.7;8;6.2;999.9;28.5;7.5;0.0;999.9;0;0;0;0;0;0
Catamarca_Aero_II;872220;2013;07;18;11.7;7;3.9;7;1011.2;7;958.5;7;16.1;7;2.2;7;3.1;999.9;15.8;6.0;0.0;999.9;0;0;0;0;0;0
Catamarca_Aero_II;872220;2013;07;19;9.6;8;-1.1;8;1019.6;8;965.7;8;18.5;8;5.9;8;12.3;999.9;16.0;7.3;0.0;999.9;0;0;0;0;0;0
Catamarca_Aero_II;872220;2013;07;20;8.4;8;-0.9;8;1011.5;8;957.6;8;20.0;8;2.3;8;6.2;999.9;14.5;3.9;0.0;999.9;0;0;0;0;0;0
Catamarca_Aero_II;872220;2013;07;21;5.3;9;-2.6;9;1022.2;8;967.7;8;14.0;9;5.5;9;11.3;999.9;16.5;1.0;0.0;999.9;0;1;1;0;0;0
Catamarca_Aero_II;872220;2013;07;22;1.4;8;-7.4;8;1029.3;8;973.1;8;19.3;8;2.6;8;3.6;999.9;10.1;-6.1;0.0;999.9;0;0;0;0;0;0
Catamarca_Aero_II;872220;2013;07;23;5.7;8;-7.8;8;1026.0;8;970.6;8;20.0;8;4.4;8;9.8;999.9;13.5;-4.3;0.0;999.9;0;0;0;0;0;0
Catamarca_Aero_II;872220;2013;07;24;7.4;8;-8.9;8;1026.7;8;971.6;8;20.0;8;3.4;8;4.6;999.9;18.3;-1.6;0.0;999.9;0;0;0;0;0;0
Catamarca_Aero_II;872220;2013;07;25;9.6;8;-8.3;8;1018.7;8;964.8;8;18.2;8;3.7;8;8.2;999.9;20.5;-2.6;0.0;999.9;0;0;0;0;0;0
Catamarca_Aero_II;872220;2013;07;26;12.4;8;-7.9;8;1013.2;8;960.1;8;15.0;8;4.1;8;10.8;999.9;19.5;-1.3;0.0;999.9;0;0;0;0;0;0
Catamarca_Aero_II;872220;2013;07;27;9.4;8;-4.1;7;1019.2;8;965.0;8;16.3;8;1.8;8;3.6;999.9;19.1;-0.1;0.0;999.9;0;0;0;0;0;0
Catamarca_Aero_II;872220;2013;07;28;11.6;8;-3.7;8;1018.1;8;964.4;8;15.6;8;3.1;8;5.1;999.9;23.3;0.9;0.0;999.9;0;0;0;0;0;0
Catamarca_Aero_II;872220;2013;07;29;14.8;7;0.8;7;1014.8;7;962.0;7;17.9;7;1.9;7;3.6;999.9;25.1;5.5;0.0;999.9;0;0;0;0;0;0
Catamarca_Aero_II;872220;2013;07;30;16.9;7;5.0;7;1007.3;7;955.1;7;14.3;7;2.6;7;8.2;999.9;29.1;7.9;0.0;999.9;0;0;0;0;0;0
Catamarca_Aero_II;872220;2013;07;31;17.1;8;7.0;8;1009.0;8;957.0;8;19.3;8;2.4;8;5.7;999.9;31.2;8.9;0.0;999.9;0;0;0;0;0;0
Catamarca_Aero_II;872220;2013;08;01;14.9;7;2.3;7;1013.3;7;960.7;7;20.0;7;2.1;7;5.1;999.9;18.8;8.1;0.0;999.9;0;0;0;0;0;0
Catamarca_Aero_II;872220;2013;08;02;15.4;8;0.1;8;1016.9;8;964.0;8;18.2;8;2.8;8;7.2;999.9;21.9;6.4;0.0;999.9;0;0;0;0;0;0
Catamarca_Aero_II;872220;2013;08;03;17.2;8;0.6;8;1010.6;8;958.3;8;20.0;8;7.6;8;11.8;999.9;23.5;7.9;0.0;999.9;0;0;0;0;0;0
Catamarca_Aero_II;872220;2013;08;04;13.5;8;2.1;8;1015.0;8;962.0;8;17.5;8;4.4;8;12.3;999.9;24.1;3.4;0.0;999.9;0;0;0;0;0;0
Catamarca_Aero_II;872220;2013;08;05;16.8;7;3.8;7;1010.5;7;958.2;7;20.0;7;5.4;7;10.3;999.9;25.0;5.1;0.0;999.9;0;0;0;0;0;0
Catamarca_Aero_II;872220;2013;08;06;18.0;8;5.5;8;1012.3;8;960.0;8;15.6;8;6.8;8;14.4;999.9;25.4;7.1;0.0;999.9;0;0;0;0;0;0
Catamarca_Aero_II;872220;2013;08;07;21.8;8;6.6;8;998.2;8;947.2;8;20.0;8;5.6;8;11.3;999.9;31.0;8.1;0.0;999.9;0;0;0;0;0;0
Catamarca_Aero_II;872220;2013;08;08;16.4;8;0.3;8;1009.8;8;957.9;8;12.6;8;3.2;8;4.6;999.9;32.9;12.9;0.0;999.9;0;0;0;0;0;0
Catamarca_Aero_II;872220;2013;08;09;8.4;7;1.3;7;1027.8;7;973.4;7;14.0;7;3.1;7;7.7;999.9;16.2;3.9;0.8;999.9;0;1;0;0;0;0
Catamarca_Aero_II;872220;2013;08;10;9.7;8;-2.4;8;1024.4;8;969.7;8;20.0;8;7.2;8;12.3;999.9;20.1;2.5;0.3;999.9;0;0;0;0;0;0
Catamarca_Aero_II;872220;2013;08;11;13.1;8;-3.8;8;1010.4;8;957.4;8;20.0;8;4.0;8;8.8;999.9;21.9;0.4;0.0;999.9;0;0;0;0;0;0
Catamarca_Aero_II;872220;2013;08;12;10.4;8;-3.3;8;1011.4;8;958.0;8;16.3;8;2.3;8;4.1;999.9;24.0;-1.1;0.0;999.9;0;0;0;0;0;0
Catamarca_Aero_II;872220;2013;08;13;10.4;8;2.4;8;1025.0;8;971.1;8;11.1;8;3.6;8;7.7;999.9;22.5;2.1;0.8;999.9;0;1;0;0;0;0
Catamarca_Aero_II;872220;2013;08;14;10.2;8;0.7;8;1029.4;8;974.6;8;20.0;8;6.7;8;11.8;999.9;18.3;4.4;0.0;999.9;0;0;0;0;0;0
Catamarca_Aero_II;872220;2013;08;15;14.3;8;-2.4;8;1017.3;8;964.1;8;20.0;8;6.3;8;9.8;999.9;21.7;7.3;0.0;999.9;0;0;0;0;0;0
Catamarca_Aero_II;872220;2013;08;16;12.1;7;-4.6;7;1020.7;7;967.0;7;17.2;7;3.4;7;5.7;999.9;23.5;-1.0;0.0;999.9;0;0;0;0;0;0
Catamarca_Aero_II;872220;2013;08;17;14.6;8;-6.1;8;1021.1;8;967.7;8;15.0;8;7.1;8;11.8;999.9;22.3;3.9;0.0;999.9;0;0;0;0;0;0
Catamarca_Aero_II;872220;2013;08;18;18.1;8;-6.1;8;1013.0;8;960.7;8;10.0;8;7.6;8;11.3;999.9;26.1;9.4;0.0;999.9;0;0;0;0;0;0
Catamarca_Aero_II;872220;2013;08;19;16.7;8;-2.8;8;1009.5;8;957.2;8;11.3;8;3.0;8;7.7;999.9;26.7;2.4;0.0;999.9;0;0;0;0;0;0
Catamarca_Aero_II;872220;2013;08;20;16.8;8;0.3;8;1009.8;8;957.5;8;13.2;8;2.0;8;3.1;999.9;28.0;7.4;0.0;999.9;0;0;0;0;0;0
Catamarca_Aero_II;872220;2013;08;21;17.9;7;2.3;7;1006.6;7;954.7;7;12.1;7;2.2;7;3.6;999.9;29.2;7.2;0.0;999.9;0;0;0;0;0;0
Catamarca_Aero_II;872220;2013;08;22;14.1;8;-5.2;8;1012.4;8;960.0;8;13.0;8;2.8;8;6.2;999.9;30.0;10.9;0.0;999.9;0;0;0;0;0;0
Catamarca_Aero_II;872220;2013;08;23;11.6;8;-11.2;8;1018.7;8;965.1;8;10.0;8;8.7;8;14.9;999.9;15.6;7.4;0.0;999.9;0;0;0;0;0;0
Catamarca_Aero_II;872220;2013;08;24;8.9;8;-9.2;8;1023.3;8;969.1;8;13.2;8;4.1;8;7.2;999.9;16.0;-0.4;0.0;999.9;0;0;0;0;0;0
Catamarca_Aero_II;872220;2013;08;25;9.8;7;-10.7;7;1027.3;7;972.9;7;15.8;7;4.9;7;6.7;999.9;14.5;3.1;0.0;999.9;0;0;0;0;0;0
Catamarca_Aero_II;872220;2013;08;26;10.7;8;-7.6;8;1028.8;8;974.3;8;20.0;8;3.1;8;5.7;999.9;18.2;2.9;0.0;999.9;0;0;0;0;0;0
Catamarca_Aero_II;872220;2013;08;27;13.9;8;-4.2;8;1023.2;8;969.6;8;17.5;8;4.7;8;7.7;999.9;23.9;7.2;0.0;999.9;0;0;0;0;0;0
Catamarca_Aero_II;872220;2013;08;28;16.6;8;-4.6;8;1019.2;8;966.0;8;14.3;8;2.1;8;6.2;999.9;29.2;1.9;0.0;999.9;0;0;0;0;0;0
Catamarca_Aero_II;872220;2013;08;29;21.0;8;-2.8;8;1011.1;8;959.4;8;16.3;8;5.1;8;10.3;999.9;30.5;4.7;0.0;999.9;0;0;0;0;0;0
Catamarca_Aero_II;872220;2013;08;30;22.1;8;-4.0;8;1006.2;8;955.6;8;16.9;8;4.4;8;11.3;999.9;31.4;9.6;0.0;999.9;0;0;0;0;0;0
Catamarca_Aero_II;872220;2013;08;31;21.6;8;-2.8;8;1005.7;8;954.4;8;15.0;8;3.0;8;6.2;999.9;32.5;10.9;0.0;999.9;0;0;0;0;0;0
Catamarca_Aero_II;872220;2013;09;01;22.1;8;-3.1;8;1007.1;8;956.0;8;15.0;8;2.8;8;4.6;999.9;33.0;11.8;0.0;999.9;0;0;0;0;0;0
Catamarca_Aero_II;872220;2013;09;02;19.2;8;-0.9;8;1008.8;8;957.1;8;15.0;8;2.6;8;4.6;999.9;31.9;7.4;0.0;999.9;0;0;0;0;0;0
Catamarca_Aero_II;872220;2013;09;03;18.2;8;2.9;8;1017.0;8;964.9;8;15.6;8;5.9;8;12.9;999.9;30.4;13.9;0.0;999.9;0;0;0;0;0;0
Catamarca_Aero_II;872220;2013;09;04;17.7;8;2.9;8;1015.9;8;963.4;8;13.2;8;12.0;8;16.5;999.9;22.9;14.2;0.0;999.9;0;0;0;0;0;0
Catamarca_Aero_II;872220;2013;09;05;19.4;7;4.9;7;1009.2;7;957.4;7;12.9;7;2.8;7;4.6;999.9;28.2;9.4;0.0;999.9;0;0;0;0;0;0
Catamarca_Aero_II;872220;2013;09;06;22.6;8;7.5;8;1007.8;8;956.4;8;14.3;8;4.0;8;9.3;999.9;34.3;11.9;0.0;999.9;0;0;0;0;0;0
Catamarca_Aero_II;872220;2013;09;07;26.4;8;8.7;8;1004.4;8;954.0;8;16.3;8;3.2;8;5.7;999.9;35.5;15.9;0.0;999.9;0;0;0;0;0;0
Catamarca_Aero_II;872220;2013;09;08;26.8;8;5.6;8;1009.6;8;959.0;8;18.2;8;6.8;8;10.8;999.9;36.7;18.9;0.0;999.9;0;0;0;0;0;0
Catamarca_Aero_II;872220;2013;09;09;31.4;7;9.4;7;1004.8;7;955.0;7;11.4;7;11.1;7;17.5;999.9;37.4;25.8;0.0;999.9;0;0;0;0;0;0
Catamarca_Aero_II;872220;2013;09;10;33.3;8;9.1;8;999.0;8;950.0;8;6.9;8;8.5;8;13.4;999.9;40.9;26.8;0.0;999.9;0;0;0;0;0;0
Catamarca_Aero_II;872220;2013;09;11;30.4;8;8.7;8;998.8;8;949.6;8;6.6;8;5.8;8;16.5;999.9;41.8;23.1;0.0;999.9;0;0;0;0;0;0
Catamarca_Aero_II;872220;2013;09;12;22.9;8;5.2;8;1003.1;8;952.5;8;7.7;8;2.2;8;3.6;999.9;36.0;12.4;0.0;999.9;0;0;0;0;0;0
Catamarca_Aero_II;872220;2013;09;13;14.0;8;1.9;8;1017.5;8;964.9;8;17.5;8;3.5;8;8.2;999.9;22.1;9.9;0.0;999.9;0;0;0;0;0;0
Catamarca_Aero_II;872220;2013;09;14;13.5;8;4.2;8;1016.6;8;963.4;8;20.0;8;3.7;8;8.2;999.9;16.1;10.5;0.0;999.9;0;0;0;0;0;0
Catamarca_Aero_II;872220;2013;09;15;11.0;8;6.4;8;1017.0;8;963.5;8;17.1;8;2.3;8;5.1;999.9;16.5;8.4;999.9;999.9;0;1;0;0;0;0
Catamarca_Aero_II;872220;2013;09;16;6.6;8;4.6;8;1020.2;8;965.7;8;8.4;8;3.6;8;5.7;999.9;14.0;5.1;4.1;999.9;0;1;0;0;0;0
Catamarca_Aero_II;872220;2013;09;17;9.0;8;1.6;8;1022.9;8;968.4;8;20.0;8;2.1;8;6.2;999.9;13.9;5.4;2.0;999.9;0;0;0;0;0;0
Catamarca_Aero_II;872220;2013;09;18;12.2;8;-0.4;8;1018.5;8;964.7;8;20.0;8;7.1;8;11.3;999.9;17.7;4.9;0.0;999.9;0;0;0;0;0;0
Catamarca_Aero_II;872220;2013;09;19;16.8;7;1.6;7;1012.9;7;960.2;7;17.9;7;11.2;7;16.5;999.9;22.2;10.8;0.0;999.9;0;0;0;0;0;0
Catamarca_Aero_II;872220;2013;09;20;18.6;8;2.3;8;1005.6;8;953.7;8;19.3;8;3.7;8;8.2;999.9;28.7;6.4;0.0;999.9;0;0;0;0;0;0
Catamarca_Aero_II;872220;2013;09;21;18.6;8;-0.1;8;1006.0;8;954.4;8;18.2;8;5.9;8;13.4;999.9;29.8;6.8;0.0;999.9;0;0;0;0;0;0
Catamarca_Aero_II;872220;2013;09;22;12.4;8;-2.1;8;1022.1;8;968.7;7;17.5;8;5.5;8;11.3;999.9;24.0;2.4;0.0;999.9;0;0;0;0;0;0
Catamarca_Aero_II;872220;2013;09;23;12.1;8;-3.3;8;1027.2;8;973.3;8;20.0;8;2.5;8;4.1;999.9;19.5;6.9;0.0;999.9;0;0;0;0;0;0
Catamarca_Aero_II;872220;2013;09;24;13.4;8;-2.7;8;1024.7;8;971.0;8;20.0;8;7.2;8;13.9;999.9;20.7;5.9;0.0;999.9;0;0;0;0;0;0
Catamarca_Aero_II;872220;2013;09;25;16.2;8;-2.7;8;1017.0;8;964.2;8;16.9;8;11.5;8;16.0;999.9;22.4;11.3;0.0;999.9;0;0;0;0;0;0
Catamarca_Aero_II;872220;2013;09;26;20.3;7;-3.3;7;1009.2;7;957.3;7;16.4;7;5.9;7;9.3;999.9;27.3;9.1;0.0;999.9;0;0;0;0;0;0
Catamarca_Aero_II;872220;2013;09;27;20.2;8;-0.8;8;1008.1;8;956.5;8;20.0;8;4.2;8;8.2;999.9;28.5;9.9;0.0;999.9;0;0;0;0;0;0
Catamarca_Aero_II;872220;2013;09;28;12.7;7;-0.7;7;1018.2;7;965.5;7;20.0;7;4.8;7;7.2;999.9;25.0;8.9;0.0;999.9;0;0;0;0;0;0
Catamarca_Aero_II;872220;2013;09;29;12.1;8;-3.7;8;1022.1;8;968.3;8;20.0;8;2.9;8;5.1;999.9;24.0;8.2;0.0;999.9;0;0;0;0;0;0
Catamarca_Aero_II;872220;2013;09;30;11.9;8;-3.9;8;1019.9;8;966.1;8;20.0;8;2.1;8;3.6;999.9;22.7;0.7;0.0;999.9;0;0;0;0;0;0
Catamarca_Aero_II;872220;2013;10;01;16.3;8;-2.4;8;1013.1;7;960.7;8;20.0;8;5.9;8;10.3;999.9;25.0;7.4;0.0;999.9;0;0;0;0;0;0
Catamarca_Aero_II;872220;2013;10;02;21.7;8;-0.9;8;1008.3;8;956.9;8;16.6;8;10.7;8;18.0;999.9;26.5;16.9;0.0;999.9;0;0;0;0;0;0
Catamarca_Aero_II;872220;2013;10;03;20.8;8;2.2;8;1011.6;8;960.0;8;17.5;8;6.4;8;9.3;999.9;28.0;14.4;0.0;999.9;0;0;0;0;0;0
Catamarca_Aero_II;872220;2013;10;04;20.2;8;0.7;8;1019.3;8;967.1;8;17.5;8;4.2;8;8.2;999.9;26.2;13.2;0.0;999.9;0;0;0;0;0;0
Catamarca_Aero_II;872220;2013;10;05;21.6;8;1.9;8;1013.4;8;961.7;8;16.3;8;10.3;8;14.4;999.9;28.0;15.5;0.0;999.9;0;0;0;0;0;0
Catamarca_Aero_II;872220;2013;10;06;23.3;8;1.1;8;1014.2;8;962.8;8;16.3;8;7.5;8;11.8;999.9;29.6;18.9;0.0;999.9;0;0;0;0;0;0
Catamarca_Aero_II;872220;2013;10;07;24.9;8;2.9;8;1011.9;8;960.8;8;16.3;8;11.6;8;17.0;999.9;30.6;20.0;0.0;999.9;0;0;0;0;0;0
Catamarca_Aero_II;872220;2013;10;08;26.8;8;3.4;8;1007.3;8;956.7;8;8.5;8;9.6;8;16.5;999.9;33.1;19.8;0.0;999.9;0;0;0;0;0;0
Catamarca_Aero_II;872220;2013;10;09;27.8;8;7.4;8;1003.1;8;953.0;8;8.9;8;5.1;8;8.2;999.9;34.3;17.9;0.0;999.9;0;0;0;0;0;0
Catamarca_Aero_II;872220;2013;10;10;25.7;8;8.7;8;1009.2;8;958.5;8;8.4;8;3.2;8;10.3;999.9;35.5;14.9;0.0;999.9;0;0;0;0;0;0
Catamarca_Aero_II;872220;2013;10;11;25.4;8;13.8;8;1008.1;8;957.4;8;13.7;8;6.7;8;11.3;999.9;34.0;18.3;0.0;999.9;0;0;0;0;0;0
Catamarca_Aero_II;872220;2013;10;12;21.9;7;16.1;7;1009.3;7;958.1;7;15.8;7;3.2;7;5.7;999.9;31.6;18.4;7.1;999.9;0;1;0;0;1;0
Catamarca_Aero_II;872220;2013;10;13;23.4;8;12.7;8;1008.6;8;957.3;8;20.0;8;6.3;8;9.3;999.9;30.1;16.3;0.0;999.9;0;0;0;0;0;0
Catamarca_Aero_II;872220;2013;10;14;24.4;8;14.5;8;1010.1;8;959.1;8;20.0;8;7.5;8;12.3;999.9;31.5;16.9;0.0;999.9;0;1;0;0;0;0
Catamarca_Aero_II;872220;2013;10;15;24.3;8;14.3;8;1010.5;8;959.5;8;20.0;8;7.8;8;11.3;999.9;32.0;19.9;0.0;999.9;0;0;0;0;0;0
Catamarca_Aero_II;872220;2013;10;16;26.0;9;13.9;9;1008.6;8;957.9;8;18.8;9;8.0;9;16.0;22.1;33.6;18.5;0.0;999.9;0;0;0;0;0;0
Catamarca_Aero_II;872220;2013;10;17;22.7;8;12.6;8;1012.4;8;961.2;8;17.2;8;5.4;8;9.3;999.9;34.4;16.0;3.0;999.9;0;1;0;0;1;0
Catamarca_Aero_II;872220;2013;10;18;26.4;8;11.8;8;1007.9;8;957.2;8;20.0;8;6.7;8;11.3;999.9;34.5;18.7;0.0;999.9;0;0;0;0;0;0
Catamarca_Aero_II;872220;2013;10;19;29.5;8;11.2;8;1000.0;8;950.3;8;20.0;8;8.0;8;13.4;999.9;35.9;20.4;0.0;999.9;0;0;0;0;0;0
Catamarca_Aero_II;872220;2013;10;20;32.4;8;9.1;8;991.7;8;942.9;8;17.5;8;6.8;8;11.8;999.9;37.7;22.7;0.0;999.9;0;0;0;0;0;0
Catamarca_Aero_II;872220;2013;10;21;26.1;8;0.9;8;1005.9;7;955.7;7;18.8;8;7.9;8;13.9;999.9;40.0;18.7;0.0;999.9;0;0;0;0;0;0
Catamarca_Aero_II;872220;2013;10;22;25.6;8;3.2;8;1002.1;8;951.7;8;16.9;8;11.5;8;14.4;999.9;31.9;20.7;0.0;999.9;0;0;0;0;0;0
Catamarca_Aero_II;872220;2013;10;23;26.8;7;7.7;7;1000.8;7;950.6;7;20.0;7;3.6;7;7.2;999.9;34.5;16.9;0.0;999.9;0;0;0;0;0;0
Catamarca_Aero_II;872220;2013;10;24;22.9;8;4.4;8;1015.0;8;963.8;8;17.5;8;5.5;8;11.8;999.9;36.0;18.1;0.0;999.9;0;0;0;0;0;0
Catamarca_Aero_II;872220;2013;10;25;21.2;8;6.7;8;1012.4;8;960.7;8;18.8;8;9.6;8;12.9;999.9;25.9;17.9;0.0;999.9;0;0;0;0;0;0
Catamarca_Aero_II;872220;2013;10;26;20.1;7;8.6;7;1010.2;7;958.5;7;18.5;7;3.8;7;7.7;999.9;27.7;11.5;0.0;999.9;0;0;0;0;0;0
Catamarca_Aero_II;872220;2013;10;27;26.4;8;7.5;8;1011.0;8;960.1;8;20.0;8;9.7;8;13.4;999.9;31.1;18.1;0.0;999.9;0;0;0;0;0;0
Catamarca_Aero_II;872220;2013;10;28;26.8;8;9.0;8;1005.5;8;955.1;8;18.8;8;11.9;8;14.9;999.9;33.0;22.0;0.0;999.9;0;0;0;0;0;0
Catamarca_Aero_II;872220;2013;10;29;29.3;7;10.1;7;1001.8;7;951.9;7;20.0;7;4.5;7;7.7;999.9;36.2;21.9;0.0;999.9;0;0;0;0;0;0
Catamarca_Aero_II;872220;2013;10;30;31.8;8;15.5;8;999.5;8;950.1;8;20.0;8;8.5;8;13.9;999.9;37.5;25.5;0.0;999.9;0;0;0;0;0;0
Catamarca_Aero_II;872220;2013;10;31;33.3;8;17.7;8;993.2;8;944.4;8;16.3;8;7.8;8;13.4;999.9;39.1;27.5;0.0;999.9;0;0;0;0;0;0
Catamarca_Aero_II;872220;2013;11;01;20.8;8;16.3;8;1003.0;7;952.7;7;6.1;8;7.0;8;10.3;999.9;32.5;15.5;37.1;999.9;0;1;0;0;1;0
Catamarca_Aero_II;872220;2013;11;02;18.8;8;12.9;8;1016.5;8;964.0;8;15.0;8;2.7;8;4.6;999.9;26.2;14.6;19.0;999.9;0;1;0;0;0;0
Catamarca_Aero_II;872220;2013;11;03;22.9;8;9.6;8;1014.7;8;963.0;8;20.0;8;3.2;8;5.1;999.9;31.0;15.4;0.0;999.9;0;0;0;0;0;0
Catamarca_Aero_II;872220;2013;11;04;25.7;8;6.6;8;1010.0;8;959.3;8;20.0;8;9.4;8;11.8;999.9;32.5;20.4;0.0;999.9;0;0;0;0;0;0
Catamarca_Aero_II;872220;2013;11;05;28.0;7;7.1;7;1008.5;7;958.0;7;20.0;7;9.6;7;14.4;999.9;34.2;20.4;0.0;999.9;0;0;0;0;0;0
Catamarca_Aero_II;872220;2013;11;06;28.2;8;8.6;8;1003.7;8;953.7;8;18.2;8;13.7;8;19.5;999.9;35.0;21.7;0.0;999.9;0;0;0;0;0;0
Catamarca_Aero_II;872220;2013;11;07;29.4;8;7.7;8;1002.6;8;954.0;8;20.0;8;5.9;8;9.3;999.9;35.4;20.4;0.0;999.9;0;0;0;0;0;0
Catamarca_Aero_II;872220;2013;11;08;28.9;8;14.9;8;1001.1;8;951.3;8;17.5;8;4.1;8;7.7;999.9;35.7;20.6;0.0;999.9;0;0;0;0;0;0
Catamarca_Aero_II;872220;2013;11;09;25.7;8;17.2;8;997.7;8;947.7;8;16.9;8;3.4;8;7.7;999.9;37.0;17.9;0.0;999.9;0;0;0;0;0;0
Catamarca_Aero_II;872220;2013;11;10;19.3;8;12.8;8;1003.1;8;952.1;8;18.3;8;6.7;8;10.3;999.9;32.0;13.5;4.1;999.9;0;1;0;0;0;0
Catamarca_Aero_II;872220;2013;11;11;18.5;8;7.8;8;1011.0;8;958.7;8;20.0;8;4.3;8;11.3;999.9;28.7;8.9;1.0;999.9;0;1;0;0;0;0
Catamarca_Aero_II;872220;2013;11;12;25.6;8;3.3;8;1006.0;8;955.3;8;20.0;8;7.1;8;13.4;999.9;34.1;17.3;0.0;999.9;0;0;0;0;0;0
Catamarca_Aero_II;872220;2013;11;13;30.2;8;4.3;8;1002.0;8;952.3;8;17.5;8;12.3;8;15.9;999.9;35.0;24.0;0.0;999.9;0;0;0;0;0;0
