Ceres_Aero;872570;20130101;21.5;8;13.3;8;1016.9;8;1006.7;8;15.0;8;7.0;8;8.2;999.9;37.0;16.8;22.1;999.9;0;0;0;0;1;0
Ceres_Aero;872570;20130102;20.5;7;10.4;7;1019.7;7;1009.3;7;13.5;7;4.3;7;7.2;999.9;26.6;11.8;0.0;999.9;0;0;0;0;0;0
Ceres_Aero;872570;20130103;22.0;8;12.4;8;1015.6;8;1005.3;8;13.8;8;4.4;8;8.2;999.9;30.0;14.0;0.0;999.9;0;0;0;0;0;0
Ceres_Aero;872570;20130104;27.4;8;18.1;8;1010.3;8;1000.2;8;15.0;8;4.7;8;6.2;999.9;35.2;20.5;0.0;999.9;0;0;0;0;0;0
Ceres_Aero;872570;20130105;24.5;7;20.8;7;1008.3;7;998.2;7;12.9;7;5.7;7;8.7;999.9;36.4;13.0;19.0;999.9;0;1;0;0;1;0
Ceres_Aero;872570;20130106;22.9;8;19.8;8;1008.8;8;998.6;8;13.2;8;3.0;8;6.2;999.9;26.4;19.0;27.9;999.9;0;1;0;0;1;0
Ceres_Aero;872570;20130107;26.9;7;21.1;7;1003.4;7;993.3;7;13.0;7;2.9;7;4.6;999.9;32.8;20.8;0.0;999.9;0;0;0;0;0;0
Ceres_Aero;872570;20130108;27.9;8;22.5;8;1007.2;8;997.2;8;12.1;8;3.5;8;7.2;999.9;33.0;22.6;0.0;999.9;0;0;0;0;0;0
Ceres_Aero;872570;20130109;27.8;8;20.2;8;1013.8;8;1003.8;8;13.4;8;3.3;8;4.6;999.9;33.2;21.0;0.0;999.9;0;0;0;0;0;0
Ceres_Aero;872570;20130110;28.2;8;20.9;8;1015.6;8;1005.5;8;13.0;8;4.2;8;7.2;999.9;33.4;22.2;0.0;999.9;0;0;0;0;0;0
Ceres_Aero;872570;20130111;26.9;8;17.9;8;1012.9;8;1002.8;8;15.0;8;4.2;8;6.2;999.9;34.0;19.2;0.0;999.9;0;0;0;0;0;0
Ceres_Aero;872570;20130112;25.8;8;16.2;8;1009.9;8;999.8;8;14.0;8;3.7;8;6.2;999.9;34.0;16.4;0.0;999.9;0;0;0;0;0;0
Ceres_Aero;872570;20130113;26.5;8;16.8;8;1012.2;7;1002.1;7;15.0;8;3.2;8;4.6;999.9;34.0;19.5;0.0;999.9;0;0;0;0;0;0
Ceres_Aero;872570;20130114;26.1;8;15.2;8;1013.2;8;1003.1;8;13.5;8;3.7;8;5.1;999.9;33.2;18.1;0.0;999.9;0;0;0;0;0;0
Ceres_Aero;872570;20130115;27.1;8;15.6;8;1010.3;8;1000.3;8;15.0;8;2.9;8;4.1;999.9;33.8;19.0;0.0;999.9;0;0;0;0;0;0
Ceres_Aero;872570;20130116;27.9;8;17.3;8;1006.8;8;996.8;8;15.0;8;2.6;8;3.1;999.9;35.6;19.5;0.0;999.9;0;0;0;0;0;0
Ceres_Aero;872570;20130117;27.8;8;19.1;8;1009.7;8;999.7;8;8.9;8;3.9;8;7.7;999.9;36.2;21.8;0.0;999.9;0;0;0;0;0;0
Ceres_Aero;872570;20130118;26.8;8;17.3;8;1014.0;8;1003.9;8;10.1;8;3.8;8;5.1;999.9;32.4;19.5;0.0;999.9;0;0;0;0;0;0
Ceres_Aero;872570;20130119;27.3;8;15.8;8;1015.4;8;1005.3;8;12.1;8;3.8;8;6.7;999.9;33.3;19.4;0.0;999.9;0;0;0;0;0;0
Ceres_Aero;872570;20130120;25.3;8;16.0;8;1017.7;8;1007.5;8;13.0;8;4.8;8;8.2;999.9;33.6;18.2;0.0;999.9;0;0;0;0;0;0
Ceres_Aero;872570;20130121;24.4;8;14.1;8;1017.5;8;1007.3;8;14.3;8;4.1;8;5.7;999.9;30.5;16.8;0.0;999.9;0;0;0;0;0;0
Ceres_Aero;872570;20130122;26.5;8;15.3;8;1014.8;8;1004.6;8;15.0;8;2.3;8;3.1;999.9;34.0;20.2;0.0;999.9;0;0;0;0;0;0
Ceres_Aero;872570;20130123;29.1;8;17.6;8;1010.9;8;1000.9;8;15.0;8;2.2;8;2.6;999.9;37.2;19.8;0.0;999.9;0;0;0;0;0;0
Ceres_Aero;872570;20130124;30.6;8;18.8;8;1004.3;8;994.4;8;12.7;8;5.6;8;10.3;999.9;39.0;23.6;999.9;999.9;0;1;0;0;1;0
Ceres_Aero;872570;20130125;24.1;8;17.4;8;1010.5;8;1000.4;8;15.0;8;4.3;8;6.7;999.9;28.6;20.1;8.9;999.9;0;0;0;0;1;0
Ceres_Aero;872570;20130126;23.4;8;13.1;8;1015.6;8;1005.3;8;15.0;8;3.2;8;5.7;999.9;30.2;14.8;0.0;999.9;0;0;0;0;0;0
Ceres_Aero;872570;20130127;26.3;8;13.9;8;1013.5;8;1003.3;8;15.0;8;4.9;8;6.2;999.9;34.5;16.6;0.0;999.9;0;0;0;0;0;0
Ceres_Aero;872570;20130128;26.3;8;14.4;8;1013.9;8;1003.8;8;15.0;8;4.3;8;6.2;999.9;35.0;16.0;0.0;999.9;0;0;0;0;0;0
Ceres_Aero;872570;20130129;27.1;8;13.6;8;1013.4;8;1003.2;8;15.0;8;3.3;8;6.2;999.9;36.0;19.6;0.0;999.9;0;0;0;0;0;0
Ceres_Aero;872570;20130130;29.8;8;17.4;8;1010.4;8;1000.4;8;14.3;8;2.8;8;4.6;999.9;38.4;21.4;0.0;999.9;0;0;0;0;0;0
Ceres_Aero;872570;20130131;27.9;8;21.3;8;1008.4;8;998.5;8;13.7;8;4.5;8;6.7;999.9;39.1;23.2;2.0;999.9;0;0;0;0;1;0
Ceres_Aero;872570;20130201;31.1;8;20.3;8;1005.6;8;995.7;8;13.2;8;4.2;8;6.2;999.9;41.8;22.8;0.3;999.9;0;0;0;0;0;0
Ceres_Aero;872570;20130202;25.1;7;20.8;6;1010.8;7;1000.7;7;9.5;7;4.1;7;6.2;999.9;35.1;20.4;55.9;999.9;0;1;0;0;1;0
Ceres_Aero;872570;20130203;25.4;8;19.2;8;1015.3;8;1005.2;8;16.3;8;3.9;8;7.2;999.9;29.2;21.0;5.1;999.9;0;0;0;0;0;0
Ceres_Aero;872570;20130204;23.1;8;14.1;8;1013.4;8;1003.1;8;16.3;8;3.9;8;5.7;999.9;30.2;14.6;0.0;999.9;0;0;0;0;0;0
Ceres_Aero;872570;20130205;24.6;8;16.9;8;1012.7;8;1002.6;8;15.4;8;3.3;8;5.7;999.9;34.4;18.6;0.0;999.9;0;0;0;0;0;0
Ceres_Aero;872570;20130206;24.6;8;15.1;8;1014.4;8;1004.2;8;15.0;8;3.4;8;5.1;999.9;31.8;17.5;0.0;999.9;0;0;0;0;0;0
Ceres_Aero;872570;20130207;24.8;8;17.3;8;1014.3;8;1004.1;8;15.0;8;3.6;8;4.6;999.9;31.6;17.0;0.0;999.9;0;0;0;0;0;0
Ceres_Aero;872570;20130208;27.4;8;18.9;8;1011.0;8;1001.0;8;15.0;8;3.3;8;4.6;999.9;34.0;21.0;0.0;999.9;0;0;0;0;0;0
Ceres_Aero;872570;20130209;26.3;7;18.1;7;1009.0;7;999.0;7;12.9;7;3.2;7;4.1;999.9;34.4;18.6;0.0;999.9;0;0;0;0;0;0
Ceres_Aero;872570;20130210;26.5;8;19.3;8;1006.8;8;996.8;8;12.9;8;2.9;8;5.7;999.9;34.0;21.0;0.0;999.9;0;0;0;0;0;0
Ceres_Aero;872570;20130211;27.6;8;20.8;8;1007.5;8;997.5;8;14.6;8;2.8;8;4.6;999.9;33.4;22.9;0.5;999.9;0;0;0;0;1;0
Ceres_Aero;872570;20130212;28.3;8;18.8;8;1004.9;8;995.0;8;15.0;8;2.5;8;3.1;999.9;36.0;19.5;0.0;999.9;0;0;0;0;0;0
Ceres_Aero;872570;20130213;27.3;8;19.3;8;1005.8;8;995.8;8;12.9;8;4.2;8;6.7;999.9;37.0;20.4;0.0;999.9;0;0;0;0;0;0
Ceres_Aero;872570;20130214;24.4;8;17.4;8;1009.9;8;999.8;8;15.0;8;5.9;8;9.8;999.9;34.0;18.0;89.9;999.9;0;1;0;0;1;0
Ceres_Aero;872570;20130215;27.6;8;22.0;8;1010.0;8;999.9;8;15.9;8;2.7;8;4.1;999.9;32.6;21.0;0.0;999.9;0;0;0;0;0;0
Ceres_Aero;872570;20130216;29.1;8;21.0;8;1004.8;8;994.8;8;15.0;8;3.6;8;5.7;999.9;35.2;23.0;0.0;999.9;0;0;0;0;0;0
Ceres_Aero;872570;20130217;25.9;8;21.6;8;1003.8;8;993.9;8;15.0;8;5.4;8;9.3;999.9;35.6;22.7;2.0;999.9;0;0;0;0;1;0
Ceres_Aero;872570;20130218;18.7;8;16.6;8;1014.4;8;1004.0;8;9.0;8;5.6;8;7.2;999.9;27.6;15.7;7.9;999.9;0;1;0;0;1;0
Ceres_Aero;872570;20130219;17.3;8;15.7;8;1016.2;8;1005.8;8;8.7;8;5.3;8;6.7;999.9;19.0;16.2;7.1;999.9;0;1;0;0;0;0
Ceres_Aero;872570;20130220;18.0;8;16.4;8;1014.6;8;1004.2;8;6.6;8;4.3;8;5.1;999.9;19.4;16.0;7.1;999.9;0;1;0;0;0;0
Ceres_Aero;872570;20130221;21.2;8;17.3;8;1015.0;8;1004.7;8;14.3;8;3.4;8;4.1;999.9;26.2;17.4;5.1;999.9;0;0;0;0;0;0
Ceres_Aero;872570;20130222;23.2;8;17.8;8;1015.9;8;1005.6;8;14.6;8;3.8;8;5.7;999.9;29.3;16.6;0.0;999.9;0;0;0;0;0;0
Ceres_Aero;872570;20130223;25.6;8;19.6;8;1010.5;8;1000.4;8;13.2;8;4.8;8;7.2;999.9;32.2;21.0;0.0;999.9;0;0;0;0;0;0
Ceres_Aero;872570;20130224;26.4;8;21.2;8;1005.8;8;995.8;8;15.3;8;4.3;8;9.3;999.9;32.4;24.0;0.0;999.9;0;0;0;0;1;0
Ceres_Aero;872570;20130225;22.1;8;15.3;8;1013.7;8;1003.5;8;16.9;8;4.4;8;6.7;999.9;30.6;16.0;0.0;999.9;0;0;0;0;0;0
Ceres_Aero;872570;20130226;19.9;8;13.0;8;1017.4;8;1007.0;8;15.0;8;2.8;8;4.1;999.9;26.5;13.6;0.0;999.9;0;0;0;0;0;0
Ceres_Aero;872570;20130227;20.8;8;12.9;8;1015.9;8;1005.6;8;14.3;8;3.7;8;5.1;999.9;29.2;12.6;0.0;999.9;0;0;0;0;0;0
Ceres_Aero;872570;20130228;23.1;8;13.0;8;1012.2;8;1002.0;8;13.8;8;5.0;8;7.7;999.9;30.8;16.5;0.0;999.9;0;0;0;0;0;0
Ceres_Aero;872570;20130301;25.9;8;16.1;8;1005.5;8;995.4;8;10.1;8;5.7;8;8.7;999.9;36.4;17.0;0.0;999.9;0;0;0;0;0;0
Ceres_Aero;872570;20130302;26.5;7;17.7;7;1004.8;7;994.8;7;11.9;7;6.7;7;8.7;999.9;37.2;21.0;0.0;999.9;0;0;0;0;0;0
Ceres_Aero;872570;20130303;20.2;8;13.3;8;1016.7;8;1006.4;8;15.0;8;4.3;8;6.7;999.9;26.6;17.0;0.0;999.9;0;0;0;0;0;0
Ceres_Aero;872570;20130304;18.4;8;11.2;8;1018.9;8;1008.4;8;15.0;8;3.9;8;6.2;999.9;23.5;12.7;0.0;999.9;0;0;0;0;0;0
Ceres_Aero;872570;20130305;19.8;8;12.4;8;1015.6;8;1005.2;8;14.6;8;2.3;8;3.1;999.9;27.8;10.5;0.0;999.9;0;0;0;0;0;0
Ceres_Aero;872570;20130306;22.1;8;13.1;8;1009.4;8;999.1;8;12.6;8;4.6;8;5.7;999.9;31.0;13.2;0.0;999.9;0;0;0;0;0;0
Ceres_Aero;872570;20130307;24.4;8;15.1;8;1010.5;8;1000.3;8;13.5;8;4.3;8;6.2;999.9;32.2;15.4;0.0;999.9;0;0;0;0;0;0
Ceres_Aero;872570;20130308;25.4;8;20.3;8;1010.0;8;999.9;8;13.2;8;3.9;8;5.7;999.9;33.0;21.6;6.1;999.9;0;0;0;0;1;0
Ceres_Aero;872570;20130309;26.4;8;22.6;8;1007.8;8;997.8;8;13.7;8;3.5;8;6.2;999.9;32.6;22.4;0.0;999.9;0;0;0;0;0;0
Ceres_Aero;872570;20130310;25.4;8;21.0;8;1008.0;8;997.9;8;14.3;8;4.9;8;6.7;999.9;33.0;21.2;17.0;999.9;0;1;0;0;1;0
Ceres_Aero;872570;20130311;23.4;7;18.6;7;1007.6;7;997.4;7;15.3;7;2.9;7;4.1;999.9;30.1;18.2;0.0;999.9;0;0;0;0;0;0
Ceres_Aero;872570;20130312;22.3;8;18.9;8;1008.3;8;998.1;8;14.3;8;5.2;8;7.7;999.9;34.0;19.3;9.9;999.9;0;1;0;0;1;0
Ceres_Aero;872570;20130313;20.2;8;15.1;8;1013.9;8;1003.6;8;14.6;8;4.4;8;7.2;999.9;26.5;14.8;0.0;999.9;0;0;0;0;0;0
Ceres_Aero;872570;20130314;16.6;8;12.8;8;1019.3;8;1008.8;8;12.4;8;5.1;8;6.7;999.9;26.2;14.0;2.0;999.9;0;1;0;0;0;0
Ceres_Aero;872570;20130315;17.8;8;12.1;8;1021.9;8;1011.4;8;16.3;8;4.0;8;4.6;999.9;23.0;13.9;0.0;999.9;0;0;0;0;0;0
Ceres_Aero;872570;20130316;19.8;8;12.3;8;1023.2;8;1012.7;8;15.0;8;4.8;8;5.7;999.9;24.6;15.3;0.0;999.9;0;0;0;0;0;0
Ceres_Aero;872570;20130317;17.2;8;12.0;8;1023.4;8;1013.0;8;15.0;8;4.2;8;5.1;999.9;25.2;14.0;0.0;999.9;0;0;0;0;0;0
Ceres_Aero;872570;20130318;17.7;8;11.1;8;1021.4;8;1010.9;8;16.3;8;4.0;8;5.1;999.9;23.4;12.0;0.0;999.9;0;0;0;0;0;0
Ceres_Aero;872570;20130319;19.9;8;14.3;8;1016.3;8;1006.0;8;16.3;8;3.3;8;4.6;999.9;24.4;15.4;0.0;999.9;0;0;0;0;0;0
Ceres_Aero;872570;20130320;19.5;8;15.7;8;1011.8;8;1001.4;8;13.0;8;3.4;8;5.7;999.9;24.1;16.4;0.0;999.9;0;0;0;0;0;0
Ceres_Aero;872570;20130321;21.5;8;16.1;8;1012.4;8;1002.1;8;12.6;8;2.0;8;3.6;999.9;28.0;15.4;0.0;999.9;0;0;0;0;0;0
Ceres_Aero;872570;20130322;22.4;8;15.7;8;1016.0;8;1005.7;8;10.8;8;2.8;8;4.6;999.9;29.5;15.0;0.0;999.9;0;0;0;0;0;0
Ceres_Aero;872570;20130323;21.8;8;15.5;8;1016.6;8;1006.3;8;11.6;8;2.6;8;3.6;999.9;30.5;14.0;0.0;999.9;0;0;0;0;0;0
Ceres_Aero;872570;20130324;21.7;7;15.4;7;1013.5;7;1003.2;7;10.1;7;2.1;7;5.7;999.9;29.0;14.8;0.0;999.9;0;0;0;0;0;0
Ceres_Aero;872570;20130325;20.8;8;13.7;8;1012.9;8;1002.6;8;10.6;8;3.9;8;9.3;999.9;30.4;14.6;0.0;999.9;0;0;0;0;0;0
Ceres_Aero;872570;20130326;20.8;8;9.1;8;1019.2;8;1008.9;8;13.7;8;2.9;8;4.6;999.9;29.4;12.0;0.0;999.9;0;0;0;0;0;0
Ceres_Aero;872570;20130327;20.2;8;8.9;8;1019.8;8;1009.3;8;14.0;8;2.8;8;3.6;999.9;28.6;10.6;0.0;999.9;0;0;0;0;0;0
Ceres_Aero;872570;20130328;19.6;8;10.8;8;1019.4;8;1009.0;8;13.7;8;2.7;8;4.1;999.9;29.4;11.0;0.0;999.9;0;0;0;0;0;0
Ceres_Aero;872570;20130329;20.1;8;13.1;8;1017.3;8;1007.0;8;13.2;8;3.0;8;4.6;999.9;29.0;11.7;0.0;999.9;0;0;0;0;0;0
Ceres_Aero;872570;20130330;23.3;8;14.3;8;1013.1;8;1002.9;8;15.0;8;3.3;8;4.6;999.9;33.3;15.2;0.0;999.9;0;0;0;0;0;0
Ceres_Aero;872570;20130331;25.1;7;15.9;7;1011.4;7;1001.3;7;15.0;7;4.3;7;5.7;999.9;34.9;18.1;0.0;999.9;0;0;0;0;0;0
Ceres_Aero;872570;20130401;22.6;8;19.1;8;1012.6;8;1002.5;8;11.3;8;3.9;8;6.7;999.9;35.0;20.0;39.1;999.9;0;1;0;0;1;0
Ceres_Aero;872570;20130402;20.0;8;17.6;8;1014.6;8;1004.3;8;12.6;8;3.9;8;4.6;999.9;23.9;18.8;0.0;999.9;0;0;0;0;0;0
Ceres_Aero;872570;20130403;18.3;8;13.6;8;1017.8;8;1007.3;8;14.6;8;4.1;8;5.1;999.9;22.6;13.6;0.0;999.9;0;0;0;0;0;0
Ceres_Aero;872570;20130404;20.1;8;13.8;8;1012.7;8;1002.4;8;14.3;8;1.6;8;2.1;999.9;25.4;14.2;0.0;999.9;0;0;0;0;0;0
Ceres_Aero;872570;20130405;21.3;8;13.9;8;1009.3;8;998.9;8;15.0;8;2.6;8;3.6;999.9;29.7;14.0;0.0;999.9;0;0;0;0;0;0
Ceres_Aero;872570;20130406;22.0;8;15.7;8;1009.9;8;999.6;8;14.0;8;3.7;8;6.7;999.9;30.5;16.0;0.0;999.9;0;0;0;0;0;0
Ceres_Aero;872570;20130407;18.3;8;7.5;8;1017.8;8;1007.4;8;14.6;8;4.1;8;5.7;999.9;29.8;13.0;0.0;999.9;0;0;0;0;0;0
Ceres_Aero;872570;20130408;17.7;8;6.7;8;1018.8;8;1008.3;8;15.0;8;2.9;8;4.1;999.9;25.4;9.2;0.0;999.9;0;0;0;0;0;0
Ceres_Aero;872570;20130409;18.4;8;10.8;8;1016.8;8;1006.4;8;15.0;8;3.3;8;5.1;999.9;27.5;10.2;0.0;999.9;0;0;0;0;0;0
Ceres_Aero;872570;20130410;21.4;8;16.1;8;1011.0;8;1000.7;8;13.5;8;4.0;8;5.7;999.9;29.4;16.0;0.0;999.9;0;0;0;0;0;0
Ceres_Aero;872570;20130411;21.4;8;18.6;8;1006.0;8;995.9;8;14.2;8;4.5;8;7.7;999.9;30.0;18.6;0.5;999.9;0;1;0;0;1;0
Ceres_Aero;872570;20130412;18.8;8;14.7;8;1014.5;8;1004.1;8;16.1;8;5.1;8;6.2;999.9;24.8;16.6;3.0;999.9;0;1;0;0;1;0
Ceres_Aero;872570;20130413;16.0;8;6.9;8;1020.8;8;1010.3;8;16.9;8;2.6;8;3.6;999.9;23.0;8.6;0.0;999.9;0;0;0;0;0;0
Ceres_Aero;872570;20130414;17.1;8;8.9;8;1018.3;8;1007.8;8;15.0;8;3.3;8;5.7;999.9;26.4;9.9;0.0;999.9;0;0;0;0;0;0
Ceres_Aero;872570;20130415;20.7;8;10.7;8;1017.9;8;1007.5;8;13.7;8;2.8;8;5.1;999.9;29.8;13.8;0.0;999.9;0;0;0;0;0;0
Ceres_Aero;872570;20130416;21.2;8;12.2;8;1017.5;8;1007.2;8;13.2;8;1.9;8;3.1;999.9;30.2;13.5;0.0;999.9;0;0;0;0;0;0
Ceres_Aero;872570;20130417;20.6;8;13.8;8;1017.9;8;1007.6;8;12.1;8;2.8;8;4.6;999.9;30.4;12.0;0.0;999.9;0;0;0;0;0;0
Ceres_Aero;872570;20130418;19.9;8;12.2;8;1017.1;8;1006.7;8;13.7;8;3.6;8;4.6;999.9;29.4;10.6;0.0;999.9;0;0;0;0;0;0
Ceres_Aero;872570;20130419;18.3;8;10.4;8;1017.5;8;1007.0;8;14.2;8;3.7;8;5.1;999.9;28.6;9.4;0.0;999.9;0;0;0;0;0;0
Ceres_Aero;872570;20130420;18.8;8;11.3;8;1017.9;8;1007.4;8;15.0;8;3.1;8;4.1;999.9;29.0;10.0;0.0;999.9;0;0;0;0;0;0
Ceres_Aero;872570;20130421;20.2;8;13.3;8;1017.8;8;1007.4;8;14.6;8;3.3;8;4.6;999.9;29.8;11.2;0.0;999.9;0;0;0;0;0;0
Ceres_Aero;872570;20130422;20.7;8;13.9;8;1018.1;8;1007.7;8;13.2;8;3.3;8;4.6;999.9;30.4;12.5;0.0;999.9;0;0;0;0;0;0
Ceres_Aero;872570;20130423;21.4;8;15.5;8;1018.8;8;1008.4;8;9.2;8;3.2;8;4.6;999.9;30.4;14.2;0.0;999.9;0;0;0;0;0;0
Ceres_Aero;872570;20130424;21.3;8;14.8;8;1017.5;8;1007.2;8;11.1;8;3.6;8;5.1;999.9;30.5;13.2;0.0;999.9;0;0;0;0;0;0
Ceres_Aero;872570;20130425;21.4;8;13.9;8;1014.6;8;1004.3;8;10.9;8;3.6;8;5.7;999.9;30.3;14.3;0.0;999.9;0;0;0;0;0;0
Ceres_Aero;872570;20130426;20.0;8;13.0;8;1012.4;8;1002.1;8;11.1;8;4.3;8;7.2;999.9;31.6;13.3;0.0;999.9;0;0;0;0;0;0
Ceres_Aero;872570;20130427;25.3;8;16.9;8;1009.1;8;999.0;8;12.9;8;6.6;8;7.7;999.9;34.2;16.0;0.0;999.9;0;0;0;0;0;0
Ceres_Aero;872570;20130428;21.3;8;14.8;8;1012.0;8;1001.8;8;13.7;8;5.3;8;7.7;999.9;34.4;17.4;0.0;999.9;0;0;0;0;0;0
Ceres_Aero;872570;20130429;19.8;8;11.9;8;1014.3;8;1003.9;8;14.3;8;3.3;8;5.7;999.9;26.1;13.0;0.0;999.9;0;0;0;0;0;0
Ceres_Aero;872570;20130430;20.4;8;13.6;8;1014.4;8;1004.0;8;13.5;8;4.2;8;5.7;999.9;26.3;16.5;0.0;999.9;0;0;0;0;0;0
Ceres_Aero;872570;20130501;23.1;8;18.8;8;1010.9;8;1000.7;8;13.5;8;4.2;8;6.7;999.9;28.6;19.8;0.0;999.9;0;0;0;0;0;0
Ceres_Aero;872570;20130502;25.1;8;21.2;8;1007.5;8;997.4;8;11.4;8;3.5;8;5.7;999.9;29.4;20.2;0.0;999.9;0;0;0;0;0;0
Ceres_Aero;872570;20130503;23.3;8;19.2;8;1008.3;8;998.1;8;14.3;8;4.2;8;5.7;999.9;30.6;19.0;0.3;999.9;0;1;0;0;0;0
Ceres_Aero;872570;20130504;17.4;8;13.7;8;1015.7;8;1005.3;8;13.7;8;3.1;8;4.1;999.9;26.0;13.0;0.0;999.9;0;0;0;0;0;0
Ceres_Aero;872570;20130505;18.5;8;12.8;8;1020.9;8;1010.4;8;16.3;8;2.5;8;3.1;999.9;25.0;12.8;0.0;999.9;0;0;0;0;0;0
Ceres_Aero;872570;20130506;19.3;8;10.6;8;1017.6;8;1007.2;8;14.2;8;2.6;8;5.1;999.9;28.5;10.2;0.0;999.9;0;0;0;0;0;0
Ceres_Aero;872570;20130507;16.7;8;4.8;8;1023.9;8;1013.3;8;15.6;8;3.4;8;5.1;999.9;29.9;7.5;0.0;999.9;0;0;0;0;0;0
Ceres_Aero;872570;20130508;16.8;8;6.5;8;1015.9;8;1005.4;8;12.1;8;4.4;8;7.7;999.9;28.0;10.0;0.0;999.9;0;0;0;0;0;0
Ceres_Aero;872570;20130509;19.8;8;9.4;8;1013.1;8;1002.8;8;8.4;8;5.0;8;7.2;999.9;29.0;11.0;0.0;999.9;0;0;0;0;0;0
Ceres_Aero;872570;20130510;21.3;8;13.1;8;1009.8;8;999.5;8;10.5;8;4.8;8;7.2;999.9;31.0;12.2;0.0;999.9;0;0;0;0;0;0
Ceres_Aero;872570;20130511;22.2;8;17.3;8;1012.0;8;1001.8;8;8.7;8;4.5;8;7.2;999.9;31.0;17.0;999.9;999.9;0;1;0;0;0;0
Ceres_Aero;872570;20130512;20.0;8;12.5;8;1014.5;8;1004.2;8;15.0;8;3.8;8;4.6;999.9;25.8;16.8;0.0;999.9;0;0;0;0;0;0
Ceres_Aero;872570;20130513;20.1;8;16.9;8;1013.9;8;1003.5;8;9.5;8;2.4;8;4.6;999.9;24.6;15.0;0.0;999.9;1;0;0;0;0;0
Ceres_Aero;872570;20130514;18.6;8;14.9;8;1012.7;8;1002.3;8;6.6;8;1.8;8;3.6;999.9;25.8;12.0;0.0;999.9;1;0;0;0;0;0
Ceres_Aero;872570;20130515;12.7;8;8.3;8;1017.8;8;1007.3;8;8.0;8;6.4;8;10.3;999.9;26.2;9.4;0.0;999.9;0;1;0;0;0;0
Ceres_Aero;872570;20130516;7.8;7;-1.3;7;1027.0;7;1016.1;7;15.8;7;2.2;7;3.6;999.9;16.4;0.8;0.0;999.9;0;0;0;0;0;0
Ceres_Aero;872570;20130517;11.1;8;0.1;8;1024.9;8;1014.2;8;13.2;8;2.8;8;5.7;999.9;16.8;4.5;0.0;999.9;0;0;0;0;0;0
Ceres_Aero;872570;20130518;12.1;8;6.2;8;1021.7;8;1011.0;8;12.1;8;3.2;8;4.1;999.9;17.3;10.4;0.0;999.9;0;1;0;0;0;0
Ceres_Aero;872570;20130519;12.4;8;9.8;8;1022.2;8;1011.4;8;9.7;8;3.1;8;5.7;999.9;15.0;11.0;1.0;999.9;0;1;0;0;0;0
Ceres_Aero;872570;20130520;11.4;8;7.9;8;1022.6;8;1011.9;8;11.6;8;2.3;8;3.1;999.9;16.0;6.6;0.0;999.9;0;0;0;0;0;0
Ceres_Aero;872570;20130521;13.2;8;9.9;8;1018.5;8;1007.8;8;11.4;8;2.7;8;4.1;999.9;16.4;10.6;0.0;999.9;0;0;0;0;0;0
Ceres_Aero;872570;20130522;14.2;8;10.6;8;1020.9;8;1010.3;8;14.3;8;2.4;8;3.6;999.9;16.4;11.8;0.0;999.9;0;0;0;0;0;0
Ceres_Aero;872570;20130523;12.7;8;7.6;8;1020.8;8;1010.1;8;6.9;8;1.6;8;2.1;999.9;19.2;6.0;0.0;999.9;1;0;0;0;0;0
Ceres_Aero;872570;20130524;13.1;8;7.4;8;1021.4;8;1010.7;8;11.6;8;1.8;8;3.1;999.9;22.8;5.8;0.0;999.9;1;0;0;0;0;0
Ceres_Aero;872570;20130525;13.7;8;7.1;8;1019.8;8;1009.2;8;11.9;8;3.0;8;6.2;999.9;23.5;6.2;0.0;999.9;1;0;0;0;0;0
Ceres_Aero;872570;20130526;14.4;8;9.1;8;1014.3;8;1003.8;8;12.6;8;3.0;8;6.2;999.9;23.6;7.2;0.0;999.9;1;0;0;0;0;0
Ceres_Aero;872570;20130527;17.2;8;10.8;8;1009.6;8;999.2;8;13.2;8;3.1;8;5.7;999.9;27.0;8.0;0.0;999.9;1;0;0;0;0;0
Ceres_Aero;872570;20130528;22.1;8;15.7;8;999.6;8;989.5;8;13.8;8;3.4;8;4.6;999.9;29.0;12.3;0.0;999.9;0;0;0;0;0;0
Ceres_Aero;872570;20130529;18.6;8;8.9;8;1008.1;8;997.8;8;12.2;8;5.9;8;8.7;999.9;29.8;14.8;0.0;999.9;0;0;0;0;0;0
Ceres_Aero;872570;20130530;15.2;8;2.2;8;1016.3;8;1005.8;8;12.2;8;3.0;8;6.2;999.9;24.8;6.2;0.0;999.9;0;0;0;0;0;0
Ceres_Aero;872570;20130531;17.9;8;2.4;8;1009.2;8;998.8;8;11.7;8;6.2;8;9.3;999.9;25.3;10.4;0.0;999.9;0;0;0;0;0;0
Ceres_Aero;872570;20130601;15.1;8;7.3;8;1011.2;8;1000.7;8;4.7;8;1.8;8;4.6;999.9;25.8;7.0;0.0;999.9;0;0;0;0;0;0
Ceres_Aero;872570;20130602;14.7;8;4.5;8;1018.0;8;1007.5;8;5.3;8;2.8;8;4.6;999.9;26.8;8.2;0.0;999.9;0;0;0;0;0;0
Ceres_Aero;872570;20130603;13.4;7;3.0;7;1021.8;7;1011.1;7;14.0;7;2.0;7;4.6;999.9;23.7;3.2;0.0;999.9;0;0;0;0;0;0
Ceres_Aero;872570;20130604;15.4;8;5.8;8;1017.9;8;1007.3;8;14.6;8;2.8;8;5.7;999.9;26.8;6.2;0.0;999.9;0;0;0;0;0;0
Ceres_Aero;872570;20130605;19.2;8;8.1;8;1012.7;8;1002.3;8;12.9;8;4.2;8;7.7;999.9;29.2;8.4;0.0;999.9;0;0;0;0;0;0
Ceres_Aero;872570;20130606;15.3;8;1.8;8;1020.6;8;1010.0;8;12.6;8;4.4;8;7.2;999.9;29.5;7.0;0.0;999.9;0;0;0;0;0;0
Ceres_Aero;872570;20130607;13.2;8;4.7;8;1018.1;8;1007.4;8;11.1;8;3.3;8;5.1;999.9;25.5;4.2;0.0;999.9;0;0;0;0;0;0
Ceres_Aero;872570;20130608;17.7;8;9.3;8;1022.3;8;1011.8;8;11.4;8;3.3;8;4.1;999.9;26.0;9.0;0.0;999.9;0;0;0;0;0;0
Ceres_Aero;872570;20130609;17.8;8;12.2;8;1016.8;8;1006.4;8;13.8;8;4.1;8;5.7;999.9;22.6;14.4;0.3;999.9;0;0;0;0;1;0
Ceres_Aero;872570;20130610;19.3;8;15.2;8;1018.2;8;1007.7;8;12.1;8;2.0;8;3.6;999.9;25.2;14.5;0.0;999.9;0;0;0;0;0;0
Ceres_Aero;872570;20130611;19.3;8;14.2;8;1018.8;8;1008.4;8;13.8;8;3.0;8;4.6;999.9;27.6;14.0;0.0;999.9;0;0;0;0;0;0
Ceres_Aero;872570;20130612;20.3;8;14.6;8;1017.9;8;1007.5;8;15.0;8;3.5;8;4.6;999.9;28.8;11.4;0.0;999.9;0;0;0;0;0;0
Ceres_Aero;872570;20130613;22.2;8;16.6;8;1016.1;8;1005.8;8;11.1;8;3.4;8;5.1;999.9;29.0;16.0;0.0;999.9;0;0;0;0;0;0
Ceres_Aero;872570;20130614;19.3;8;16.4;8;1017.1;8;1006.8;8;10.9;8;4.4;8;8.7;999.9;29.0;18.0;26.9;999.9;0;1;0;0;1;0
Ceres_Aero;872570;20130615;14.9;8;12.8;8;1018.7;8;1008.1;8;12.4;8;3.2;8;4.1;999.9;20.0;11.8;6.1;999.9;0;0;0;0;0;0
Ceres_Aero;872570;20130616;14.9;8;13.1;8;1014.8;8;1004.2;8;6.3;8;3.2;8;8.2;999.9;17.0;11.8;0.0;999.9;0;1;0;0;0;0
Ceres_Aero;872570;20130617;11.3;8;7.2;8;1019.8;8;1009.1;8;14.0;8;3.4;8;5.1;999.9;17.6;7.8;0.5;999.9;0;0;0;0;0;0
Ceres_Aero;872570;20130618;13.9;8;11.2;8;1015.6;8;1005.0;8;10.9;8;3.1;7;4.6;999.9;16.4;9.5;0.0;999.9;0;1;0;0;0;0
Ceres_Aero;872570;20130619;10.7;8;1.0;8;1023.9;8;1013.2;8;13.5;8;5.9;8;7.2;999.9;16.6;4.5;0.0;999.9;0;1;0;0;0;0
Ceres_Aero;872570;20130620;8.1;8;-1.0;8;1024.5;8;1013.6;8;13.8;8;3.6;8;5.1;999.9;14.0;4.8;0.0;999.9;0;1;0;0;0;0
Ceres_Aero;872570;20130621;9.3;8;0.4;8;1015.7;8;1004.9;8;16.3;8;2.1;8;3.6;999.9;18.0;1.4;0.0;999.9;0;0;0;0;0;0
Ceres_Aero;872570;20130622;11.3;8;3.8;8;1013.6;8;1002.9;8;16.3;8;2.3;8;3.6;999.9;21.6;1.8;0.0;999.9;0;0;0;0;0;0
Ceres_Aero;872570;20130623;11.2;8;6.1;8;1020.1;8;1009.4;8;10.6;8;1.6;8;4.1;999.9;22.2;2.2;0.0;999.9;1;0;0;0;0;0
Ceres_Aero;872570;20130624;10.8;8;5.7;8;1020.6;8;1009.9;8;13.7;8;3.3;8;4.1;999.9;18.8;3.7;0.0;999.9;0;0;0;0;0;0
Ceres_Aero;872570;20130625;10.6;8;5.6;8;1019.2;8;1008.5;8;10.5;8;1.8;8;3.1;999.9;19.5;2.5;0.0;999.9;1;0;0;0;0;0
Ceres_Aero;872570;20130626;10.7;8;5.4;8;1018.6;8;1007.9;8;9.0;8;2.4;8;4.6;999.9;19.8;1.6;0.0;999.9;1;0;0;0;0;0
Ceres_Aero;872570;20130627;12.2;8;6.4;8;1015.8;8;1005.2;8;13.8;8;4.7;8;8.2;999.9;20.0;5.0;0.0;999.9;0;0;0;0;0;0
Ceres_Aero;872570;20130628;13.4;7;9.9;7;1009.5;7;999.0;7;9.5;7;3.3;7;5.1;999.9;19.0;6.8;0.0;999.9;1;0;0;0;0;0
Ceres_Aero;872570;20130629;14.7;8;9.9;8;1014.8;8;1004.3;8;11.9;8;3.4;8;5.7;999.9;21.8;9.4;0.0;999.9;1;0;0;0;0;0
Ceres_Aero;872570;20130630;12.3;8;5.9;8;1019.4;8;1008.7;8;12.1;8;2.7;8;5.1;999.9;21.8;4.4;0.0;999.9;1;0;0;0;0;0
Ceres_Aero;872570;20130701;11.6;8;2.0;8;1022.9;8;1012.1;8;14.3;8;2.5;8;3.6;999.9;22.0;3.0;0.0;999.9;0;0;0;0;0;0
Ceres_Aero;872570;20130702;13.8;8;2.1;8;1016.9;8;1006.2;8;12.2;8;5.5;8;8.7;999.9;23.6;6.5;0.0;999.9;0;0;0;0;0;0
Ceres_Aero;872570;20130703;17.5;8;9.4;8;1010.1;8;999.7;8;12.4;8;6.2;8;9.8;999.9;25.8;8.5;0.0;999.9;0;0;0;0;0;0
Ceres_Aero;872570;20130704;19.2;8;15.9;8;1011.2;8;1000.9;8;14.0;8;3.3;8;4.6;999.9;26.6;10.4;2.0;999.9;0;1;0;0;0;0
Ceres_Aero;872570;20130705;17.3;8;13.6;8;1012.6;8;1002.2;8;10.5;8;2.7;8;3.6;999.9;23.5;14.5;2.0;999.9;0;1;0;0;0;0
Ceres_Aero;872570;20130706;15.8;8;13.3;8;1014.2;8;1003.8;8;10.1;8;4.5;8;8.2;999.9;20.0;11.8;0.0;999.9;0;1;0;0;0;0
Ceres_Aero;872570;20130707;11.3;8;5.7;8;1023.9;8;1013.2;8;14.3;8;6.8;8;8.7;999.9;16.9;9.6;0.0;999.9;0;0;0;0;0;0
Ceres_Aero;872570;20130708;10.7;8;4.3;8;1029.0;8;1018.2;8;13.8;8;4.2;8;6.7;999.9;14.8;7.8;0.0;999.9;0;0;0;0;0;0
Ceres_Aero;872570;20130709;12.9;8;7.8;8;1019.9;8;1009.2;8;11.6;8;3.0;8;4.1;999.9;16.2;8.0;0.0;999.9;0;0;0;0;1;0
Ceres_Aero;872570;20130710;16.9;9;14.7;9;1015.6;9;1005.0;9;6.3;9;3.1;9;4.1;999.9;21.0;11.6;0.0;999.9;1;1;0;0;0;0
Ceres_Aero;872570;20130711;20.6;8;16.3;8;1012.7;8;1002.3;8;13.2;8;4.1;8;6.2;999.9;27.0;15.6;0.8;999.9;0;0;0;0;0;0
Ceres_Aero;872570;20130712;14.7;8;11.9;8;1020.4;8;1009.9;8;12.1;8;5.3;8;7.2;999.9;27.0;13.0;2.0;999.9;0;1;0;0;0;0
Ceres_Aero;872570;20130713;15.5;8;11.6;8;1018.1;8;1007.5;8;15.0;8;2.3;8;3.6;999.9;19.6;12.2;0.0;999.9;0;0;0;0;0;0
Ceres_Aero;872570;20130714;16.4;8;11.3;8;1018.7;8;1008.1;8;13.2;8;2.9;8;5.1;999.9;19.6;14.2;0.0;999.9;0;1;0;0;0;0
Ceres_Aero;872570;20130715;12.4;8;1.0;8;1023.0;8;1012.3;8;15.0;8;2.3;8;3.6;999.9;21.1;2.8;0.0;999.9;0;0;0;0;0;0
Ceres_Aero;872570;20130716;14.7;8;8.3;8;1018.4;8;1007.8;8;15.0;8;3.7;8;6.7;999.9;24.4;6.2;0.0;999.9;0;0;0;0;0;0
Ceres_Aero;872570;20130717;18.3;8;11.7;8;1012.2;8;1001.7;8;15.6;8;3.9;8;7.2;999.9;26.4;11.2;0.0;999.9;0;0;0;0;0;0
Ceres_Aero;872570;20130718;14.6;8;8.1;8;1012.9;8;1002.4;8;11.6;8;6.0;8;11.3;999.9;27.4;11.0;0.0;999.9;0;0;0;0;0;0
Ceres_Aero;872570;20130719;7.3;8;-1.5;8;1024.6;8;1013.8;8;13.5;8;3.7;8;5.7;999.9;15.4;3.0;0.0;999.9;0;0;0;0;0;0
Ceres_Aero;872570;20130720;8.7;8;-0.1;8;1013.6;8;1002.8;8;12.6;8;2.8;8;5.7;999.9;15.0;2.4;0.0;999.9;0;0;0;0;0;0
Ceres_Aero;872570;20130721;6.9;8;-3.8;8;1021.4;8;1010.6;8;10.1;8;5.1;8;8.7;999.9;15.4;3.0;0.0;999.9;0;0;0;0;0;0
Ceres_Aero;872570;20130722;4.8;8;-5.7;8;1028.7;8;1017.7;8;13.4;8;3.8;8;6.2;999.9;10.2;-1.4;0.0;999.9;0;0;0;0;0;0
Ceres_Aero;872570;20130723;4.7;8;-8.4;8;1028.8;8;1017.8;8;14.6;8;2.5;8;5.1;999.9;13.0;-6.0;0.0;999.9;0;0;0;0;0;0
Ceres_Aero;872570;20130724;7.5;8;-6.6;8;1028.4;8;1017.5;8;14.0;8;2.5;8;3.6;999.9;15.2;-2.5;0.0;999.9;0;0;0;0;0;0
Ceres_Aero;872570;20130725;8.6;8;-5.9;8;1025.4;8;1014.5;8;15.0;8;4.7;8;7.7;999.9;20.0;-0.8;0.0;999.9;0;0;0;0;0;0
Ceres_Aero;872570;20130726;11.8;8;-2.0;8;1021.8;8;1011.2;8;13.2;8;6.5;8;9.3;999.9;20.0;4.0;0.0;999.9;0;0;0;0;0;0
Ceres_Aero;872570;20130727;13.4;8;3.5;8;1020.3;8;1009.6;8;15.0;8;3.1;8;5.1;999.9;22.4;4.5;0.0;999.9;0;0;0;0;0;0
Ceres_Aero;872570;20130728;14.4;8;6.0;8;1020.7;8;1010.0;8;10.1;8;2.2;8;3.6;999.9;25.2;5.2;0.0;999.9;0;0;0;0;0;0
Ceres_Aero;872570;20130729;17.5;8;7.9;8;1018.9;8;1008.4;8;12.9;8;3.8;8;5.7;999.9;30.0;6.8;0.0;999.9;0;0;0;0;0;0
Ceres_Aero;872570;20130730;23.5;8;15.4;8;1013.7;8;1003.4;8;7.7;8;7.2;8;9.3;999.9;31.0;12.0;0.0;999.9;0;0;0;0;0;0
Ceres_Aero;872570;20130731;20.7;8;11.9;8;1009.8;8;999.5;8;8.4;8;5.9;8;8.2;999.9;32.2;16.0;0.0;999.9;0;0;0;0;0;0
Ceres_Aero;872570;20130801;13.7;7;9.8;7;1013.5;7;1003.0;7;9.3;7;6.7;7;7.7;999.9;16.0;12.4;0.0;999.9;0;0;0;0;0;0
Ceres_Aero;872570;20130802;12.7;8;5.5;8;1019.6;8;1008.9;8;14.0;8;5.4;8;6.7;999.9;17.8;8.2;0.0;999.9;0;0;0;0;0;0
Ceres_Aero;872570;20130803;9.3;8;4.3;8;1017.6;8;1006.9;8;9.0;8;3.3;8;6.7;999.9;19.0;1.0;0.0;999.9;1;0;0;0;0;0
Ceres_Aero;872570;20130804;9.4;8;3.2;8;1019.9;8;1009.1;8;10.3;8;2.3;8;4.1;999.9;19.6;0.3;0.0;999.9;1;0;0;0;0;0
Ceres_Aero;872570;20130805;14.1;8;7.1;8;1015.5;8;1004.9;8;12.1;8;2.7;8;4.1;999.9;24.6;2.5;0.0;999.9;0;0;0;0;0;0
Ceres_Aero;872570;20130806;16.7;8;4.2;8;1017.7;8;1007.2;8;10.9;8;4.9;8;9.3;999.9;25.4;8.2;0.0;999.9;0;0;0;0;0;0
Ceres_Aero;872570;20130807;21.7;8;9.3;8;1003.0;8;992.7;8;5.8;8;4.8;8;8.8;999.9;34.4;10.6;0.0;999.9;0;0;0;0;0;0
Ceres_Aero;872570;20130808;16.8;8;-0.1;8;1012.5;8;1002.2;8;7.1;8;9.6;8;12.4;999.9;21.4;12.8;0.0;999.9;0;0;0;0;0;0
Ceres_Aero;872570;20130809;11.9;8;-5.7;8;1027.0;8;1016.3;8;13.2;8;5.1;8;8.2;999.9;19.5;8.5;0.0;999.9;0;0;0;0;0;0
Ceres_Aero;872570;20130810;8.6;8;-5.2;8;1027.8;8;1017.0;8;13.5;8;2.4;8;4.1;999.9;17.4;0.0;0.0;999.9;0;0;0;0;0;0
Ceres_Aero;872570;20130811;11.7;8;-5.9;8;1016.1;8;1005.4;8;12.1;8;5.7;8;8.8;999.9;21.8;1.4;0.0;999.9;0;0;0;0;0;0
Ceres_Aero;872570;20130812;12.7;8;-0.6;8;1013.2;8;1002.5;8;10.6;8;4.8;8;8.2;999.9;22.6;3.2;0.0;999.9;0;0;0;0;0;0
Ceres_Aero;872570;20130813;11.1;7;-1.7;7;1025.9;7;1015.2;7;12.7;7;7.0;7;10.3;999.9;23.0;6.4;0.0;999.9;0;0;0;0;0;0
Ceres_Aero;872570;20130814;6.3;8;-7.1;8;1034.5;8;1023.5;8;13.8;8;1.7;8;2.6;999.9;14.2;-1.8;0.0;999.9;0;0;0;0;0;0
Ceres_Aero;872570;20130815;8.9;8;-6.4;8;1025.3;8;1014.4;8;10.9;8;5.8;8;8.2;999.9;18.2;1.1;0.0;999.9;0;0;0;0;0;0
Ceres_Aero;872570;20130816;11.6;7;-6.9;7;1022.4;7;1011.7;7;10.0;7;3.1;7;4.6;999.9;21.8;-1.2;0.0;999.9;0;0;0;0;0;0
Ceres_Aero;872570;20130817;12.2;8;-0.5;8;1025.8;8;1015.1;8;7.6;8;3.5;8;5.1;999.9;22.8;2.8;0.0;999.9;0;0;0;0;0;0
Ceres_Aero;872570;20130818;12.8;8;0.6;8;1020.1;8;1009.4;8;5.0;8;3.8;8;5.7;999.9;24.4;2.6;0.0;999.9;0;0;0;0;0;0
Ceres_Aero;872570;20130819;18.3;8;6.3;8;1014.3;8;1003.8;8;5.6;8;5.0;8;7.7;999.9;30.0;8.6;0.0;999.9;0;0;0;0;0;0
Ceres_Aero;872570;20130820;21.7;8;11.2;8;1012.0;8;1001.7;8;6.1;8;3.7;8;6.2;999.9;32.2;12.0;0.0;999.9;0;0;0;0;0;0
Ceres_Aero;872570;20130821;22.1;8;12.9;8;1006.9;8;996.7;8;7.1;8;2.9;8;4.6;999.9;33.0;13.5;0.0;999.9;0;0;0;0;0;0
Ceres_Aero;872570;20130822;15.2;8;0.1;8;1014.0;8;1003.6;8;6.1;8;7.9;8;11.3;999.9;29.5;10.9;0.0;999.9;0;0;0;0;0;0
Ceres_Aero;872570;20130823;9.6;8;-10.0;8;1024.5;8;1013.8;8;11.3;8;5.5;8;7.2;999.9;14.0;6.7;0.0;999.9;0;0;0;0;0;0
Ceres_Aero;872570;20130824;9.5;8;-6.2;8;1027.7;8;1016.9;8;14.3;8;5.0;8;6.2;999.9;14.4;6.6;0.0;999.9;0;0;0;0;0;0
Ceres_Aero;872570;20130825;10.3;8;-5.1;8;1030.8;8;1019.9;8;12.7;8;5.3;8;8.2;999.9;16.0;5.4;0.0;999.9;0;0;0;0;0;0
Ceres_Aero;872570;20130826;8.9;8;-3.6;8;1033.2;8;1022.2;8;14.0;8;4.0;8;4.6;999.9;16.2;1.2;0.0;999.9;0;0;0;0;0;0
Ceres_Aero;872570;20130827;8.6;8;-5.9;8;1028.9;8;1018.0;8;11.6;8;3.6;8;5.1;999.9;19.2;-2.5;0.0;999.9;0;0;0;0;0;0
Ceres_Aero;872570;20130828;14.1;8;-2.7;8;1024.2;8;1013.4;8;9.8;8;4.9;8;7.7;999.9;25.0;4.0;0.0;999.9;0;0;0;0;0;0
Ceres_Aero;872570;20130829;17.8;8;-3.2;8;1018.6;8;1008.1;8;11.6;8;4.8;8;7.7;999.9;28.2;8.0;0.0;999.9;0;0;0;0;0;0
Ceres_Aero;872570;20130830;19.9;8;-0.3;8;1012.5;8;1002.2;8;7.4;8;5.1;8;7.2;999.9;32.2;8.4;0.0;999.9;0;0;0;0;0;0
Ceres_Aero;872570;20130831;21.1;8;2.3;8;1009.4;8;999.2;8;7.1;8;4.0;8;5.7;999.9;33.8;7.8;0.0;999.9;0;0;0;0;0;0
Ceres_Aero;872570;20130901;22.9;7;7.1;7;1009.8;7;999.6;7;6.9;7;4.0;7;6.2;999.9;33.2;10.0;0.0;999.9;0;0;0;0;0;0
Ceres_Aero;872570;20130902;22.7;8;8.3;8;1009.4;8;999.2;8;8.7;8;3.9;8;4.6;999.9;33.5;14.0;0.0;999.9;0;0;0;0;0;0
Ceres_Aero;872570;20130903;17.9;8;4.8;8;1020.4;8;1010.0;8;8.0;8;5.9;8;9.3;999.9;31.5;12.0;0.0;999.9;0;0;0;0;0;0
Ceres_Aero;872570;20130904;13.7;8;-1.1;8;1024.2;8;1013.5;8;10.3;8;5.2;8;7.7;999.9;22.0;6.2;0.0;999.9;0;0;0;0;0;0
Ceres_Aero;872570;20130905;19.3;8;4.5;8;1015.9;8;1005.4;8;9.7;8;6.1;8;8.2;999.9;30.0;11.0;0.0;999.9;0;0;0;0;0;0
Ceres_Aero;872570;20130906;24.0;8;10.5;8;1013.1;8;1002.9;8;6.9;8;5.2;8;8.2;999.9;35.2;14.0;0.0;999.9;0;0;0;0;0;0
Ceres_Aero;872570;20130907;28.8;8;11.7;8;1007.6;8;997.5;8;6.9;8;6.0;8;9.3;999.9;37.5;21.0;0.0;999.9;0;0;0;0;0;0
Ceres_Aero;872570;20130908;25.9;8;9.8;8;1013.7;8;1003.6;8;8.4;8;5.5;8;7.7;999.9;38.2;16.0;0.0;999.9;0;0;0;0;0;0
Ceres_Aero;872570;20130909;26.4;8;10.8;8;1012.7;8;1002.5;8;11.4;8;5.9;8;10.8;999.9;39.2;16.8;0.0;999.9;0;0;0;0;0;0
Ceres_Aero;872570;20130910;31.4;8;10.8;8;1007.8;8;997.9;8;8.0;8;8.0;8;11.8;999.9;40.0;22.4;0.0;999.9;0;0;0;0;0;0
Ceres_Aero;872570;20130911;32.1;8;12.4;8;1004.8;8;995.0;8;5.3;8;7.3;8;11.3;999.9;40.8;23.5;0.0;999.9;0;0;0;0;0;0
Ceres_Aero;872570;20130912;24.8;8;10.2;8;1005.2;8;995.2;8;6.8;8;6.0;8;9.8;999.9;41.2;17.2;0.0;999.9;0;0;0;0;0;0
Ceres_Aero;872570;20130913;13.3;8;8.4;8;1017.6;8;1007.1;8;11.7;8;8.9;8;11.3;999.9;27.4;11.5;0.0;999.9;0;1;0;0;0;0
Ceres_Aero;872570;20130914;11.3;8;8.5;8;1020.5;8;1009.8;8;10.6;8;5.8;8;6.7;999.9;14.0;9.4;7.9;999.9;0;1;0;0;1;0
Ceres_Aero;872570;20130915;11.9;8;8.1;8;1018.9;8;1008.2;8;9.3;8;5.3;8;7.2;999.9;15.0;10.0;0.3;999.9;0;1;0;0;0;0
Ceres_Aero;872570;20130916;11.2;8;3.4;8;1018.6;8;1007.8;8;11.9;8;7.0;8;9.8;999.9;16.4;7.0;0.0;999.9;0;0;0;0;0;0
Ceres_Aero;872570;20130917;10.5;8;-0.2;8;1023.1;8;1012.3;8;15.0;8;5.0;8;7.7;999.9;15.4;6.0;0.0;999.9;0;0;0;0;0;0
Ceres_Aero;872570;20130918;11.8;8;-2.8;8;1023.0;8;1012.2;8;12.2;8;2.6;8;4.1;999.9;21.0;4.0;0.0;999.9;0;0;0;0;0;0
Ceres_Aero;872570;20130919;14.9;8;-4.5;8;1020.8;8;1010.2;8;8.0;8;5.4;8;8.7;999.9;23.6;5.4;0.0;999.9;0;0;0;0;0;0
Ceres_Aero;872570;20130920;17.6;8;2.2;8;1010.5;8;1000.0;8;10.3;8;3.8;8;5.7;999.9;28.4;7.5;0.0;999.9;0;0;0;0;0;0
Ceres_Aero;872570;20130921;17.6;8;4.6;8;1009.2;8;998.8;8;7.7;8;5.1;8;9.3;999.9;28.8;9.8;0.0;999.9;0;0;0;0;0;0
Ceres_Aero;872570;20130922;11.6;8;5.2;8;1022.3;8;1011.6;8;9.5;8;7.5;8;9.3;999.9;23.2;7.8;17.0;999.9;0;1;0;0;0;0
Ceres_Aero;872570;20130923;11.2;8;2.7;8;1029.7;8;1018.8;8;15.9;8;3.1;8;5.1;999.9;17.4;4.8;2.0;999.9;0;0;0;0;0;0
Ceres_Aero;872570;20130924;11.6;8;1.1;8;1030.9;8;1020.1;8;15.9;8;2.8;8;5.1;999.9;18.5;3.0;0.0;999.9;0;0;0;0;0;0
Ceres_Aero;872570;20130925;11.8;8;2.2;8;1025.5;8;1014.8;8;14.0;8;4.4;8;6.7;999.9;20.2;1.9;0.0;999.9;0;0;0;0;0;0
Ceres_Aero;872570;20130926;16.1;8;5.3;8;1017.5;8;1006.9;8;12.1;8;5.2;8;7.2;999.9;24.9;8.2;0.0;999.9;0;0;0;0;0;0
Ceres_Aero;872570;20130927;17.7;8;7.6;8;1013.9;8;1003.5;8;11.9;8;3.6;8;4.6;999.9;25.5;10.4;0.0;999.9;0;0;0;0;0;0
Ceres_Aero;872570;20130928;16.9;8;8.7;8;1015.7;8;1005.3;8;10.1;8;6.0;8;9.8;999.9;25.8;13.2;0.0;999.9;0;0;0;0;0;0
Ceres_Aero;872570;20130929;12.1;8;-0.2;8;1022.6;8;1011.9;8;13.2;8;6.7;8;8.8;999.9;20.5;8.0;0.0;999.9;0;0;0;0;0;0
Ceres_Aero;872570;20130930;15.4;8;2.7;8;1020.3;8;1009.7;8;15.0;8;4.1;8;7.2;999.9;20.2;9.0;0.0;999.9;0;0;0;0;0;0
Ceres_Aero;872570;20131001;14.9;8;4.2;8;1018.1;8;1007.5;8;15.9;8;3.1;8;5.1;999.9;22.4;7.4;0.0;999.9;0;0;0;0;0;0
Ceres_Aero;872570;20131002;16.5;8;4.2;8;1016.4;8;1005.9;8;12.9;8;3.5;8;5.1;999.9;25.2;6.8;0.0;999.9;0;0;0;0;0;0
Ceres_Aero;872570;20131003;18.3;8;6.8;8;1015.7;8;1005.3;8;15.0;8;4.7;8;7.7;999.9;26.2;12.5;0.0;999.9;0;0;0;0;0;0
Ceres_Aero;872570;20131004;16.1;8;6.5;8;1022.5;8;1012.0;8;15.0;8;5.3;8;8.7;999.9;25.0;9.4;0.0;999.9;0;0;0;0;0;0
Ceres_Aero;872570;20131005;17.5;8;4.8;8;1020.7;8;1010.1;8;12.1;8;3.1;8;5.7;999.9;26.8;6.8;0.0;999.9;0;0;0;0;0;0
Ceres_Aero;872570;20131006;18.8;8;5.2;8;1021.3;8;1010.8;8;14.6;8;3.9;8;6.7;999.9;28.0;7.4;0.0;999.9;0;0;0;0;0;0
Ceres_Aero;872570;20131007;19.6;8;4.7;8;1020.8;8;1010.3;8;11.6;8;5.3;8;8.2;999.9;28.6;9.6;0.0;999.9;0;0;0;0;0;0
Ceres_Aero;872570;20131008;22.0;8;6.8;8;1015.4;8;1005.1;8;12.6;8;5.3;8;7.7;999.9;33.2;11.3;0.0;999.9;0;0;0;0;0;0
Ceres_Aero;872570;20131009;27.2;8;11.8;8;1009.9;8;999.9;8;5.3;8;6.6;8;8.2;999.9;35.2;19.6;0.0;999.9;0;0;0;0;0;0
Ceres_Aero;872570;20131010;23.8;8;15.4;8;1013.9;8;1003.7;8;10.9;8;3.4;8;5.1;999.9;36.0;16.0;0.0;999.9;0;0;0;0;1;0
Ceres_Aero;872570;20131011;22.6;8;16.6;8;1014.4;8;1004.2;8;10.0;8;4.1;8;6.2;999.9;29.6;17.9;999.9;999.9;0;1;0;0;1;0
Ceres_Aero;872570;20131012;20.0;7;15.7;7;1013.8;7;1003.5;7;12.9;7;4.6;7;6.2;999.9;28.0;16.9;5.3;999.9;0;1;0;0;1;0
Ceres_Aero;872570;20131013;21.4;8;16.6;8;1014.2;8;1003.8;8;9.8;8;2.7;8;3.1;999.9;28.0;16.0;0.0;999.9;1;0;0;0;0;0
Ceres_Aero;872570;20131014;24.9;8;15.2;8;1015.2;8;1005.0;8;15.0;8;3.7;8;5.7;999.9;33.3;17.0;0.0;999.9;0;0;0;0;0;0
Ceres_Aero;872570;20131015;25.7;8;13.8;8;1016.8;8;1006.6;8;11.6;8;3.9;8;7.2;999.9;34.0;17.2;0.0;999.9;0;0;0;0;0;0
Ceres_Aero;872570;20131016;24.4;8;8.9;8;1015.3;8;1005.1;8;12.1;8;4.0;8;5.7;999.9;33.5;13.4;0.0;999.9;0;0;0;0;0;0
Ceres_Aero;872570;20131017;24.0;8;12.5;8;1015.1;8;1004.9;8;11.1;8;3.8;8;7.7;999.9;32.6;14.0;0.0;999.9;0;0;0;0;0;0
Ceres_Aero;872570;20131018;24.9;8;11.1;8;1012.5;8;1002.3;8;12.1;8;2.2;8;3.1;999.9;33.5;15.8;0.0;999.9;0;0;0;0;0;0
Ceres_Aero;872570;20131019;27.4;8;9.3;8;1007.8;8;997.8;8;13.2;8;5.4;8;7.2;999.9;35.7;18.0;0.0;999.9;0;0;0;0;0;0
Ceres_Aero;872570;20131020;30.2;8;10.8;8;998.7;8;988.8;8;8.4;8;7.3;8;11.3;999.9;38.4;22.1;0.0;999.9;0;0;0;0;0;0
Ceres_Aero;872570;20131021;22.8;8;13.3;8;1011.2;8;1001.1;8;14.0;8;6.5;8;10.3;999.9;39.4;15.7;5.1;999.9;0;1;0;0;1;0
Ceres_Aero;872570;20131022;22.0;8;6.6;8;1010.3;8;1000.1;8;13.2;8;5.8;8;8.2;999.9;31.6;12.2;0.0;999.9;0;0;0;0;0;0
Ceres_Aero;872570;20131023;26.7;8;14.7;8;1005.1;8;995.1;8;12.6;8;5.0;8;9.3;999.9;37.1;16.2;0.0;999.9;0;0;0;0;0;0
Ceres_Aero;872570;20131024;21.3;8;12.2;8;1018.3;8;1008.1;8;9.5;8;9.0;8;12.4;999.9;25.2;16.2;0.3;999.9;0;1;0;0;0;0
Ceres_Aero;872570;20131025;18.8;8;7.3;8;1019.2;8;1008.8;8;11.6;8;5.0;8;5.7;999.9;25.4;15.0;0.0;999.9;0;0;0;0;0;0
Ceres_Aero;872570;20131026;18.8;8;14.7;8;1013.8;8;1003.5;8;12.6;8;4.8;8;6.2;999.9;22.9;15.8;1.0;999.9;0;1;0;0;0;0
Ceres_Aero;872570;20131027;22.0;8;11.3;8;1017.5;8;1007.1;8;10.8;8;3.4;8;6.7;999.9;32.4;11.0;0.0;999.9;1;0;0;0;0;0
Ceres_Aero;872570;20131028;23.8;8;8.7;8;1015.2;8;1005.0;8;13.4;8;6.4;8;11.3;999.9;32.8;16.0;0.0;999.9;0;0;0;0;0;0
Ceres_Aero;872570;20131029;26.1;8;10.7;8;1009.3;8;999.2;8;14.3;8;5.0;8;7.2;999.9;35.4;17.6;0.0;999.9;0;0;0;0;0;0
Ceres_Aero;872570;20131030;28.0;8;13.0;8;1007.8;8;997.8;8;10.9;8;6.1;8;8.8;999.9;35.8;20.2;0.0;999.9;0;0;0;0;0;0
Ceres_Aero;872570;20131031;25.5;8;19.6;8;1004.6;8;994.6;8;13.4;8;8.5;8;12.9;999.9;37.5;19.8;25.9;999.9;0;1;0;0;1;0
Ceres_Aero;872570;20131101;23.4;8;19.9;8;1003.9;8;993.8;8;10.6;8;6.6;8;10.3;999.9;28.5;19.6;37.1;999.9;0;1;0;0;1;0
Ceres_Aero;872570;20131102;20.8;8;13.1;8;1014.2;8;1003.9;8;17.5;8;6.7;8;8.8;999.9;24.5;17.1;47.0;999.9;0;1;0;0;0;0
Ceres_Aero;872570;20131103;20.3;7;10.9;7;1018.3;7;1007.9;7;16.4;7;3.9;7;6.2;999.9;26.2;15.0;0.0;999.9;0;0;0;0;0;0
Ceres_Aero;872570;20131104;20.5;8;8.8;8;1017.5;8;1007.2;8;15.0;8;3.9;8;5.1;999.9;28.2;11.5;0.0;999.9;0;0;0;0;0;0
Ceres_Aero;872570;20131105;21.3;8;11.0;8;1016.9;8;1006.6;8;14.2;8;4.0;8;5.7;999.9;29.4;13.0;0.0;999.9;0;0;0;0;0;0
Ceres_Aero;872570;20131106;24.1;8;12.6;8;1013.0;8;1002.8;8;13.0;8;5.6;8;8.2;999.9;33.2;15.4;0.0;999.9;0;0;0;0;0;0
Ceres_Aero;872570;20131107;28.0;8;16.2;8;1009.6;8;999.6;8;10.8;8;6.1;8;7.7;999.9;34.2;20.4;0.0;999.9;0;0;0;0;0;0
Ceres_Aero;872570;20131108;25.4;8;18.1;8;1008.0;8;997.9;8;11.6;8;4.3;8;8.7;999.9;34.8;19.8;0.0;999.9;0;0;0;0;0;0
Ceres_Aero;872570;20131109;22.6;8;18.4;8;1004.0;8;993.9;8;14.3;8;9.3;8;12.4;999.9;30.8;19.5;0.3;999.9;0;0;0;0;1;0
Ceres_Aero;872570;20131110;21.4;7;19.3;7;1001.3;7;991.2;7;12.4;7;6.6;7;7.7;999.9;27.0;19.9;0.0;999.9;0;1;0;0;1;0
Ceres_Aero;872570;20131111;19.3;8;14.4;8;1008.7;8;998.4;8;12.6;8;7.3;8;11.8;999.9;23.5;16.0;17.0;999.9;0;1;0;0;1;0
Ceres_Aero;872570;20131112;22.3;7;11.7;7;1011.0;7;1000.7;7;15.3;7;2.7;7;4.1;999.9;29.6;15.4;0.0;999.9;0;0;0;0;0;0
Ceres_Aero;872570;20131113;23.8;8;13.8;8;1012.4;8;1002.2;8;10.0;8;5.8;8;8.2;999.9;31.6;17.4;0.0;999.9;0;0;0;0;0;0
