Chamical_Aero;873200;2013;01;01;25.7;5;12.1;5;1015.3;5;963.6;5;20.0;5;1.6;5;3.1;999.9;39.7;19.0;0.0;999.9;0;0;0;0;0;0
Chamical_Aero;873200;2013;01;02;24.6;5;8.1;5;1014.1;5;962.0;5;20.0;5;1.9;5;6.2;999.9;30.2;18.0;0.0;999.9;0;0;0;0;0;0
Chamical_Aero;873200;2013;01;03;27.2;6;12.0;6;1009.2;5;957.6;5;20.0;6;3.1;6;5.1;999.9;34.2;17.0;0.0;999.9;0;0;0;0;0;0
Chamical_Aero;873200;2013;01;04;31.1;6;15.4;6;1005.4;6;954.8;6;20.0;6;2.2;6;6.2;999.9;37.8;22.3;0.0;999.9;0;0;0;0;0;0
Chamical_Aero;873200;2013;01;05;27.4;6;17.4;6;1005.8;6;954.9;6;20.0;6;1.3;6;5.1;999.9;38.5;21.8;0.0;999.9;0;0;0;0;0;0
Chamical_Aero;873200;2013;01;06;27.4;6;17.1;6;1005.8;6;954.6;6;20.0;6;2.1;6;6.2;999.9;30.7;21.0;0.0;999.9;0;0;0;0;0;0
Chamical_Aero;873200;2013;01;07;29.3;6;17.5;6;1000.7;6;949.9;6;20.0;6;1.9;6;5.1;999.9;37.2;19.0;0.0;999.9;0;0;0;0;0;0
Chamical_Aero;873200;2013;01;08;27.4;6;20.4;6;1005.3;6;954.6;6;16.9;6;6.6;6;17.0;999.9;37.6;17.8;0.0;999.9;0;0;0;0;1;0
Chamical_Aero;873200;2013;01;09;26.6;6;18.4;6;1013.6;6;961.7;6;20.0;6;1.7;6;4.1;999.9;33.3;17.8;25.9;999.9;0;0;0;0;0;0
Chamical_Aero;873200;2013;01;10;31.1;6;19.0;6;1011.4;5;960.4;5;20.0;6;2.1;6;4.1;999.9;35.0;23.6;0.0;999.9;0;0;0;0;0;0
Chamical_Aero;873200;2013;01;11;29.8;6;18.3;6;1007.2;6;956.7;6;20.0;6;2.6;6;5.1;999.9;36.0;23.7;0.0;999.9;0;0;0;0;0;0
Chamical_Aero;873200;2013;01;12;30.9;6;17.6;6;1006.0;6;955.5;6;20.0;6;1.8;6;2.6;999.9;37.0;24.5;0.0;999.9;0;0;0;0;0;0
Chamical_Aero;873200;2013;01;13;32.2;6;17.1;6;1008.4;6;957.7;6;20.0;6;1.7;6;5.1;999.9;37.5;24.0;0.0;999.9;0;0;0;0;0;0
Chamical_Aero;873200;2013;01;14;30.9;6;16.7;6;1010.3;6;959.5;6;23.3;6;3.0;6;6.7;999.9;38.7;24.4;0.0;999.9;0;0;0;0;0;0
Chamical_Aero;873200;2013;01;15;31.3;6;14.9;6;1007.2;6;956.5;6;20.8;6;2.8;6;6.2;999.9;37.1;22.5;0.0;999.9;0;0;0;0;0;0
Chamical_Aero;873200;2013;01;16;27.7;6;18.9;6;1006.1;6;955.1;6;19.2;6;2.0;6;3.1;999.9;37.5;19.0;11.9;999.9;0;1;0;0;1;0
Chamical_Aero;873200;2013;01;17;29.5;6;18.6;6;1010.8;6;959.7;6;24.1;6;0.3;6;1.5;999.9;35.0;20.0;0.0;999.9;0;0;0;0;0;0
Chamical_Aero;873200;2013;01;18;28.7;6;17.4;6;1012.1;6;960.8;6;20.8;6;1.4;6;2.1;999.9;35.0;20.1;0.0;999.9;0;0;0;0;0;0
Chamical_Aero;873200;2013;01;19;29.7;6;15.3;6;1013.7;6;962.4;6;20.0;6;2.1;6;5.1;999.9;34.9;22.5;0.0;999.9;0;0;0;0;0;0
Chamical_Aero;873200;2013;01;20;27.7;6;15.5;6;1015.3;6;963.7;6;22.5;6;2.2;6;5.1;999.9;35.0;22.4;0.0;999.9;0;0;0;0;0;0
Chamical_Aero;873200;2013;01;21;24.7;6;15.1;6;1015.3;6;963.3;6;20.8;6;3.7;6;7.2;999.9;31.0;22.0;0.0;999.9;0;1;0;0;0;0
Chamical_Aero;873200;2013;01;22;28.2;6;15.3;6;1011.6;6;960.1;6;20.0;6;2.7;6;5.1;999.9;34.4;19.0;0.0;999.9;0;0;0;0;0;0
Chamical_Aero;873200;2013;01;23;31.4;6;16.8;6;1008.9;6;957.5;6;24.1;6;1.1;6;3.1;999.9;37.5;22.5;0.0;999.9;0;0;0;0;0;0
Chamical_Aero;873200;2013;01;24;32.9;6;17.9;6;1004.4;6;954.1;6;21.7;6;1.7;6;5.1;999.9;40.4;23.2;0.0;999.9;0;0;0;0;0;0
Chamical_Aero;873200;2013;01;25;28.3;6;16.4;6;1009.4;6;958.3;6;20.8;6;1.4;6;3.1;999.9;42.0;15.0;23.1;999.9;0;0;0;0;0;0
Chamical_Aero;873200;2013;01;26;27.6;6;13.9;6;1010.9;6;959.3;6;24.1;6;2.4;6;5.1;999.9;33.7;19.4;0.0;999.9;0;0;0;0;0;0
Chamical_Aero;873200;2013;01;27;31.6;5;16.6;5;1007.8;5;957.4;5;20.9;5;4.4;5;7.2;999.9;36.5;22.6;0.0;999.9;0;0;0;0;0;0
Chamical_Aero;873200;2013;01;28;30.1;6;15.7;6;1010.1;6;959.2;5;20.0;6;6.8;6;7.7;999.9;37.0;22.2;0.0;999.9;0;0;0;0;0;0
Chamical_Aero;873200;2013;01;29;29.5;6;16.6;6;1010.7;6;959.6;6;21.7;6;2.7;6;7.7;999.9;35.8;20.4;1.0;999.9;0;0;0;0;1;0
Chamical_Aero;873200;2013;01;30;32.3;6;16.3;6;1007.1;6;956.4;6;20.8;6;4.6;6;9.3;999.9;39.3;22.0;0.0;999.9;0;0;0;0;0;0
Chamical_Aero;873200;2013;01;31;30.2;6;15.9;6;1005.4;6;954.9;6;16.7;6;5.8;6;10.3;999.9;40.5;18.0;0.0;999.9;0;0;0;0;0;0
Chamical_Aero;873200;2013;02;01;32.5;6;20.6;6;1001.9;6;951.6;6;20.8;6;0.4;6;1.5;999.9;41.4;21.6;0.0;999.9;0;0;0;0;0;0
Chamical_Aero;873200;2013;02;02;28.8;6;19.0;6;1008.7;6;958.0;6;20.8;6;2.1;6;4.1;999.9;42.2;22.8;0.0;999.9;0;0;0;0;1;0
Chamical_Aero;873200;2013;02;03;29.7;6;16.1;6;1013.0;6;961.8;6;20.0;6;1.0;6;3.1;999.9;34.7;23.0;0.0;999.9;0;0;0;0;0;0
Chamical_Aero;873200;2013;02;04;28.7;6;15.9;6;1008.8;6;957.6;6;20.0;6;1.9;6;4.1;999.9;35.0;20.0;0.0;999.9;0;0;0;0;0;0
Chamical_Aero;873200;2013;02;05;30.7;6;16.1;6;1008.0;6;957.1;6;20.0;6;2.7;6;5.1;999.9;36.5;20.0;0.0;999.9;0;0;0;0;0;0
Chamical_Aero;873200;2013;02;06;30.6;6;14.1;6;1010.4;6;959.6;6;20.0;6;2.2;6;5.1;999.9;37.4;23.4;0.0;999.9;0;0;0;0;0;0
Chamical_Aero;873200;2013;02;07;29.6;6;11.7;6;1011.9;6;960.4;6;20.0;6;1.4;6;4.1;999.9;36.0;21.4;0.0;999.9;0;0;0;0;0;0
Chamical_Aero;873200;2013;02;08;29.5;6;12.4;6;1007.8;6;956.7;6;20.0;6;1.4;6;6.2;999.9;36.2;20.3;0.0;999.9;0;0;0;0;0;0
Chamical_Aero;873200;2013;02;09;31.2;5;13.6;5;1004.6;5;954.1;5;20.0;5;1.2;5;3.1;999.9;37.0;24.5;0.0;999.9;0;0;0;0;0;0
Chamical_Aero;873200;2013;02;10;29.9;6;14.2;6;1005.3;6;954.6;6;20.0;6;3.7;6;8.7;999.9;38.0;25.8;0.0;999.9;0;0;0;0;1;0
Chamical_Aero;873200;2013;02;11;30.2;6;12.4;6;1006.7;6;955.8;6;20.0;6;0.9;6;2.1;999.9;35.8;21.3;0.0;999.9;0;0;0;0;0;0
Chamical_Aero;873200;2013;02;12;31.1;6;12.8;6;1001.2;6;950.5;6;20.0;6;1.9;6;5.1;999.9;38.4;21.0;0.0;999.9;0;0;0;0;0;0
Chamical_Aero;873200;2013;02;13;32.6;6;15.9;6;1001.3;6;951.1;6;20.0;6;2.6;6;6.2;999.9;39.3;22.5;0.0;999.9;0;0;0;0;0;0
Chamical_Aero;873200;2013;02;14;25.5;6;18.3;6;1008.6;6;957.3;6;20.8;6;1.0;6;3.1;999.9;38.8;19.5;19.0;999.9;0;0;0;0;1;0
Chamical_Aero;873200;2013;02;15;28.8;6;18.2;6;1007.6;6;956.3;6;20.0;6;0.3;6;1.0;999.9;35.3;20.4;0.0;999.9;0;0;0;0;0;0
Chamical_Aero;873200;2013;02;16;30.9;6;18.6;6;1000.4;6;950.0;6;24.1;6;1.1;6;3.1;999.9;38.3;24.0;0.0;999.9;0;0;0;0;0;0
Chamical_Aero;873200;2013;02;17;28.7;6;15.1;6;1001.9;6;951.4;6;20.8;6;4.3;6;7.2;999.9;38.5;23.1;0.0;999.9;0;0;0;0;0;0
Chamical_Aero;873200;2013;02;18;21.7;6;8.3;6;1015.4;6;963.2;6;20.0;6;1.2;6;2.1;999.9;31.0;18.0;0.0;999.9;0;0;0;0;0;0
Chamical_Aero;873200;2013;02;19;20.6;6;10.3;6;1015.4;6;962.5;6;20.0;6;1.2;6;4.1;999.9;25.8;12.0;0.0;999.9;0;0;0;0;0;0
Chamical_Aero;873200;2013;02;20;22.8;6;13.4;5;1012.5;6;959.9;6;20.0;6;2.2;6;5.1;999.9;28.6;17.0;0.0;999.9;0;0;0;0;0;0
Chamical_Aero;873200;2013;02;21;25.1;6;14.1;6;1012.7;6;960.6;6;20.0;6;1.2;6;3.1;999.9;31.7;17.0;0.0;999.9;0;0;0;0;0;0
Chamical_Aero;873200;2013;02;22;25.4;6;14.6;6;1011.5;6;959.5;6;20.0;6;2.8;6;3.1;999.9;31.7;15.0;0.0;999.9;0;0;0;0;0;0
Chamical_Aero;873200;2013;02;23;27.9;6;18.8;6;1005.4;6;954.2;6;20.0;6;2.8;6;6.2;999.9;34.2;20.3;0.0;999.9;0;0;0;0;0;0
Chamical_Aero;873200;2013;02;24;29.3;6;17.4;6;1004.8;6;954.0;6;24.1;6;3.2;6;6.2;999.9;35.0;22.7;0.0;999.9;0;0;0;0;0;0
Chamical_Aero;873200;2013;02;25;27.1;6;9.2;6;1011.7;6;960.2;6;20.8;6;0.9;6;2.1;999.9;33.6;21.0;0.0;999.9;0;0;0;0;0;0
Chamical_Aero;873200;2013;02;26;24.1;6;10.1;6;1013.9;6;961.8;6;24.1;6;3.4;6;6.2;999.9;31.5;16.0;0.0;999.9;0;0;0;0;0;0
Chamical_Aero;873200;2013;02;27;26.1;6;12.3;5;1010.1;5;958.4;5;23.3;6;2.6;6;5.1;999.9;33.6;18.0;0.0;999.9;0;0;0;0;0;0
Chamical_Aero;873200;2013;02;28;28.3;6;14.7;6;1004.2;6;953.0;6;20.0;6;2.9;6;6.2;999.9;35.7;19.5;0.0;999.9;0;0;0;0;0;0
Chamical_Aero;873200;2013;03;01;30.3;6;15.4;6;999.0;6;948.6;6;20.0;6;2.3;6;5.1;999.9;38.0;21.5;0.0;999.9;0;0;0;0;0;0
Chamical_Aero;873200;2013;03;02;26.9;6;8.1;6;1007.9;6;956.7;6;20.0;6;0.5;6;2.1;999.9;38.5;21.8;0.0;999.9;0;0;0;0;0;0
Chamical_Aero;873200;2013;03;03;25.3;6;8.7;6;1014.7;6;962.7;6;23.3;6;0.8;6;2.1;999.9;30.0;17.5;0.0;999.9;0;0;0;0;0;0
Chamical_Aero;873200;2013;03;04;23.6;6;10.6;6;1016.0;6;963.7;6;21.7;6;2.3;6;6.2;999.9;33.6;17.3;0.0;999.9;0;0;0;0;0;0
Chamical_Aero;873200;2013;03;05;23.8;5;8.8;5;1010.9;5;958.6;5;24.9;5;2.1;5;4.1;999.9;31.6;14.5;0.0;999.9;0;0;0;0;0;0
Chamical_Aero;873200;2013;03;06;26.4;6;11.9;6;1005.1;6;954.4;6;19.2;6;2.1;6;3.1;999.9;33.7;17.5;0.0;999.9;0;0;0;0;0;0
Chamical_Aero;873200;2013;03;07;28.5;6;14.8;6;1006.2;6;955.1;6;20.0;6;3.8;6;8.2;999.9;34.5;20.5;0.0;999.9;0;0;0;0;0;0
Chamical_Aero;873200;2013;03;08;29.9;6;17.3;6;1006.9;6;956.0;6;20.0;6;1.4;6;6.2;999.9;37.7;23.6;0.0;999.9;0;0;0;0;0;0
Chamical_Aero;873200;2013;03;09;31.6;6;20.3;6;1003.6;6;953.1;6;20.0;6;0.2;6;1.0;999.9;38.8;25.0;0.0;999.9;0;0;0;0;0;0
Chamical_Aero;873200;2013;03;10;25.4;6;18.0;6;1008.4;6;957.0;6;19.2;6;2.8;6;6.2;999.9;39.0;17.8;8.9;999.9;0;1;0;0;1;0
Chamical_Aero;873200;2013;03;11;23.9;5;16.2;5;1004.9;5;953.3;5;26.1;5;1.0;5;2.1;999.9;32.5;17.7;3.0;999.9;0;0;0;0;0;0
Chamical_Aero;873200;2013;03;12;23.2;6;14.6;6;1008.2;6;956.1;6;20.8;6;0.9;6;3.1;999.9;31.3;15.5;13.0;999.9;0;0;0;0;0;0
Chamical_Aero;873200;2013;03;13;18.7;6;15.2;6;1013.4;5;960.6;6;15.8;6;3.0;6;7.2;999.9;28.8;15.3;0.0;999.9;0;1;0;0;0;0
Chamical_Aero;873200;2013;03;14;13.1;6;12.0;6;1019.8;6;965.7;6;5.6;6;0.9;6;3.1;999.9;20.0;11.5;18.0;999.9;0;1;0;0;0;0
Chamical_Aero;873200;2013;03;15;14.7;6;11.6;6;1022.3;6;968.0;6;15.4;6;0.0;6;999.9;999.9;17.2;10.9;3.0;999.9;0;0;0;0;0;0
Chamical_Aero;873200;2013;03;16;17.5;6;12.6;6;1021.5;6;967.9;6;20.0;6;0.5;6;1.0;999.9;20.1;13.4;0.0;999.9;0;0;0;0;0;0
Chamical_Aero;873200;2013;03;17;17.3;6;12.7;6;1021.1;6;967.7;5;19.2;6;2.3;6;4.1;999.9;20.4;13.9;0.0;999.9;0;1;0;0;0;0
Chamical_Aero;873200;2013;03;18;18.3;6;9.9;6;1018.9;6;965.4;6;20.0;6;1.0;6;2.1;999.9;21.6;12.0;0.0;999.9;0;0;0;0;0;0
Chamical_Aero;873200;2013;03;19;19.8;6;11.9;6;1015.4;6;962.4;6;20.0;6;0.9;6;2.1;999.9;22.8;15.0;0.0;999.9;0;0;0;0;0;0
Chamical_Aero;873200;2013;03;20;21.1;6;11.8;6;1010.6;6;958.0;6;20.0;6;0.0;6;999.9;999.9;27.6;12.0;0.0;999.9;0;0;0;0;0;0
Chamical_Aero;873200;2013;03;21;23.3;6;11.6;6;1012.7;5;960.3;5;23.3;6;0.7;6;2.1;999.9;29.8;14.5;0.0;999.9;0;0;0;0;0;0
Chamical_Aero;873200;2013;03;22;24.7;6;13.9;6;1012.2;6;960.2;6;20.8;6;1.0;6;2.1;999.9;30.4;18.8;0.0;999.9;0;0;0;0;0;0
Chamical_Aero;873200;2013;03;23;22.9;6;15.5;6;1013.7;6;961.5;6;23.3;6;1.2;6;2.1;999.9;30.5;17.8;7.9;999.9;0;0;0;0;0;0
Chamical_Aero;873200;2013;03;24;22.0;6;14.7;6;1010.6;6;958.1;6;20.8;6;1.9;6;3.1;999.9;28.8;15.8;0.0;999.9;0;0;0;0;0;0
Chamical_Aero;873200;2013;03;25;23.6;6;13.1;6;1012.5;6;960.2;6;23.3;6;2.6;6;5.1;999.9;29.2;16.3;0.0;999.9;0;0;0;0;0;0
Chamical_Aero;873200;2013;03;26;23.6;6;12.2;6;1017.6;6;965.0;6;24.1;6;1.2;6;5.1;999.9;29.9;15.0;0.0;999.9;0;0;0;0;0;0
Chamical_Aero;873200;2013;03;27;24.0;6;9.1;6;1017.0;6;964.6;6;21.7;6;1.5;6;2.6;999.9;29.8;16.0;0.0;999.9;0;0;0;0;0;0
Chamical_Aero;873200;2013;03;28;24.6;6;9.1;6;1015.9;6;963.5;6;20.0;6;1.0;6;2.1;999.9;30.3;16.7;0.0;999.9;0;0;0;0;0;0
Chamical_Aero;873200;2013;03;29;24.3;6;10.3;6;1013.0;6;960.9;6;24.1;6;1.6;6;2.6;999.9;30.9;16.5;0.0;999.9;0;0;0;0;0;0
Chamical_Aero;873200;2013;03;30;25.3;6;12.4;6;1009.1;6;957.2;6;20.8;6;3.1;6;5.1;999.9;32.4;17.4;0.0;999.9;0;0;0;0;0;0
Chamical_Aero;873200;2013;03;31;24.7;5;12.7;5;1009.2;5;957.5;5;20.0;5;3.8;5;6.2;999.9;32.5;20.2;0.0;999.9;0;0;0;0;0;0
Chamical_Aero;873200;2013;04;01;21.2;6;13.2;6;1013.8;6;961.3;6;20.8;6;0.9;6;2.6;999.9;28.1;16.7;0.0;999.9;0;0;0;0;0;0
Chamical_Aero;873200;2013;04;02;19.5;6;11.5;6;1016.4;6;963.3;6;20.0;6;1.4;6;4.1;999.9;24.5;14.7;0.8;999.9;0;1;0;0;0;0
Chamical_Aero;873200;2013;04;03;17.9;6;8.8;6;1017.8;6;964.2;6;20.0;6;0.3;6;1.0;999.9;24.8;8.5;0.0;999.9;0;0;0;0;0;0
Chamical_Aero;873200;2013;04;04;20.5;6;9.7;6;1011.1;6;958.3;6;20.0;6;0.4;6;2.1;999.9;27.8;10.8;0.0;999.9;0;0;0;0;0;0
Chamical_Aero;873200;2013;04;05;21.3;5;9.3;5;1007.0;5;954.6;5;20.0;5;0.6;5;2.1;999.9;31.8;12.5;0.0;999.9;0;0;0;0;0;0
Chamical_Aero;873200;2013;04;06;23.8;6;11.7;6;1009.0;5;956.9;5;24.1;6;2.0;6;6.2;999.9;34.8;14.2;0.0;999.9;0;0;0;0;0;0
Chamical_Aero;873200;2013;04;07;21.8;6;7.8;6;1015.0;6;962.5;6;22.5;6;1.9;6;5.1;999.9;30.3;15.0;0.0;999.9;0;0;0;0;0;0
Chamical_Aero;873200;2013;04;08;20.7;6;9.4;6;1016.3;6;963.3;6;20.8;6;3.2;6;5.1;999.9;27.2;13.7;0.0;999.9;0;0;0;0;0;0
Chamical_Aero;873200;2013;04;09;22.3;6;7.3;6;1012.0;6;959.7;6;20.0;6;7.8;6;999.9;999.9;27.5;16.3;0.0;999.9;0;0;0;0;0;0
Chamical_Aero;873200;2013;04;10;22.7;6;11.2;6;1006.4;6;954.4;6;21.7;6;4.3;6;14.4;999.9;28.8;17.0;0.0;999.9;0;0;0;0;0;0
Chamical_Aero;873200;2013;04;11;24.2;6;16.0;6;1004.0;6;952.4;6;20.0;6;1.7;6;5.1;999.9;29.9;16.5;0.0;999.9;0;0;0;0;0;0
Chamical_Aero;873200;2013;04;12;18.6;6;9.2;6;1015.9;6;963.0;6;20.0;6;2.8;6;5.1;999.9;30.0;14.0;0.0;999.9;0;0;0;0;0;0
Chamical_Aero;873200;2013;04;13;17.7;6;9.3;6;1018.3;6;963.3;6;20.0;6;3.1;6;5.1;999.9;23.5;13.7;0.0;999.9;0;0;0;0;0;0
Chamical_Aero;873200;2013;04;14;20.3;6;12.0;6;1016.1;6;963.1;6;24.1;6;2.0;6;7.2;999.9;25.8;13.4;0.0;999.9;0;0;0;0;0;0
Chamical_Aero;873200;2013;04;15;21.6;6;11.5;6;1016.5;6;963.6;6;20.8;6;0.9;6;1.5;999.9;28.2;12.0;0.0;999.9;0;0;0;0;0;0
Chamical_Aero;873200;2013;04;16;24.2;6;11.1;6;1014.8;6;962.3;6;20.0;6;0.3;6;1.0;999.9;31.6;15.8;0.0;999.9;0;0;0;0;0;0
Chamical_Aero;873200;2013;04;17;23.8;6;9.8;6;1014.6;6;962.4;6;20.0;6;1.2;6;3.1;999.9;32.4;13.5;0.0;999.9;0;0;0;0;0;0
Chamical_Aero;873200;2013;04;18;23.8;6;10.4;6;1012.9;6;960.7;6;20.0;6;2.7;6;4.1;999.9;32.0;12.8;0.0;999.9;0;0;0;0;0;0
Chamical_Aero;873200;2013;04;19;23.9;6;9.2;6;1012.7;6;960.5;6;22.5;6;1.8;6;2.6;999.9;31.7;15.5;0.0;999.9;0;0;0;0;0;0
Chamical_Aero;873200;2013;04;20;23.3;6;9.4;6;1013.1;6;960.8;6;20.0;6;3.6;6;6.2;999.9;29.9;16.0;0.0;999.9;0;0;0;0;0;0
Chamical_Aero;873200;2013;04;21;24.1;6;11.2;6;1013.3;5;961.2;6;20.0;6;1.2;6;2.1;999.9;30.8;13.6;0.0;999.9;0;0;0;0;0;0
Chamical_Aero;873200;2013;04;22;25.1;6;11.9;6;1013.6;6;961.6;6;20.0;6;1.4;6;2.1;999.9;31.6;13.6;0.0;999.9;0;0;0;0;0;0
Chamical_Aero;873200;2013;04;23;24.7;6;12.3;6;1010.4;6;958.5;6;20.0;6;1.8;6;3.1;999.9;32.1;18.5;0.0;999.9;0;0;0;0;0;0
Chamical_Aero;873200;2013;04;24;24.9;6;12.2;6;1013.0;6;961.0;6;20.0;6;1.6;6;2.1;999.9;31.0;18.8;0.0;999.9;0;0;0;0;0;0
Chamical_Aero;873200;2013;04;25;23.9;6;12.5;6;1010.1;6;958.2;6;24.1;6;2.2;6;4.1;999.9;31.8;17.9;0.0;999.9;0;0;0;0;0;0
Chamical_Aero;873200;2013;04;26;24.7;6;10.8;6;1005.8;6;954.1;6;20.4;6;4.0;6;7.2;999.9;31.0;17.4;0.0;999.9;0;0;0;0;0;0
Chamical_Aero;873200;2013;04;27;22.4;6;9.3;6;1008.4;6;956.6;6;18.0;6;3.7;6;10.3;999.9;32.0;11.5;0.0;999.9;0;0;0;0;0;0
Chamical_Aero;873200;2013;04;28;19.3;6;8.3;6;1013.5;6;960.3;6;23.3;6;0.0;6;999.9;999.9;25.8;9.8;0.0;999.9;0;0;0;0;0;0
Chamical_Aero;873200;2013;04;29;20.3;6;7.6;6;1013.7;5;960.3;6;20.8;6;1.0;6;3.1;999.9;26.7;11.5;0.0;999.9;0;0;0;0;0;0
Chamical_Aero;873200;2013;04;30;21.4;6;11.1;6;1011.8;6;959.3;6;20.0;6;1.4;6;2.1;999.9;27.3;15.5;0.0;999.9;0;0;0;0;0;0
Chamical_Aero;873200;2013;05;01;21.1;6;16.6;6;1008.7;6;956.3;6;15.8;6;0.5;6;2.1;999.9;26.5;15.9;0.0;999.9;0;1;0;0;0;0
Chamical_Aero;873200;2013;05;02;24.3;5;16.9;5;1006.7;5;954.8;5;20.0;5;0.0;5;999.9;999.9;28.4;17.8;0.0;999.9;0;0;0;0;0;0
Chamical_Aero;873200;2013;05;03;20.9;6;13.0;6;1009.7;6;957.3;6;20.0;6;0.4;6;2.1;999.9;29.3;12.2;0.0;999.9;0;0;0;0;0;0
Chamical_Aero;873200;2013;05;04;19.4;6;13.3;6;1014.8;6;961.9;6;20.0;6;0.2;6;1.0;999.9;27.2;13.8;0.0;999.9;0;0;0;0;0;0
Chamical_Aero;873200;2013;05;05;20.1;6;11.3;6;1019.9;6;966.6;6;24.1;6;0.2;6;1.0;999.9;27.2;10.7;0.0;999.9;0;0;0;0;0;0
Chamical_Aero;873200;2013;05;06;20.3;6;11.0;6;1016.2;6;963.1;6;20.8;6;1.9;6;3.1;999.9;27.3;13.0;0.0;999.9;0;0;0;0;0;0
Chamical_Aero;873200;2013;05;07;20.2;6;6.0;6;1020.5;6;967.4;6;20.0;6;2.6;6;5.1;999.9;27.5;13.5;0.0;999.9;0;0;0;0;0;0
Chamical_Aero;873200;2013;05;08;18.1;6;4.9;6;1012.2;5;959.1;6;21.7;6;0.5;6;1.0;999.9;25.6;10.2;0.0;999.9;0;0;0;0;0;0
Chamical_Aero;873200;2013;05;09;19.6;6;8.4;6;1009.0;6;956.2;6;20.0;6;1.5;6;3.1;999.9;25.8;10.9;0.0;999.9;0;0;0;0;0;0
Chamical_Aero;873200;2013;05;10;21.2;5;9.6;5;1006.9;5;954.5;5;20.0;5;0.2;5;1.0;999.9;28.6;12.5;0.0;999.9;0;0;0;0;0;0
Chamical_Aero;873200;2013;05;11;22.1;6;9.7;6;1013.1;6;960.7;6;20.0;6;0.7;6;2.1;999.9;29.0;15.2;0.0;999.9;0;0;0;0;0;0
Chamical_Aero;873200;2013;05;12;19.1;6;5.4;6;1014.1;6;961.0;6;24.1;6;0.5;6;1.5;999.9;26.7;9.9;0.0;999.9;0;0;0;0;0;0
Chamical_Aero;873200;2013;05;13;19.7;6;12.4;6;1012.4;6;960.0;5;20.8;6;0.5;6;2.1;999.9;26.5;14.5;0.0;999.9;0;0;0;0;0;0
Chamical_Aero;873200;2013;05;14;18.4;6;14.2;6;1011.0;6;958.1;6;20.0;6;1.9;6;5.1;999.9;24.4;13.0;0.0;999.9;0;0;0;0;0;0
Chamical_Aero;873200;2013;05;15;12.9;6;5.3;6;1019.7;6;965.7;6;19.2;6;0.5;6;2.1;999.9;23.6;9.0;2.0;999.9;0;0;0;0;0;0
Chamical_Aero;873200;2013;05;16;9.8;6;0.1;6;1025.4;6;969.9;6;20.0;6;0.8;6;2.1;999.9;16.6;1.0;0.0;999.9;0;0;0;0;0;0
Chamical_Aero;873200;2013;05;17;12.2;5;-0.8;5;1021.6;5;966.9;5;20.0;5;2.0;5;3.1;999.9;17.0;0.6;0.0;999.9;0;0;0;0;0;0
Chamical_Aero;873200;2013;05;18;13.5;6;3.6;6;1018.7;6;964.4;6;20.0;6;2.9;6;6.2;999.9;17.5;7.5;0.0;999.9;0;0;0;0;0;0
Chamical_Aero;873200;2013;05;19;12.7;6;3.4;6;1022.4;6;967.5;6;24.1;6;0.4;6;1.5;999.9;20.7;2.2;0.0;999.9;0;0;0;0;0;0
Chamical_Aero;873200;2013;05;20;13.3;6;5.3;6;1020.0;6;965.5;6;20.8;6;0.5;6;2.1;999.9;21.3;5.1;0.0;999.9;0;0;0;0;0;0
Chamical_Aero;873200;2013;05;21;11.8;6;6.8;6;1017.7;6;963.2;6;19.2;6;1.1;6;2.1;999.9;19.5;6.8;0.0;999.9;0;0;0;0;0;0
Chamical_Aero;873200;2013;05;22;15.0;6;1.2;6;1020.0;6;965.4;6;21.7;6;0.4;6;2.1;999.9;21.5;0.3;0.0;999.9;0;0;0;0;0;0
Chamical_Aero;873200;2013;05;23;12.9;6;7.4;6;1019.6;6;965.1;6;19.2;6;1.4;6;4.1;999.9;21.8;5.7;0.0;999.9;0;0;0;0;0;0
Chamical_Aero;873200;2013;05;24;15.3;5;7.2;5;1021.6;5;967.2;5;20.0;5;0.0;5;999.9;999.9;22.9;4.5;0.0;999.9;0;0;0;0;0;0
Chamical_Aero;873200;2013;05;25;16.1;6;4.7;6;1016.1;6;962.1;6;20.0;6;3.8;6;7.2;999.9;26.2;7.4;0.0;999.9;0;0;0;0;0;0
Chamical_Aero;873200;2013;05;26;16.4;5;7.3;5;1012.1;5;958.4;5;32.0;5;1.6;5;5.1;999.9;26.2;7.3;0.0;999.9;0;0;0;0;0;0
Chamical_Aero;873200;2013;05;27;14.7;6;8.3;6;1007.2;6;953.6;6;20.8;6;1.4;6;2.1;999.9;22.2;7.0;0.0;999.9;0;0;0;0;0;0
Chamical_Aero;873200;2013;05;28;17.4;6;8.3;6;999.6;5;946.8;5;20.0;6;0.0;6;999.9;999.9;26.9;6.0;0.0;999.9;0;0;0;0;0;0
Chamical_Aero;873200;2013;05;29;15.7;6;2.7;6;1010.5;6;956.7;6;21.7;6;0.8;6;2.6;999.9;27.4;4.8;0.0;999.9;0;0;0;0;0;0
Chamical_Aero;873200;2013;05;30;15.1;6;2.4;6;1014.2;6;960.3;6;20.8;6;0.4;6;1.0;999.9;23.3;4.0;0.0;999.9;0;0;0;0;0;0
Chamical_Aero;873200;2013;05;31;16.5;6;5.7;6;1005.7;6;952.6;6;20.0;6;0.9;6;2.1;999.9;23.6;8.0;0.0;999.9;0;0;0;0;0;0
Chamical_Aero;873200;2013;06;01;17.2;6;6.2;6;1011.2;6;957.7;6;19.2;6;0.0;6;999.9;999.9;25.2;8.5;0.0;999.9;0;0;0;0;0;0
Chamical_Aero;873200;2013;06;02;16.8;6;2.8;6;1017.5;6;963.7;6;24.1;6;0.7;6;2.1;999.9;25.2;8.5;0.0;999.9;0;0;0;0;0;0
Chamical_Aero;873200;2013;06;03;15.4;6;0.8;6;1020.1;5;965.9;6;20.8;6;0.9;6;2.1;999.9;23.0;3.0;0.0;999.9;0;0;0;0;0;0
Chamical_Aero;873200;2013;06;04;16.7;6;6.8;6;1017.0;6;963.3;6;20.0;6;1.3;6;2.1;999.9;23.9;10.1;0.0;999.9;0;0;0;0;0;0
Chamical_Aero;873200;2013;06;05;16.8;6;6.5;6;1011.9;6;958.3;6;21.7;6;0.9;6;3.1;999.9;25.6;5.0;0.0;999.9;0;0;0;0;0;0
Chamical_Aero;873200;2013;06;06;15.8;6;-2.7;6;1019.6;6;965.8;6;20.8;6;0.8;6;2.6;999.9;26.8;2.8;0.0;999.9;0;0;0;0;0;0
Chamical_Aero;873200;2013;06;07;14.3;6;-0.4;6;1016.2;6;962.2;6;20.0;6;2.2;6;5.1;999.9;23.1;5.0;0.0;999.9;0;0;0;0;0;0
Chamical_Aero;873200;2013;06;08;13.7;6;3.7;6;1020.8;6;966.4;6;20.0;6;1.7;6;5.1;999.9;21.8;4.8;0.0;999.9;0;0;0;0;0;0
Chamical_Aero;873200;2013;06;09;16.6;6;9.9;6;1016.8;6;962.9;6;22.5;6;1.0;6;4.1;999.9;22.7;6.6;0.0;999.9;0;0;0;0;0;0
Chamical_Aero;873200;2013;06;10;16.3;6;8.8;6;1017.2;6;963.4;6;20.0;6;0.3;6;1.0;999.9;23.4;8.0;0.0;999.9;0;0;0;0;0;0
Chamical_Aero;873200;2013;06;11;18.4;6;13.2;6;1017.1;6;963.7;6;16.7;6;1.4;6;2.6;999.9;23.8;8.0;0.0;999.9;0;0;0;0;0;0
Chamical_Aero;873200;2013;06;12;19.6;6;14.2;6;1015.8;6;962.7;6;20.0;6;0.8;6;1.5;999.9;25.7;11.3;0.0;999.9;0;0;0;0;0;0
Chamical_Aero;873200;2013;06;13;20.1;6;15.3;6;1014.2;6;961.3;6;20.0;6;0.5;6;1.0;999.9;26.0;5.5;0.0;999.9;0;0;0;0;0;0
Chamical_Aero;873200;2013;06;14;17.9;6;14.6;6;1016.8;6;964.1;6;20.0;6;0.5;6;2.1;999.9;25.4;15.5;0.0;999.9;0;1;0;0;1;0
Chamical_Aero;873200;2013;06;15;14.7;6;12.4;6;1015.1;6;961.6;6;18.3;6;1.0;6;2.1;999.9;19.5;12.8;0.0;999.9;0;0;0;0;0;0
Chamical_Aero;873200;2013;06;16;14.6;6;9.9;6;1015.5;6;961.7;6;14.2;6;1.4;6;2.6;999.9;16.3;13.0;0.5;999.9;0;1;0;0;0;0
Chamical_Aero;873200;2013;06;17;11.9;6;3.8;6;1017.5;6;963.0;6;20.0;6;1.4;6;3.1;999.9;16.5;4.0;0.3;999.9;0;0;0;0;0;0
Chamical_Aero;873200;2013;06;18;13.3;5;7.8;5;1015.4;5;961.2;5;15.9;5;2.6;5;5.1;999.9;21.0;8.1;0.0;999.9;0;0;0;0;0;0
Chamical_Aero;873200;2013;06;19;9.6;6;-1.6;6;1023.8;6;968.7;6;20.0;6;0.5;6;1.0;999.9;13.3;6.5;0.0;999.9;0;0;0;0;0;0
Chamical_Aero;873200;2013;06;20;10.4;6;-1.9;6;1023.2;6;968.0;6;20.0;6;0.0;6;999.9;999.9;14.9;6.4;0.0;999.9;0;0;0;0;0;0
Chamical_Aero;873200;2013;06;21;6.1;4;0.8;4;1016.3;4;960.7;4;20.0;4;0.8;4;2.1;999.9;18.6;-1.6;0.0;999.9;0;0;0;0;0;0
Chamical_Aero;873200;2013;06;22;13.1;6;0.1;6;1013.3;6;958.7;6;20.0;6;0.0;6;999.9;999.9;20.5;-1.0;0.0;999.9;0;0;0;0;0;0
Chamical_Aero;873200;2013;06;23;10.9;6;2.3;5;1019.6;6;964.8;6;24.1;6;0.8;6;1.5;999.9;20.5;3.7;0.0;999.9;0;0;0;0;0;0
Chamical_Aero;873200;2013;06;24;11.4;6;3.4;6;1020.3;6;965.5;6;20.0;6;0.4;6;2.1;999.9;16.8;3.8;0.0;999.9;0;0;0;0;0;0
Chamical_Aero;873200;2013;06;25;10.8;6;1.8;6;1018.9;5;964.0;5;20.0;6;0.9;6;1.5;999.9;18.1;3.0;0.0;999.9;0;0;0;0;0;0
Chamical_Aero;873200;2013;06;26;9.8;5;1.6;5;1016.9;5;962.1;5;20.9;5;0.2;5;1.0;999.9;18.5;3.0;0.0;999.9;0;0;0;0;0;0
Chamical_Aero;873200;2013;06;27;11.6;6;3.6;6;1011.7;6;957.4;6;20.0;6;0.5;6;1.0;999.9;18.0;3.0;0.0;999.9;0;0;0;0;0;0
Chamical_Aero;873200;2013;06;28;16.2;6;6.9;6;1008.2;6;954.6;6;19.6;6;1.0;6;2.1;999.9;24.3;6.0;0.0;999.9;0;0;0;0;0;0
Chamical_Aero;873200;2013;06;29;13.3;6;2.1;6;1014.9;6;960.7;6;20.0;6;1.0;6;4.1;999.9;27.3;3.5;0.0;999.9;0;0;0;0;0;0
Chamical_Aero;873200;2013;06;30;12.0;6;6.2;6;1018.6;6;964.0;6;22.5;6;0.9;6;1.5;999.9;21.0;3.9;0.0;999.9;0;0;0;0;0;0
Chamical_Aero;873200;2013;07;01;14.0;6;8.0;6;1020.9;6;966.5;6;20.8;6;0.3;6;1.0;999.9;18.8;7.3;0.0;999.9;0;0;0;0;0;0
Chamical_Aero;873200;2013;07;02;14.5;5;2.6;5;1011.9;5;958.3;5;20.0;5;2.2;5;5.1;999.9;20.0;5.7;0.0;999.9;0;0;0;0;0;0
Chamical_Aero;873200;2013;07;03;13.6;6;3.1;6;1007.4;6;953.6;6;20.0;6;0.3;6;1.5;999.9;20.3;6.4;0.0;999.9;0;0;0;0;0;0
Chamical_Aero;873200;2013;07;04;13.6;5;4.4;5;1011.6;4;957.7;4;20.0;5;0.3;5;1.5;999.9;21.5;5.6;0.0;999.9;0;0;0;0;0;0
Chamical_Aero;873200;2013;07;05;10.7;5;2.1;5;1012.2;5;959.8;5;20.0;5;0.2;5;1.0;999.9;21.8;2.0;0.0;999.9;0;0;0;0;0;0
Chamical_Aero;873200;2013;07;06;10.4;6;1.9;6;1018.3;6;963.4;6;20.0;6;0.5;6;3.1;999.9;18.6;1.0;0.0;999.9;0;0;0;0;0;0
Chamical_Aero;873200;2013;07;07;8.6;6;3.1;6;1025.4;6;969.8;6;20.0;6;0.5;6;3.1;999.9;18.8;1.5;0.0;999.9;0;0;0;0;0;0
Chamical_Aero;873200;2013;07;08;10.1;6;2.4;6;1026.7;6;971.2;6;20.0;6;2.7;6;5.1;999.9;13.0;7.1;0.0;999.9;0;0;0;0;0;0
Chamical_Aero;873200;2013;07;09;11.2;6;5.3;6;1017.3;6;962.7;6;20.0;6;2.3;6;4.1;999.9;15.4;7.6;0.0;999.9;0;0;0;0;0;0
Chamical_Aero;873200;2013;07;10;13.1;7;7.1;7;1014.6;7;960.1;7;20.0;7;1.1;7;2.1;999.9;18.5;4.9;0.0;999.9;0;0;0;0;0;0
Chamical_Aero;873200;2013;07;11;15.4;6;9.8;6;1014.3;6;960.6;6;20.0;6;0.2;6;1.0;999.9;19.9;10.3;0.0;999.9;0;0;0;0;0;0
Chamical_Aero;873200;2013;07;12;15.3;6;6.4;6;1020.1;6;966.0;6;20.0;6;0.0;6;999.9;999.9;21.4;7.5;0.0;999.9;0;0;0;0;0;0
Chamical_Aero;873200;2013;07;13;12.6;6;6.1;6;1017.3;6;962.7;6;21.7;6;1.4;6;3.1;999.9;21.6;5.5;0.0;999.9;0;0;0;0;0;0
Chamical_Aero;873200;2013;07;14;12.9;6;4.8;6;1020.3;6;965.4;6;20.8;6;0.2;6;1.0;999.9;20.8;4.5;0.0;999.9;0;0;0;0;0;0
Chamical_Aero;873200;2013;07;15;13.1;6;4.3;6;1022.2;6;967.2;6;20.0;6;1.2;6;3.1;999.9;21.2;5.3;0.0;999.9;0;0;0;0;0;0
Chamical_Aero;873200;2013;07;16;14.1;6;6.9;6;1017.4;6;962.9;6;24.1;6;1.4;6;3.1;999.9;22.3;5.3;0.0;999.9;0;0;0;0;0;0
Chamical_Aero;873200;2013;07;17;16.6;6;7.9;6;1010.6;6;957.1;6;20.8;6;0.5;6;1.0;999.9;24.6;6.8;0.0;999.9;0;0;0;0;0;0
Chamical_Aero;873200;2013;07;18;14.5;6;1.6;6;1016.2;6;962.3;6;18.3;6;4.6;6;10.3;999.9;25.0;8.0;0.0;999.9;0;0;0;0;0;0
Chamical_Aero;873200;2013;07;19;8.2;6;-1.1;6;1022.8;6;967.6;6;17.5;6;0.8;6;1.5;999.9;16.5;6.2;0.0;999.9;0;0;0;0;0;0
Chamical_Aero;873200;2013;07;20;7.7;6;-1.9;6;1013.1;6;958.1;6;20.0;6;1.2;6;3.1;999.9;14.8;-0.6;0.0;999.9;0;0;0;0;0;0
Chamical_Aero;873200;2013;07;21;7.1;5;-8.7;5;1026.3;5;970.8;5;20.0;5;1.2;5;3.1;999.9;10.6;3.6;0.0;999.9;0;0;0;0;0;0
Chamical_Aero;873200;2013;07;22;4.2;6;-7.9;6;1030.0;6;973.4;6;24.1;6;0.5;6;2.1;999.9;10.3;-6.7;0.0;999.9;0;0;0;0;0;0
Chamical_Aero;873200;2013;07;23;3.0;6;-9.8;6;1028.6;6;971.6;6;20.0;6;1.0;6;4.1;999.9;11.7;-7.0;0.0;999.9;0;0;0;0;0;0
Chamical_Aero;873200;2013;07;24;6.8;6;-6.1;6;1028.7;6;972.2;6;24.1;6;0.3;6;1.0;999.9;15.0;-7.5;0.0;999.9;0;0;0;0;0;0
Chamical_Aero;873200;2013;07;25;9.8;6;-8.1;6;1021.9;6;966.2;6;20.8;6;2.0;6;5.1;999.9;17.8;-0.5;0.0;999.9;0;0;0;0;0;0
Chamical_Aero;873200;2013;07;26;10.8;6;-3.3;6;1016.4;6;961.9;6;19.2;6;2.9;6;4.1;999.9;18.6;2.8;0.0;999.9;0;0;0;0;0;0
Chamical_Aero;873200;2013;07;27;13.7;6;-1.7;6;1020.7;6;966.2;6;15.0;6;0.9;6;1.5;999.9;22.0;4.8;0.0;999.9;0;0;0;0;0;0
Chamical_Aero;873200;2013;07;28;15.1;5;-2.4;5;1019.4;5;965.1;5;24.9;5;0.4;5;1.0;999.9;21.8;4.6;0.0;999.9;0;0;0;0;0;0
Chamical_Aero;873200;2013;07;29;17.2;6;7.7;6;1017.1;6;963.2;6;19.2;6;1.7;6;4.1;999.9;23.3;7.2;0.0;999.9;0;0;0;0;0;0
Chamical_Aero;873200;2013;07;30;19.6;6;11.7;6;1009.3;6;956.6;6;16.7;6;0.7;6;1.0;999.9;25.3;12.8;0.0;999.9;0;0;0;0;0;0
Chamical_Aero;873200;2013;07;31;18.6;6;7.8;5;1010.1;6;957.2;6;12.6;6;1.3;6;3.6;999.9;25.5;11.5;0.0;999.9;0;0;0;0;0;0
Chamical_Aero;873200;2013;08;01;17.2;5;3.2;5;1014.0;4;960.7;4;23.0;5;1.5;5;4.1;999.9;21.6;12.7;0.0;999.9;0;0;0;0;0;0
Chamical_Aero;873200;2013;08;02;11.9;5;0.9;5;1019.1;5;964.8;5;20.9;5;0.2;5;1.0;999.9;21.7;2.8;0.0;999.9;0;0;0;0;0;0
Chamical_Aero;873200;2013;08;03;13.4;6;4.0;6;1013.6;6;959.4;6;20.0;6;2.7;6;5.1;999.9;20.8;6.0;0.0;999.9;0;0;0;0;0;0
Chamical_Aero;873200;2013;08;04;14.2;6;5.1;6;1017.8;6;963.4;6;20.0;6;2.4;6;7.2;999.9;21.4;6.7;0.0;999.9;0;0;0;0;0;0
Chamical_Aero;873200;2013;08;05;16.8;6;4.7;6;1013.6;6;960.0;6;20.0;6;1.7;6;4.1;999.9;25.5;6.4;0.0;999.9;0;0;0;0;0;0
Chamical_Aero;873200;2013;08;06;18.3;6;6.1;6;1013.6;6;960.4;6;20.0;6;2.2;6;6.2;999.9;26.3;10.1;0.0;999.9;0;0;0;0;0;0
Chamical_Aero;873200;2013;08;07;19.3;6;7.6;6;1002.5;6;949.9;6;18.3;6;0.9;6;2.1;999.9;28.2;9.0;0.0;999.9;0;0;0;0;0;0
Chamical_Aero;873200;2013;08;08;12.4;5;-5.8;5;1017.3;5;963.6;5;17.1;5;7.6;5;9.8;999.9;24.1;10.4;0.0;999.9;0;0;0;0;0;0
Chamical_Aero;873200;2013;08;09;10.5;6;-0.8;6;1029.5;6;974.2;6;20.0;6;0.9;6;2.1;999.9;14.3;5.0;0.0;999.9;0;0;0;0;0;0
Chamical_Aero;873200;2013;08;10;9.0;6;-1.6;6;1025.1;6;969.3;6;20.0;6;1.5;6;5.1;999.9;17.2;-1.0;0.0;999.9;0;0;0;0;0;0
Chamical_Aero;873200;2013;08;11;12.1;6;-5.8;6;1013.4;6;958.8;6;22.5;6;1.0;6;2.1;999.9;19.7;1.1;0.0;999.9;0;0;0;0;0;0
Chamical_Aero;873200;2013;08;12;13.3;6;-2.6;6;1014.5;6;960.2;6;20.8;6;1.3;6;3.1;999.9;21.0;2.3;0.0;999.9;0;0;0;0;0;0
Chamical_Aero;873200;2013;08;13;10.1;6;2.6;6;1028.5;6;973.0;6;20.0;6;2.3;6;12.9;999.9;20.5;4.5;35.1;999.9;0;0;0;0;0;0
Chamical_Aero;873200;2013;08;14;8.2;6;-0.2;6;1031.6;6;975.5;6;20.0;6;0.9;6;1.5;999.9;15.2;-0.5;0.0;999.9;0;0;0;0;0;0
Chamical_Aero;873200;2013;08;15;9.6;6;-3.8;6;1020.3;6;965.0;6;24.1;6;3.2;6;5.7;999.9;17.5;0.8;0.0;999.9;0;0;0;0;0;0
Chamical_Aero;873200;2013;08;16;16.2;6;-2.2;6;1022.6;6;968.3;6;20.8;6;1.4;6;3.6;999.9;23.5;3.7;0.0;999.9;0;0;0;0;0;0
Chamical_Aero;873200;2013;08;17;13.9;6;-1.7;6;1023.4;6;968.7;6;20.0;6;2.9;6;7.2;999.9;24.3;6.0;0.0;999.9;0;0;0;0;0;0
Chamical_Aero;873200;2013;08;18;13.9;5;-1.5;5;1017.5;5;963.4;5;15.0;5;1.1;5;2.1;999.9;22.4;7.0;0.0;999.9;0;0;0;0;0;0
Chamical_Aero;873200;2013;08;19;18.4;6;1.4;6;1012.2;6;959.0;6;15.4;6;1.1;6;2.6;999.9;25.5;7.0;0.0;999.9;0;0;0;0;0;0
Chamical_Aero;873200;2013;08;20;21.1;6;5.5;6;1010.4;6;957.6;6;19.2;6;0.7;6;2.1;999.9;28.7;12.1;0.0;999.9;0;0;0;0;0;0
Chamical_Aero;873200;2013;08;21;20.4;6;3.8;6;1007.6;6;954.9;6;18.3;6;0.4;6;1.5;999.9;30.0;8.0;0.0;999.9;0;0;0;0;0;0
Chamical_Aero;873200;2013;08;22;14.3;5;-2.2;5;1017.2;5;963.4;5;19.0;5;2.5;5;5.1;999.9;29.2;8.8;0.0;999.9;0;0;0;0;0;0
Chamical_Aero;873200;2013;08;23;8.4;6;-6.4;6;1022.4;6;967.0;6;20.0;6;1.9;6;5.1;999.9;15.2;2.6;0.0;999.9;0;0;0;0;0;0
Chamical_Aero;873200;2013;08;24;6.9;5;-6.9;5;1027.9;5;971.8;5;20.0;5;1.3;5;2.6;999.9;12.7;-0.3;0.0;999.9;0;0;0;0;0;0
Chamical_Aero;873200;2013;08;25;8.8;6;-3.9;6;1031.6;6;975.5;6;18.3;6;0.5;6;2.1;999.9;14.9;2.4;0.0;999.9;0;0;0;0;0;0
Chamical_Aero;873200;2013;08;26;10.3;6;-3.2;6;1031.9;6;976.1;6;20.0;6;0.2;6;1.0;999.9;15.3;1.0;0.0;999.9;0;0;0;0;0;0
Chamical_Aero;873200;2013;08;27;11.2;6;-3.2;6;1026.2;6;971.0;6;20.0;6;1.0;6;2.1;999.9;19.9;1.0;0.0;999.9;0;0;0;0;0;0
Chamical_Aero;873200;2013;08;28;15.5;5;-1.8;5;1021.4;5;967.0;5;20.0;5;0.9;5;2.1;999.9;25.5;4.7;0.0;999.9;0;0;0;0;0;0
Chamical_Aero;873200;2013;08;29;18.9;6;-0.9;6;1013.6;6;960.4;6;20.0;6;2.1;6;4.1;999.9;27.7;8.4;0.0;999.9;0;0;0;0;0;0
Chamical_Aero;873200;2013;08;30;20.8;6;-0.1;6;1008.8;6;956.3;6;20.0;6;2.2;6;4.1;999.9;28.4;10.5;0.0;999.9;0;0;0;0;0;0
Chamical_Aero;873200;2013;08;31;22.3;6;2.3;6;1008.0;6;955.7;6;20.0;6;3.1;6;5.1;999.9;30.7;10.4;0.0;999.9;0;0;0;0;0;0
Chamical_Aero;873200;2013;09;01;21.2;7;3.2;7;1009.9;7;957.5;7;20.0;7;0.5;7;2.6;999.9;31.0;10.3;0.0;999.9;0;0;0;0;0;0
Chamical_Aero;873200;2013;09;02;19.3;8;3.4;8;1010.1;8;957.6;8;20.0;8;1.5;8;3.1;999.9;30.5;8.7;0.0;999.9;0;0;0;0;0;0
Chamical_Aero;873200;2013;09;03;16.9;8;3.7;8;1019.3;8;966.1;8;18.2;8;0.8;8;2.6;999.9;27.7;9.0;0.0;999.9;0;0;0;0;0;0
Chamical_Aero;873200;2013;09;04;15.0;8;1.6;8;1020.0;8;966.1;8;21.2;8;2.2;8;5.1;999.9;22.1;8.5;0.0;999.9;0;0;0;0;0;0
Chamical_Aero;873200;2013;09;05;18.3;7;4.2;7;1012.7;7;959.7;7;20.8;7;2.1;7;3.1;999.9;26.5;9.9;0.0;999.9;0;0;0;0;0;0
Chamical_Aero;873200;2013;09;06;22.7;7;10.1;7;1010.0;7;957.7;7;20.0;7;1.6;7;4.1;999.9;30.2;13.1;0.0;999.9;0;0;0;0;0;0
Chamical_Aero;873200;2013;09;07;26.0;8;11.2;8;1005.9;8;954.5;8;20.0;8;2.7;8;5.1;999.9;32.4;18.7;0.0;999.9;0;0;0;0;0;0
Chamical_Aero;873200;2013;09;08;24.1;8;7.8;8;1013.0;8;961.2;8;20.0;8;2.7;8;8.2;999.9;33.0;15.7;0.0;999.9;0;0;0;0;0;0
Chamical_Aero;873200;2013;09;09;26.5;8;8.7;8;1008.3;8;956.8;8;20.0;8;1.2;8;3.1;999.9;38.7;17.5;0.0;999.9;0;0;0;0;0;0
Chamical_Aero;873200;2013;09;10;30.2;7;12.1;7;1001.8;7;951.4;7;15.4;7;1.5;7;4.1;999.9;39.0;20.8;0.0;999.9;0;0;0;0;0;0
Chamical_Aero;873200;2013;09;11;27.8;8;10.1;8;1001.5;8;951.0;8;16.3;8;2.0;8;3.1;999.9;38.0;21.0;0.0;999.9;0;0;0;0;0;0
Chamical_Aero;873200;2013;09;12;21.6;7;4.3;7;1005.2;7;953.4;7;20.0;7;2.0;7;8.7;999.9;31.0;11.0;0.0;999.9;0;0;0;0;0;0
Chamical_Aero;873200;2013;09;13;13.1;8;2.2;8;1019.2;8;965.4;8;17.5;8;3.9;8;14.9;999.9;26.6;7.0;0.0;999.9;0;0;0;0;0;0
Chamical_Aero;873200;2013;09;14;12.4;8;2.8;8;1019.4;8;965.2;8;20.0;8;1.2;8;2.1;999.9;16.9;10.8;0.0;999.9;0;0;0;0;0;0
Chamical_Aero;873200;2013;09;15;9.8;8;5.9;8;1020.4;8;965.7;8;13.7;8;1.8;8;6.2;999.9;12.7;7.0;4.1;999.9;0;1;0;0;0;0
Chamical_Aero;873200;2013;09;16;7.3;7;3.6;7;1020.8;7;965.5;7;15.9;7;0.5;7;3.1;999.9;11.7;4.3;33.0;999.9;0;1;0;0;0;0
Chamical_Aero;873200;2013;09;17;8.1;8;-2.2;8;1024.4;8;968.9;8;20.0;8;1.6;8;7.2;999.9;14.9;-1.0;0.0;999.9;0;0;0;0;0;0
Chamical_Aero;873200;2013;09;18;10.7;8;-0.9;8;1021.1;8;966.1;8;21.9;8;1.4;8;5.1;999.9;18.7;3.0;0.0;999.9;0;0;0;0;0;0
Chamical_Aero;873200;2013;09;19;13.7;8;0.3;8;1016.6;8;962.5;8;20.0;8;3.1;8;7.2;999.9;22.5;5.5;0.0;999.9;0;0;0;0;0;0
Chamical_Aero;873200;2013;09;20;17.7;8;0.3;8;1007.8;8;955.0;8;20.0;8;2.6;8;5.1;999.9;27.4;7.2;0.0;999.9;0;0;0;0;0;0
Chamical_Aero;873200;2013;09;21;14.4;7;0.5;7;1009.3;7;956.1;7;18.5;7;4.0;7;10.8;999.9;28.0;10.5;0.0;999.9;0;0;0;0;0;0
Chamical_Aero;873200;2013;09;22;12.6;7;-2.1;7;1024.0;7;969.3;7;22.2;7;2.3;7;9.8;999.9;18.2;2.2;0.0;999.9;0;0;0;0;0;0
Chamical_Aero;873200;2013;09;23;12.8;7;-4.1;7;1029.0;7;974.3;7;20.8;7;1.9;7;8.7;999.9;19.6;4.5;0.0;999.9;0;0;0;0;0;0
Chamical_Aero;873200;2013;09;24;12.4;8;-0.1;8;1028.0;8;973.2;8;20.0;8;2.6;8;6.2;999.9;20.0;5.0;0.0;999.9;0;0;0;0;0;0
Chamical_Aero;873200;2013;09;25;13.8;7;-1.8;7;1020.6;7;966.5;7;22.9;7;4.0;7;8.2;999.9;20.6;7.0;0.0;999.9;0;0;0;0;0;0
Chamical_Aero;873200;2013;09;26;16.5;8;0.7;8;1013.4;8;960.0;8;20.6;8;3.5;8;8.2;999.9;24.4;9.7;0.0;999.9;0;0;0;0;0;0
Chamical_Aero;873200;2013;09;27;20.0;8;4.2;8;1011.6;8;959.2;7;16.6;8;2.8;8;6.2;999.9;27.4;11.6;0.0;999.9;0;0;0;0;0;0
Chamical_Aero;873200;2013;09;28;13.9;7;1.1;7;1018.9;7;965.2;7;20.0;7;4.3;7;10.8;999.9;27.8;7.5;0.0;999.9;0;0;0;0;0;0
Chamical_Aero;873200;2013;09;29;12.7;7;-2.7;7;1023.8;7;969.1;7;20.0;7;2.8;7;7.2;999.9;18.7;6.9;0.0;999.9;0;0;0;0;0;0
Chamical_Aero;873200;2013;09;30;13.5;8;-1.6;8;1020.9;8;966.6;8;20.0;8;1.7;8;4.1;999.9;21.6;4.2;0.0;999.9;0;0;0;0;0;0
Chamical_Aero;873200;2013;10;01;15.8;8;1.9;8;1016.2;8;962.5;7;20.0;8;0.8;8;2.1;999.9;23.4;9.0;0.0;999.9;0;0;0;0;0;0
Chamical_Aero;873200;2013;10;02;18.7;8;3.1;8;1012.7;8;959.7;8;17.5;8;5.6;8;11.8;999.9;26.5;12.1;0.0;999.9;0;0;0;0;0;0
Chamical_Aero;873200;2013;10;03;19.2;8;5.2;8;1015.0;8;962.2;8;18.8;8;2.5;8;5.1;999.9;26.5;12.0;0.0;999.9;0;0;0;0;1;0
Chamical_Aero;873200;2013;10;04;18.8;8;3.4;8;1022.0;8;968.7;8;22.5;8;2.6;8;6.2;999.9;24.9;12.0;0.0;999.9;0;0;0;0;0;0
Chamical_Aero;873200;2013;10;05;18.5;8;3.3;8;1017.2;8;964.0;8;20.6;8;3.7;8;8.2;999.9;26.2;11.2;0.0;999.9;0;0;0;0;0;0
Chamical_Aero;873200;2013;10;06;22.2;7;5.9;7;1017.9;7;965.1;7;20.0;7;3.6;7;10.3;999.9;29.2;14.0;0.0;999.9;0;0;0;0;0;0
Chamical_Aero;873200;2013;10;07;22.1;8;5.9;8;1015.8;8;963.5;8;20.0;8;6.1;8;8.8;999.9;29.5;15.5;0.0;999.9;0;0;0;0;0;0
Chamical_Aero;873200;2013;10;08;24.3;8;5.0;8;1010.7;8;958.5;7;17.5;8;2.5;8;6.2;999.9;32.9;17.4;0.0;999.9;0;0;0;0;0;0
Chamical_Aero;873200;2013;10;09;26.3;7;8.6;7;1006.7;7;955.4;7;17.2;7;4.6;7;10.8;999.9;34.0;17.6;0.0;999.9;0;0;0;0;0;0
Chamical_Aero;873200;2013;10;10;23.8;8;4.3;8;1012.4;8;960.5;8;16.9;8;2.8;8;5.1;999.9;31.2;12.4;0.0;999.9;0;0;0;0;0;0
Chamical_Aero;873200;2013;10;11;22.7;8;14.4;8;1012.0;7;960.0;8;17.5;8;1.2;8;2.6;999.9;31.2;20.5;0.0;999.9;0;0;0;0;0;0
Chamical_Aero;873200;2013;10;12;22.6;7;14.7;7;1012.3;7;961.4;7;17.2;7;1.2;7;4.1;999.9;27.4;19.4;0.0;999.9;0;1;0;0;0;0
Chamical_Aero;873200;2013;10;13;22.3;8;14.4;8;1011.8;8;959.5;8;20.0;8;1.5;8;4.1;999.9;27.9;15.8;0.0;999.9;0;0;0;0;0;0
Chamical_Aero;873200;2013;10;14;24.8;8;15.1;8;1012.4;8;960.4;8;20.0;8;1.8;8;4.1;999.9;30.9;18.0;0.0;999.9;0;0;0;0;0;0
Chamical_Aero;873200;2013;10;15;24.8;8;16.1;8;1013.1;8;961.3;8;20.0;8;4.0;8;8.2;999.9;31.5;19.5;0.0;999.9;0;0;0;0;1;0
Chamical_Aero;873200;2013;10;16;22.4;8;15.4;8;1011.8;8;959.7;8;20.0;8;3.8;8;7.2;999.9;30.8;16.2;5.1;999.9;0;0;0;0;1;0
Chamical_Aero;873200;2013;10;17;22.9;8;12.4;8;1014.2;8;961.9;8;20.0;8;0.3;8;1.5;999.9;32.0;16.0;0.0;999.9;0;1;0;0;0;0
Chamical_Aero;873200;2013;10;18;25.6;8;11.5;8;1009.9;8;958.2;8;20.0;8;2.3;8;7.2;999.9;33.7;18.2;0.0;999.9;0;0;0;0;0;0
Chamical_Aero;873200;2013;10;19;28.8;8;10.2;8;1003.2;8;952.2;8;20.0;8;2.2;8;5.1;999.9;37.4;21.4;0.0;999.9;0;0;0;0;0;0
Chamical_Aero;873200;2013;10;20;30.2;8;10.2;8;994.5;8;944.9;8;20.0;8;1.6;8;5.1;999.9;38.0;21.0;0.0;999.9;0;0;0;0;0;0
Chamical_Aero;873200;2013;10;21;23.8;8;3.2;8;1009.7;8;958.2;8;20.6;8;3.9;8;9.3;999.9;37.5;10.8;0.0;999.9;0;0;0;0;0;0
Chamical_Aero;873200;2013;10;22;24.0;8;5.3;8;1005.2;8;953.6;8;20.0;8;2.7;8;5.1;999.9;32.2;15.6;0.0;999.9;0;0;0;0;0;0
Chamical_Aero;873200;2013;10;23;25.7;7;6.3;7;1003.8;7;952.6;7;20.0;7;5.5;7;11.8;999.9;30.7;19.2;0.0;999.9;0;0;0;0;0;0
Chamical_Aero;873200;2013;10;24;21.8;8;1.8;8;1017.5;8;965.2;8;18.2;8;6.6;8;11.3;999.9;31.7;16.2;0.0;999.9;0;0;0;0;0;0
Chamical_Aero;873200;2013;10;25;21.6;8;5.4;8;1015.6;8;963.1;8;20.0;8;6.0;8;9.8;999.9;26.0;17.5;0.0;999.9;0;0;0;0;0;0
Chamical_Aero;873200;2013;10;26;21.9;8;11.9;8;1012.3;8;959.9;8;20.0;8;1.7;8;5.1;999.9;30.0;15.0;0.0;999.9;0;0;0;0;0;0
Chamical_Aero;873200;2013;10;27;25.2;8;8.8;8;1014.1;8;962.2;8;22.5;8;3.7;8;10.8;999.9;31.8;18.0;0.0;999.9;0;0;0;0;0;0
Chamical_Aero;873200;2013;10;28;26.3;8;7.7;8;1008.6;8;957.2;8;23.2;8;4.8;8;10.8;999.9;32.6;19.2;0.0;999.9;0;0;0;0;0;0
Chamical_Aero;873200;2013;10;29;27.5;8;11.1;8;1004.7;8;953.7;8;22.5;8;0.9;8;2.1;999.9;34.8;19.5;0.0;999.9;0;0;0;0;0;0
Chamical_Aero;873200;2013;10;30;29.8;8;15.2;8;1002.5;8;951.9;8;20.0;8;6.2;8;14.9;999.9;36.5;22.8;0.0;999.9;0;0;0;0;1;0
Chamical_Aero;873200;2013;10;31;29.4;8;19.2;8;997.2;8;947.0;8;20.0;8;3.9;8;11.8;999.9;37.2;23.5;0.0;999.9;0;0;0;0;0;0
Chamical_Aero;873200;2013;11;01;22.4;8;14.6;8;1005.7;8;954.3;8;17.9;8;4.1;8;8.2;999.9;34.2;18.5;20.1;999.9;0;1;0;0;1;0
Chamical_Aero;873200;2013;11;02;20.8;8;13.0;8;1016.4;8;963.6;8;20.6;8;0.3;8;2.1;999.9;27.5;15.5;3.0;999.9;0;1;0;0;1;0
Chamical_Aero;873200;2013;11;03;20.9;7;9.2;7;1017.4;7;964.8;7;23.5;7;1.0;7;6.7;999.9;29.4;13.3;0.0;999.9;0;0;0;0;0;0
Chamical_Aero;873200;2013;11;04;22.3;7;8.9;7;1014.3;7;962.2;7;24.9;7;2.4;7;7.2;999.9;31.2;17.5;0.0;999.9;0;0;0;0;0;0
Chamical_Aero;873200;2013;11;05;25.3;7;10.2;7;1012.6;7;960.7;7;24.9;7;3.3;7;5.1;999.9;30.4;18.0;0.0;999.9;0;0;0;0;0;0
Chamical_Aero;873200;2013;11;06;26.4;8;10.4;8;1007.3;8;956.0;8;21.2;8;2.5;8;7.2;999.9;35.2;18.5;0.0;999.9;0;0;0;0;0;0
Chamical_Aero;873200;2013;11;07;27.7;8;12.1;8;1005.4;8;954.4;8;20.0;8;2.9;8;5.1;999.9;35.6;21.6;0.0;999.9;0;0;0;0;0;0
Chamical_Aero;873200;2013;11;08;26.8;8;15.8;8;1004.9;8;953.8;8;20.0;8;0.9;8;3.1;999.9;33.8;20.5;0.0;999.9;0;0;0;0;0;0
Chamical_Aero;873200;2013;11;09;25.4;8;17.1;8;1001.0;8;949.9;8;20.0;8;3.8;8;8.7;999.9;32.8;19.5;0.0;999.9;0;0;0;0;0;0
Chamical_Aero;873200;2013;11;10;18.5;8;14.4;8;1005.2;8;953.2;8;20.0;8;0.6;8;4.1;999.9;31.0;13.4;22.1;999.9;0;1;0;0;1;0
Chamical_Aero;873200;2013;11;11;20.9;8;9.2;8;1011.2;8;958.4;8;21.2;8;0.5;8;2.1;999.9;29.5;11.8;0.0;999.9;0;0;0;0;0;0
Chamical_Aero;873200;2013;11;12;23.4;8;8.9;8;1008.5;8;956.6;8;20.0;8;1.1;8;5.1;999.9;33.7;13.0;0.0;999.9;0;0;0;0;0;0
Chamical_Aero;873200;2013;11;13;26.6;8;9.7;8;1005.7;8;954.5;8;20.0;8;4.3;8;7.2;999.9;34.8;18.5;0.0;999.9;0;0;0;0;0;0
