Comodoro_Rivadavia_Aero;878600;2013;01;01;13,1;24;6,8;24;1022,1;6;1016,4;6;15,3;24;3,6;24;8,7;999,9;18,0;5,5;0,0;999,9;0;0;0;0;0;0
Comodoro_Rivadavia_Aero;878600;2013;01;02;20,0;16;7,8;16;1008,8;8;1003,4;8;20,0;16;4,1;16;7,2;999,9;33,9;11,0;0,0;999,9;0;0;0;0;0;0
Comodoro_Rivadavia_Aero;878600;2013;01;03;22,3;22;6,8;22;1002,7;8;997,4;8;17,5;22;7,6;22;10,8;999,9;34,7;18,0;0,0;999,9;0;0;0;0;0;0
Comodoro_Rivadavia_Aero;878600;2013;01;04;19,2;23;4,5;23;1008,9;7;1003,5;7;16,9;23;6,2;22;9,8;999,9;24,5;13,5;0,0;999,9;0;0;0;0;0;0
Comodoro_Rivadavia_Aero;878600;2013;01;05;20,6;23;6,4;23;1005,3;8;999,9;8;16,4;23;7,5;23;16,5;25,2;25,0;14,0;0,0;999,9;0;0;0;0;0;0
Comodoro_Rivadavia_Aero;878600;2013;01;06;21,6;24;4,0;24;991,2;8;985,9;8;16,7;22;9,6;24;13,9;22,6;26,3;18,5;0,0;999,9;0;0;0;0;0;0
Comodoro_Rivadavia_Aero;878600;2013;01;07;15,3;24;0,5;24;991,3;8;986,0;8;14,3;24;12,4;24;18,0;26,2;24,8;8,6;0,0;999,9;0;0;0;0;0;0
Comodoro_Rivadavia_Aero;878600;2013;01;08;18,7;24;3,7;24;998,5;8;993,1;8;14,0;24;11,0;24;17,5;29,3;26,0;11,0;0,0;999,9;0;0;0;0;0;0
Comodoro_Rivadavia_Aero;878600;2013;01;09;22,8;24;7,7;24;1006,2;7;1000,8;7;15,4;24;10,3;23;15,4;22,1;33,2;14,5;0,0;999,9;0;1;0;0;0;0
Comodoro_Rivadavia_Aero;878600;2013;01;10;26,9;24;12,9;24;1008,6;8;1003,3;8;16,7;24;7,0;24;12,3;16,5;35,0;17,6;0,0;999,9;0;0;0;0;0;0
Comodoro_Rivadavia_Aero;878600;2013;01;11;26,6;24;10,2;24;1001,8;8;996,6;8;16,7;24;7,2;23;12,3;19,5;37,3;17,0;0,0;999,9;0;0;0;0;0;0
Comodoro_Rivadavia_Aero;878600;2013;01;12;15,4;24;9,3;24;1017,3;8;1011,8;8;15,1;24;3,7;24;6,7;999,9;18,0;11,0;0,0;999,9;0;0;0;0;0;0
Comodoro_Rivadavia_Aero;878600;2013;01;13;16,5;24;11,0;24;1019,3;8;1013,8;8;15,1;24;2,7;23;5,7;999,9;23,0;9,5;0,0;999,9;0;0;0;0;0;0
Comodoro_Rivadavia_Aero;878600;2013;01;14;17,7;24;13,9;23;1016,4;8;1010,9;8;13,0;24;3,8;24;8,2;999,9;24,0;12,5;0,0;999,9;0;0;0;0;0;0
Comodoro_Rivadavia_Aero;878600;2013;01;15;19,7;23;15,6;23;1008,8;8;1003,4;8;15,0;23;3,5;23;7,2;999,9;24,6;15,9;8,9;999,9;0;1;0;0;1;0
Comodoro_Rivadavia_Aero;878600;2013;01;16;18,3;22;12,5;22;1011,4;8;1005,9;8;16,4;22;4,5;21;9,3;999,9;23,3;15,0;0,0;999,9;0;0;0;0;0;0
Comodoro_Rivadavia_Aero;878600;2013;01;17;17,4;22;10,0;22;1016,9;6;1011,4;6;17,2;22;5,8;22;11,3;15,4;26,0;10,5;0,0;999,9;0;0;0;0;0;0
Comodoro_Rivadavia_Aero;878600;2013;01;18;17,2;23;12,7;23;1019,5;7;1014,0;7;10,9;21;3,4;23;6,7;999,9;27,5;12,0;0,0;999,9;0;0;0;0;0;0
Comodoro_Rivadavia_Aero;878600;2013;01;19;21,3;24;11,8;24;1023,3;9;1017,8;9;16,4;24;5,5;23;10,8;999,9;26,0;15,0;0,0;999,9;0;0;0;0;0;0
Comodoro_Rivadavia_Aero;878600;2013;01;20;23,8;23;10,7;23;1017,6;8;1012,2;8;17,1;23;5,5;23;8,2;999,9;28,1;16,0;0,0;999,9;0;0;0;0;0;0
Comodoro_Rivadavia_Aero;878600;2013;01;21;27,1;23;12,9;23;1008,3;7;1003,0;7;16,9;22;4,0;22;8,2;999,9;33,3;15,9;0,0;999,9;0;0;0;0;0;0
Comodoro_Rivadavia_Aero;878600;2013;01;22;28,4;22;10,3;22;1004,7;7;999,5;7;16,6;22;5,4;22;9,3;999,9;34,8;22,5;0,0;999,9;0;0;0;0;0;0
Comodoro_Rivadavia_Aero;878600;2013;01;23;18,2;24;12,8;24;1008,6;8;1003,2;8;15,9;24;4,5;24;7,2;999,9;32,8;15,0;0,0;999,9;0;0;0;0;0;0
Comodoro_Rivadavia_Aero;878600;2013;01;24;14,2;22;6,2;22;1013,3;7;1007,8;7;16,9;21;5,1;22;9,3;999,9;20,8;11,0;999,9;999,9;0;1;0;0;0;0
Comodoro_Rivadavia_Aero;878600;2013;01;25;16,3;21;4,4;21;1012,8;7;1007,3;7;17,4;21;3,4;21;6,2;999,9;24,4;8,2;0,0;999,9;0;0;0;0;0;0
Comodoro_Rivadavia_Aero;878600;2013;01;26;16,0;23;10,4;23;1009,7;7;1004,2;7;15,8;22;4,5;23;7,7;999,9;25,5;10,0;0,0;999,9;0;1;0;0;0;0
Comodoro_Rivadavia_Aero;878600;2013;01;27;21,5;24;11,6;23;1005,1;8;999,7;8;16,6;24;5,4;23;9,3;13,9;30,8;11,5;0,0;999,9;0;0;0;0;0;0
Comodoro_Rivadavia_Aero;878600;2013;01;28;21,2;23;10,7;22;1009,7;8;1004,3;8;16,7;23;6,8;21;12,3;17,5;32,4;16,7;0,0;999,9;0;0;0;0;0;0
Comodoro_Rivadavia_Aero;878600;2013;01;29;22,6;24;10,1;24;1010,4;8;1005,0;8;15,9;24;7,2;24;11,8;18,0;29,0;12,1;0,0;999,9;0;0;0;0;0;0
Comodoro_Rivadavia_Aero;878600;2013;01;30;21,6;24;8,8;24;1010,0;8;1004,6;8;16,7;24;5,5;24;9,8;999,9;30,6;16,6;0,0;999,9;0;0;0;0;0;0
Comodoro_Rivadavia_Aero;878600;2013;01;31;21,9;24;11,3;24;998,8;8;993,4;8;13,2;24;10,3;24;16,5;26,2;29,0;17,2;0,0;999,9;0;0;0;0;0;0
Comodoro_Rivadavia_Aero;878600;2013;02;01;18,7;23;5,7;23;999,6;8;994,2;8;16,1;23;6,7;22;10,8;18,0;25,2;15,5;0,0;999,9;0;1;0;0;1;0
Comodoro_Rivadavia_Aero;878600;2013;02;02;15,5;21;4,9;21;1016,1;7;1010,6;7;16,9;20;4,5;21;7,2;999,9;23,6;12,5;0,0;999,9;0;0;0;0;0;0
Comodoro_Rivadavia_Aero;878600;2013;02;03;22,1;22;8,8;22;1010,4;8;1005,0;8;16,6;22;5,9;22;11,3;16,5;34,0;10,1;0,0;999,9;0;0;0;0;0;0
Comodoro_Rivadavia_Aero;878600;2013;02;04;18,6;23;9,3;23;1011,3;8;1005,9;8;14,5;23;5,6;23;10,8;999,9;34,6;10,3;0,0;999,9;0;0;0;0;0;0
Comodoro_Rivadavia_Aero;878600;2013;02;05;23,5;24;6,7;24;1007,7;8;1002,3;8;15,6;24;5,9;24;10,3;11,8;33,0;14,5;0,0;999,9;0;0;0;0;0;0
Comodoro_Rivadavia_Aero;878600;2013;02;06;24,5;23;10,4;23;1008,3;8;1002,9;8;16,6;23;6,7;23;9,3;999,9;35,8;18,0;0,0;999,9;0;0;0;0;0;0
Comodoro_Rivadavia_Aero;878600;2013;02;07;20,1;24;9,1;23;1011,9;7;1006,7;8;15,6;24;4,7;24;8,2;999,9;29,2;14,5;0,0;999,9;0;0;0;0;0;0
Comodoro_Rivadavia_Aero;878600;2013;02;08;19,1;23;11,9;23;1010,7;8;1005,2;8;14,5;23;6,1;23;9,8;999,9;25,7;14,8;0,0;999,9;0;0;0;0;0;0
Comodoro_Rivadavia_Aero;878600;2013;02;09;20,6;24;12,2;24;1004,3;7;998,9;7;13,0;24;2,5;24;5,7;999,9;27,2;17,0;0,0;999,9;0;0;0;0;0;0
Comodoro_Rivadavia_Aero;878600;2013;02;10;18,4;24;13,2;24;1006,9;8;1001,5;8;10,8;24;2,5;24;8,2;12,9;28,2;12,6;999,9;999,9;0;1;0;0;0;0
Comodoro_Rivadavia_Aero;878600;2013;02;11;24,0;24;10,6;23;995,6;7;990,3;7;15,8;24;6,4;24;14,4;21,6;30,1;16,1;0,0;999,9;0;1;0;0;1;0
Comodoro_Rivadavia_Aero;878600;2013;02;12;17,9;24;5,2;24;991,9;8;986,6;8;14,6;24;10,0;24;13,4;21,6;31,0;11,2;5,1;999,9;0;1;0;0;0;0
Comodoro_Rivadavia_Aero;878600;2013;02;13;18,0;24;2,3;24;999,6;8;994,2;8;15,9;24;9,9;24;15,9;23,1;23,8;12,5;0,0;999,9;0;0;0;0;0;0
Comodoro_Rivadavia_Aero;878600;2013;02;14;20,6;24;4,4;24;1000,0;8;994,6;8;14,5;24;9,0;24;14,9;23,7;29,0;15,2;0,0;999,9;0;0;0;0;0;0
Comodoro_Rivadavia_Aero;878600;2013;02;15;20,4;23;6,3;23;997,2;8;991,8;8;14,8;23;6,0;23;12,3;20,6;29,5;13,7;0,0;999,9;0;0;0;0;0;0
Comodoro_Rivadavia_Aero;878600;2013;02;16;15,8;24;5,6;24;998,5;8;993,2;8;15,4;24;5,1;24;10,3;15,4;26,9;13,0;0,0;999,9;0;1;0;0;1;0
Comodoro_Rivadavia_Aero;878600;2013;02;17;14,3;24;2,2;24;1006,2;8;1000,7;8;17,1;24;5,4;24;8,7;15,4;22,0;7,5;2,0;999,9;0;1;0;0;1;0
Comodoro_Rivadavia_Aero;878600;2013;02;18;18,0;24;4,3;24;1013,9;8;1008,4;8;15,1;24;5,4;24;9,3;14,9;27,0;7,9;0,0;999,9;0;0;0;0;0;0
Comodoro_Rivadavia_Aero;878600;2013;02;19;18,8;24;5,6;24;1013,6;7;1008,1;7;16,1;24;4,7;24;7,7;999,9;27,3;14,9;0,0;999,9;0;0;0;0;0;0
Comodoro_Rivadavia_Aero;878600;2013;02;20;15,6;24;9,5;24;1014,7;8;1009,2;8;16,3;24;3,3;24;5,1;999,9;21,0;11,5;0,0;999,9;0;0;0;0;0;0
Comodoro_Rivadavia_Aero;878600;2013;02;21;15,3;22;12,3;22;1014,6;7;1009,1;7;14,5;22;2,8;22;5,7;999,9;18,5;10,5;999,9;999,9;0;1;0;0;0;0
Comodoro_Rivadavia_Aero;878600;2013;02;22;15,5;24;12,6;24;1014,0;8;1008,4;8;11,4;24;3,1;24;5,1;999,9;19,5;9,8;0,0;999,9;0;1;0;0;0;0
Comodoro_Rivadavia_Aero;878600;2013;02;23;16,3;24;14,5;24;1006,9;6;1001,4;6;8,0;24;4,7;24;9,3;14,4;20,1;13,8;30,0;999,9;1;1;0;0;0;0
Comodoro_Rivadavia_Aero;878600;2013;02;24;12,6;24;9,8;24;1018,2;8;1012,7;8;8,5;24;5,5;24;8,2;12,9;20,3;10,0;11,9;999,9;0;1;0;0;0;0
Comodoro_Rivadavia_Aero;878600;2013;02;25;12,2;24;7,6;24;1021,3;8;1015,7;8;16,9;24;2,9;24;4,6;999,9;17,0;7,5;2,0;999,9;0;0;0;0;0;0
Comodoro_Rivadavia_Aero;878600;2013;02;26;12,7;24;8,4;24;1016,4;8;1010,8;8;15,1;24;3,4;24;7,7;999,9;17,5;7,0;0,0;999,9;0;0;0;0;0;0
Comodoro_Rivadavia_Aero;878600;2013;02;27;13,8;23;10,4;23;1015,4;8;1009,8;8;15,3;23;3,8;23;7,2;999,9;17,4;10,3;999,9;999,9;0;1;0;0;0;0
Comodoro_Rivadavia_Aero;878600;2013;02;28;14,6;24;11,1;24;1018,3;8;1012,8;8;15,6;24;2,9;24;7,2;999,9;18,0;10,0;0,3;999,9;0;0;0;0;0;0
Comodoro_Rivadavia_Aero;878600;2013;03;01;15,2;23;12,5;23;1015,8;6;1010,2;6;14,2;23;2,5;23;4,6;999,9;19,0;11,1;0,0;999,9;0;0;0;0;0;0
Comodoro_Rivadavia_Aero;878600;2013;03;02;16,2;24;12,6;24;1019,4;8;1013,9;8;16,3;24;2,8;24;4,1;999,9;20,1;13,5;0,0;999,9;0;0;0;0;0;0
Comodoro_Rivadavia_Aero;878600;2013;03;03;16,2;23;9,6;23;1020,0;8;1014,5;8;17,4;23;2,7;23;5,1;999,9;21,0;11,6;0,0;999,9;0;0;0;0;0;0
Comodoro_Rivadavia_Aero;878600;2013;03;04;19,4;24;10,3;24;1013,8;8;1008,4;8;16,4;24;3,3;24;7,7;999,9;26,0;13,1;0,0;999,9;0;0;0;0;0;0
Comodoro_Rivadavia_Aero;878600;2013;03;05;21,2;24;8,2;24;1002,5;8;997,1;8;16,6;24;5,0;24;9,3;14,4;27,0;15,1;0,0;999,9;0;0;0;0;0;0
Comodoro_Rivadavia_Aero;878600;2013;03;06;15,3;24;3,7;24;999,0;8;993,6;8;16,7;24;6,5;24;9,8;15,4;27,5;10,7;0,0;999,9;0;1;0;0;1;0
Comodoro_Rivadavia_Aero;878600;2013;03;07;11,9;23;1,4;22;1006,7;8;1001,1;8;16,6;23;5,0;23;8,2;999,9;18,5;8,2;0,0;999,9;0;1;0;0;0;0
Comodoro_Rivadavia_Aero;878600;2013;03;08;15,9;24;8,1;24;1002,6;8;997,1;8;16,3;24;4,8;24;10,8;16,5;23,0;8,2;3,0;999,9;0;1;0;0;0;0
Comodoro_Rivadavia_Aero;878600;2013;03;09;16,9;24;6,2;24;997,5;8;992,1;8;16,7;24;7,1;24;12,9;18,5;24,0;13,0;0,0;999,9;0;1;0;0;0;0
Comodoro_Rivadavia_Aero;878600;2013;03;10;13,4;24;4,7;24;1006,7;8;1001,2;8;16,9;24;4,8;24;9,8;999,9;21,2;4,5;3,0;999,9;0;1;0;0;0;0
Comodoro_Rivadavia_Aero;878600;2013;03;11;15,2;24;2,5;24;1004,4;7;998,9;7;15,6;24;6,4;24;10,8;15,9;21,7;8,5;0,0;999,9;0;1;0;0;0;0
Comodoro_Rivadavia_Aero;878600;2013;03;12;10,4;24;4,8;24;1015,9;8;1010,4;8;15,9;24;4,7;24;8,2;14,9;18,6;8,0;3,0;999,9;0;1;0;0;0;0
Comodoro_Rivadavia_Aero;878600;2013;03;13;8,8;24;3,2;24;1027,9;8;1022,2;8;16,3;24;4,6;24;9,3;999,9;13,0;5,3;5,1;999,9;0;1;0;0;0;0
Comodoro_Rivadavia_Aero;878600;2013;03;14;8,2;24;5,1;24;1027,5;8;1021,8;8;13,5;24;2,3;24;4,6;999,9;12,4;5,5;3,0;999,9;0;1;0;0;0;0
Comodoro_Rivadavia_Aero;878600;2013;03;15;10,3;24;4,5;24;1025,1;8;1019,4;8;15,9;24;3,2;24;8,7;11,8;18,0;3,7;8,9;999,9;0;0;0;0;0;0
Comodoro_Rivadavia_Aero;878600;2013;03;16;13,5;24;5,8;24;1020,7;8;1015,2;8;15,4;24;4,8;24;9,8;999,9;22,6;6,6;0,0;999,9;0;0;0;0;0;0
Comodoro_Rivadavia_Aero;878600;2013;03;17;15,7;23;9,1;23;1018,6;8;1013,0;8;15,9;23;2,5;23;7,7;999,9;22,4;7,4;0,0;999,9;0;0;0;0;0;0
Comodoro_Rivadavia_Aero;878600;2013;03;18;16,8;23;12,5;23;1015,7;8;1010,2;8;13,7;23;1,5;23;3,1;999,9;23,0;11,5;0,0;999,9;0;0;0;0;0;0
Comodoro_Rivadavia_Aero;878600;2013;03;19;20,2;24;11,0;23;1008,7;8;1003,3;8;15,6;24;3,0;24;7,7;999,9;28,0;13,2;0,0;999,9;0;0;0;0;0;0
Comodoro_Rivadavia_Aero;878600;2013;03;20;19,4;24;4,4;24;999,9;7;994,6;7;14,5;24;6,9;24;12,9;19,5;28,2;16,0;0,0;999,9;0;0;0;0;0;0
Comodoro_Rivadavia_Aero;878600;2013;03;21;14,3;24;0,9;24;1008,7;8;1003,2;8;15,3;24;8,7;24;14,9;20,6;21,3;8,0;0,0;999,9;0;0;0;0;0;0
Comodoro_Rivadavia_Aero;878600;2013;03;22;16,8;24;6,3;24;1009,5;8;1004,0;8;14,8;24;8,1;24;12,3;19,0;21,2;9,7;0,0;999,9;0;0;0;0;0;0
Comodoro_Rivadavia_Aero;878600;2013;03;23;16,6;24;8,4;24;1014,3;8;1008,8;8;15,0;24;4,2;24;7,2;999,9;24,0;10,5;0,0;999,9;0;0;0;0;0;0
Comodoro_Rivadavia_Aero;878600;2013;03;24;17,8;24;6,8;24;1000,4;8;995,0;8;17,1;24;5,2;24;11,3;999,9;23,9;11,5;999,9;999,9;0;1;0;0;0;0
Comodoro_Rivadavia_Aero;878600;2013;03;25;16,3;24;3,5;24;1009,2;8;1003,7;8;15,8;24;6,9;24;11,8;17,0;23,6;9,8;0,0;999,9;0;0;0;0;0;0
Comodoro_Rivadavia_Aero;878600;2013;03;26;18,4;24;7,1;24;1010,0;8;1004,5;8;14,6;24;8,8;24;15,4;23,7;23,0;11,4;0,0;999,9;0;0;0;0;0;0
Comodoro_Rivadavia_Aero;878600;2013;03;27;14,2;24;4,7;24;1016,9;8;1011,4;8;16,6;24;3,9;24;6,7;999,9;22,0;6,5;0,0;999,9;0;0;0;0;0;0
Comodoro_Rivadavia_Aero;878600;2013;03;28;17,7;24;7,7;24;1012,8;8;1007,4;8;16,3;24;5,5;24;11,3;18,0;22,5;10,9;0,0;999,9;0;0;0;0;0;0
Comodoro_Rivadavia_Aero;878600;2013;03;29;14,4;24;10,0;24;1014,9;7;1009,4;7;15,3;24;2,8;24;7,2;999,9;20,8;9,4;2,0;999,9;0;1;0;0;0;0
Comodoro_Rivadavia_Aero;878600;2013;03;30;14,0;24;6,6;24;1018,5;8;1013,0;8;15,3;24;2,5;24;4,6;999,9;21,6;7,9;0,0;999,9;0;0;0;0;0;0
Comodoro_Rivadavia_Aero;878600;2013;03;31;14,7;24;4,6;24;1025,9;8;1020,3;8;16,6;24;3,7;24;6,7;999,9;22,0;6,6;0,0;999,9;0;0;0;0;0;0
Comodoro_Rivadavia_Aero;878600;2013;04;01;18,2;22;4,2;22;1020,4;7;1014,9;7;16,3;22;4,9;22;7,2;999,9;25,0;12,3;0,0;999,9;0;0;0;0;0;0
Comodoro_Rivadavia_Aero;878600;2013;04;02;15,4;24;5,4;24;1021,3;8;1015,8;8;15,8;24;3,6;24;6,2;999,9;25,5;11,9;0,0;999,9;0;0;0;0;0;0
Comodoro_Rivadavia_Aero;878600;2013;04;03;16,2;21;5,6;21;1017,6;8;1012,0;8;15,9;21;3,0;21;6,2;999,9;28,6;7,4;0,0;999,9;0;0;0;0;0;0
Comodoro_Rivadavia_Aero;878600;2013;04;04;21,1;24;3,9;24;1000,5;7;995,1;7;15,1;24;6,4;24;13,9;20,6;26,4;15,6;0,0;999,9;0;0;0;0;0;0
Comodoro_Rivadavia_Aero;878600;2013;04;05;13,9;24;-1,1;24;997,1;8;991,7;8;15,0;24;7,9;24;14,9;21,1;26,5;8,5;0,0;999,9;0;0;0;0;0;0
Comodoro_Rivadavia_Aero;878600;2013;04;06;14,4;24;-0,9;24;1000,4;8;994,9;8;15,1;24;10,4;24;15,9;23,1;22,0;7,2;0,0;999,9;0;0;0;0;0;0
Comodoro_Rivadavia_Aero;878600;2013;04;07;14,4;23;3,4;23;1007,9;8;1002,5;8;16,3;23;5,8;23;8,7;13,9;22,1;9,7;0,0;999,9;0;0;0;0;0;0
Comodoro_Rivadavia_Aero;878600;2013;04;08;14,5;24;4,9;24;1012,1;8;1006,6;8;16,7;24;5,6;24;9,3;999,9;20,1;8,7;0,0;999,9;0;0;0;0;0;0
Comodoro_Rivadavia_Aero;878600;2013;04;09;17,8;24;2,4;24;1003,7;8;998,2;8;16,6;24;3,9;24;9,8;999,9;25,0;11,1;0,0;999,9;0;0;0;0;0;0
Comodoro_Rivadavia_Aero;878600;2013;04;10;18,2;24;3,1;24;997,7;7;992,3;7;15,8;24;6,2;24;10,3;15,4;25,2;13,7;0,0;999,9;0;0;0;0;0;0
Comodoro_Rivadavia_Aero;878600;2013;04;11;9,4;24;1,3;24;1010,5;8;1004,9;8;16,9;24;4,3;24;7,7;999,9;22,1;5,0;0,0;999,9;0;1;0;0;0;0
Comodoro_Rivadavia_Aero;878600;2013;04;12;8,8;22;0,1;22;1018,4;8;1012,8;8;16,4;22;4,3;22;6,2;999,9;15,1;3,2;0,0;999,9;0;1;0;0;0;0
Comodoro_Rivadavia_Aero;878600;2013;04;13;12,2;23;3,1;23;1012,3;8;1006,7;8;17,1;23;4,9;23;7,2;11,8;17,0;4,8;0,0;999,9;0;0;0;0;0;0
Comodoro_Rivadavia_Aero;878600;2013;04;14;15,8;24;7,8;24;1007,7;7;1002,2;7;15,4;24;4,5;24;8,2;999,9;19,9;10,0;0,0;999,9;0;0;0;0;0;0
Comodoro_Rivadavia_Aero;878600;2013;04;15;13,9;24;9,3;24;1013,6;8;1008,0;8;12,2;24;2,6;24;7,7;999,9;20,1;7,5;0,0;999,9;0;0;0;0;0;0
Comodoro_Rivadavia_Aero;878600;2013;04;16;19,4;24;8,5;24;1007,9;8;1002,4;8;15,3;24;4,3;24;10,8;999,9;23,0;10,8;0,0;999,9;0;0;0;0;0;0
Comodoro_Rivadavia_Aero;878600;2013;04;17;20,1;24;9,7;24;1007,9;8;1002,5;8;16,4;24;4,6;24;10,8;15,4;24,2;12,4;0,0;999,9;0;0;0;0;0;0
Comodoro_Rivadavia_Aero;878600;2013;04;18;23,8;23;9,2;23;1003,9;8;998,5;8;16,3;23;6,1;23;11,3;17,0;28,8;19,0;0,0;999,9;0;0;0;0;0;0
Comodoro_Rivadavia_Aero;878600;2013;04;19;21,2;23;10,2;23;1008,9;8;1003,5;8;16,4;23;4,3;23;8,2;999,9;30,1;15,3;0,0;999,9;0;0;0;0;0;0
Comodoro_Rivadavia_Aero;878600;2013;04;20;17,2;24;10,1;24;1010,8;8;1005,3;8;15,6;24;2,3;24;4,1;999,9;26,2;12,7;0,0;999,9;0;0;0;0;0;0
Comodoro_Rivadavia_Aero;878600;2013;04;21;19,0;24;7,7;24;1007,7;8;1002,3;8;15,6;24;4,6;24;10,8;16,5;23,2;11,5;0,0;999,9;0;0;0;0;0;0
Comodoro_Rivadavia_Aero;878600;2013;04;22;15,1;24;7,6;24;1017,7;8;1012,2;8;16,4;24;3,1;24;5,7;999,9;21,6;12,4;0,0;999,9;0;0;0;0;0;0
Comodoro_Rivadavia_Aero;878600;2013;04;23;13,6;24;11,7;24;1021,8;7;1016,3;7;10,0;24;1,2;24;3,6;999,9;18,0;11,5;0,0;999,9;0;1;0;0;0;0
Comodoro_Rivadavia_Aero;878600;2013;04;24;11,7;24;9,4;24;1017,7;8;1012,1;8;10,3;24;1,8;24;3,1;999,9;15,7;6,5;0,0;999,9;1;1;0;0;0;0
Comodoro_Rivadavia_Aero;878600;2013;04;25;14,2;23;2,6;23;1013,7;8;1008,1;8;16,1;23;4,2;23;6,2;999,9;21,0;7,9;0,0;999,9;0;0;0;0;0;0
Comodoro_Rivadavia_Aero;878600;2013;04;26;15,7;24;5,0;24;1012,0;8;1006,5;8;15,9;24;3,4;24;5,7;999,9;20,9;9,2;0,0;999,9;0;0;0;0;0;0
Comodoro_Rivadavia_Aero;878600;2013;04;27;14,4;24;7,0;24;1015,9;8;1010,3;8;15,8;24;3,1;24;5,7;999,9;20,7;10,0;0,0;999,9;0;0;0;0;0;0
Comodoro_Rivadavia_Aero;878600;2013;04;28;12,1;24;5,7;24;1011,5;8;1005,9;8;12,6;24;3,0;24;10,8;15,4;21,0;4,1;0,0;999,9;0;0;0;0;0;0
Comodoro_Rivadavia_Aero;878600;2013;04;29;15,6;24;5,4;24;1006,2;8;1000,8;8;15,9;24;4,3;24;8,2;13,4;20,5;9,6;0,0;999,9;0;0;0;0;0;0
Comodoro_Rivadavia_Aero;878600;2013;04;30;12,9;24;2,6;24;1006,9;8;1001,3;8;15,9;24;3,6;24;10,3;15,9;19,9;8,5;0,0;999,9;0;0;0;0;0;0
Comodoro_Rivadavia_Aero;878600;2013;05;01;11,1;24;3,3;24;1009,7;8;1004,1;8;16,3;24;2,2;24;4,1;999,9;15,7;7,0;0,0;999,9;0;0;0;0;0;0
Comodoro_Rivadavia_Aero;878600;2013;05;02;9,9;24;0,3;24;1013,0;8;1007,3;8;16,4;24;3,3;24;6,7;999,9;17,0;3,0;0,0;999,9;0;0;0;0;0;0
Comodoro_Rivadavia_Aero;878600;2013;05;03;12,7;24;7,8;24;1006,3;8;1000,8;8;15,6;24;2,1;24;5,1;999,9;18,2;5,6;0,0;999,9;0;1;0;0;0;0
Comodoro_Rivadavia_Aero;878600;2013;05;04;13,4;24;1,2;24;1006,7;7;1001,2;7;14,5;24;8,4;24;12,3;19,5;17,0;8,3;0,0;999,9;0;0;0;0;0;0
Comodoro_Rivadavia_Aero;878600;2013;05;05;12,8;22;-0,3;22;1007,6;8;1002,0;8;16,3;22;7,8;22;15,4;24,2;18,0;6,6;0,0;999,9;0;0;0;0;0;0
Comodoro_Rivadavia_Aero;878600;2013;05;06;12,7;24;-1,1;24;1008,6;8;1003,1;8;15,8;24;8,1;24;13,4;19,5;18,6;7,3;0,0;999,9;0;0;0;0;0;0
Comodoro_Rivadavia_Aero;878600;2013;05;07;15,2;24;0,3;24;1001,5;8;995,9;8;12,4;24;11,4;24;16,4;28,8;22,0;8,2;0,0;999,9;0;0;0;0;0;0
Comodoro_Rivadavia_Aero;878600;2013;05;08;17,0;24;4,1;24;991,3;8;986,0;8;14,8;24;11,0;24;14,9;23,7;22,0;11,6;0,0;999,9;0;0;0;0;0;0
Comodoro_Rivadavia_Aero;878600;2013;05;09;15,8;24;4,8;24;999,0;8;993,6;8;16,4;24;7,7;24;11,3;17,0;20,0;12,7;0,0;999,9;0;0;0;0;0;0
Comodoro_Rivadavia_Aero;878600;2013;05;10;15,3;24;4,4;24;996,8;8;991,3;8;16,3;24;7,3;24;14,4;22,1;18,2;12,1;0,0;999,9;0;0;0;0;0;0
Comodoro_Rivadavia_Aero;878600;2013;05;11;11,9;24;0,4;24;1004,9;8;999,3;8;16,3;24;6,8;24;13,9;19,0;18,5;7,5;0,0;999,9;0;0;0;0;0;0
Comodoro_Rivadavia_Aero;878600;2013;05;12;13,0;24;-2,2;24;998,1;8;992,6;8;10,8;24;14,9;24;20,6;30,9;17,4;9,8;0,0;999,9;0;0;0;0;0;0
Comodoro_Rivadavia_Aero;878600;2013;05;13;7,9;24;-1,8;24;1003,2;8;997,7;8;14,6;24;8,0;24;10,8;16,5;17,4;5,0;999,9;999,9;0;1;0;0;0;0
Comodoro_Rivadavia_Aero;878600;2013;05;14;4,5;24;-5,3;24;1014,4;8;1008,7;8;17,4;24;5,5;24;8,2;14,4;12,1;0,9;0,0;999,9;0;0;0;0;0;0
Comodoro_Rivadavia_Aero;878600;2013;05;15;6,0;24;-0,5;24;1017,9;8;1012,2;8;16,7;24;5,7;24;10,3;16,5;10,2;1,9;0,0;999,9;0;1;0;0;0;0
Comodoro_Rivadavia_Aero;878600;2013;05;16;8,9;23;2,2;23;1018,2;7;1012,5;7;17,1;23;3,5;23;6,7;999,9;12,3;4,6;0,0;999,9;0;0;0;0;0;0
Comodoro_Rivadavia_Aero;878600;2013;05;17;10,2;24;0,5;24;1012,7;8;1007,1;8;16,6;24;4,5;24;9,3;999,9;15,1;4,2;0,0;999,9;0;0;0;0;0;0
Comodoro_Rivadavia_Aero;878600;2013;05;18;12,1;24;3,8;24;1015,5;8;1009,9;8;16,3;24;3,9;24;8,2;999,9;15,2;7,0;0,0;999,9;0;0;0;0;0;0
Comodoro_Rivadavia_Aero;878600;2013;05;19;10,2;22;2,9;22;1018,4;7;1012,7;7;15,1;22;3,3;22;6,7;999,9;17,1;1,8;0,0;999,9;0;0;0;0;0;0
Comodoro_Rivadavia_Aero;878600;2013;05;20;11,1;24;3,1;24;1012,5;8;1006,9;8;16,4;24;3,1;24;6,2;999,9;17,6;5,0;0,0;999,9;0;0;0;0;0;0
Comodoro_Rivadavia_Aero;878600;2013;05;21;12,1;24;2,8;24;1006,3;7;1000,7;7;15,8;24;6,8;24;12,9;19,5;14,8;8,2;0,0;999,9;0;0;0;0;0;0
Comodoro_Rivadavia_Aero;878600;2013;05;22;11,9;24;0,9;24;1009,9;8;1004,3;8;16,4;24;6,6;24;11,8;19,5;15,0;5,0;0,0;999,9;0;0;0;0;0;0
Comodoro_Rivadavia_Aero;878600;2013;05;23;12,4;23;0,8;23;1001,4;8;996,0;8;15,0;23;6,5;23;13,4;20,6;17,5;7,0;0,0;999,9;0;0;0;0;0;0
Comodoro_Rivadavia_Aero;878600;2013;05;24;5,1;24;-3,8;24;1018,2;8;1012,5;8;15,9;24;4,5;24;7,2;999,9;17,2;0,2;0,0;999,9;0;0;0;0;0;0
Comodoro_Rivadavia_Aero;878600;2013;05;25;10,5;24;3,3;24;1007,1;8;1001,5;8;16,6;24;3,6;24;12,3;999,9;19,0;1,5;0,0;999,9;0;1;0;0;0;0
Comodoro_Rivadavia_Aero;878600;2013;05;26;9,7;24;6,7;24;1004,0;8;998,4;8;14,3;24;2,3;22;6,7;999,9;19,2;6,3;3,0;999,9;0;1;0;0;0;0
Comodoro_Rivadavia_Aero;878600;2013;05;27;6,4;24;5,0;24;1001,2;8;995,6;8;16,3;24;1,4;24;3,1;999,9;11,0;0,7;1,0;999,9;0;1;0;0;0;0
Comodoro_Rivadavia_Aero;878600;2013;05;28;9,1;24;6,8;24;995,2;7;989,7;7;14,3;24;2,2;24;4,1;999,9;11,0;3,8;0,3;999,9;1;1;0;0;0;0
Comodoro_Rivadavia_Aero;878600;2013;05;29;9,2;24;3,3;24;1002,5;8;996,9;8;16,6;24;4,5;24;7,2;999,9;12,0;4,6;0,0;999,9;0;1;0;0;0;0
Comodoro_Rivadavia_Aero;878600;2013;05;30;12,6;24;3,4;24;991,4;8;985,9;8;16,9;24;6,9;24;11,8;17,5;16,0;7,0;0,0;999,9;0;1;0;0;0;0
Comodoro_Rivadavia_Aero;878600;2013;05;31;10,9;24;1,6;24;986,3;8;980,8;8;16,9;24;5,3;24;10,8;17,0;16,6;6,3;0,0;999,9;0;0;0;0;0;0
Comodoro_Rivadavia_Aero;878600;2013;06;01;8,4;24;2,7;24;994,3;8;988,7;8;16,6;24;4,2;24;10,3;999,9;13,9;5,7;0,0;999,9;0;1;0;0;0;0
Comodoro_Rivadavia_Aero;878600;2013;06;02;9,4;22;2,9;22;1006,5;8;1000,8;8;17,2;22;5,7;22;9,8;13,9;14,2;3,5;4,1;999,9;0;1;0;0;0;0
Comodoro_Rivadavia_Aero;878600;2013;06;03;11,8;24;5,4;24;1004,6;8;999,1;8;16,3;24;6,6;24;10,3;999,9;14,5;8,8;0,0;999,9;0;1;0;0;0;0
Comodoro_Rivadavia_Aero;878600;2013;06;04;8,9;24;4,4;24;1007,3;8;1001,7;8;16,7;24;3,4;24;5,7;999,9;13,9;5,0;2,0;999,9;0;1;0;0;0;0
Comodoro_Rivadavia_Aero;878600;2013;06;05;7,4;22;4,2;22;1006,0;8;1000,3;8;13,2;22;4,0;22;7,2;999,9;12,6;4,6;20,1;999,9;0;1;0;0;0;0
Comodoro_Rivadavia_Aero;878600;2013;06;06;10,0;24;2,7;24;1005,1;8;999,5;8;16,4;24;5,9;24;13,4;20,1;15,0;4,6;0,0;999,9;0;1;0;0;0;0
Comodoro_Rivadavia_Aero;878600;2013;06;07;8,9;24;-2,9;24;1003,1;8;997,5;8;16,6;24;11,3;24;15,9;24,7;15,6;4,9;0,0;999,9;0;0;0;0;0;0
Comodoro_Rivadavia_Aero;878600;2013;06;08;9,7;24;-2,0;24;1011,5;8;1005,9;8;16,3;24;9,6;24;12,9;21,6;13,4;6,0;0,0;999,9;0;0;0;0;0;0
Comodoro_Rivadavia_Aero;878600;2013;06;09;12,7;24;1,0;24;1004,5;8;998,9;8;16,4;24;11,3;24;18,0;27,3;15,0;7,5;0,0;999,9;0;0;0;0;0;0
Comodoro_Rivadavia_Aero;878600;2013;06;10;14,5;24;2,9;24;1002,5;8;997,0;8;16,6;24;6,5;24;11,8;17,0;16,2;10,0;0,0;999,9;0;0;0;0;0;0
Comodoro_Rivadavia_Aero;878600;2013;06;11;13,8;24;1,7;24;1001,3;8;995,8;8;14,6;24;9,4;24;21,6;34,5;19,0;7,0;0,0;999,9;0;0;0;0;0;0
Comodoro_Rivadavia_Aero;878600;2013;06;12;10,7;24;-1,4;24;1006,7;8;1001,2;8;15,6;24;8,8;24;15,4;24,2;19,2;7,0;0,0;999,9;0;0;0;0;0;0
Comodoro_Rivadavia_Aero;878600;2013;06;13;8,9;24;-3,9;23;1011,3;8;1005,6;8;16,6;24;7,5;24;11,3;15,4;13,3;6,0;0,0;999,9;0;0;0;0;0;0
Comodoro_Rivadavia_Aero;878600;2013;06;14;4,1;24;-4,9;24;1020,4;8;1014,7;8;16,7;24;3,5;24;7,2;999,9;10,6;-1,5;999,9;999,9;0;1;0;0;0;0
Comodoro_Rivadavia_Aero;878600;2013;06;15;10,8;23;0,2;22;996,2;8;990,7;8;16,6;23;7,5;23;13,9;22,1;14,0;1,5;0,0;999,9;0;0;0;0;0;0
Comodoro_Rivadavia_Aero;878600;2013;06;16;8,2;24;-5,2;24;1004,4;8;998,8;8;14,5;24;11,7;24;17,5;28,8;14,4;3,6;0,0;999,9;0;0;0;0;0;0
Comodoro_Rivadavia_Aero;878600;2013;06;17;10,6;24;-2,1;24;997,0;8;991,4;8;16,1;24;10,0;24;13,4;23,1;14,0;6,6;0,0;999,9;0;0;0;0;0;0
Comodoro_Rivadavia_Aero;878600;2013;06;18;4,2;23;-5,4;23;1005,9;8;1000,2;8;17,2;23;6,3;23;9,3;13,9;14,4;-0,7;0,0;999,9;0;1;1;0;0;0
Comodoro_Rivadavia_Aero;878600;2013;06;19;7,1;24;-2,6;24;1010,6;8;1004,9;8;16,6;24;9,4;24;13,4;21,1;13,0;-0,4;0,0;999,9;0;0;0;0;0;0
Comodoro_Rivadavia_Aero;878600;2013;06;20;12,3;24;0,0;24;1002,8;8;997,3;8;16,1;24;12,1;24;19,0;27,8;15,0;6,2;0,0;999,9;0;0;0;0;0;0
Comodoro_Rivadavia_Aero;878600;2013;06;21;10,1;21;-0,4;21;995,9;7;990,4;7;15,1;21;5,4;21;15,9;27,3;14,6;6,7;0,0;999,9;0;1;0;0;0;0
Comodoro_Rivadavia_Aero;878600;2013;06;22;7,4;24;-3,1;24;1006,5;8;1001,0;8;16,6;24;7,4;24;10,3;17,0;12,2;2,4;0,0;999,9;0;0;0;0;0;0
Comodoro_Rivadavia_Aero;878600;2013;06;23;10,8;24;0,3;24;1014,0;8;1008,4;8;16,6;24;6,3;24;9,8;999,9;14,0;5,0;0,0;999,9;0;0;0;0;0;0
Comodoro_Rivadavia_Aero;878600;2013;06;24;11,6;24;2,3;24;1010,5;8;1005,0;8;16,6;24;5,7;24;9,3;12,9;16,6;6,9;0,0;999,9;0;0;0;0;0;0
Comodoro_Rivadavia_Aero;878600;2013;06;25;12,3;24;0,0;24;1003,7;8;998,2;8;15,9;24;9,2;24;15,9;22,6;16,6;8,4;0,0;999,9;0;0;0;0;0;0
Comodoro_Rivadavia_Aero;878600;2013;06;26;13,9;24;0,2;24;999,2;8;993,8;8;16,3;24;7,7;24;12,9;20,1;16,0;10,5;0,0;999,9;0;0;0;0;0;0
Comodoro_Rivadavia_Aero;878600;2013;06;27;13,3;24;3,1;24;994,7;8;989,2;8;16,7;24;5,5;24;9,8;14,9;17,0;5,7;0,0;999,9;0;0;0;0;0;0
Comodoro_Rivadavia_Aero;878600;2013;06;28;12,0;23;-1,6;23;994,8;7;989,3;7;14,5;23;10,2;23;14,9;21,1;16,8;9,0;0,0;999,9;0;0;0;0;0;0
Comodoro_Rivadavia_Aero;878600;2013;06;29;6,0;24;-4,4;24;1008,6;8;1003,0;8;16,9;24;5,0;24;7,7;999,9;13,3;1,9;0,0;999,9;0;0;0;0;0;0
Comodoro_Rivadavia_Aero;878600;2013;06;30;4,6;24;-4,3;24;1013,9;8;1008,2;8;16,6;24;5,5;24;7,7;999,9;9,5;0,5;0,0;999,9;0;0;0;0;0;0
Comodoro_Rivadavia_Aero;878600;2013;07;01;8,1;24;-2,8;24;1003,5;8;997,9;8;16,6;24;5,1;24;11,8;16,5;17,0;-3,6;0,0;999,9;0;0;0;0;0;0
Comodoro_Rivadavia_Aero;878600;2013;07;02;13,9;24;1,3;24;987,5;8;982,1;8;14,8;24;11,2;24;17,0;25,2;17,6;6,9;0,0;999,9;0;0;0;0;0;0
Comodoro_Rivadavia_Aero;878600;2013;07;03;10,1;24;-3,3;24;992,8;8;987,3;8;15,6;24;13,1;24;17,5;26,2;14,7;8,1;0,0;999,9;0;0;0;0;0;0
Comodoro_Rivadavia_Aero;878600;2013;07;04;7,4;24;-3,9;24;1009,1;8;1003,5;8;16,3;24;8,5;24;11,8;18,0;12,2;4,4;0,0;999,9;0;0;0;0;0;0
Comodoro_Rivadavia_Aero;878600;2013;07;05;4,5;24;-0,7;24;1018,8;8;1013,1;8;15,9;24;2,3;24;7,2;999,9;10,0;-1,0;0,0;999,9;0;0;0;0;0;0
Comodoro_Rivadavia_Aero;878600;2013;07;06;4,7;24;-1,2;24;1022,8;8;1017,1;8;16,4;24;2,9;24;5,1;999,9;10,0;0,7;0,0;999,9;0;0;0;0;0;0
Comodoro_Rivadavia_Aero;878600;2013;07;07;5,8;24;-3,7;24;1024,6;8;1018,8;8;16,6;24;5,3;24;7,2;999,9;11,6;1,7;0,0;999,9;0;0;0;0;0;0
Comodoro_Rivadavia_Aero;878600;2013;07;08;7,2;24;-5,4;23;1014,9;7;1010,2;8;16,4;24;3,7;24;6,7;999,9;12,0;0,6;0,0;999,9;0;0;0;0;0;0
Comodoro_Rivadavia_Aero;878600;2013;07;09;8,6;24;-0,9;24;1006,5;8;1000,9;8;16,3;24;3,9;24;7,7;13,9;12,4;1,5;0,0;999,9;0;0;0;0;0;0
Comodoro_Rivadavia_Aero;878600;2013;07;10;9,5;24;2,2;24;1004,3;9;998,7;9;17,2;24;4,7;24;10,3;16,5;14,3;3,4;0,0;999,9;0;0;0;0;0;0
Comodoro_Rivadavia_Aero;878600;2013;07;11;9,8;24;-0,3;24;1009,0;10;1003,3;10;17,9;24;7,4;24;12,3;17,0;14,3;5,3;0,0;999,9;0;0;0;0;0;0
Comodoro_Rivadavia_Aero;878600;2013;07;12;12,9;24;-1,7;24;1002,8;8;997,3;8;15,1;24;10,1;24;15,4;22,6;17,0;6,4;0,0;999,9;0;0;0;0;0;0
Comodoro_Rivadavia_Aero;878600;2013;07;13;9,5;24;-1,8;24;999,2;8;993,7;8;16,3;24;9,7;24;14,4;21,6;16,9;6,7;0,0;999,9;0;0;0;0;0;0
Comodoro_Rivadavia_Aero;878600;2013;07;14;7,5;21;-2,4;21;1011,9;8;1006,3;8;17,5;21;6,5;21;9,3;999,9;12,4;2,8;0,0;999,9;0;0;0;0;0;0
Comodoro_Rivadavia_Aero;878600;2013;07;15;10,3;21;-0,3;21;1007,5;8;1001,9;8;17,2;21;9,3;21;15,4;25,2;13,0;3,2;0,0;999,9;0;0;0;0;0;0
Comodoro_Rivadavia_Aero;878600;2013;07;16;9,4;24;0,3;24;1004,0;7;998,1;8;16,6;24;7,7;24;13,9;20,6;13,7;6,0;999,9;999,9;0;1;0;0;0;0
Comodoro_Rivadavia_Aero;878600;2013;07;17;3,2;24;-6,8;24;1016,3;7;1010,5;7;16,3;24;4,2;24;6,7;999,9;12,5;-0,6;0,0;999,9;0;1;0;0;0;0
Comodoro_Rivadavia_Aero;878600;2013;07;18;1,8;24;-7,6;24;1024,2;8;1018,4;8;16,6;24;5,2;24;10,3;15,4;9,0;-3,7;0,0;999,9;0;0;0;0;0;0
Comodoro_Rivadavia_Aero;878600;2013;07;19;5,9;23;-4,8;23;1010,9;6;1005,2;6;15,1;23;9,9;23;14,9;23,1;12,8;-2,1;999,9;999,9;0;1;0;0;0;0
Comodoro_Rivadavia_Aero;878600;2013;07;20;4,8;24;-4,2;24;1013,9;8;1008,2;8;15,8;24;9,8;24;18,0;20,6;13,5;2,1;0,8;999,9;0;1;1;0;0;0
Comodoro_Rivadavia_Aero;878600;2013;07;21;2,8;24;-3,3;24;1032,8;8;1026,9;8;13,4;24;6,5;24;9,8;15,9;6,4;0,1;0,0;999,9;0;1;1;0;0;0
Comodoro_Rivadavia_Aero;878600;2013;07;22;3,6;24;-5,6;24;1024,0;8;1018,2;8;16,7;24;4,7;24;7,2;999,9;11,0;-3,5;0,0;999,9;0;1;0;0;0;0
Comodoro_Rivadavia_Aero;878600;2013;07;23;8,1;24;1,8;24;1022,4;8;1016,7;8;16,7;24;3,1;24;4,6;999,9;12,2;1,5;0,0;999,9;0;1;0;0;0;0
Comodoro_Rivadavia_Aero;878600;2013;07;24;11,1;24;-0,4;24;1009,7;8;1004,1;8;15,6;24;8,2;24;11,8;19,5;14,0;2,3;0,0;999,9;0;0;0;0;0;0
Comodoro_Rivadavia_Aero;878600;2013;07;25;11,6;24;-2,9;24;1003,2;8;997,7;8;15,6;24;8,3;24;18,5;26,8;14,3;8,2;0,0;999,9;0;0;0;0;0;0
Comodoro_Rivadavia_Aero;878600;2013;07;26;8,1;24;-3,2;24;1014,0;8;1008,3;8;16,6;24;4,6;24;9,3;999,9;13,8;4,2;0,0;999,9;0;0;0;0;0;0
Comodoro_Rivadavia_Aero;878600;2013;07;27;6,6;23;-2,9;23;1017,0;8;1011,3;8;16,7;23;5,8;23;9,3;13,4;12,4;-0,3;0,0;999,9;0;0;0;0;0;0
Comodoro_Rivadavia_Aero;878600;2013;07;28;9,2;24;0,6;24;1016,5;8;1010,8;8;16,6;24;4,5;24;8,2;999,9;13,0;2,1;0,0;999,9;0;0;0;0;0;0
Comodoro_Rivadavia_Aero;878600;2013;07;29;8,4;24;2,1;24;1020,3;8;1014,7;8;15,8;24;3,7;24;6,7;999,9;13,3;3,2;0,0;999,9;0;0;0;0;0;0
Comodoro_Rivadavia_Aero;878600;2013;07;30;5,7;20;1,7;20;1017,2;8;1011,5;8;16,3;20;1,8;20;3,1;999,9;13,6;0,4;0,0;999,9;0;0;0;0;0;0
Comodoro_Rivadavia_Aero;878600;2013;07;31;7,0;24;1,1;24;1018,8;8;1013,1;8;16,6;24;3,4;24;6,2;999,9;14,0;1,4;0,0;999,9;0;0;0;0;0;0
Comodoro_Rivadavia_Aero;878600;2013;08;01;9,3;23;1,2;23;1017,6;7;1012,0;7;29,3;7;3,0;23;7,2;999,9;11,1;6,7;0,0;999,9;0;0;0;0;0;0
Comodoro_Rivadavia_Aero;878600;2013;08;02;6,2;24;1,4;24;1017,0;8;1011,3;8;20,8;13;3,3;24;6,2;999,9;13,0;-1,9;0,0;999,9;0;0;0;0;0;0
Comodoro_Rivadavia_Aero;878600;2013;08;03;10,4;24;0,1;24;1004,7;8;999,1;8;26,1;10;5,3;24;10,3;999,9;15,0;3,5;0,0;999,9;0;0;0;0;0;0
Comodoro_Rivadavia_Aero;878600;2013;08;04;8,1;24;-0,6;24;999,7;8;994,1;8;22,4;13;5,4;24;8,2;999,9;15,2;3,0;999,9;999,9;0;1;0;0;0;0
Comodoro_Rivadavia_Aero;878600;2013;08;05;5,8;16;2,7;16;999,0;8;993,4;8;14,3;16;3,8;16;5,7;999,9;11,3;3,3;8,9;999,9;0;1;0;0;0;0
Comodoro_Rivadavia_Aero;878600;2013;08;06;7,4;8;1,7;8;999,8;8;994,2;8;29,9;8;2,9;8;5,1;999,9;10,4;2,6;0,0;999,9;0;1;0;0;0;0
Comodoro_Rivadavia_Aero;878600;2013;08;07;6,9;13;0,8;13;989,7;8;984,1;8;19,2;12;6,4;13;9,8;12,4;10,6;4,4;0,5;999,9;0;1;0;0;0;0
Comodoro_Rivadavia_Aero;878600;2013;08;08;6,8;24;-2,6;24;1009,2;7;1003,5;7;24,1;11;6,8;24;10,3;15,4;12,0;2,5;6,1;999,9;0;1;0;0;0;0
Comodoro_Rivadavia_Aero;878600;2013;08;09;6,6;24;-2,6;24;1018,4;7;1012,7;7;29,9;7;6,2;24;12,9;17,0;11,8;1,9;0,0;999,9;0;0;0;0;0;0
Comodoro_Rivadavia_Aero;878600;2013;08;10;12,4;24;-0,1;24;997,7;8;992,1;8;22,5;12;12,1;24;14,9;24,2;16,0;2,5;0,0;999,9;0;0;0;0;0;0
Comodoro_Rivadavia_Aero;878600;2013;08;11;9,1;24;-0,8;24;999,0;8;993,5;8;19,2;17;7,5;24;12,4;19,6;16,4;5,0;0,0;999,9;0;1;0;0;0;0
Comodoro_Rivadavia_Aero;878600;2013;08;12;4,0;23;-6,3;23;1017,2;8;1011,5;8;29,9;8;5,5;23;8,2;999,9;11,7;0,0;0,3;999,9;0;1;0;0;0;0
Comodoro_Rivadavia_Aero;878600;2013;08;13;6,8;24;-5,2;24;1021,2;8;1015,5;8;26,1;10;7,0;24;9,3;999,9;12,0;3,9;0,0;999,9;0;0;0;0;0;0
Comodoro_Rivadavia_Aero;878600;2013;08;14;10,7;23;-7,7;23;1005,2;8;999,6;8;23,5;10;10,1;23;22,7;34,5;17,0;7,0;0,0;999,9;0;0;0;0;0;0
Comodoro_Rivadavia_Aero;878600;2013;08;15;9,9;23;-5,1;23;997,2;8;991,7;8;21,9;11;12,3;23;17,5;24,7;13,0;7,0;0,0;999,9;0;0;0;0;0;0
Comodoro_Rivadavia_Aero;878600;2013;08;16;9,0;21;-5,4;21;1012,8;7;1007,2;7;26,4;7;11,3;21;15,4;22,1;13,2;5,5;0,0;999,9;0;0;0;0;0;0
Comodoro_Rivadavia_Aero;878600;2013;08;17;11,6;24;-4,6;24;1007,9;7;1002,3;7;29,9;7;6,1;24;11,3;17,5;15,2;7,0;0,0;999,9;0;0;0;0;0;0
Comodoro_Rivadavia_Aero;878600;2013;08;18;15,3;24;-2,7;24;994,2;7;988,8;7;22,5;10;8,1;24;17,0;26,3;22,0;11,0;0,0;999,9;0;0;0;0;0;0
Comodoro_Rivadavia_Aero;878600;2013;08;19;9,4;24;-3,7;24;996,1;8;990,6;8;19,6;13;11,6;24;16,5;26,3;13,4;6,0;999,9;999,9;0;1;0;0;0;0
Comodoro_Rivadavia_Aero;878600;2013;08;20;7,5;24;-7,5;24;1002,6;8;997,0;8;20,0;12;13,4;24;19,0;29,3;12,0;4,9;0,0;999,9;0;0;0;0;0;0
Comodoro_Rivadavia_Aero;878600;2013;08;21;4,6;23;-3,4;23;1014,8;8;1009,1;8;17,5;20;4,0;23;6,7;999,9;8,0;2,9;0,0;999,9;0;0;0;0;0;0
Comodoro_Rivadavia_Aero;878600;2013;08;22;1,9;22;-6,4;22;1025,1;8;1019,3;8;23,5;11;7,4;22;10,8;16,5;5,0;-1,0;0,0;999,9;0;0;1;0;0;0
Comodoro_Rivadavia_Aero;878600;2013;08;23;0,6;24;-4,5;24;1031,2;6;1025,3;6;15,4;20;5,9;24;7,7;13,4;3,0;-2,0;0,0;999,9;0;0;1;0;0;0
Comodoro_Rivadavia_Aero;878600;2013;08;24;0,2;24;-4,4;23;1036,8;8;1030,8;8;18,0;20;3,7;24;6,7;999,9;5,0;-4,0;0,3;999,9;0;1;0;1;0;0
Comodoro_Rivadavia_Aero;878600;2013;08;25;3,1;24;-7,4;24;1030,5;8;1024,7;8;29,9;8;3,9;24;6,7;999,9;10,0;-1,0;0,0;999,9;0;0;0;0;0;0
Comodoro_Rivadavia_Aero;878600;2013;08;26;5,9;24;-5,5;24;1019,3;8;1013,5;8;28,8;8;5,0;24;11,3;19,6;13,0;0,0;0,0;999,9;0;0;0;0;0;0
Comodoro_Rivadavia_Aero;878600;2013;08;27;9,7;24;-4,2;24;1008,0;7;1002,4;7;26,1;10;6,8;24;12,4;18,5;12,2;6,0;0,0;999,9;0;0;0;0;0;0
Comodoro_Rivadavia_Aero;878600;2013;08;28;8,5;24;1,5;24;1006,1;8;1000,5;8;16,1;20;4,6;24;12,9;21,1;17,0;3,7;3,0;999,9;0;1;0;0;0;0
Comodoro_Rivadavia_Aero;878600;2013;08;29;8,2;24;5,1;24;1005,2;8;999,6;8;12,6;24;2,4;24;8,2;10,3;13,2;6,0;6,1;999,9;0;1;0;0;0;0
Comodoro_Rivadavia_Aero;878600;2013;08;30;5,7;24;3,1;24;1009,5;8;1003,8;8;12,6;24;6,0;24;9,8;18,5;11,1;3,7;23,9;999,9;0;1;0;0;0;0
Comodoro_Rivadavia_Aero;878600;2013;08;31;4,5;23;3,4;23;1012,4;7;1006,7;7;14,6;16;1,8;23;2,6;999,9;6,0;2,0;3,0;999,9;0;1;0;0;0;0
Comodoro_Rivadavia_Aero;878600;2013;09;01;6,8;24;5,8;24;1012,0;8;1006,3;8;10,8;23;2,2;24;4,1;7,7;10,0;5,0;8,9;999,9;1;1;0;0;0;0
Comodoro_Rivadavia_Aero;878600;2013;09;02;4,6;24;2,2;24;1017,6;6;1011,9;6;12,2;24;3,2;24;5,7;999,9;6,3;3,0;0,8;999,9;0;1;0;0;0;0
Comodoro_Rivadavia_Aero;878600;2013;09;03;4,4;24;-1,3;24;1026,8;8;1021,0;8;23,3;12;3,6;24;6,2;999,9;9,0;1,0;0,5;999,9;0;0;0;0;0;0
Comodoro_Rivadavia_Aero;878600;2013;09;04;5,4;22;3,4;22;1015,7;8;1010,0;8;15,9;17;3,7;22;7,2;999,9;8,0;2,9;0,0;999,9;0;1;0;0;0;0
Comodoro_Rivadavia_Aero;878600;2013;09;05;11,7;22;5,3;22;1000,6;8;995,0;8;18,0;18;5,0;22;11,8;18,0;17,0;7,0;6,1;999,9;0;1;0;0;0;0
Comodoro_Rivadavia_Aero;878600;2013;09;06;10,2;24;0,9;24;1006,1;8;1000,5;8;26,7;9;5,0;24;9,3;10,3;13,0;7,0;0,0;999,9;0;1;0;0;0;0
Comodoro_Rivadavia_Aero;878600;2013;09;07;12,6;24;4,3;24;1003,4;7;997,8;7;22,2;11;5,3;24;999,9;999,9;18,0;5,9;0,0;999,9;0;0;0;0;0;0
Comodoro_Rivadavia_Aero;878600;2013;09;08;15,6;24;2,4;24;998,2;8;992,8;8;23,7;11;9,2;24;14,9;24,7;22,0;11,0;0,0;999,9;0;0;0;0;0;0
Comodoro_Rivadavia_Aero;878600;2013;09;09;16,3;24;4,4;24;989,7;8;984,3;8;20,9;10;9,5;24;18,0;26,3;21,0;14,0;999,9;999,9;0;1;0;0;0;0
Comodoro_Rivadavia_Aero;878600;2013;09;10;12,3;24;1,2;24;991,7;8;986,3;8;15,9;19;10,1;24;18,5;27,8;16,0;7,0;0,0;999,9;0;1;0;0;0;0
Comodoro_Rivadavia_Aero;878600;2013;09;11;5,6;24;-1,4;24;1015,5;8;1009,7;8;17,2;22;2,7;24;5,1;999,9;11,0;1,0;0,3;999,9;0;1;0;0;0;0
Comodoro_Rivadavia_Aero;878600;2013;09;12;5,7;24;-3,7;24;1020,7;8;1014,9;8;21,4;14;4,7;24;6,7;999,9;8,1;2,0;0,0;999,9;0;1;0;0;0;0
Comodoro_Rivadavia_Aero;878600;2013;09;13;5,3;24;-2,3;24;1028,4;8;1022,7;8;21,4;14;3,7;24;6,2;999,9;9,0;1,0;0,0;999,9;0;1;0;0;0;0
Comodoro_Rivadavia_Aero;878600;2013;09;14;4,9;23;-0,8;23;1028,0;7;1022,3;7;17,7;17;1,7;23;3,6;999,9;9,0;1,0;0,0;999,9;0;0;0;0;0;0
Comodoro_Rivadavia_Aero;878600;2013;09;15;6,8;24;-3,4;24;1029,1;8;1023,3;8;21,4;14;3,5;23;6,7;999,9;12,0;2,0;0,0;999,9;0;0;0;0;0;0
Comodoro_Rivadavia_Aero;878600;2013;09;16;8,8;24;-4,6;24;1024,3;8;1018,6;8;21,9;13;3,1;24;8,2;999,9;15,0;4,0;0,0;999,9;0;0;0;0;0;0
Comodoro_Rivadavia_Aero;878600;2013;09;17;9,1;23;-3,4;23;1016,5;8;1010,8;8;26,1;10;5,0;23;10,3;999,9;12,2;4,0;0,0;999,9;0;0;0;0;0;0
Comodoro_Rivadavia_Aero;878600;2013;09;18;9,7;24;-1,6;24;1012,3;8;1006,7;8;29,9;8;5,3;23;7,2;999,9;14,2;6,0;0,0;999,9;0;0;0;0;0;0
Comodoro_Rivadavia_Aero;878600;2013;09;19;11,2;24;0,3;24;1005,5;8;999,9;8;18,7;18;3,7;24;9,8;14,4;15,0;7,9;0,0;999,9;0;0;0;0;0;0
Comodoro_Rivadavia_Aero;878600;2013;09;20;7,4;24;-0,6;24;1005,8;8;1000,2;8;19,5;16;4,1;24;6,2;999,9;11,0;4,0;0,0;999,9;0;0;0;0;0;0
Comodoro_Rivadavia_Aero;878600;2013;09;21;7,9;23;-0,1;23;1016,5;6;1010,8;6;18,5;13;5,2;23;10,3;17,5;14,5;1,8;999,9;999,9;0;1;0;0;0;0
Comodoro_Rivadavia_Aero;878600;2013;09;22;8,8;23;-2,9;23;1029,7;8;1024,0;8;24,9;9;5,0;23;7,7;999,9;17,0;2,0;0,3;999,9;0;1;0;0;0;0
Comodoro_Rivadavia_Aero;878600;2013;09;23;10,4;24;-3,9;24;1029,0;8;1023,3;8;29,9;8;3,5;24;6,2;999,9;15,0;6,0;0,0;999,9;0;0;0;0;0;0
Comodoro_Rivadavia_Aero;878600;2013;09;24;9,9;24;-0,6;24;1026,5;7;1020,9;7;29,9;7;4,4;24;9,3;12,4;16,0;4,0;0,0;999,9;0;0;0;0;0;0
Comodoro_Rivadavia_Aero;878600;2013;09;25;14,4;24;-4,2;24;1009,7;8;1004,2;8;29,9;8;4,9;24;11,3;13,4;23,0;3,0;0,0;999,9;0;0;0;0;0;0
Comodoro_Rivadavia_Aero;878600;2013;09;26;8,6;24;-0,6;24;1012,9;7;1006,6;8;15,9;18;7,3;24;13,4;19,0;23,4;4,0;4,1;999,9;0;1;0;0;0;0
Comodoro_Rivadavia_Aero;878600;2013;09;27;6,6;24;-1,4;24;1031,5;8;1025,8;8;19,6;15;4,8;24;6,7;999,9;10,0;2,9;4,1;999,9;0;0;0;0;0;0
Comodoro_Rivadavia_Aero;878600;2013;09;28;5,7;22;0,9;22;1038,0;8;1032,2;8;13,4;22;3,2;22;5,1;999,9;10,0;1,9;0,0;999,9;0;0;0;0;0;0
Comodoro_Rivadavia_Aero;878600;2013;09;29;6,7;22;5,8;22;1035,1;6;1029,3;6;6,8;22;2,6;22;4,6;999,9;8,2;4,4;6,1;999,9;0;1;0;0;0;0
Comodoro_Rivadavia_Aero;878600;2013;09;30;8,7;24;6,3;24;1026,1;8;1020,4;8;12,7;23;6,3;24;10,8;999,9;11,0;5,5;3,0;999,9;0;1;0;0;0;0
Comodoro_Rivadavia_Aero;878600;2013;10;01;9,4;24;6,4;24;1015,7;8;1010,0;8;16,3;21;4,5;24;8,2;999,9;12,1;7,3;0,0;999,9;0;1;0;0;0;0
Comodoro_Rivadavia_Aero;878600;2013;10;02;9,0;24;-0,3;24;1011,9;8;1006,3;8;16,9;18;6,0;24;11,3;16,5;14,0;4,9;5,1;999,9;0;1;0;0;0;0
Comodoro_Rivadavia_Aero;878600;2013;10;03;9,2;24;-3,3;24;1016,9;8;1011,3;8;24,6;11;5,3;24;8,2;999,9;16,0;3,3;0,0;999,9;0;0;0;0;0;0
Comodoro_Rivadavia_Aero;878600;2013;10;04;13,2;24;1,9;24;1014,3;7;1008,7;7;22,2;11;4,3;23;8,8;14,4;20,0;4,3;0,0;999,9;0;0;0;0;0;0
Comodoro_Rivadavia_Aero;878600;2013;10;05;13,7;24;1,5;24;1015,3;8;1009,8;8;23,3;12;6,8;24;10,8;15,4;20,0;9,4;0,0;999,9;0;0;0;0;0;0
Comodoro_Rivadavia_Aero;878600;2013;10;06;12,8;22;1,0;22;1015,6;8;1010,0;8;29,4;8;4,6;22;8,2;999,9;19,8;6,3;0,0;999,9;0;0;0;0;0;0
Comodoro_Rivadavia_Aero;878600;2013;10;07;15,2;24;3,0;24;1012,8;7;1007,3;7;29,9;7;2,7;24;7,2;999,9;22,0;9,0;0,0;999,9;0;0;0;0;0;0
Comodoro_Rivadavia_Aero;878600;2013;10;08;17,2;24;-0,6;24;1002,5;8;997,1;8;21,6;13;5,3;24;11,3;17,5;24,0;11,0;0,0;999,9;0;0;0;0;0;0
Comodoro_Rivadavia_Aero;878600;2013;10;09;12,4;24;-3,6;23;1006,5;8;1001,0;8;24,5;9;9,8;24;16,0;23,7;16,0;8,0;0,0;999,9;0;0;0;0;0;0
Comodoro_Rivadavia_Aero;878600;2013;10;10;12,3;24;-1,9;24;1011,3;8;1005,7;8;20,3;15;7,2;24;12,9;19,6;14,0;7,0;0,5;999,9;0;1;0;0;0;0
Comodoro_Rivadavia_Aero;878600;2013;10;11;13,3;22;-3,1;22;1018,2;7;1012,6;7;29,9;7;4,4;22;7,7;999,9;23,0;4,2;0,0;999,9;0;0;0;0;0;0
Comodoro_Rivadavia_Aero;878600;2013;10;12;14,4;22;-0,6;21;1015,0;7;1009,5;7;23,0;10;4,9;22;7,2;999,9;18,0;10,0;0,0;999,9;0;0;0;0;0;0
Comodoro_Rivadavia_Aero;878600;2013;10;13;15,8;24;1,7;24;1006,2;8;1000,7;8;28,8;8;6,3;24;12,4;18,5;20,0;11,0;0,0;999,9;0;0;0;0;0;0
Comodoro_Rivadavia_Aero;878600;2013;10;14;17,0;23;1,7;23;1005,9;8;1000,5;8;18,8;16;8,0;23;12,9;19,6;24,0;11,0;0,0;999,9;0;0;0;0;0;0
Comodoro_Rivadavia_Aero;878600;2013;10;15;19,3;24;4,4;24;1006,5;8;1001,0;8;19,6;15;9,6;24;12,9;18,5;24,0;15,6;0,0;999,9;0;0;0;0;0;0
Comodoro_Rivadavia_Aero;878600;2013;10;16;12,0;24;2,6;24;1018,0;8;1012,4;8;16,6;16;4,9;24;8,8;14,4;24,3;8,4;0,0;999,9;0;0;0;0;0;0
Comodoro_Rivadavia_Aero;878600;2013;10;17;12,8;24;-1,3;24;1014,7;7;1009,1;7;25,6;9;3,6;24;6,2;999,9;19,0;4,3;0,0;999,9;0;0;0;0;0;0
Comodoro_Rivadavia_Aero;878600;2013;10;18;15,8;24;0,6;24;1009,5;8;1004,0;8;29,9;8;3,9;24;7,2;999,9;23,0;7,7;0,0;999,9;0;0;0;0;0;0
Comodoro_Rivadavia_Aero;878600;2013;10;19;18,2;24;1,1;24;997,0;8;991,6;8;27,5;8;6,9;24;12,9;20,6;24,0;10,3;0,0;999,9;0;0;0;0;0;0
Comodoro_Rivadavia_Aero;878600;2013;10;20;9,0;24;-4,1;24;1000,8;6;995,3;6;14,8;19;6,9;24;12,9;23,2;16,3;0,1;7,9;999,9;0;1;1;0;0;0
Comodoro_Rivadavia_Aero;878600;2013;10;21;9,8;24;-6,6;24;1008,5;8;1002,8;8;20,3;15;7,1;24;10,8;15,4;16,0;2,9;0,0;999,9;0;0;0;0;0;0
Comodoro_Rivadavia_Aero;878600;2013;10;22;10,6;24;-2,1;24;1001,7;8;996,1;8;17,7;17;8,7;24;14,9;22,1;16,5;8,5;0,0;999,9;0;1;0;0;0;0
Comodoro_Rivadavia_Aero;878600;2013;10;23;10,1;24;-0,1;24;1014,4;8;1008,7;8;21,4;14;5,1;24;8,2;999,9;17,0;0,5;0,3;999,9;0;0;0;0;0;0
Comodoro_Rivadavia_Aero;878600;2013;10;24;12,7;24;1,2;24;1019,6;8;1014,0;8;29,9;8;3,8;24;6,2;999,9;18,0;8,0;0,0;999,9;0;0;0;0;0;0
Comodoro_Rivadavia_Aero;878600;2013;10;25;14,7;21;2,7;21;1009,9;8;1004,4;8;23,2;11;3,1;21;6,2;999,9;22,2;6,4;0,0;999,9;0;0;0;0;0;0
Comodoro_Rivadavia_Aero;878600;2013;10;26;16,3;24;-4,1;24;1007,1;8;1001,6;8;19,6;15;9,1;24;13,9;21,6;22,2;11,7;0,0;999,9;0;1;0;0;0;0
Comodoro_Rivadavia_Aero;878600;2013;10;27;16,6;24;-7,1;24;1014,5;8;1009,0;8;29,9;8;7,1;24;9,8;999,9;25,0;8,0;0,0;999,9;0;0;0;0;0;0
Comodoro_Rivadavia_Aero;878600;2013;10;28;14,5;24;-2,6;24;1014,4;7;1008,9;7;24,9;8;4,1;24;5,7;999,9;25,0;10,0;0,0;999,9;0;0;0;0;0;0
Comodoro_Rivadavia_Aero;878600;2013;10;29;11,1;24;4,6;24;1016,7;8;1011,0;8;22,5;8;5,7;24;12,9;17,0;16,0;4,9;0,0;999,9;0;0;0;0;0;0
Comodoro_Rivadavia_Aero;878600;2013;10;30;13,9;21;7,2;21;1007,4;8;1001,9;8;14,2;11;3,7;21;9,3;999,9;20,0;8,2;0,0;999,9;0;0;0;0;0;0
Comodoro_Rivadavia_Aero;878600;2013;10;31;18,7;17;3,4;17;1004,7;8;999,3;8;19,3;15;4,2;17;7,7;999,9;23,0;9,6;0,0;999,9;0;0;0;0;0;0
Comodoro_Rivadavia_Aero;878600;2013;11;01;14,4;24;6,8;24;1012,9;8;1007,4;8;15,3;18;3,1;24;6,7;999,9;23,5;7,6;0,0;999,9;0;0;0;0;0;0
Comodoro_Rivadavia_Aero;878600;2013;11;02;16,4;24;1,6;24;1011,7;8;1006,1;8;24,0;10;7,9;24;15,4;23,7;23,0;10,4;0,0;999,9;0;0;0;0;0;0
Comodoro_Rivadavia_Aero;878600;2013;11;03;12,2;22;0,6;22;1020,0;8;1014,4;8;28,8;8;3,1;22;6,7;999,9;23,0;6,4;0,0;999,9;0;0;0;0;0;0
Comodoro_Rivadavia_Aero;878600;2013;11;04;14,7;24;5,7;24;1015,3;8;1009,8;8;22,0;12;3,8;24;7,7;999,9;21,0;7,6;0,0;999,9;0;0;0;0;0;0
Comodoro_Rivadavia_Aero;878600;2013;11;05;19,3;23;6,5;23;1009,3;8;1003,9;8;21,7;12;5,4;23;9,3;999,9;24,0;13,4;0,0;999,9;0;0;0;0;0;0
Comodoro_Rivadavia_Aero;878600;2013;11;06;19,0;24;5,6;24;1000,3;8;994,9;8;20,0;16;5,5;24;11,8;18,5;24,4;14,0;999,9;999,9;0;1;0;0;0;0
Comodoro_Rivadavia_Aero;878600;2013;11;07;15,7;24;0,8;24;999,2;8;993,8;8;17,9;17;9,7;24;15,4;21,1;23,1;10,0;0,0;999,9;0;1;0;0;0;0
Comodoro_Rivadavia_Aero;878600;2013;11;08;8,9;24;3,4;24;1009,1;8;1003,5;8;15,3;24;3,0;24;6,7;999,9;21,4;4,5;4,1;999,9;0;1;0;0;0;0
Comodoro_Rivadavia_Aero;878600;2013;11;09;10,7;24;3,7;24;1013,6;8;1008,0;8;21,1;14;4,4;24;9,3;999,9;16,4;4,6;0,0;999,9;0;0;0;0;0;0
Comodoro_Rivadavia_Aero;878600;2013;11;10;16,9;24;-1,1;24;1002,8;8;997,3;8;20,0;13;8,2;24;13,9;20,6;23,0;7,3;0,0;999,9;0;0;0;0;0;0
Comodoro_Rivadavia_Aero;878600;2013;11;11;16,2;24;-4,2;23;996,5;7;990,8;7;15,4;13;12,5;24;19,0;27,3;23,0;13,5;0,0;999,9;0;0;0;0;0;0
Comodoro_Rivadavia_Aero;878600;2013;11;12;12,0;24;-7,2;24;1002,5;8;997,0;8;19,6;15;11,3;24;14,4;22,1;19,5;6,2;0,0;999,9;0;0;0;0;0;0
Comodoro_Rivadavia_Aero;878600;2013;11;13;12,2;24;1,9;24;1008,3;8;1002,8;8;20,6;15;4,3;24;8,8;999,9;18,0;8,8;0,0;999,9;0;0;0;0;0;0
