Concordia_Aero;873950;20130101;20.0;8;13.3;8;1014.1;8;1009.7;8;15.0;8;7.0;8;9.3;999.9;33.2;15.5;13.0;999.9;0;0;0;0;1;0
Concordia_Aero;873950;20130102;17.9;8;10.4;8;1020.3;8;1015.8;8;14.2;8;2.8;8;4.6;999.9;23.0;10.4;0.0;999.9;0;0;0;0;0;0
Concordia_Aero;873950;20130103;20.8;8;13.5;8;1017.8;8;1013.3;8;15.0;8;4.8;8;7.7;999.9;27.9;14.5;0.0;999.9;0;0;0;0;0;0
Concordia_Aero;873950;20130104;26.1;8;19.3;8;1013.2;8;1008.7;8;15.0;8;4.8;8;10.3;999.9;33.1;19.6;0.0;999.9;0;0;0;0;0;0
Concordia_Aero;873950;20130105;23.8;8;20.9;8;1009.4;8;1005.0;8;13.4;8;2.6;8;5.1;999.9;33.4;20.0;74.9;999.9;0;1;0;0;1;0
Concordia_Aero;873950;20130106;22.3;8;20.1;8;1008.0;8;1003.6;8;13.4;8;1.7;8;3.1;999.9;28.0;17.8;0.0;999.9;0;0;0;0;0;0
Concordia_Aero;873950;20130107;24.7;8;21.6;8;1003.7;8;999.3;8;15.0;8;2.0;8;3.1;999.9;28.6;20.6;170.7;999.9;0;0;0;0;1;0
Concordia_Aero;873950;20130108;26.2;8;21.8;8;1007.2;8;1002.8;8;14.3;8;1.5;8;4.1;999.9;32.6;19.6;0.0;999.9;0;0;0;0;0;0
Concordia_Aero;873950;20130109;26.9;8;21.9;8;1013.6;8;1009.2;8;14.3;8;1.7;8;3.6;999.9;33.2;22.5;0.0;999.9;0;0;0;0;0;0
Concordia_Aero;873950;20130110;25.8;8;18.4;8;1016.8;8;1012.0;8;15.0;8;3.1;8;4.6;999.9;32.4;20.0;0.0;999.9;0;0;0;0;0;0
Concordia_Aero;873950;20130111;24.8;8;15.4;8;1015.1;8;1010.6;8;15.0;8;4.4;8;8.7;999.9;32.2;18.5;0.0;999.9;0;0;0;0;0;0
Concordia_Aero;873950;20130112;23.8;8;15.3;8;1011.9;8;1007.4;8;15.0;8;4.1;8;7.2;999.9;30.9;17.5;0.0;999.9;0;0;0;0;0;0
Concordia_Aero;873950;20130113;24.3;8;15.0;8;1013.5;8;1009.1;8;15.0;8;3.9;8;6.2;999.9;30.0;18.5;0.0;999.9;0;0;0;0;0;0
Concordia_Aero;873950;20130114;25.0;8;17.0;8;1013.4;8;1009.0;8;15.0;8;3.2;8;4.6;999.9;31.2;18.1;0.0;999.9;0;0;0;0;0;0
Concordia_Aero;873950;20130115;25.8;8;17.9;8;1010.7;8;1006.3;8;15.0;8;3.0;8;5.7;999.9;31.9;19.5;0.0;999.9;0;0;0;0;0;0
Concordia_Aero;873950;20130116;27.1;7;19.7;7;1007.5;7;1003.1;7;14.3;7;2.6;7;5.7;999.9;32.2;21.6;0.0;999.9;0;0;0;0;0;0
Concordia_Aero;873950;20130117;24.8;8;19.7;8;1008.5;8;1004.1;8;14.3;8;2.8;8;6.7;999.9;32.3;19.0;0.0;999.9;0;0;0;0;0;0
Concordia_Aero;873950;20130118;25.3;7;18.2;7;1013.3;7;1008.9;7;14.0;7;4.6;7;6.2;999.9;30.6;19.4;0.0;999.9;0;0;0;0;0;0
Concordia_Aero;873950;20130119;25.4;8;17.2;8;1014.6;8;1010.2;8;14.3;8;3.9;8;7.7;999.9;32.0;19.6;0.0;999.9;0;0;0;0;0;0
Concordia_Aero;873950;20130120;23.6;8;15.7;8;1018.7;8;1014.1;8;15.0;8;5.5;8;7.2;999.9;32.2;18.5;0.0;999.9;0;0;0;0;0;0
Concordia_Aero;873950;20130121;23.8;8;13.9;8;1018.7;8;1014.3;8;14.2;8;4.7;8;6.7;999.9;30.1;16.5;0.0;999.9;0;0;0;0;0;0
Concordia_Aero;873950;20130122;25.3;8;17.3;8;1016.0;8;1011.6;8;15.0;8;4.4;8;5.7;999.9;31.0;19.7;0.0;999.9;0;0;0;0;0;0
Concordia_Aero;873950;20130123;27.4;8;19.8;8;1011.9;8;1007.5;8;15.0;8;3.0;8;5.7;999.9;33.6;21.5;0.0;999.9;0;0;0;0;0;0
Concordia_Aero;873950;20130124;26.2;9;20.5;9;1005.3;8;1000.9;8;13.5;9;2.6;9;5.1;999.9;34.3;22.6;2.0;999.9;0;1;0;0;1;0
Concordia_Aero;873950;20130125;23.7;8;16.3;8;1007.8;8;1003.4;8;14.3;8;6.3;8;9.8;999.9;32.1;20.4;6.1;999.9;0;0;0;0;1;0
Concordia_Aero;873950;20130126;20.2;8;9.1;8;1015.5;8;1011.0;8;13.2;8;2.5;8;4.1;999.9;26.3;10.4;0.0;999.9;0;0;0;0;0;0
Concordia_Aero;873950;20130127;22.6;8;11.7;8;1015.0;8;1010.5;8;15.0;8;2.6;8;5.7;999.9;29.2;15.7;0.0;999.9;0;0;0;0;0;0
Concordia_Aero;873950;20130128;24.8;8;12.8;8;1015.1;8;1010.7;8;14.3;8;2.8;8;6.2;999.9;33.5;16.5;0.0;999.9;0;0;0;0;0;0
Concordia_Aero;873950;20130129;27.1;8;14.6;8;1014.1;8;1009.7;8;15.0;8;2.5;8;4.1;999.9;35.2;18.6;0.0;999.9;0;0;0;0;0;0
Concordia_Aero;873950;20130130;28.9;8;17.9;8;1010.7;8;1006.4;8;15.0;8;1.9;8;4.6;999.9;36.2;20.8;0.0;999.9;0;0;0;0;0;0
Concordia_Aero;873950;20130131;27.6;7;19.8;7;1008.8;7;1004.4;7;14.2;7;2.4;7;6.2;999.9;34.2;23.5;0.0;999.9;0;0;0;0;1;0
Concordia_Aero;873950;20130201;29.5;8;20.6;8;1006.5;8;1002.2;8;13.5;8;2.5;8;5.1;999.9;38.2;21.2;0.0;999.9;0;0;0;0;0;0
Concordia_Aero;873950;20130202;27.5;8;20.4;8;1008.6;8;1004.2;8;15.0;8;3.3;8;6.2;999.9;40.0;21.7;2.0;999.9;0;0;0;0;1;0
Concordia_Aero;873950;20130203;23.7;8;14.0;8;1014.5;8;1010.1;8;15.0;8;9.7;8;999.9;999.9;30.4;17.0;0.0;999.9;0;1;0;0;0;0
Concordia_Aero;873950;20130204;21.5;8;11.4;8;1014.4;8;1010.0;8;15.0;8;4.4;8;6.7;999.9;29.0;13.5;0.0;999.9;0;0;0;0;0;0
Concordia_Aero;873950;20130205;23.1;8;12.1;8;1013.9;8;1009.5;8;15.0;8;3.9;8;8.7;999.9;30.2;16.0;0.0;999.9;0;0;0;0;0;0
Concordia_Aero;873950;20130206;23.9;8;13.4;8;1015.2;8;1010.8;8;15.0;8;6.0;8;9.3;999.9;31.3;17.0;0.0;999.9;0;0;0;0;0;0
Concordia_Aero;873950;20130207;25.0;8;16.3;8;1014.4;8;1010.0;8;15.0;8;5.5;8;14.4;999.9;32.0;18.0;0.0;999.9;0;0;0;0;0;0
Concordia_Aero;873950;20130208;26.8;8;16.6;8;1012.3;8;1007.9;8;15.0;8;4.1;8;6.2;999.9;32.9;20.0;0.0;999.9;0;0;0;0;0;0
Concordia_Aero;873950;20130209;26.4;7;17.1;7;1010.3;7;1006.0;7;15.0;7;3.7;7;5.1;999.9;35.0;20.4;0.0;999.9;0;0;0;0;0;0
Concordia_Aero;873950;20130210;27.6;7;19.3;7;1007.8;7;1003.4;7;15.0;7;4.1;7;6.7;999.9;34.6;21.0;0.0;999.9;0;0;0;0;1;0
Concordia_Aero;873950;20130211;27.6;8;20.2;8;1006.4;8;1002.0;8;15.0;8;2.1;8;4.6;999.9;34.9;23.0;0.0;999.9;0;0;0;0;0;0
Concordia_Aero;873950;20130212;27.7;8;18.8;8;1004.5;8;1000.2;8;13.2;8;1.8;8;3.1;999.9;35.2;18.1;0.0;999.9;0;0;0;0;0;0
Concordia_Aero;873950;20130213;28.3;8;20.6;8;1006.8;8;1002.5;8;14.0;8;3.4;8;6.7;999.9;36.4;22.3;0.0;999.9;0;0;0;0;1;0
Concordia_Aero;873950;20130214;26.3;8;20.5;8;1008.7;8;1004.3;8;13.4;8;2.9;8;5.1;999.9;35.2;21.8;0.0;999.9;0;1;0;0;1;0
Concordia_Aero;873950;20130215;25.7;8;20.1;8;1010.1;8;1005.7;8;12.4;8;2.8;8;6.2;999.9;33.8;20.5;11.9;999.9;0;0;0;0;0;0
Concordia_Aero;873950;20130216;27.7;8;19.3;8;1006.4;8;1002.0;8;14.3;8;3.1;8;6.7;999.9;34.4;17.9;0.0;999.9;0;0;0;0;0;0
Concordia_Aero;873950;20130217;22.7;8;20.8;8;1005.5;8;1001.2;8;11.3;8;3.9;8;9.8;999.9;35.8;20.6;24.9;999.9;0;1;0;0;1;0
Concordia_Aero;873950;20130218;20.5;8;18.8;8;1012.8;8;1008.3;8;11.4;8;4.6;8;7.7;999.9;25.9;19.0;14.0;999.9;0;1;0;0;0;0
Concordia_Aero;873950;20130219;17.7;8;16.0;8;1015.6;8;1011.1;8;11.4;8;4.9;8;6.2;999.9;20.2;15.5;8.9;999.9;0;1;0;0;0;0
Concordia_Aero;873950;20130220;20.4;8;19.1;8;1012.4;8;1008.0;8;12.4;8;5.3;8;6.2;999.9;22.0;16.5;3.0;999.9;0;1;0;0;0;0
Concordia_Aero;873950;20130221;21.4;8;18.2;7;1011.6;7;1007.2;7;12.1;7;4.7;8;9.8;999.9;26.2;18.4;29.0;999.9;0;1;0;0;0;0
Concordia_Aero;873950;20130222;22.0;8;17.1;8;1017.1;8;1012.6;8;15.0;8;4.1;8;6.2;999.9;28.0;17.0;0.0;999.9;0;0;0;0;0;0
Concordia_Aero;873950;20130223;23.1;8;17.6;8;1013.3;8;1008.9;8;15.0;8;4.6;8;7.2;999.9;29.4;18.0;0.0;999.9;0;0;0;0;0;0
Concordia_Aero;873950;20130224;22.6;7;20.5;7;1007.3;7;1002.9;7;9.8;7;3.1;7;7.2;999.9;30.0;19.8;0.0;999.9;0;1;0;0;1;0
Concordia_Aero;873950;20130225;21.6;11;15.8;11;1011.2;8;1006.9;8;10.1;11;5.7;11;12.3;999.9;25.7;17.0;51.1;999.9;1;0;0;0;0;0
Concordia_Aero;873950;20130226;18.8;8;11.6;8;1015.6;8;1011.1;8;14.2;8;3.3;8;5.1;999.9;26.4;12.2;0.0;999.9;0;0;0;0;0;0
Concordia_Aero;873950;20130227;16.9;7;10.8;7;1017.1;7;1012.6;7;12.1;7;1.2;7;3.1;999.9;25.2;11.5;0.0;999.9;0;0;0;0;0;0
Concordia_Aero;873950;20130228;20.9;8;12.7;8;1014.7;8;1010.2;8;15.0;8;2.7;8;6.2;999.9;28.0;14.5;0.0;999.9;0;0;0;0;0;0
Concordia_Aero;873950;20130301;22.7;7;15.8;7;1009.7;7;1005.2;7;15.0;7;5.4;7;8.7;999.9;32.0;15.8;0.0;999.9;0;0;0;0;0;0
Concordia_Aero;873950;20130302;24.3;8;21.7;8;1005.6;8;1001.2;8;9.7;8;5.6;8;9.3;999.9;33.1;20.3;35.1;999.9;0;1;0;0;1;0
Concordia_Aero;873950;20130303;19.1;8;16.0;8;1014.1;8;1009.6;8;13.2;8;1.9;8;4.1;999.9;24.1;15.5;5.1;999.9;0;0;0;0;0;0
Concordia_Aero;873950;20130304;18.7;8;13.7;8;1016.7;8;1012.2;8;15.0;8;3.2;8;5.7;999.9;22.8;13.7;0.0;999.9;0;0;0;0;0;0
Concordia_Aero;873950;20130305;18.1;8;12.0;8;1015.1;8;1010.6;8;13.0;8;1.9;8;3.6;999.9;23.6;10.5;0.0;999.9;0;0;0;0;0;0
Concordia_Aero;873950;20130306;19.6;8;14.1;7;1011.2;7;1006.8;7;13.0;8;1.9;8;4.6;999.9;26.9;12.2;0.0;999.9;0;0;0;0;0;0
Concordia_Aero;873950;20130307;22.1;8;15.1;8;1012.4;8;1007.9;8;14.2;8;2.6;8;8.7;999.9;29.9;15.5;0.0;999.9;0;0;0;0;0;0
Concordia_Aero;873950;20130308;23.1;7;18.8;7;1011.9;7;1007.5;7;14.2;7;2.6;7;5.7;999.9;29.9;19.6;0.0;999.9;0;0;0;0;0;0
Concordia_Aero;873950;20130309;25.2;8;21.8;8;1009.0;8;1004.6;8;14.3;8;2.8;8;6.2;999.9;31.8;20.8;0.0;999.9;0;0;0;0;1;0
Concordia_Aero;873950;20130310;24.3;7;19.4;7;1007.4;7;1003.0;7;15.0;7;3.4;7;6.2;999.9;30.3;18.8;18.0;999.9;0;0;0;0;1;0
Concordia_Aero;873950;20130311;22.0;7;17.2;7;1007.8;7;1003.3;7;15.0;7;2.6;7;4.6;999.9;29.4;16.8;0.0;999.9;0;0;0;0;0;0
Concordia_Aero;873950;20130312;20.8;8;16.5;8;1008.3;8;1003.9;8;13.7;8;4.6;8;6.7;999.9;27.4;14.7;9.9;999.9;0;1;0;0;1;0
Concordia_Aero;873950;20130313;18.6;8;11.3;8;1014.5;8;1010.0;8;14.2;8;4.5;8;6.2;999.9;24.5;12.6;0.0;999.9;0;0;0;0;0;0
Concordia_Aero;873950;20130314;17.2;8;11.7;8;1019.2;8;1014.7;8;14.0;8;4.1;8;7.7;999.9;24.4;13.5;999.9;999.9;0;1;0;0;0;0
Concordia_Aero;873950;20130315;18.3;8;12.6;8;1020.9;8;1016.3;8;14.3;8;4.3;8;6.2;999.9;23.4;14.5;2.0;999.9;0;1;0;0;0;0
Concordia_Aero;873950;20130316;17.4;7;10.9;7;1023.2;7;1018.7;7;15.0;7;5.0;7;6.2;999.9;24.0;12.0;0.0;999.9;0;0;0;0;0;0
Concordia_Aero;873950;20130317;16.0;7;8.1;7;1024.5;7;1019.9;7;15.0;7;5.5;7;9.3;999.9;21.6;10.6;0.0;999.9;0;0;0;0;0;0
Concordia_Aero;873950;20130318;18.4;8;12.1;8;1021.5;8;1017.0;8;15.0;8;4.9;8;8.2;999.9;22.6;13.6;0.8;999.9;0;1;0;0;0;0
Concordia_Aero;873950;20130319;18.2;8;15.3;8;1016.9;8;1012.4;8;12.7;8;4.1;8;6.2;999.9;24.6;16.0;2.0;999.9;0;1;0;0;0;0
Concordia_Aero;873950;20130320;18.8;8;17.9;7;1009.1;7;1004.7;8;10.6;7;3.1;8;6.7;999.9;20.4;16.0;13.0;999.9;0;1;0;0;0;0
Concordia_Aero;873950;20130321;20.5;8;17.0;8;1008.7;8;1004.9;8;14.0;8;3.5;8;6.2;999.9;25.2;17.5;1.0;999.9;0;1;0;0;0;0
Concordia_Aero;873950;20130322;21.1;7;17.2;7;1016.0;7;1011.5;7;11.6;7;1.4;7;3.1;999.9;26.6;13.5;0.0;999.9;0;0;0;0;0;0
Concordia_Aero;873950;20130323;22.4;8;17.9;8;1017.1;8;1012.7;8;15.0;8;1.0;7;3.6;999.9;28.0;16.0;0.0;999.9;0;0;0;0;0;0
Concordia_Aero;873950;20130324;22.2;8;16.1;8;1013.7;8;1009.3;8;15.0;8;2.5;8;4.6;999.9;28.0;16.3;0.0;999.9;0;0;0;0;0;0
Concordia_Aero;873950;20130325;21.0;8;16.1;8;1012.2;8;1007.7;8;13.8;8;1.9;8;4.6;999.9;27.6;15.0;0.0;999.9;0;0;0;0;1;0
Concordia_Aero;873950;20130326;20.0;7;14.0;7;1016.8;7;1012.3;7;12.2;7;2.1;7;6.2;999.9;27.6;12.5;0.0;999.9;0;0;0;0;0;0
Concordia_Aero;873950;20130327;19.3;8;12.6;8;1019.7;8;1015.2;8;14.2;8;2.8;8;4.6;999.9;26.3;13.0;0.0;999.9;0;0;0;0;0;0
Concordia_Aero;873950;20130328;19.0;8;11.1;8;1020.1;8;1015.6;8;15.0;8;2.0;8;3.6;999.9;26.6;11.3;0.0;999.9;0;0;0;0;0;0
Concordia_Aero;873950;20130329;20.4;8;14.3;8;1018.7;8;1014.3;8;14.3;8;2.7;8;5.1;999.9;27.7;14.5;0.0;999.9;0;0;0;0;0;0
Concordia_Aero;873950;20130330;22.1;8;16.2;8;1015.2;8;1010.8;8;14.3;8;3.6;8;6.2;999.9;29.3;15.9;0.0;999.9;0;0;0;0;0;0
Concordia_Aero;873950;20130331;24.0;8;17.9;8;1014.0;8;1009.6;8;15.0;8;3.0;8;7.2;999.9;30.2;18.0;0.0;999.9;0;0;0;0;0;0
Concordia_Aero;873950;20130401;21.9;7;18.6;7;1013.5;7;1008.8;7;14.0;7;2.6;7;4.6;999.9;30.8;20.3;5.1;999.9;0;1;0;0;0;0
Concordia_Aero;873950;20130402;22.0;8;18.6;8;1012.9;8;1008.5;8;13.2;8;2.1;8;4.1;999.9;25.8;17.9;0.0;999.9;0;0;0;0;0;0
Concordia_Aero;873950;20130403;20.1;8;18.2;8;1014.5;8;1010.0;8;11.3;8;2.8;8;3.6;999.9;26.6;18.5;0.0;999.9;0;0;0;0;0;0
Concordia_Aero;873950;20130404;18.1;9;16.4;9;1010.9;8;1006.4;8;8.4;9;2.1;9;4.6;999.9;22.3;14.5;0.0;999.9;1;0;0;0;0;0
Concordia_Aero;873950;20130405;19.4;8;13.6;8;1007.2;8;1002.7;8;11.3;8;2.0;8;5.1;999.9;27.9;11.5;0.0;999.9;0;0;0;0;0;0
Concordia_Aero;873950;20130406;20.0;8;13.6;8;1009.8;8;1005.3;8;14.0;8;2.4;8;8.2;999.9;28.8;11.0;0.0;999.9;0;0;0;0;0;0
Concordia_Aero;873950;20130407;15.8;8;5.1;8;1017.2;8;1012.7;8;15.0;8;2.8;8;4.1;999.9;29.2;8.0;0.0;999.9;0;0;0;0;0;0
Concordia_Aero;873950;20130408;16.4;8;8.1;8;1018.5;8;1014.0;8;14.3;8;2.8;8;5.1;999.9;24.6;6.0;0.0;999.9;0;0;0;0;0;0
Concordia_Aero;873950;20130409;18.1;8;10.1;8;1018.2;8;1013.7;8;15.0;8;3.1;8;6.2;999.9;25.9;6.3;0.0;999.9;0;0;0;0;0;0
Concordia_Aero;873950;20130410;18.8;8;13.4;8;1014.0;8;1009.5;8;15.0;8;3.5;8;5.1;999.9;27.0;12.2;0.0;999.9;0;0;0;0;0;0
Concordia_Aero;873950;20130411;20.0;8;18.4;8;1007.7;8;1003.3;8;10.9;8;3.7;8;8.2;999.9;27.9;16.0;5.1;999.9;0;1;0;0;1;0
Concordia_Aero;873950;20130412;18.1;8;14.9;8;1011.1;8;1006.7;8;12.1;8;4.5;8;7.2;999.9;21.2;16.0;33.0;999.9;0;1;0;0;0;0
Concordia_Aero;873950;20130413;13.9;8;6.4;8;1018.8;8;1015.1;7;15.0;8;2.5;8;4.1;999.9;22.0;6.0;0.0;999.9;0;0;0;0;0;0
Concordia_Aero;873950;20130414;14.1;8;7.2;8;1017.8;8;1013.2;8;10.9;8;1.5;8;3.1;999.9;23.4;5.4;0.0;999.9;0;0;0;0;0;0
Concordia_Aero;873950;20130415;19.1;8;12.1;8;1016.5;8;1011.9;8;15.0;8;2.7;8;4.6;999.9;27.2;11.6;0.0;999.9;0;0;0;0;0;0
Concordia_Aero;873950;20130416;18.0;8;12.3;8;1017.6;8;1013.1;8;12.1;8;1.6;8;3.6;999.9;27.8;11.5;0.0;999.9;0;0;0;0;0;0
Concordia_Aero;873950;20130417;16.1;8;11.0;8;1019.1;8;1014.6;8;14.3;8;1.3;8;2.6;999.9;23.9;10.5;0.0;999.9;0;0;0;0;0;0
Concordia_Aero;873950;20130418;15.9;8;11.6;8;1018.1;8;1013.5;8;12.6;8;1.2;8;3.6;999.9;24.0;7.5;0.0;999.9;0;0;0;0;0;0
Concordia_Aero;873950;20130419;17.0;8;12.6;7;1018.6;8;1014.3;7;10.1;8;1.0;8;3.6;999.9;26.2;8.6;0.0;999.9;1;0;0;0;0;0
Concordia_Aero;873950;20130420;19.3;8;13.6;8;1019.3;8;1014.8;8;13.8;8;1.4;8;4.6;999.9;27.7;11.0;0.0;999.9;0;0;0;0;0;0
Concordia_Aero;873950;20130421;20.1;8;14.3;8;1019.3;8;1014.8;8;15.0;8;2.3;8;5.7;999.9;27.3;13.6;0.0;999.9;0;0;0;0;0;0
Concordia_Aero;873950;20130422;19.4;8;14.8;8;1020.0;8;1015.5;8;13.0;8;2.2;8;4.1;999.9;27.4;12.4;0.0;999.9;0;0;0;0;0;0
Concordia_Aero;873950;20130423;20.3;8;14.7;7;1020.7;7;1016.2;7;14.2;8;1.3;8;4.1;999.9;27.6;12.9;0.0;999.9;0;0;0;0;0;0
Concordia_Aero;873950;20130424;19.0;8;14.8;8;1019.3;8;1014.8;8;10.8;8;0.5;8;2.1;999.9;27.5;13.0;0.0;999.9;0;0;0;0;0;0
Concordia_Aero;873950;20130425;19.8;8;15.3;8;1016.8;8;1012.3;8;10.9;8;2.0;8;6.7;999.9;26.3;11.5;0.0;999.9;1;0;0;0;0;0
Concordia_Aero;873950;20130426;20.6;8;14.9;8;1015.1;8;1010.6;8;8.7;8;2.2;8;6.7;999.9;28.2;13.4;0.0;999.9;0;0;0;0;0;0
Concordia_Aero;873950;20130427;22.7;8;15.7;8;1012.9;8;1008.4;8;15.0;8;4.1;8;7.7;999.9;29.4;16.6;0.0;999.9;0;0;0;0;0;0
Concordia_Aero;873950;20130428;22.9;8;20.3;8;1010.4;8;1006.0;8;12.6;8;3.1;8;7.2;999.9;29.6;20.5;6.1;999.9;0;0;0;0;0;0
Concordia_Aero;873950;20130429;18.9;8;14.1;8;1013.0;8;1008.5;8;13.7;8;2.4;8;3.1;999.9;25.4;11.7;5.1;999.9;0;0;0;0;0;0
Concordia_Aero;873950;20130430;17.9;7;14.4;7;1015.3;7;1010.8;7;8.5;7;2.1;7;5.1;999.9;24.2;11.0;0.0;999.9;0;0;0;0;0;0
Concordia_Aero;873950;20130501;18.6;7;16.1;7;1014.5;7;1010.0;7;12.4;7;3.3;7;5.1;999.9;25.1;15.0;0.0;999.9;0;1;0;0;1;0
Concordia_Aero;873950;20130502;19.7;8;18.8;8;1011.2;8;1006.6;8;13.0;8;5.1;8;8.7;999.9;20.4;18.0;31.0;999.9;0;1;0;0;1;0
Concordia_Aero;873950;20130503;19.1;7;17.8;7;1008.8;7;1004.3;7;11.6;7;5.9;7;18.0;999.9;20.3;17.2;59.9;999.9;0;1;0;0;1;0
Concordia_Aero;873950;20130504;17.5;8;14.7;8;1014.2;8;1009.6;8;15.0;8;3.4;8;7.2;999.9;22.2;15.5;5.1;999.9;0;0;0;0;0;0
Concordia_Aero;873950;20130505;15.9;8;12.4;8;1019.7;8;1015.1;8;12.6;8;2.2;8;5.1;999.9;22.2;12.0;0.0;999.9;0;0;0;0;0;0
Concordia_Aero;873950;20130506;16.3;7;12.2;7;1017.2;7;1012.7;7;11.7;7;0.9;7;3.1;999.9;24.0;8.5;0.0;999.9;1;0;0;0;0;0
Concordia_Aero;873950;20130507;14.8;8;8.7;8;1020.6;8;1016.7;7;14.0;8;3.6;8;5.7;999.9;24.3;10.5;0.0;999.9;0;0;0;0;0;0
Concordia_Aero;873950;20130508;13.3;8;7.9;8;1017.8;8;1013.2;8;15.0;8;2.7;8;5.1;999.9;21.4;6.5;0.0;999.9;0;0;0;0;0;0
Concordia_Aero;873950;20130509;16.2;8;11.8;8;1016.5;8;1012.0;8;15.0;8;2.6;8;6.2;999.9;22.8;9.0;0.0;999.9;0;0;0;0;0;0
Concordia_Aero;873950;20130510;18.0;8;12.9;8;1013.6;8;1009.0;8;15.0;8;4.6;8;6.2;999.9;25.4;11.5;0.0;999.9;0;0;0;0;0;0
Concordia_Aero;873950;20130511;17.7;9;15.3;9;1013.5;8;1008.9;8;9.7;9;2.5;9;5.7;999.9;25.7;15.9;0.0;999.9;0;1;0;0;1;0
Concordia_Aero;873950;20130512;18.8;8;17.4;8;1014.9;8;1010.3;8;12.2;8;1.4;8;4.6;999.9;21.1;16.8;8.9;999.9;0;0;0;0;0;0
Concordia_Aero;873950;20130513;19.3;8;17.8;8;1014.2;8;1009.7;8;12.9;8;1.3;8;3.6;999.9;22.9;16.8;0.0;999.9;0;0;0;0;0;0
Concordia_Aero;873950;20130514;19.6;8;17.9;8;1012.1;8;1007.6;8;11.4;8;0.9;8;2.1;999.9;23.4;17.5;0.0;999.9;1;0;0;0;0;0
Concordia_Aero;873950;20130515;14.4;8;10.6;8;1014.6;8;1009.9;8;11.7;8;5.5;8;13.9;999.9;24.6;11.4;0.0;999.9;0;0;0;0;0;0
Concordia_Aero;873950;20130516;7.5;8;-0.1;8;1024.8;8;1019.8;8;15.0;8;3.0;8;6.2;999.9;13.6;2.5;0.0;999.9;0;0;0;0;0;0
Concordia_Aero;873950;20130517;7.3;8;3.2;8;1026.1;8;1021.4;8;10.6;8;1.2;8;4.6;999.9;14.4;1.0;0.0;999.9;1;0;0;0;0;0
Concordia_Aero;873950;20130518;11.6;7;6.6;7;1023.4;7;1018.8;7;14.3;7;3.4;7;5.1;999.9;15.0;5.8;0.0;999.9;0;1;0;0;0;0
Concordia_Aero;873950;20130519;12.6;8;11.9;8;1020.9;7;1016.3;7;6.9;8;3.2;8;4.1;999.9;15.2;10.0;3.0;999.9;0;1;0;0;1;0
Concordia_Aero;873950;20130520;13.5;8;11.9;8;1020.6;8;1016.0;8;14.3;8;3.7;8;6.2;999.9;14.5;12.0;0.0;999.9;0;1;0;0;0;0
Concordia_Aero;873950;20130521;9.7;8;8.8;8;1018.7;8;1014.0;8;5.0;8;1.3;8;3.6;999.9;15.0;6.0;0.0;999.9;1;0;0;0;0;0
Concordia_Aero;873950;20130522;11.6;9;10.9;9;1019.6;7;1014.9;7;5.1;9;2.1;9;4.1;999.9;14.0;8.0;0.0;999.9;0;1;0;0;0;0
Concordia_Aero;873950;20130523;15.1;7;13.2;7;1019.6;6;1014.8;7;11.1;7;1.4;7;3.6;999.9;19.0;12.9;0.5;999.9;0;0;0;0;0;0
Concordia_Aero;873950;20130524;13.3;8;11.0;8;1020.0;8;1015.5;8;7.2;8;1.3;8;3.6;999.9;19.7;7.2;0.0;999.9;1;0;0;0;0;0
Concordia_Aero;873950;20130525;12.0;8;10.7;8;1020.6;8;1016.0;8;6.6;8;1.1;8;4.6;999.9;20.4;7.0;0.0;999.9;1;0;0;0;0;0
Concordia_Aero;873950;20130526;13.2;8;12.1;8;1016.3;8;1011.7;8;12.7;8;1.8;8;4.1;999.9;20.0;7.7;0.0;999.9;1;0;0;0;0;0
Concordia_Aero;873950;20130527;16.2;8;14.3;8;1011.4;8;1006.8;8;8.9;8;1.7;8;4.6;999.9;23.0;6.2;0.0;999.9;1;0;0;0;0;0
Concordia_Aero;873950;20130528;18.5;8;16.9;8;1001.8;8;997.3;8;14.0;8;2.3;8;5.1;999.9;24.7;13.2;0.0;999.9;0;0;0;0;0;0
Concordia_Aero;873950;20130529;16.8;7;13.7;7;1003.5;6;999.1;6;13.5;7;5.2;7;999.9;999.9;25.1;14.4;26.9;999.9;0;1;0;0;1;0
Concordia_Aero;873950;20130530;12.6;8;6.4;8;1014.4;8;1009.8;8;14.3;8;2.1;8;3.6;999.9;19.6;6.1;0.0;999.9;0;0;0;0;0;0
Concordia_Aero;873950;20130531;14.5;8;8.6;8;1012.0;8;1007.5;8;15.0;8;4.0;8;7.2;999.9;20.0;7.6;0.0;999.9;0;0;0;0;0;0
Concordia_Aero;873950;20130601;15.6;8;11.5;8;1010.9;7;1006.6;8;12.6;8;1.6;8;4.1;999.9;21.4;11.2;0.3;999.9;0;1;0;0;0;0
Concordia_Aero;873950;20130602;12.9;8;8.8;8;1016.3;8;1011.8;8;12.1;8;1.4;8;4.6;999.9;21.9;6.6;0.0;999.9;0;0;0;0;0;0
Concordia_Aero;873950;20130603;12.5;8;7.5;8;1021.3;8;1016.7;8;13.5;8;1.5;8;4.1;999.9;19.8;5.4;0.0;999.9;1;0;0;0;0;0
Concordia_Aero;873950;20130604;13.4;8;8.2;8;1017.9;8;1013.3;8;14.3;8;1.8;8;4.1;999.9;22.7;5.4;0.0;999.9;0;0;0;0;0;0
Concordia_Aero;873950;20130605;15.5;8;11.1;8;1013.8;8;1009.2;8;15.0;8;1.9;8;4.1;999.9;23.4;8.5;0.0;999.9;0;0;0;0;0;0
Concordia_Aero;873950;20130606;13.6;8;6.5;8;1018.8;8;1014.3;8;15.0;8;4.2;8;6.2;999.9;23.8;8.0;0.0;999.9;0;0;0;0;0;0
Concordia_Aero;873950;20130607;10.6;8;7.1;8;1019.8;8;1015.1;8;15.0;8;1.8;8;4.6;999.9;18.8;4.0;0.0;999.9;1;0;0;0;0;0
Concordia_Aero;873950;20130608;13.2;8;9.0;8;1023.5;8;1018.8;8;12.2;8;2.7;8;5.7;999.9;19.1;9.0;0.0;999.9;0;0;0;0;0;0
Concordia_Aero;873950;20130609;13.6;8;10.8;8;1019.0;8;1014.4;8;15.0;8;2.9;8;5.7;999.9;19.0;9.7;0.0;999.9;0;0;0;0;0;0
Concordia_Aero;873950;20130610;13.5;8;11.2;8;1018.6;7;1014.0;7;6.0;8;0.6;8;2.6;999.9;21.6;7.5;0.0;999.9;1;0;0;0;0;0
Concordia_Aero;873950;20130611;14.4;8;11.9;8;1019.9;8;1015.3;8;9.8;8;1.2;8;3.6;999.9;22.6;8.0;0.0;999.9;1;0;0;0;0;0
Concordia_Aero;873950;20130612;16.3;8;14.1;8;1019.5;8;1014.9;8;9.3;8;1.6;8;3.6;999.9;23.1;9.8;0.0;999.9;1;0;0;0;0;0
Concordia_Aero;873950;20130613;17.8;9;15.1;9;1017.4;8;1012.8;8;11.1;9;1.8;9;3.1;999.9;25.9;12.6;0.0;999.9;1;0;0;0;0;0
Concordia_Aero;873950;20130614;15.8;8;13.2;8;1018.5;8;1014.0;8;9.5;8;2.8;8;7.7;999.9;26.0;13.4;0.0;999.9;0;0;0;0;0;0
Concordia_Aero;873950;20130615;11.0;8;7.4;8;1020.1;8;1015.2;7;15.0;8;3.7;8;6.2;999.9;17.1;5.8;0.0;999.9;0;0;0;0;0;0
Concordia_Aero;873950;20130616;12.2;8;10.7;8;1014.4;8;1009.8;8;9.7;8;1.6;8;4.1;999.9;17.2;8.3;0.0;999.9;1;0;0;0;0;0
Concordia_Aero;873950;20130617;12.4;8;9.5;8;1018.5;8;1013.9;8;14.0;8;3.8;8;6.2;999.9;18.5;9.8;0.0;999.9;0;0;0;0;0;0
Concordia_Aero;873950;20130618;12.8;8;11.2;8;1015.8;8;1011.2;8;10.3;8;1.1;8;2.6;999.9;17.0;9.0;0.0;999.9;0;0;0;0;0;0
Concordia_Aero;873950;20130619;10.8;8;3.4;8;1021.9;8;1017.4;8;15.0;8;7.0;8;11.3;999.9;17.0;5.4;0.0;999.9;0;0;0;0;0;0
Concordia_Aero;873950;20130620;7.4;8;1.3;8;1023.4;8;1018.7;8;15.0;8;5.1;8;7.7;999.9;13.6;3.4;0.0;999.9;0;0;0;0;0;0
Concordia_Aero;873950;20130621;10.4;7;8.5;7;1013.7;7;1009.0;7;10.9;7;3.2;7;4.1;999.9;14.4;4.0;2.0;999.9;0;1;0;0;0;0
Concordia_Aero;873950;20130622;9.1;8;5.4;8;1013.8;8;1009.1;8;14.3;8;1.2;8;2.1;999.9;19.0;0.6;0.0;999.9;0;0;0;0;0;0
Concordia_Aero;873950;20130623;11.1;8;8.8;8;1020.6;8;1016.0;8;11.3;8;1.3;8;4.1;999.9;19.4;4.0;0.0;999.9;1;0;0;0;0;0
Concordia_Aero;873950;20130624;10.7;8;8.2;8;1019.8;8;1015.2;8;12.6;8;4.1;8;6.2;999.9;17.4;6.0;0.0;999.9;1;0;0;0;0;0
Concordia_Aero;873950;20130625;12.6;8;10.1;8;1016.9;8;1012.4;8;15.0;8;2.9;8;4.1;999.9;17.2;6.9;0.0;999.9;0;0;0;0;0;0
Concordia_Aero;873950;20130626;9.9;8;8.8;8;1018.2;8;1013.6;8;6.0;8;0.8;8;3.6;999.9;15.5;4.5;0.0;999.9;1;0;0;0;0;0
Concordia_Aero;873950;20130627;10.4;7;7.4;7;1017.6;7;1013.0;7;7.1;7;2.6;7;6.7;999.9;16.9;2.4;0.0;999.9;1;0;0;0;0;0
Concordia_Aero;873950;20130628;14.4;8;12.5;8;1010.9;8;1006.3;8;15.0;8;3.0;8;5.1;999.9;17.4;7.2;1.0;999.9;0;1;0;0;0;0
Concordia_Aero;873950;20130629;14.7;8;10.9;8;1013.0;8;1008.4;8;7.6;8;3.0;8;5.7;999.9;19.6;11.9;0.0;999.9;1;0;0;0;0;0
Concordia_Aero;873950;20130630;10.4;7;4.9;7;1020.0;6;1015.3;6;13.5;7;1.9;7;3.6;999.9;19.8;4.0;0.0;999.9;0;0;0;0;0;0
Concordia_Aero;873950;20130701;9.9;8;3.8;8;1023.1;7;1019.1;7;11.4;8;1.2;8;3.6;999.9;18.9;2.0;0.0;999.9;0;0;0;0;0;0
Concordia_Aero;873950;20130702;11.4;8;5.4;8;1020.0;8;1015.4;8;14.3;8;2.9;8;6.7;999.9;19.8;5.1;0.0;999.9;1;0;0;0;0;0
Concordia_Aero;873950;20130703;15.0;8;10.5;8;1014.4;8;1009.9;8;15.0;8;5.4;8;7.2;999.9;21.8;8.8;0.0;999.9;0;0;0;0;0;0
Concordia_Aero;873950;20130704;17.6;8;16.4;8;1013.2;8;1008.7;8;9.2;8;3.0;8;6.2;999.9;19.8;15.2;7.9;999.9;0;1;0;0;0;0
Concordia_Aero;873950;20130705;19.6;8;19.1;8;1012.6;8;1008.0;8;2.9;8;2.4;8;5.7;999.9;22.4;16.9;17.0;999.9;1;1;0;0;0;0
Concordia_Aero;873950;20130706;20.0;8;18.6;8;1011.6;8;1007.2;8;10.6;8;3.9;8;6.7;999.9;22.8;17.6;0.0;999.9;0;0;0;0;1;0
Concordia_Aero;873950;20130707;11.7;8;8.0;8;1021.3;8;1017.1;8;14.2;8;6.8;8;8.2;999.9;20.2;9.0;0.0;999.9;1;1;0;0;0;0
Concordia_Aero;873950;20130708;9.6;8;4.4;8;1028.9;8;1023.5;8;14.3;8;5.2;8;8.7;999.9;14.3;5.5;0.0;999.9;0;0;0;0;0;0
Concordia_Aero;873950;20130709;10.8;8;9.0;8;1021.9;8;1017.3;8;12.2;8;4.1;8;8.7;999.9;14.8;6.6;0.0;999.9;0;1;0;0;0;0
Concordia_Aero;873950;20130710;17.0;8;15.9;8;1017.8;8;1013.2;8;7.1;8;2.6;8;4.6;999.9;23.0;10.8;3.0;999.9;1;1;0;0;0;0
Concordia_Aero;873950;20130711;20.4;9;17.3;9;1014.3;9;1009.9;9;14.5;9;3.0;9;5.1;999.9;26.0;15.4;0.0;999.9;0;0;0;0;0;0
Concordia_Aero;873950;20130712;17.1;10;15.3;10;1017.3;10;1012.8;10;14.3;10;4.9;10;7.7;999.9;26.2;15.2;7.9;999.9;0;1;0;0;1;0
Concordia_Aero;873950;20130713;15.9;8;13.7;8;1017.5;8;1012.9;8;15.0;8;2.6;8;4.1;999.9;20.0;13.6;0.0;999.9;0;0;0;0;0;0
Concordia_Aero;873950;20130714;14.1;8;11.5;8;1017.5;8;1012.9;8;9.8;8;2.4;8;7.2;999.9;20.6;10.0;0.0;999.9;0;0;0;0;0;0
Concordia_Aero;873950;20130715;10.3;8;4.6;8;1022.3;8;1017.7;8;12.6;8;2.0;8;4.1;999.9;19.6;3.1;0.0;999.9;1;0;0;0;0;0
Concordia_Aero;873950;20130716;12.3;8;7.1;8;1018.7;8;1014.1;8;15.0;8;2.1;8;3.6;999.9;21.0;5.4;0.0;999.9;0;0;0;0;0;0
Concordia_Aero;873950;20130717;17.0;8;11.1;8;1012.9;8;1008.4;8;15.0;8;3.0;8;4.6;999.9;24.0;9.9;0.0;999.9;0;0;0;0;0;0
Concordia_Aero;873950;20130718;15.4;8;11.4;8;1011.1;8;1006.6;8;15.0;8;6.4;8;15.4;999.9;24.6;9.8;2.0;999.9;0;0;0;0;0;0
Concordia_Aero;873950;20130719;6.3;8;0.8;8;1023.1;8;1018.4;8;13.5;8;4.1;8;8.7;999.9;18.0;0.0;0.0;999.9;0;0;0;0;0;0
Concordia_Aero;873950;20130720;6.8;8;4.1;8;1013.2;8;1008.5;8;14.0;8;1.1;8;2.6;999.9;10.8;3.0;0.8;999.9;0;1;0;0;0;0
Concordia_Aero;873950;20130721;5.4;8;1.1;8;1017.0;8;1012.3;8;13.2;8;2.1;8;4.1;999.9;9.9;0.3;0.0;999.9;1;0;0;0;0;0
Concordia_Aero;873950;20130722;5.2;8;0.8;8;1023.7;8;1018.9;8;14.2;8;3.0;8;7.2;999.9;9.9;1.9;0.0;999.9;0;1;0;0;0;0
Concordia_Aero;873950;20130723;5.8;8;0.3;8;1026.7;8;1021.9;8;15.0;8;2.3;8;5.7;999.9;11.2;-1.2;0.0;999.9;0;0;0;0;0;0
Concordia_Aero;873950;20130724;6.5;8;-0.2;8;1027.6;8;1022.9;8;13.2;8;1.6;8;3.6;999.9;14.2;0.4;0.0;999.9;0;0;0;0;0;0
Concordia_Aero;873950;20130725;8.1;8;1.7;8;1028.1;8;1023.4;8;13.5;8;3.7;8;7.7;999.9;14.8;0.5;0.0;999.9;0;0;0;0;0;0
Concordia_Aero;873950;20130726;10.7;8;4.0;8;1026.2;8;1021.6;8;13.4;8;5.0;8;7.7;999.9;17.6;4.5;0.0;999.9;0;0;0;0;0;0
Concordia_Aero;873950;20130727;12.8;8;8.1;8;1022.1;8;1017.5;8;15.0;8;3.0;8;7.2;999.9;20.0;7.5;0.0;999.9;0;0;0;0;0;0
Concordia_Aero;873950;20130728;12.1;8;8.2;8;1021.5;8;1016.8;8;10.1;8;0.8;8;2.6;999.9;21.8;3.1;0.0;999.9;1;0;0;0;0;0
Concordia_Aero;873950;20130729;13.9;8;9.7;8;1021.3;8;1016.7;8;9.3;8;1.0;8;3.6;999.9;22.1;6.6;0.0;999.9;1;0;0;0;0;0
Concordia_Aero;873950;20130730;17.7;8;12.5;8;1018.3;8;1013.8;8;13.7;8;4.0;8;7.7;999.9;26.0;9.6;0.0;999.9;0;0;0;0;0;0
Concordia_Aero;873950;20130731;19.2;8;14.8;8;1012.3;8;1007.7;8;15.0;8;4.1;8;6.2;999.9;26.8;14.0;0.0;999.9;0;0;0;0;0;0
Concordia_Aero;873950;20130801;17.1;7;14.6;7;1010.1;7;1005.6;7;15.0;7;3.6;7;9.3;999.9;21.4;14.4;0.0;999.9;0;0;0;0;0;0
Concordia_Aero;873950;20130802;11.7;8;10.3;8;1015.1;8;1010.5;8;11.6;8;7.2;8;8.8;999.9;21.8;10.4;3.0;999.9;0;1;0;0;1;0
Concordia_Aero;873950;20130803;10.6;8;7.3;8;1018.5;8;1013.9;8;15.0;8;3.6;8;6.2;999.9;15.0;8.0;3.0;999.9;0;0;0;0;0;0
Concordia_Aero;873950;20130804;9.8;8;6.4;8;1019.0;8;1014.4;8;8.9;8;1.6;8;3.6;999.9;17.6;3.4;0.0;999.9;1;0;0;0;0;0
Concordia_Aero;873950;20130805;13.3;8;8.0;8;1016.9;8;1012.2;8;13.5;8;2.4;8;7.2;999.9;23.5;5.6;0.0;999.9;0;0;0;0;0;0
Concordia_Aero;873950;20130806;14.0;8;5.7;8;1018.7;8;1014.1;8;12.6;8;3.3;8;6.7;999.9;23.7;6.6;0.0;999.9;0;0;0;0;0;0
Concordia_Aero;873950;20130807;20.3;8;11.1;8;1005.3;8;1000.8;8;15.0;8;5.1;8;8.2;999.9;31.4;10.0;0.0;999.9;0;0;0;0;0;0
Concordia_Aero;873950;20130808;15.2;8;8.6;8;1009.6;8;1005.1;8;13.7;8;7.4;8;12.3;999.9;24.4;10.2;2.0;999.9;0;1;0;0;1;0
Concordia_Aero;873950;20130809;9.5;8;5.6;8;1023.2;8;1018.6;8;14.0;8;3.6;8;6.2;999.9;13.8;5.0;0.0;999.9;0;0;0;0;0;0
Concordia_Aero;873950;20130810;7.9;8;0.7;8;1026.5;8;1021.8;8;12.4;8;2.0;8;5.1;999.9;14.7;-0.7;0.0;999.9;0;0;0;0;0;0
Concordia_Aero;873950;20130811;7.7;8;0.7;8;1018.2;8;1013.5;8;15.0;8;2.9;8;7.7;999.9;16.4;-1.1;0.0;999.9;0;0;0;0;0;0
Concordia_Aero;873950;20130812;11.1;8;5.6;8;1013.9;8;1009.3;8;15.0;8;2.3;8;3.6;999.9;17.9;4.0;0.0;999.9;0;0;0;0;0;0
Concordia_Aero;873950;20130813;10.1;8;3.6;8;1022.6;8;1018.0;8;15.0;8;8.4;8;13.4;999.9;18.4;1.5;0.0;999.9;0;0;0;0;0;0
Concordia_Aero;873950;20130814;5.9;8;-3.0;8;1032.9;8;1028.2;8;13.4;8;3.4;8;6.2;999.9;11.8;-3.5;0.0;999.9;0;0;0;0;0;0
Concordia_Aero;873950;20130815;6.5;8;0.0;8;1027.1;8;1022.4;8;12.2;8;3.4;8;8.7;999.9;15.3;-2.1;0.0;999.9;1;0;0;0;0;0
Concordia_Aero;873950;20130816;10.5;8;2.3;7;1023.2;8;1018.6;8;12.2;8;1.5;8;3.6;999.9;20.4;1.9;0.0;999.9;0;0;0;0;0;0
Concordia_Aero;873950;20130817;11.9;8;3.8;8;1026.9;8;1022.2;8;14.2;8;3.9;8;6.7;999.9;20.4;4.2;0.0;999.9;0;0;0;0;0;0
Concordia_Aero;873950;20130818;12.7;8;6.9;8;1022.4;8;1017.8;8;13.5;8;4.3;8;6.7;999.9;21.3;5.5;0.0;999.9;0;0;0;0;0;0
Concordia_Aero;873950;20130819;16.8;8;10.7;8;1017.4;8;1012.8;8;15.0;8;4.6;8;6.7;999.9;24.3;9.2;0.0;999.9;0;0;0;0;0;0
Concordia_Aero;873950;20130820;17.9;8;12.6;8;1015.6;8;1011.0;8;15.0;8;2.8;8;5.7;999.9;25.2;12.0;0.0;999.9;0;0;0;0;0;0
Concordia_Aero;873950;20130821;22.3;8;15.2;8;1007.7;8;1003.3;8;10.0;8;4.0;8;5.1;999.9;28.0;14.6;0.3;999.9;0;1;0;0;1;0
Concordia_Aero;873950;20130822;16.1;8;7.0;8;1010.7;8;1006.2;8;12.6;8;6.8;8;15.4;999.9;30.0;9.7;6.1;999.9;0;1;0;0;1;0
Concordia_Aero;873950;20130823;6.9;7;-2.9;7;1023.8;7;1019.1;7;15.0;7;4.3;7;6.7;999.9;10.4;3.5;0.0;999.9;0;0;0;0;0;0
Concordia_Aero;873950;20130824;7.6;8;-0.1;8;1027.1;8;1022.4;8;15.0;8;4.9;8;7.7;999.9;10.5;5.1;0.0;999.9;0;0;0;0;0;0
Concordia_Aero;873950;20130825;9.1;8;-1.1;8;1029.6;8;1024.9;8;15.0;8;7.1;8;9.3;999.9;12.4;5.8;0.0;999.9;0;0;0;0;0;0
Concordia_Aero;873950;20130826;6.9;8;-3.2;8;1031.4;8;1026.5;7;15.0;8;6.5;8;12.9;999.9;13.5;2.4;0.0;999.9;0;0;0;0;0;0
Concordia_Aero;873950;20130827;5.6;8;-2.9;8;1028.5;8;1023.7;8;15.0;8;1.8;8;4.1;999.9;14.0;-4.0;0.0;999.9;0;0;0;0;0;0
Concordia_Aero;873950;20130828;11.9;8;-1.1;8;1025.2;8;1020.6;8;13.0;8;3.3;8;5.1;999.9;21.4;2.4;0.0;999.9;0;0;0;0;0;0
Concordia_Aero;873950;20130829;15.5;8;3.2;8;1020.7;8;1016.1;8;15.0;8;4.1;8;7.7;999.9;23.6;8.3;0.0;999.9;0;0;0;0;0;0
Concordia_Aero;873950;20130830;16.7;8;7.6;8;1015.4;8;1010.9;8;12.6;8;4.4;8;7.7;999.9;26.4;8.4;0.0;999.9;0;0;0;0;0;0
Concordia_Aero;873950;20130831;19.3;8;8.8;8;1011.8;8;1007.3;8;13.5;8;3.0;8;5.7;999.9;30.2;9.0;0.0;999.9;1;0;0;0;0;0
Concordia_Aero;873950;20130901;21.9;8;11.8;8;1009.6;8;1005.2;8;13.0;8;3.7;8;7.2;999.9;31.2;12.8;0.0;999.9;1;0;0;0;0;0
Concordia_Aero;873950;20130902;21.3;8;13.9;8;1008.7;8;1004.2;8;11.4;8;3.1;8;4.6;999.9;30.9;13.9;0.0;999.9;0;0;0;0;0;0
Concordia_Aero;873950;20130903;15.2;8;5.6;8;1018.9;8;1014.4;8;15.0;8;6.2;8;7.7;999.9;28.7;10.9;0.0;999.9;0;0;0;0;0;0
Concordia_Aero;873950;20130904;10.8;8;1.7;8;1025.8;8;1021.1;8;15.0;8;4.3;8;9.3;999.9;18.5;4.0;0.0;999.9;0;0;0;0;0;0
Concordia_Aero;873950;20130905;14.5;7;6.3;7;1019.6;7;1015.1;7;15.0;7;5.3;7;8.2;999.9;21.4;7.6;0.0;999.9;0;0;0;0;0;0
Concordia_Aero;873950;20130906;19.6;8;12.5;8;1016.3;8;1011.8;8;12.2;8;3.9;8;7.2;999.9;30.0;11.4;0.0;999.9;0;0;0;0;0;0
Concordia_Aero;873950;20130907;23.7;7;15.6;7;1010.4;7;1006.0;7;15.0;7;4.8;7;9.8;999.9;30.9;15.9;0.0;999.9;0;0;0;0;0;0
Concordia_Aero;873950;20130908;20.9;8;16.0;8;1014.0;8;1009.6;8;10.9;8;4.2;8;9.3;999.9;31.4;15.5;15.0;999.9;0;0;0;0;1;0
Concordia_Aero;873950;20130909;22.4;8;15.3;8;1015.8;8;1011.3;8;15.0;8;5.3;8;10.8;999.9;32.6;15.0;0.0;999.9;0;0;0;0;0;0
Concordia_Aero;873950;20130910;26.6;8;16.1;8;1011.9;8;1007.6;8;15.0;8;5.5;8;7.7;999.9;36.3;19.5;0.0;999.9;0;0;0;0;0;0
Concordia_Aero;873950;20130911;27.8;8;15.6;7;1009.4;7;1004.8;8;15.0;8;5.0;8;7.2;999.9;36.8;21.5;0.0;999.9;0;0;0;0;0;0
Concordia_Aero;873950;20130912;29.2;7;13.2;7;1004.6;7;1000.3;7;11.1;7;4.5;7;5.7;999.9;37.0;22.0;0.0;999.9;0;0;0;0;0;0
Concordia_Aero;873950;20130913;15.7;8;13.3;8;1012.4;8;1007.9;8;10.1;8;7.1;8;9.3;999.9;20.8;13.4;7.1;999.9;0;1;0;0;1;0
Concordia_Aero;873950;20130914;11.8;8;11.2;8;1017.4;8;1012.8;8;6.9;8;6.6;8;8.2;999.9;14.1;10.2;69.1;999.9;0;1;0;0;1;0
Concordia_Aero;873950;20130915;11.8;7;11.1;7;1014.1;7;1009.5;7;9.5;7;6.3;7;8.8;999.9;13.8;10.2;21.1;999.9;0;1;0;0;0;0
Concordia_Aero;873950;20130916;11.7;8;10.9;8;1011.2;8;1006.5;8;8.0;8;5.2;8;7.7;999.9;14.8;10.1;1.0;999.9;0;1;0;0;0;0
Concordia_Aero;873950;20130917;9.3;8;3.9;8;1017.8;8;1013.1;8;15.0;8;6.9;8;11.8;999.9;14.4;6.4;0.5;999.9;0;0;0;0;0;0
Concordia_Aero;873950;20130918;10.0;8;1.8;8;1022.1;8;1017.4;8;15.0;8;2.3;8;3.6;999.9;17.8;4.0;0.0;999.9;0;0;0;0;0;0
Concordia_Aero;873950;20130919;13.0;8;1.9;8;1022.8;8;1018.2;8;15.0;8;3.4;8;6.2;999.9;19.5;6.5;0.0;999.9;0;0;0;0;0;0
Concordia_Aero;873950;20130920;15.1;8;5.8;8;1011.8;7;1007.3;7;15.0;8;3.3;8;6.2;999.9;22.8;7.6;0.0;999.9;0;0;0;0;0;0
Concordia_Aero;873950;20130921;16.1;7;7.5;7;1009.7;7;1005.2;7;15.0;7;3.7;7;6.7;999.9;23.2;10.0;0.0;999.9;0;0;0;0;0;0
Concordia_Aero;873950;20130922;12.2;8;6.1;8;1018.7;8;1014.1;8;14.3;8;8.3;8;10.8;999.9;23.2;10.4;0.0;999.9;0;1;0;0;0;0
Concordia_Aero;873950;20130923;11.1;8;5.6;8;1027.1;8;1022.5;8;15.0;8;6.2;8;7.2;999.9;14.9;8.0;2.0;999.9;0;1;0;0;0;0
Concordia_Aero;873950;20130924;9.7;8;1.7;8;1029.6;8;1024.9;8;14.3;8;4.5;8;8.2;999.9;15.9;3.2;0.0;999.9;0;0;0;0;0;0
Concordia_Aero;873950;20130925;12.8;8;5.4;8;1026.9;8;1022.3;8;14.3;8;4.3;8;7.7;999.9;19.2;5.9;0.0;999.9;0;0;0;0;0;0
Concordia_Aero;873950;20130926;14.5;8;5.9;8;1020.9;8;1016.3;8;15.0;8;5.7;8;8.7;999.9;21.6;8.1;0.0;999.9;0;0;0;0;0;0
Concordia_Aero;873950;20130927;16.7;8;8.9;8;1016.6;8;1012.1;8;15.0;8;5.0;8;6.7;999.9;24.1;10.2;0.0;999.9;0;0;0;0;0;0
Concordia_Aero;873950;20130928;18.7;8;13.1;8;1014.4;8;1009.9;8;15.0;8;3.9;8;4.6;999.9;24.8;13.9;0.0;999.9;0;0;0;0;0;0
Concordia_Aero;873950;20130929;12.4;8;9.2;8;1018.9;8;1014.4;8;15.0;8;5.1;8;6.7;999.9;23.7;9.0;0.0;999.9;0;0;0;0;0;0
Concordia_Aero;873950;20130930;12.7;8;7.1;8;1017.2;8;1012.6;8;15.0;8;2.2;8;4.6;999.9;18.9;7.4;0.0;999.9;0;0;0;0;0;0
Concordia_Aero;873950;20131001;12.9;8;7.1;8;1015.8;8;1010.4;8;15.0;8;2.2;8;4.1;999.9;20.6;5.4;0.0;999.9;0;0;0;0;0;0
Concordia_Aero;873950;20131002;13.7;8;8.2;8;1017.0;8;1012.4;8;12.4;8;2.6;8;5.7;999.9;21.9;5.2;0.0;999.9;0;0;0;0;0;0
Concordia_Aero;873950;20131003;16.1;8;10.3;8;1015.7;8;1011.1;8;15.0;8;3.3;8;5.7;999.9;23.2;10.1;0.0;999.9;0;0;0;0;0;0
Concordia_Aero;873950;20131004;16.2;8;11.5;8;1017.5;8;1013.0;8;15.0;8;4.4;8;7.7;999.9;23.7;11.2;0.0;999.9;0;0;0;0;0;0
Concordia_Aero;873950;20131005;15.2;8;9.4;8;1021.3;8;1016.8;8;13.7;8;2.9;8;5.1;999.9;20.6;8.2;0.0;999.9;0;0;0;0;0;0
Concordia_Aero;873950;20131006;16.1;8;8.7;8;1023.0;8;1018.4;8;13.5;8;3.2;8;5.7;999.9;23.8;7.0;0.0;999.9;0;0;0;0;0;0
Concordia_Aero;873950;20131007;17.7;8;7.2;8;1023.6;8;1019.0;8;15.0;8;7.2;8;14.9;999.9;25.6;10.2;0.0;999.9;0;0;0;0;0;0
Concordia_Aero;873950;20131008;19.4;8;8.2;8;1019.0;8;1014.6;8;15.0;8;5.7;8;8.2;999.9;28.1;11.1;0.0;999.9;0;0;0;0;0;0
Concordia_Aero;873950;20131009;21.7;8;11.4;8;1014.3;8;1009.8;8;15.0;8;6.4;8;9.3;999.9;29.2;15.4;0.0;999.9;0;0;0;0;0;0
Concordia_Aero;873950;20131010;23.2;8;15.5;8;1014.3;8;1009.8;8;13.5;8;5.2;8;8.8;999.9;29.2;17.6;0.3;999.9;0;1;0;0;0;0
Concordia_Aero;873950;20131011;20.8;8;16.7;8;1015.7;7;1011.2;7;13.0;8;5.6;8;7.7;999.9;30.4;14.6;26.9;999.9;0;1;0;0;1;0
Concordia_Aero;873950;20131012;19.8;6;17.1;6;1014.2;6;1009.6;6;15.0;6;5.8;6;7.7;999.9;25.4;16.9;0.0;999.9;0;1;0;0;0;0
Concordia_Aero;873950;20131013;19.7;8;17.0;8;1013.9;8;1009.4;8;10.0;8;2.3;8;3.6;999.9;24.5;16.2;0.0;999.9;0;0;0;0;0;0
Concordia_Aero;873950;20131014;21.1;8;15.6;8;1015.6;8;1011.1;8;11.9;8;2.1;8;4.6;999.9;28.2;13.9;0.0;999.9;1;0;0;0;0;0
Concordia_Aero;873950;20131015;21.1;8;14.9;8;1018.2;8;1013.7;8;13.2;8;1.4;8;2.6;999.9;28.9;13.5;0.0;999.9;1;0;0;0;0;0
Concordia_Aero;873950;20131016;21.4;8;13.7;8;1016.9;8;1012.4;8;14.3;8;3.0;8;6.2;999.9;28.2;15.6;0.0;999.9;0;0;0;0;0;0
Concordia_Aero;873950;20131017;20.8;8;13.9;8;1014.3;8;1009.8;8;15.0;8;2.8;8;5.7;999.9;27.8;12.4;0.0;999.9;0;0;0;0;0;0
Concordia_Aero;873950;20131018;21.6;8;14.1;8;1011.9;8;1007.4;8;12.1;8;2.4;8;4.6;999.9;28.0;14.7;3.0;999.9;0;0;0;0;0;0
Concordia_Aero;873950;20131019;21.6;8;13.1;8;1009.6;8;1005.2;8;15.0;8;2.3;8;4.6;999.9;28.7;13.5;0.0;999.9;0;0;0;0;0;0
Concordia_Aero;873950;20131020;24.6;7;14.4;7;1001.7;7;997.3;7;15.0;7;4.4;7;8.7;999.9;32.1;18.7;0.0;999.9;0;0;0;0;0;0
Concordia_Aero;873950;20131021;21.5;8;13.7;8;1008.7;8;1004.4;8;13.7;8;7.7;8;10.8;999.9;33.1;17.6;21.1;999.9;0;1;0;0;1;0
Concordia_Aero;873950;20131022;18.8;8;11.6;8;1012.9;8;1008.4;8;14.0;8;5.6;8;8.2;999.9;27.4;11.0;0.0;999.9;0;0;0;0;0;0
Concordia_Aero;873950;20131023;21.6;8;15.6;8;1007.1;8;1002.7;8;15.0;8;3.3;8;5.7;999.9;27.9;16.0;0.0;999.9;0;0;0;0;0;0
Concordia_Aero;873950;20131024;19.7;8;11.6;8;1017.5;8;1013.0;8;15.0;8;7.7;8;9.3;999.9;29.1;13.7;0.0;999.9;0;0;0;0;0;0
Concordia_Aero;873950;20131025;15.4;8;8.8;8;1021.1;8;1016.5;8;15.0;8;6.6;8;12.9;999.9;23.6;9.5;0.0;999.9;0;0;0;0;0;0
Concordia_Aero;873950;20131026;17.7;8;14.7;8;1013.2;7;1008.5;8;10.9;8;7.2;8;10.8;999.9;22.4;11.3;84.1;999.9;0;1;0;0;1;0
Concordia_Aero;873950;20131027;19.1;7;13.8;6;1017.9;7;1013.4;7;13.2;7;3.8;7;7.7;999.9;25.1;12.7;0.8;999.9;0;0;0;0;0;0
Concordia_Aero;873950;20131028;17.9;8;6.9;8;1018.5;8;1014.1;8;15.0;8;5.9;8;8.2;999.9;25.5;10.9;0.0;999.9;0;0;0;0;0;0
Concordia_Aero;873950;20131029;20.6;8;9.6;8;1013.2;8;1008.6;8;15.0;8;6.0;8;8.2;999.9;27.7;13.4;0.0;999.9;0;0;0;0;0;0
Concordia_Aero;873950;20131030;21.3;8;12.6;8;1011.6;8;1007.1;8;15.0;8;4.7;8;6.2;999.9;29.0;13.1;0.0;999.9;0;0;0;0;0;0
Concordia_Aero;873950;20131031;20.4;8;16.9;8;1009.0;8;1004.5;8;13.4;8;7.2;8;10.8;999.9;29.5;17.4;4.1;999.9;0;1;0;0;1;0
Concordia_Aero;873950;20131101;23.5;8;20.2;8;1005.9;8;1001.4;8;13.7;8;7.8;8;13.4;999.9;28.6;19.0;3.0;999.9;0;1;0;0;1;0
Concordia_Aero;873950;20131102;19.9;8;19.1;8;1009.1;8;1004.6;8;6.0;8;4.3;8;7.2;999.9;30.6;18.2;49.0;999.9;0;1;0;0;0;0
Concordia_Aero;873950;20131103;19.2;8;13.6;8;1014.8;8;1010.3;8;15.0;8;5.5;8;12.4;999.9;23.3;15.1;10.9;999.9;0;0;0;0;0;0
Concordia_Aero;873950;20131104;18.7;8;10.3;8;1017.4;8;1012.9;8;14.3;8;2.6;8;5.1;999.9;25.3;10.0;0.0;999.9;0;0;0;0;0;0
Concordia_Aero;873950;20131105;18.9;8;11.6;8;1018.8;7;1015.2;7;15.0;8;4.7;8;6.7;999.9;25.6;12.4;0.0;999.9;0;0;0;0;0;0
Concordia_Aero;873950;20131106;21.0;8;13.7;8;1016.7;8;1012.2;8;15.0;8;6.2;8;7.7;999.9;28.0;14.5;0.0;999.9;0;0;0;0;0;0
Concordia_Aero;873950;20131107;24.4;8;16.6;8;1013.0;8;1008.6;8;15.0;8;6.5;8;11.8;999.9;31.0;18.5;0.0;999.9;0;0;0;0;0;0
Concordia_Aero;873950;20131108;22.5;7;18.0;7;1011.1;7;1006.7;7;15.0;7;4.9;7;7.7;999.9;25.7;18.4;0.0;999.9;0;0;0;0;0;0
Concordia_Aero;873950;20131109;21.0;6;18.3;6;1006.9;6;1002.5;6;13.5;6;5.1;6;8.2;999.9;26.5;19.0;2.5;999.9;0;0;0;0;1;0
Concordia_Aero;873950;20131110;20.5;8;18.8;8;1002.5;8;998.0;8;12.2;8;6.6;8;8.2;999.9;24.4;19.5;34.0;999.9;0;1;0;0;1;0
Concordia_Aero;873950;20131111;19.9;8;19.0;8;1003.2;8;998.7;8;9.3;8;3.9;8;5.7;999.9;21.8;18.0;11.9;999.9;0;1;0;0;1;0
Concordia_Aero;873950;20131112;20.7;8;14.2;8;1009.0;8;1004.2;7;13.2;8;2.1;8;3.6;999.9;28.9;13.4;20.1;999.9;1;0;0;0;0;0
Concordia_Aero;873950;20131113;22.8;8;16.3;8;1015.1;8;1010.6;8;13.7;8;3.6;8;8.7;999.9;30.3;15.1;0.0;999.9;0;0;0;0;0;0
