Cordoba_Aero;873440;2013;01;01;19,9;24;5,9;24;1018,7;8;962,1;8;11,4;24;4,6;24;7,7;13,4;31,5;13,9;0,0;999,9;0;0;0;0;0;0
Cordoba_Aero;873440;2013;01;02;17,2;24;6,2;24;1019,1;8;961,6;8;10,5;24;4,0;24;7,2;13,4;26,0;7,2;0,0;999,9;0;0;0;0;0;0
Cordoba_Aero;873440;2013;01;03;21,2;23;10,7;23;1013,8;8;957,2;8;11,6;23;6,5;23;10,8;14,4;30,0;12,7;0,0;999,9;0;0;0;0;0;0
Cordoba_Aero;873440;2013;01;04;22,4;23;14,2;23;1010,1;8;954,2;8;10,9;23;4,3;23;11,3;15,4;33,0;14,1;999,9;999,9;0;1;0;1;1;0
Cordoba_Aero;873440;2013;01;05;20,5;22;16,9;22;1009,9;8;953,9;8;10,1;22;3,2;22;9,3;999,9;33,4;17,0;17,0;999,9;0;1;0;0;1;0
Cordoba_Aero;873440;2013;01;06;21,8;24;16,9;24;1007,7;7;951,7;7;10,8;24;3,8;24;6,7;10,3;28,0;17,5;13,0;999,9;0;1;0;0;1;0
Cordoba_Aero;873440;2013;01;07;23,9;23;17,5;23;1001,8;8;946,4;8;10,9;23;2,8;22;5,1;999,9;31,0;16,3;0,0;999,9;0;0;0;0;0;0
Cordoba_Aero;873440;2013;01;08;20,5;24;17,2;24;1009,4;8;953,6;8;10,3;24;3,4;24;9,3;999,9;31,7;18,0;0,0;999,9;0;1;0;0;1;0
Cordoba_Aero;873440;2013;01;09;22,5;24;16,0;24;1015,9;8;959,2;8;10,9;23;2,5;24;5,1;999,9;30,3;16,0;0,0;999,9;0;0;0;0;0;0
Cordoba_Aero;873440;2013;01;10;25,8;23;19,3;23;1014,9;8;959,3;8;10,9;23;4,4;23;17,0;999,9;33,0;19,8;0,0;999,9;0;0;0;0;0;0
Cordoba_Aero;873440;2013;01;11;26,2;22;15,9;22;1011,5;8;956,2;8;10,9;21;5,3;22;8,2;999,9;33,4;19,0;0,0;999,9;0;0;0;0;0;0
Cordoba_Aero;873440;2013;01;12;25,5;24;14,4;24;1008,3;8;952,9;8;11,1;24;5,6;24;10,8;999,9;35,0;16,9;999,9;999,9;0;1;0;0;0;0
Cordoba_Aero;873440;2013;01;13;24,7;24;14,7;24;1011,9;8;956,3;8;11,1;24;3,4;24;12,0;999,9;34,7;16,6;0,0;999,9;0;0;0;0;0;0
Cordoba_Aero;873440;2013;01;14;21,9;23;16,4;23;1013,9;8;958,0;8;10,5;23;2,1;23;3,6;999,9;32,5;17,6;3,0;999,9;0;1;0;0;1;0
Cordoba_Aero;873440;2013;01;15;24,0;24;16,1;24;1010,3;8;954,4;8;11,1;24;3,7;24;7,2;999,9;32,0;16,6;14,0;999,9;0;0;0;0;0;0
Cordoba_Aero;873440;2013;01;16;24,1;23;15,3;23;1006,5;7;951,2;7;11,1;23;3,1;23;8,7;13,4;32,0;18,0;0,0;999,9;0;1;0;0;0;0
Cordoba_Aero;873440;2013;01;17;23,9;24;16,9;24;1011,8;8;956,1;8;11,3;24;4,8;24;8,7;999,9;32,6;18,5;0,0;999,9;0;0;0;0;0;0
Cordoba_Aero;873440;2013;01;18;23,7;24;14,8;24;1015,6;8;959,5;8;10,6;24;2,5;24;5,1;999,9;31,0;15,7;0,0;999,9;0;0;0;0;0;0
Cordoba_Aero;873440;2013;01;19;22,6;24;15,7;24;1016,7;8;960,6;8;10,5;24;2,4;24;6,2;999,9;31,3;15,7;999,9;999,9;0;1;0;0;1;0
Cordoba_Aero;873440;2013;01;20;21,2;23;14,0;23;1019,7;8;963,2;8;11,3;23;2,1;23;4,1;999,9;31,0;17,3;0,0;999,9;0;1;0;0;0;0
Cordoba_Aero;873440;2013;01;21;24,1;18;12,9;18;1017,8;8;961,4;8;11,3;18;3,3;18;6,2;999,9;28,0;15,6;0,0;999,9;0;0;0;0;0;0
Cordoba_Aero;873440;2013;01;22;23,6;24;12,9;24;1014,9;8;958,8;8;10,9;24;3,1;24;6,7;999,9;31,0;16,5;0,0;999,9;0;0;0;0;0;0
Cordoba_Aero;873440;2013;01;23;26,0;24;13,8;24;1010,3;8;954,8;8;10,9;24;3,4;23;5,1;999,9;36,0;16,5;0,0;999,9;0;0;0;0;0;0
Cordoba_Aero;873440;2013;01;24;27,8;23;14,0;23;1004,1;7;949,6;7;10,8;23;4,0;23;9,3;16,5;37,9;19,0;0,0;999,9;0;1;0;0;1;0
Cordoba_Aero;873440;2013;01;25;21,8;24;14,0;24;1012,1;8;956,5;8;10,8;24;4,0;24;6,2;8,2;25,0;18,5;2,0;999,9;0;1;0;0;1;0
Cordoba_Aero;873440;2013;01;26;20,6;24;12,2;24;1014,8;8;958,1;8;10,5;24;4,7;24;10,3;999,9;30,2;11,4;0,0;999,9;0;0;0;0;0;0
Cordoba_Aero;873440;2013;01;27;25,0;23;12,6;23;1011,1;8;955,4;8;10,9;23;5,0;23;9,3;999,9;35,0;14,8;0,0;999,9;0;0;0;0;0;0
Cordoba_Aero;873440;2013;01;28;24,7;23;13,5;23;1013,5;8;957,9;8;11,3;23;3,1;23;7,2;999,9;34,9;18,0;0,0;999,9;0;0;0;0;0;0
Cordoba_Aero;873440;2013;01;29;22,7;22;15,3;22;1014,5;7;958,4;7;9,7;22;2,8;22;6,2;999,9;32,1;17,0;2,0;999,9;0;1;0;0;1;0
Cordoba_Aero;873440;2013;01;30;25,3;22;13,4;22;1010,8;7;955,1;7;10,8;22;3,4;22;7,2;999,9;34,2;17,0;0,0;999,9;0;0;0;0;0;0
Cordoba_Aero;873440;2013;01;31;23,7;24;17,7;24;1008,5;6;953,0;6;10,8;23;4,3;24;11,3;999,9;35,0;18,0;23,9;999,9;0;1;0;0;1;0
Cordoba_Aero;873440;2013;02;01;26,3;24;21,1;24;1005,0;8;949,9;8;9,0;24;4,2;24;8,2;999,9;36,0;18,8;0,0;999,9;0;1;0;1;1;0
Cordoba_Aero;873440;2013;02;02;23,2;24;16,4;24;1010,8;8;955,2;8;10,8;24;3,3;24;10,3;999,9;36,0;17,8;26,9;999,9;0;1;0;0;1;0
Cordoba_Aero;873440;2013;02;03;21,4;24;15,8;24;1017,1;8;960,7;8;10,6;24;2,9;24;5,7;999,9;29,5;16,6;101,1;999,9;0;0;0;0;0;0
Cordoba_Aero;873440;2013;02;04;22,4;24;14,8;24;1012,2;8;956,1;8;10,5;24;4,3;24;8,2;999,9;29,2;15,5;0,0;999,9;0;0;0;0;0;0
Cordoba_Aero;873440;2013;02;05;22,9;24;16,2;24;1011,8;8;955,9;8;10,6;23;3,7;24;6,2;999,9;29,8;16,0;0,0;999,9;0;0;0;0;0;0
Cordoba_Aero;873440;2013;02;06;22,4;24;14,7;24;1014,4;8;958,3;8;10,6;24;3,9;24;7,2;999,9;30,0;16,0;0,0;999,9;0;0;0;0;0;0
Cordoba_Aero;873440;2013;02;07;21,9;24;13,1;24;1014,9;8;958,6;8;10,5;24;3,3;24;5,1;999,9;29,1;14,1;0,0;999,9;0;0;0;0;0;0
Cordoba_Aero;873440;2013;02;08;22,7;24;13,8;24;1011,3;8;955,3;8;10,5;24;3,9;24;5,7;999,9;31,0;15,0;0,0;999,9;0;0;0;0;0;0
Cordoba_Aero;873440;2013;02;09;24,3;24;16,4;24;1008,7;7;953,2;7;10,8;24;4,4;24;7,7;999,9;32,0;16,7;0,0;999,9;0;0;0;0;0;0
Cordoba_Aero;873440;2013;02;10;21,4;24;15,9;24;1007,7;7;952,1;7;10,5;24;2,9;23;6,2;12,3;33,0;17,3;0,0;999,9;0;1;0;0;1;0
Cordoba_Aero;873440;2013;02;11;23,3;24;14,4;24;1009,2;8;953,2;8;10,9;24;3,1;24;5,7;999,9;32,0;15,6;0,0;999,9;0;0;0;0;0;0
Cordoba_Aero;873440;2013;02;12;26,2;24;14,3;24;1003,8;8;948,8;8;10,9;24;3,2;24;5,1;999,9;36,0;18,0;0,0;999,9;0;0;0;0;0;0
Cordoba_Aero;873440;2013;02;13;21,2;24;16,2;24;1007,7;8;952,2;8;10,5;24;3,1;24;7,2;999,9;36,3;18,7;999,9;999,9;0;1;0;0;1;0
Cordoba_Aero;873440;2013;02;14;21,3;24;17,2;24;1011,1;8;954,8;8;9,7;24;2,5;24;4,6;999,9;29,0;16,0;7,9;999,9;0;1;0;0;1;0
Cordoba_Aero;873440;2013;02;15;23,5;24;18,1;24;1010,6;7;954,8;7;10,0;24;3,9;24;9,3;999,9;32,0;16,8;0,0;999,9;0;1;0;0;1;0
Cordoba_Aero;873440;2013;02;16;25,4;24;19,2;24;1003,7;8;948,5;8;11,4;24;3,8;24;7,2;999,9;34,0;18,3;5,1;999,9;0;0;0;0;0;0
Cordoba_Aero;873440;2013;02;17;20,7;23;17,3;23;1005,2;8;949,9;8;8,7;23;4,4;23;9,8;16,5;34,1;17,0;27,9;999,9;0;1;0;0;1;0
Cordoba_Aero;873440;2013;02;18;15,8;24;8,3;24;1018,6;8;961,1;8;10,5;24;4,0;24;8,7;999,9;19,9;12,0;23,9;999,9;0;1;0;0;1;0
Cordoba_Aero;873440;2013;02;19;13,7;22;12,0;22;1019,6;7;961,6;7;7,1;22;1,8;22;3,1;999,9;19,2;11,5;2,0;999,9;0;1;0;0;0;0
Cordoba_Aero;873440;2013;02;20;15,9;24;13,6;24;1016,9;8;959,2;8;7,4;24;2,3;24;3,1;999,9;19,2;12,0;0,5;999,9;0;1;0;0;0;0
Cordoba_Aero;873440;2013;02;21;18,5;23;14,4;23;1016,3;7;959,1;7;10,6;23;2,2;23;4,6;999,9;24,0;14,2;0,0;999,9;0;0;0;0;0;0
Cordoba_Aero;873440;2013;02;22;19,7;24;15,6;24;1015,7;8;958,8;8;11,1;24;4,6;24;10,3;13,9;26,0;13,7;0,0;999,9;0;0;0;0;0;0
Cordoba_Aero;873440;2013;02;23;23,4;24;19,8;24;1008,6;8;952,8;8;10,9;24;4,4;24;7,7;999,9;29,0;19,0;0,0;999,9;0;1;0;0;0;0
Cordoba_Aero;873440;2013;02;24;23,6;24;15,6;24;1007,7;8;952,2;8;11,3;24;5,8;24;11,8;18,0;30,0;18,0;0,0;999,9;0;0;0;0;0;0
Cordoba_Aero;873440;2013;02;25;18,1;24;10,6;24;1015,8;8;959,1;8;11,1;24;3,2;24;5,7;10,3;28,5;13,0;0,0;999,9;0;0;0;0;0;0
Cordoba_Aero;873440;2013;02;26;16,8;24;10,7;24;1017,6;8;960,2;8;10,3;24;3,1;24;7,2;999,9;26,0;9,6;0,0;999,9;0;0;0;0;0;0
Cordoba_Aero;873440;2013;02;27;20,1;24;12,0;24;1013,6;8;956,9;8;11,6;24;6,1;24;11,3;999,9;29,0;12,5;0,0;999,9;0;0;0;0;0;0
Cordoba_Aero;873440;2013;02;28;22,5;23;14,1;23;1009,3;8;953,4;8;10,6;23;6,9;22;11,8;13,9;29,4;14,4;0,0;999,9;0;0;0;0;0;0
Cordoba_Aero;873440;2013;03;01;23,5;24;15,8;24;1003,6;8;948,1;8;11,7;24;5,1;24;9,3;12,9;32,2;16,5;0,0;999,9;0;0;0;0;0;0
Cordoba_Aero;873440;2013;03;02;22,3;24;10,0;24;1007,8;7;952,2;7;11,1;24;6,2;24;13,4;29,3;32,5;16,1;21,1;999,9;0;1;0;1;1;0
Cordoba_Aero;873440;2013;03;03;16,7;23;11,2;23;1018,2;8;961,0;8;11,1;23;3,0;23;6,2;999,9;26,5;12,9;0,0;999,9;0;0;0;0;0;0
Cordoba_Aero;873440;2013;03;04;15,6;24;10,8;24;1019,6;8;961,9;8;11,1;24;2,5;24;4,6;999,9;23,0;10,0;0,0;999,9;0;0;0;0;0;0
Cordoba_Aero;873440;2013;03;05;18,4;24;10,9;24;1013,9;8;956,9;8;10,6;24;4,1;24;9,3;999,9;28,0;9,7;0,0;999,9;0;0;0;0;0;0
Cordoba_Aero;873440;2013;03;06;22,4;24;12,4;24;1006,9;8;951,0;8;10,1;24;3,8;24;6,2;999,9;32,0;12,4;0,0;999,9;0;0;0;0;0;0
Cordoba_Aero;873440;2013;03;07;20,9;24;14,6;24;1009,7;8;953,7;8;10,1;24;3,2;24;8,2;999,9;32,0;13,3;0,0;999,9;0;0;0;0;0;0
Cordoba_Aero;873440;2013;03;08;22,1;24;17,1;24;1010,9;8;954,9;8;9,0;24;2,3;24;6,2;999,9;30,0;17,0;0,0;999,9;0;0;0;0;0;0
Cordoba_Aero;873440;2013;03;09;25,9;23;20,3;23;1007,2;7;951,9;7;10,5;23;3,7;23;8,2;999,9;34,0;18,0;0,0;999,9;0;0;0;0;0;0
Cordoba_Aero;873440;2013;03;10;22,0;23;15,5;23;1009,6;7;953,9;7;10,6;23;3,5;23;15,4;19,5;34,3;17,5;22,1;999,9;0;1;0;0;1;0
Cordoba_Aero;873440;2013;03;11;19,6;24;14,5;24;1007,8;7;951,4;7;10,8;24;3,6;24;7,2;999,9;28,0;12,5;0,0;999,9;0;0;0;0;0;0
Cordoba_Aero;873440;2013;03;12;19,8;24;14,9;24;1009,8;8;953,6;8;10,3;24;3,5;24;7,7;18,5;29,0;15,0;7,1;999,9;0;1;0;0;1;0
Cordoba_Aero;873440;2013;03;13;15,2;24;14,0;24;1015,6;8;958,4;8;9,0;24;2,5;24;7,2;999,9;25,7;13,6;0,0;999,9;0;1;0;0;0;0
Cordoba_Aero;873440;2013;03;14;13,0;23;11,7;23;1021,3;8;963,1;8;5,1;20;2,2;23;4,6;999,9;16,5;10,9;25,9;999,9;0;1;0;0;0;0
Cordoba_Aero;873440;2013;03;15;13,3;24;10,9;24;1023,2;8;964,7;8;8,0;24;1,8;24;2,6;999,9;18,0;10,9;3,0;999,9;0;1;0;0;0;0
Cordoba_Aero;873440;2013;03;16;13,7;24;12,4;24;1024,8;8;966,5;8;5,1;23;1,8;24;4,1;999,9;18,0;11,7;5,1;999,9;0;1;0;0;0;0
Cordoba_Aero;873440;2013;03;17;14,8;24;12,2;24;1024,6;8;966,4;8;7,9;24;1,8;23;4,1;999,9;18,0;12,5;1,0;999,9;0;1;0;0;0;0
Cordoba_Aero;873440;2013;03;18;14,9;24;9,9;24;1022,4;8;964,3;8;10,9;24;1,9;24;5,1;999,9;21,0;7,7;0,0;999,9;0;0;0;0;0;0
Cordoba_Aero;873440;2013;03;19;16,7;24;11,6;24;1018,0;8;960,5;8;10,9;24;1,5;24;3,6;999,9;21,5;12,8;0,0;999,9;0;1;0;0;0;0
Cordoba_Aero;873440;2013;03;20;16,7;24;11,4;24;1012,8;8;955,5;8;10,3;24;2,1;24;3,6;999,9;25,0;9,4;0,0;999,9;0;0;0;0;0;0
Cordoba_Aero;873440;2013;03;21;18,2;24;12,7;24;1012,9;8;956,0;8;11,1;24;2,1;24;3,6;999,9;26,1;9,9;0,0;999,9;0;0;0;0;0;0
Cordoba_Aero;873440;2013;03;22;18,9;24;13,1;24;1015,6;8;958,7;8;10,6;24;3,7;24;7,7;999,9;27,0;10,9;0,0;999,9;0;0;0;0;0;0
Cordoba_Aero;873440;2013;03;23;18,4;22;14,1;22;1016,2;8;959,4;8;11,1;22;2,7;22;4,6;999,9;27,9;14,1;5,1;999,9;0;1;0;0;1;0
Cordoba_Aero;873440;2013;03;24;18,9;24;12,7;24;1012,6;8;955,8;8;11,3;24;4,2;24;8,7;999,9;26,4;12,0;3,0;999,9;0;0;0;0;0;0
Cordoba_Aero;873440;2013;03;25;18,3;24;12,3;24;1013,1;7;956,3;7;10,9;24;2,3;24;4,6;999,9;27,1;12,9;0,0;999,9;0;1;0;0;1;0
Cordoba_Aero;873440;2013;03;26;17,2;23;8,6;23;1020,5;8;963,0;8;11,3;23;2,5;23;3,6;999,9;26,0;9,0;0,0;999,9;0;0;0;0;0;0
Cordoba_Aero;873440;2013;03;27;18,2;24;9,1;24;1019,2;8;962,0;8;10,6;24;3,8;24;7,2;999,9;26,6;9,8;0,0;999,9;0;0;0;0;0;0
Cordoba_Aero;873440;2013;03;28;18,3;24;9,7;24;1018,4;8;961,3;8;10,5;24;3,9;24;8,2;999,9;28,0;8,6;0,0;999,9;0;0;0;0;0;0
Cordoba_Aero;873440;2013;03;29;19,1;24;11,0;24;1015,8;8;958,9;8;10,8;24;5,3;24;8,7;999,9;28,0;10,5;0,0;999,9;0;0;0;0;0;0
Cordoba_Aero;873440;2013;03;30;21,1;24;12,7;24;1011,8;8;955,4;8;10,5;24;4,5;24;7,2;999,9;31,0;12,8;0,0;999,9;0;0;0;0;0;0
Cordoba_Aero;873440;2013;03;31;19,9;24;14,2;24;1011,6;8;955,4;8;11,6;23;3,4;24;6,2;999,9;30,7;16,0;999,9;999,9;0;1;0;0;0;0
Cordoba_Aero;873440;2013;04;01;17,4;24;14,8;24;1015,2;8;958,3;8;9,3;24;4,0;23;8,2;12,9;26,7;14,0;71,9;999,9;0;1;0;0;1;0
Cordoba_Aero;873440;2013;04;02;16,0;24;14,2;24;1016,8;8;959,5;8;8,0;24;2,0;24;5,1;999,9;21,6;13,0;9,9;999,9;0;1;0;0;0;0
Cordoba_Aero;873440;2013;04;03;15,3;24;10,4;24;1018,7;8;960,9;8;11,4;24;2,4;24;4,1;999,9;22,0;9,7;8,9;999,9;0;0;0;0;0;0
Cordoba_Aero;873440;2013;04;04;16,8;24;10,0;24;1012,0;8;954,9;8;10,9;24;1,8;24;3,6;999,9;26,0;6,8;0,0;999,9;0;0;0;0;0;0
Cordoba_Aero;873440;2013;04;05;19,6;24;7,6;24;1008,3;8;951,8;8;10,6;24;4,0;24;8,2;999,9;29,0;12,0;0,0;999,9;0;0;0;0;0;0
Cordoba_Aero;873440;2013;04;06;16,6;24;7,9;24;1011,2;8;954,5;8;10,6;24;5,0;24;11,8;14,9;29,0;10,9;0,0;999,9;0;0;0;0;0;0
Cordoba_Aero;873440;2013;04;07;13,7;23;6,4;23;1018,2;8;960,2;8;10,5;23;3,4;23;7,2;999,9;23,0;6,7;0,0;999,9;0;0;0;0;0;0
Cordoba_Aero;873440;2013;04;08;15,9;21;7,8;21;1018,5;8;960,8;8;11,4;21;2,8;21;4,1;999,9;25,0;8,0;0,0;999,9;0;0;0;0;0;0
Cordoba_Aero;873440;2013;04;09;16,3;24;7,2;24;1016,2;8;958,8;8;11,1;24;5,3;24;9,8;999,9;25,6;8,3;0,0;999,9;0;0;0;0;0;0
Cordoba_Aero;873440;2013;04;10;17,4;24;12,6;24;1010,8;8;954,0;8;9,3;24;2,8;24;5,1;999,9;25,2;12,9;0,0;999,9;0;0;0;0;0;0
Cordoba_Aero;873440;2013;04;11;16,9;24;15,4;24;1007,7;7;951,1;7;6,0;24;2,3;24;5,7;999,9;24,4;15,0;0,0;999,9;0;1;0;0;1;0
Cordoba_Aero;873440;2013;04;12;15,3;23;6,7;23;1017,0;8;959,4;8;9,5;23;3,9;23;8,2;14,9;19,0;10,0;5,1;999,9;0;1;0;0;1;0
Cordoba_Aero;873440;2013;04;13;11,5;24;4,8;24;1021,1;8;962,4;8;10,3;24;3,2;24;5,7;999,9;22,0;3,3;0,0;999,9;0;0;0;0;0;0
Cordoba_Aero;873440;2013;04;14;16,6;24;8,6;24;1016,6;8;959,0;8;11,4;24;3,5;24;8,2;999,9;26,0;7,8;0,0;999,9;0;0;0;0;0;0
Cordoba_Aero;873440;2013;04;15;19,1;24;9,9;24;1016,9;8;959,9;8;10,6;24;2,5;24;4,6;999,9;28,0;10,1;0,0;999,9;0;0;0;0;0;0
Cordoba_Aero;873440;2013;04;16;18,5;23;9,9;23;1016,8;8;959,8;8;10,1;23;3,1;23;6,2;999,9;30,0;10,0;0,0;999,9;0;0;0;0;0;0
Cordoba_Aero;873440;2013;04;17;21,6;24;10,2;24;1015,8;8;959,3;8;10,5;24;5,2;24;9,3;999,9;30,5;13,6;0,0;999,9;0;0;0;0;0;0
Cordoba_Aero;873440;2013;04;18;21,0;24;10,4;24;1014,5;8;958,1;8;11,3;24;5,0;24;9,3;999,9;30,6;12,4;0,0;999,9;0;0;0;0;0;0
Cordoba_Aero;873440;2013;04;19;19,8;24;5,9;24;1015,4;8;958,7;8;10,1;24;4,5;24;8,7;999,9;30,6;13,1;0,0;999,9;0;0;0;0;0;0
Cordoba_Aero;873440;2013;04;20;18,3;24;7,4;24;1016,3;8;959,2;8;10,3;24;5,4;24;9,8;12,9;29,6;7,2;0,0;999,9;0;0;0;0;0;0
Cordoba_Aero;873440;2013;04;21;21,1;24;11,4;24;1016,2;8;959,4;8;10,6;24;5,3;24;8,2;999,9;30,1;14,3;0,0;999,9;0;0;0;0;0;0
Cordoba_Aero;873440;2013;04;22;20,7;24;13,2;24;1016,4;8;959,9;8;10,3;24;5,1;24;8,7;999,9;29,6;13,9;0,0;999,9;0;0;0;0;0;0
Cordoba_Aero;873440;2013;04;23;20,4;24;13,0;24;1017,4;8;960,8;8;10,3;24;3,9;24;8,2;999,9;29,6;12,0;0,0;999,9;0;0;0;0;0;0
Cordoba_Aero;873440;2013;04;24;21,2;24;13,4;24;1015,7;8;959,3;8;10,5;24;4,3;24;9,3;13,4;29,7;12,0;0,0;999,9;0;0;0;0;0;0
Cordoba_Aero;873440;2013;04;25;19,6;24;12,2;24;1013,4;8;956,8;8;9,5;23;3,3;24;7,7;999,9;30,0;10,0;0,0;999,9;0;0;0;0;0;0
Cordoba_Aero;873440;2013;04;26;21,8;24;11,2;24;1010,9;8;954,8;8;10,8;24;4,8;24;8,7;999,9;30,5;13,3;0,0;999,9;0;0;0;0;0;0
Cordoba_Aero;873440;2013;04;27;18,7;24;13,7;24;1010,4;8;954,1;8;10,0;24;2,8;24;7,7;999,9;28,0;13,5;3,0;999,9;0;1;0;0;0;0
Cordoba_Aero;873440;2013;04;28;17,7;24;11,2;24;1013,5;8;956,4;8;10,9;24;2,4;24;5,1;999,9;25,3;12,0;0,0;999,9;0;1;0;0;0;0
Cordoba_Aero;873440;2013;04;29;15,8;24;10,2;24;1014,9;8;957,6;8;9,8;24;2,1;24;3,1;999,9;25,3;7,8;0,0;999,9;0;0;0;0;0;0
Cordoba_Aero;873440;2013;04;30;17,8;24;12,6;24;1014,8;8;957,7;8;10,6;24;2,5;24;5,1;999,9;24,4;12,7;0,0;999,9;0;0;0;0;0;0
Cordoba_Aero;873440;2013;05;01;19,6;24;15,8;24;1010,6;8;954,1;8;10,3;24;2,4;24;5,1;999,9;25,0;15,2;0,0;999,9;0;0;0;0;0;0
Cordoba_Aero;873440;2013;05;02;19,4;24;18,5;24;1009,9;7;953,5;7;4,2;24;3,5;24;22,1;999,9;25,6;17,3;0,5;999,9;1;1;0;0;0;0
Cordoba_Aero;873440;2013;05;03;18,6;24;16,2;24;1010,5;8;954,0;8;8,5;24;2,6;24;5,1;999,9;22,0;15,0;13,0;999,9;0;1;0;0;1;0
Cordoba_Aero;873440;2013;05;04;16,1;23;12,8;23;1016,2;8;958,8;8;8,2;22;1,9;23;5,7;999,9;22,3;11,6;0,0;999,9;0;0;0;0;0;0
Cordoba_Aero;873440;2013;05;05;16,3;23;12,3;23;1020,7;8;963,0;8;10,0;23;2,4;23;4,6;999,9;24,0;9,3;0,0;999,9;1;0;0;0;0;0
Cordoba_Aero;873440;2013;05;06;17,5;24;9,8;24;1016,7;8;959,4;8;10,6;24;4,0;24;10,8;12,9;26,0;10,0;0,0;999,9;0;0;0;0;0;0
Cordoba_Aero;873440;2013;05;07;11,6;24;1,2;24;1024,3;8;965,8;8;10,0;24;3,8;24;8,2;999,9;26,5;1,5;0,0;999,9;0;0;0;0;0;0
Cordoba_Aero;873440;2013;05;08;17,3;24;5,6;24;1012,4;8;955,0;8;10,1;24;2,5;24;5,1;999,9;30,0;6,1;0,0;999,9;0;0;0;0;0;0
Cordoba_Aero;873440;2013;05;09;17,9;16;8,7;15;1010,7;7;953,9;7;10,9;16;3,0;16;5,1;999,9;29,7;7,4;0,0;999,9;0;0;0;0;0;0
Cordoba_Aero;873440;2013;05;10;18,4;24;9,9;24;1008,3;8;951,6;8;9,8;24;3,2;24;8,7;999,9;31,0;7,7;0,0;999,9;0;0;0;0;0;0
Cordoba_Aero;873440;2013;05;11;18,6;23;7,3;23;1014,7;7;958,1;7;10,8;23;4,4;23;8,2;10,3;30,6;10,0;0,0;999,9;0;0;0;0;0;0
Cordoba_Aero;873440;2013;05;12;14,5;20;2,8;20;1016,2;8;958,4;8;10,8;20;2,6;20;4,1;999,9;24,0;5,5;0,0;999,9;0;0;0;0;0;0
Cordoba_Aero;873440;2013;05;13;14,3;24;8,6;24;1014,7;8;957,0;8;10,3;24;3,0;24;5,7;999,9;24,0;7,9;999,9;999,9;0;1;0;0;0;0
Cordoba_Aero;873440;2013;05;14;15,8;23;14,2;23;1012,5;8;955,3;8;5,8;23;2,5;22;5,7;999,9;23,5;11,0;0,0;999,9;1;1;0;0;1;0
Cordoba_Aero;873440;2013;05;15;8,2;23;2,9;23;1021,4;8;962,6;8;9,5;23;4,1;23;8,2;999,9;23,5;4,0;51,1;999,9;0;1;0;0;1;0
Cordoba_Aero;873440;2013;05;16;5,5;24;-1,9;24;1027,5;8;967,3;8;11,1;24;2,5;24;5,7;999,9;15,0;-2,0;0,0;999,9;0;0;0;0;0;0
Cordoba_Aero;873440;2013;05;17;8,7;24;-1,1;24;1023,7;8;964,1;8;10,6;24;4,5;24;8,7;999,9;17,0;1,5;0,0;999,9;0;0;0;0;0;0
Cordoba_Aero;873440;2013;05;18;10,0;24;4,4;24;1021,2;7;962,5;7;9,5;24;3,2;24;9,3;999,9;17,3;6,0;3,0;999,9;0;1;0;0;0;0
Cordoba_Aero;873440;2013;05;19;9,1;24;5,5;24;1023,1;7;963,8;7;7,7;21;1,5;24;3,6;999,9;17,0;1,6;0,0;999,9;1;0;0;0;0;0
Cordoba_Aero;873440;2013;05;20;9,1;24;4,6;24;1022,4;8;963,2;8;9,2;24;3,1;24;6,2;999,9;19,3;1,9;0,0;999,9;0;0;0;0;0;0
Cordoba_Aero;873440;2013;05;21;8,3;23;5,3;23;1018,0;8;959,1;8;6,4;22;2,6;23;5,1;999,9;19,8;-0,1;0,0;999,9;1;0;0;0;0;0
Cordoba_Aero;873440;2013;05;22;8,7;24;5,7;24;1021,6;8;962,4;8;7,1;24;1,6;24;2,6;999,9;16,4;1,0;0,0;999,9;1;0;0;0;0;0
Cordoba_Aero;873440;2013;05;23;8,9;24;3,6;24;1020,6;8;961,4;8;9,8;24;3,2;24;6,2;999,9;20,0;0,9;0,0;999,9;0;0;0;0;0;0
Cordoba_Aero;873440;2013;05;24;10,4;24;2,7;24;1021,4;8;962,5;8;10,0;24;2,4;24;4,1;999,9;23,0;0,8;0,0;999,9;0;0;0;0;0;0
Cordoba_Aero;873440;2013;05;25;12,3;24;2,6;24;1018,2;8;959,8;8;10,9;24;4,5;24;8,7;999,9;23,4;2,4;0,0;999,9;0;0;0;0;0;0
Cordoba_Aero;873440;2013;05;26;12,6;24;4,8;24;1012,4;8;954,6;8;10,6;24;2,6;24;5,1;999,9;23,6;3,0;0,0;999,9;0;0;0;0;0;0
Cordoba_Aero;873440;2013;05;27;13,8;24;6,6;24;1007,9;8;950,4;8;10,5;24;4,6;24;10,3;13,4;25,4;3,8;0,0;999,9;0;0;0;0;0;0
Cordoba_Aero;873440;2013;05;28;17,1;24;9,7;24;999,5;8;943,0;8;9,8;24;3,1;24;9,3;999,9;25,7;5,8;0,0;999,9;0;0;0;0;0;0
Cordoba_Aero;873440;2013;05;29;13,5;23;0,9;23;1011,2;6;953,0;7;10,9;23;4,0;23;10,3;999,9;24,4;7,0;0,0;999,9;0;1;0;0;0;0
Cordoba_Aero;873440;2013;05;30;12,8;24;-0,9;24;1016,0;7;957,7;7;10,1;24;3,1;24;5,7;999,9;26,0;1,8;0,0;999,9;0;0;0;0;0;0
Cordoba_Aero;873440;2013;05;31;18,8;24;2,4;24;1005,1;8;948,5;8;9,8;24;4,9;24;9,3;11,8;27,0;6,2;0,0;999,9;0;0;0;0;0;0
Cordoba_Aero;873440;2013;06;01;14,8;23;1,3;23;1011,7;6;954,2;6;10,5;23;3,5;23;6,7;999,9;27,0;4,8;0,0;999,9;0;0;0;0;0;0
Cordoba_Aero;873440;2013;06;02;11,2;24;-1,6;24;1019,8;8;961,6;8;10,1;24;2,7;24;4,6;999,9;26,1;2,0;0,0;999,9;0;0;0;0;0;0
Cordoba_Aero;873440;2013;06;03;11,0;24;-0,5;24;1021,4;8;962,5;8;10,1;24;2,7;24;5,1;999,9;24,4;1,9;0,0;999,9;0;0;0;0;0;0
Cordoba_Aero;873440;2013;06;04;16,4;24;4,4;24;1016,0;8;958,1;8;10,3;24;3,8;24;8,2;999,9;26,4;4,2;0,0;999,9;0;0;0;0;0;0
Cordoba_Aero;873440;2013;06;05;16,7;24;4,6;24;1011,5;8;955,0;7;9,2;24;4,0;24;11,3;14,9;27,0;8,8;0,0;999,9;0;0;0;0;0;0
Cordoba_Aero;873440;2013;06;06;10,5;24;-3,4;24;1021,7;8;963,3;8;10,0;24;3,7;24;7,2;999,9;26,5;1,4;0,0;999,9;0;0;0;0;0;0
Cordoba_Aero;873440;2013;06;07;10,8;24;-1,9;24;1017,0;8;958,2;8;10,1;24;3,5;24;8,2;999,9;24,0;0,1;0,0;999,9;0;0;0;0;0;0
Cordoba_Aero;873440;2013;06;08;10,7;23;1,2;23;1024,2;8;965,4;8;10,0;23;2,9;23;4,6;999,9;24,8;4,0;0,0;999,9;0;0;0;0;0;0
Cordoba_Aero;873440;2013;06;09;12,9;24;7,2;24;1017,9;8;959,7;8;9,7;24;1,2;24;2,6;999,9;19,0;6,8;0,0;999,9;0;1;0;0;0;0
Cordoba_Aero;873440;2013;06;10;13,6;23;8,6;23;1018,6;8;960,3;8;10,0;23;2,9;23;5,1;999,9;24,8;4,5;0,0;999,9;0;0;0;0;0;0
Cordoba_Aero;873440;2013;06;11;15,4;24;11,0;24;1017,6;8;959,9;8;9,7;24;3,0;24;7,7;999,9;26,3;6,2;0,0;999,9;0;0;0;0;0;0
Cordoba_Aero;873440;2013;06;12;17,8;24;12,4;24;1016,1;8;959,0;8;10,0;24;2,5;24;5,1;999,9;27,0;11,1;0,0;999,9;0;0;0;0;0;0
Cordoba_Aero;873440;2013;06;13;18,2;24;12,2;24;1014,8;8;957,7;8;10,5;24;2,5;24;3,6;999,9;28,1;10,7;0,0;999,9;0;0;0;0;0;0
Cordoba_Aero;873440;2013;06;14;15,7;24;10,2;24;1019,9;9;962,6;9;10,5;24;4,1;24;7,2;8,7;28,5;10,4;999,9;999,9;0;1;0;0;0;0
Cordoba_Aero;873440;2013;06;15;13,5;23;9,7;23;1017,5;8;959,3;8;9,2;23;4,1;23;10,8;13,4;22,0;7,4;999,9;999,9;0;1;0;0;0;0
Cordoba_Aero;873440;2013;06;16;9,4;24;5,7;24;1015,5;8;957,2;8;7,2;24;4,5;24;18,0;22,1;22,4;3,6;0,0;999,9;1;1;0;0;0;0
Cordoba_Aero;873440;2013;06;17;7,0;24;0,2;24;1020,4;8;961,1;8;10,5;24;2,4;24;5,1;999,9;14,0;-1,1;0,0;999,9;0;0;0;0;0;0
Cordoba_Aero;873440;2013;06;18;8,2;24;1,9;24;1015,8;6;956,6;6;8,7;24;4,4;24;9,3;12,3;16,0;0,1;0,0;999,9;1;0;0;0;0;0
Cordoba_Aero;873440;2013;06;19;4,8;24;-7,3;24;1027,2;8;967,1;8;10,3;24;2,2;24;3,6;999,9;16,5;-4,0;0,0;999,9;0;0;0;0;0;0
Cordoba_Aero;873440;2013;06;20;4,8;24;-3,6;24;1025,7;8;965,4;8;10,5;24;1,8;24;3,6;999,9;11,5;0,7;4,1;999,9;0;1;0;0;0;0
Cordoba_Aero;873440;2013;06;21;5,1;21;-2,7;21;1016,0;7;956,4;7;10,1;21;2,0;21;4,1;999,9;18,7;-3,3;0,0;999,9;0;0;0;0;0;0
Cordoba_Aero;873440;2013;06;22;8,7;24;-1,9;24;1014,1;8;955,2;8;10,9;24;4,0;24;9,3;999,9;19,7;-1,0;0,0;999,9;0;0;0;0;0;0
Cordoba_Aero;873440;2013;06;23;6,5;24;0,4;24;1022,3;8;962,8;8;10,3;24;2,1;24;3,1;999,9;17,5;-1,8;0,0;999,9;0;0;0;0;0;0
Cordoba_Aero;873440;2013;06;24;6,4;24;1,9;24;1022,8;8;963,0;8;10,0;24;2,0;24;3,1;999,9;16,0;-1,0;0,0;999,9;0;0;0;0;0;0
Cordoba_Aero;873440;2013;06;25;7,7;24;0,8;24;1019,5;8;960,1;8;10,5;24;2,7;24;5,7;999,9;19,0;-1,9;0,0;999,9;0;0;0;0;0;0
Cordoba_Aero;873440;2013;06;26;9,6;24;-0,6;24;1016,9;8;958,0;8;10,3;24;2,9;24;6,2;999,9;22,0;-0,7;0,0;999,9;0;0;0;0;0;0
Cordoba_Aero;873440;2013;06;27;12,6;24;0,2;24;1011,8;8;953,4;8;10,3;24;4,3;24;8,2;15,4;26,0;2,6;0,0;999,9;0;0;0;0;0;0
Cordoba_Aero;873440;2013;06;28;11,2;24;3,4;24;1008,2;8;950,3;8;9,3;24;2,2;24;4,1;999,9;25,9;2,7;0,0;999,9;0;0;0;0;0;0
Cordoba_Aero;873440;2013;06;29;10,9;23;-0,2;23;1016,3;7;958,1;7;10,5;23;3,2;23;7,2;999,9;22,4;3,8;0,0;999,9;0;0;0;0;0;0
Cordoba_Aero;873440;2013;06;30;10,6;24;3,6;24;1018,5;8;959,9;8;10,5;24;2,8;24;5,7;999,9;20,2;3,0;0,0;999,9;0;0;0;0;0;0
Cordoba_Aero;873440;2013;07;01;10,4;24;4,8;24;1022,2;8;963,3;8;10,0;24;3,5;24;8,2;999,9;21,0;0,9;0,0;999,9;0;0;0;0;0;0
Cordoba_Aero;873440;2013;07;02;16,3;24;-5,4;23;1012,1;8;954,6;8;9,3;24;7,6;24;12,9;21,1;25,0;2,6;86,1;999,9;0;0;0;0;0;0
Cordoba_Aero;873440;2013;07;03;16,1;24;1,0;24;1005,8;8;949,2;8;10,0;24;4,7;24;8,7;11,8;25,7;4,5;0,0;999,9;0;0;0;0;0;0
Cordoba_Aero;873440;2013;07;04;14,7;24;5,3;24;1012,7;8;955,3;8;9,5;24;2,8;24;4,1;999,9;25,6;6,0;0,0;999,9;0;0;0;0;0;0
Cordoba_Aero;873440;2013;07;05;12,3;24;8,5;24;1013,7;8;955,8;8;9,7;24;1,5;24;3,6;999,9;20,4;9,0;0,0;999,9;0;1;0;0;0;0
Cordoba_Aero;873440;2013;07;06;11,4;23;7,9;23;1017,2;7;958,8;7;9,8;23;3,6;23;7,2;999,9;18,4;8,0;0,0;999,9;0;1;0;0;0;0
Cordoba_Aero;873440;2013;07;07;8,0;24;3,2;24;1026,6;8;967,1;8;11,4;24;3,6;24;6,2;999,9;14,4;6,8;0,0;999,9;0;0;0;0;0;0
Cordoba_Aero;873440;2013;07;08;8,0;24;2,0;24;1029,6;8;969,6;8;10,8;24;3,3;24;7,7;999,9;12,3;3,5;0,0;999,9;0;0;0;0;0;0
Cordoba_Aero;873440;2013;07;09;11,3;24;4,7;24;1018,0;8;959,3;8;11,1;24;4,8;24;7,2;999,9;19,2;6,1;0,0;999,9;0;0;0;0;0;0
Cordoba_Aero;873440;2013;07;10;10,7;23;7,9;23;1014,2;6;955,8;6;6,6;23;2,8;23;8,2;12,3;19,1;4,0;0,0;999,9;1;0;0;0;0;0
Cordoba_Aero;873440;2013;07;11;13,3;24;10,8;24;1014,6;8;956,6;8;8,5;24;2,4;24;4,1;999,9;19,7;4,9;0,0;999,9;0;1;0;0;0;0
Cordoba_Aero;873440;2013;07;12;11,3;24;3,0;24;1022,4;10;963,8;10;10,3;24;3,3;24;4,6;999,9;19,0;5,3;0,0;999,9;0;0;0;0;0;0
Cordoba_Aero;873440;2013;07;13;8,1;24;0,1;24;1017,7;8;958,5;8;10,6;24;2,7;24;5,7;999,9;23,0;-3,0;0,0;999,9;0;0;0;0;0;0
Cordoba_Aero;873440;2013;07;14;10,8;24;-2,0;24;1020,4;8;961,7;8;10,9;24;4,2;24;8,7;12,9;23,7;0,8;0,0;999,9;0;0;0;0;0;0
Cordoba_Aero;873440;2013;07;15;8,5;24;-2,9;24;1022,8;8;963,4;8;10,3;24;2,3;24;4,1;999,9;22,0;-1,3;0,0;999,9;0;0;0;0;0;0
Cordoba_Aero;873440;2013;07;16;15,1;24;0,2;24;1015,7;8;957,7;8;9,8;24;3,2;24;5,1;999,9;28,0;1,6;0,0;999,9;0;0;0;0;0;0
Cordoba_Aero;873440;2013;07;17;17,1;23;4,6;23;1010,5;7;953,6;7;10,0;23;3,1;23;6,2;999,9;29,0;7,0;0,0;999,9;0;0;0;0;0;0
Cordoba_Aero;873440;2013;07;18;10,1;24;1,4;24;1016,1;8;958,2;8;9,0;24;6,7;24;11,3;16,5;15,0;6,0;0,0;999,9;0;0;0;0;0;0
Cordoba_Aero;873440;2013;07;19;5,0;24;-2,8;24;1025,3;8;965,2;8;10,9;24;2,9;24;6,7;999,9;10,0;3,0;0,0;999,9;0;0;0;0;0;0
Cordoba_Aero;873440;2013;07;20;6,2;24;-6,3;23;1013,0;8;953,5;8;10,0;24;4,7;24;9,3;12,9;13,0;-1,8;0,0;999,9;0;0;0;0;0;0
Cordoba_Aero;873440;2013;07;21;5,4;24;-9,4;24;1022,5;8;962,8;8;11,1;24;4,7;24;10,3;999,9;13,7;-0,6;0,0;999,9;0;0;0;0;0;0
Cordoba_Aero;873440;2013;07;22;1,2;24;-9,1;24;1029,4;8;968,3;8;10,6;24;2,6;24;5,7;999,9;10,5;-7,6;0,0;999,9;0;0;0;0;0;0
Cordoba_Aero;873440;2013;07;23;0,4;24;-10,4;24;1028,5;7;967,2;7;9,3;24;2,7;24;5,1;999,9;10,0;-5,2;0,0;999,9;0;0;0;0;0;0
Cordoba_Aero;873440;2013;07;24;5,2;22;-7,2;21;1028,9;8;968,1;8;10,8;22;2,7;22;4,1;999,9;16,0;-7,1;0,0;999,9;0;0;0;0;0;0
Cordoba_Aero;873440;2013;07;25;7,0;23;-10,3;23;1022,2;8;962,2;8;10,6;23;4,6;23;10,3;13,4;21,4;-6,8;0,0;999,9;0;0;0;0;0;0
Cordoba_Aero;873440;2013;07;26;10,2;24;-7,1;23;1018,2;8;959,5;8;10,3;23;5,5;24;10,3;15,4;21,7;-2,4;0,0;999,9;0;0;0;0;0;0
Cordoba_Aero;873440;2013;07;27;10,7;22;-4,1;22;1020,1;8;961,5;8;9,8;22;3,0;22;5,1;999,9;21,0;1,0;0,0;999,9;0;0;0;0;0;0
Cordoba_Aero;873440;2013;07;28;10,1;24;-2,1;24;1021,1;8;962,2;8;9,5;24;2,9;24;7,7;999,9;23,5;0,0;0,0;999,9;0;0;0;0;0;0
Cordoba_Aero;873440;2013;07;29;13,6;24;4,1;24;1019,6;7;961,3;7;9,2;24;3,6;24;6,2;999,9;23,7;3,4;0,0;999,9;0;0;0;0;0;0
Cordoba_Aero;873440;2013;07;30;15,9;24;8,5;24;1014,0;8;956,4;7;9,8;24;3,4;24;10,3;999,9;26,8;6,6;0,0;999,9;0;0;0;0;0;0
Cordoba_Aero;873440;2013;07;31;14,8;24;9,4;24;1012,0;8;954,8;8;10,0;24;4,6;24;9,3;999,9;26,9;9,4;0,0;999,9;0;0;0;0;0;0
Cordoba_Aero;873440;2013;08;01;11,4;23;3,4;23;1017,0;7;958,8;7;10,6;13;4,7;23;6,2;999,9;14,0;8,6;0,0;999,9;0;0;0;0;0;0
Cordoba_Aero;873440;2013;08;02;8,3;23;0,2;23;1021,6;8;962,3;8;10,5;9;2,8;23;4,1;999,9;17,0;-5,1;0,0;999,9;0;0;0;0;0;0
Cordoba_Aero;873440;2013;08;03;10,7;24;1,6;24;1015,8;8;957,2;8;11,7;10;5,7;24;8,8;999,9;19,0;3,0;0,0;999,9;0;0;0;0;0;0
Cordoba_Aero;873440;2013;08;04;10,3;24;-0,3;24;1019,1;8;960,2;8;10,9;9;4,2;24;9,8;999,9;21,0;1,3;0,0;999,9;0;0;0;0;0;0
Cordoba_Aero;873440;2013;08;05;16,9;24;-0,5;24;1013,5;7;956,1;7;10,8;7;4,8;24;8,2;11,8;26,0;4,6;0,0;999,9;0;0;0;0;0;0
Cordoba_Aero;873440;2013;08;06;12,7;23;-0,5;23;1017,7;8;959,7;8;10,3;8;5,5;23;11,3;16,5;26,4;4,3;0,0;999,9;0;0;0;0;0;0
Cordoba_Aero;873440;2013;08;07;19,1;20;4,7;20;1001,7;8;945,5;8;8,2;12;6,0;20;12,4;18,5;26,4;9,8;0,0;999,9;0;0;0;0;0;0
Cordoba_Aero;873440;2013;08;08;11,2;24;-5,0;24;1016,0;8;958,3;8;9,3;23;5,8;24;11,8;13,4;26,9;9,0;0,0;999,9;0;0;0;0;0;0
Cordoba_Aero;873440;2013;08;09;9,2;24;-10,6;24;1028,3;8;968,9;8;10,8;19;3,3;24;6,2;999,9;14,0;2,0;0,0;999,9;0;0;0;0;0;0
Cordoba_Aero;873440;2013;08;10;6,9;24;-9,7;24;1025,7;8;965,7;8;10,9;8;3,6;24;5,7;999,9;19,0;-3,7;0,0;999,9;0;0;0;0;0;0
Cordoba_Aero;873440;2013;08;11;10,3;24;-9,4;24;1012,7;8;953,9;8;10,3;9;3,3;24;10,8;13,4;23,0;-2,3;0,0;999,9;0;0;0;0;0;0
Cordoba_Aero;873440;2013;08;12;11,1;24;-1,8;24;1016,0;8;957,8;8;10,9;14;5,6;24;9,3;13,4;24,0;5,9;999,9;999,9;0;1;0;0;0;0
Cordoba_Aero;873440;2013;08;13;5,9;24;-0,3;24;1029,1;8;969,3;8;9,3;22;3,3;24;7,7;13,4;11,0;1,0;3,0;999,9;0;1;0;0;0;0
Cordoba_Aero;873440;2013;08;14;4,2;24;-5,8;24;1033,1;8;972,1;8;10,9;8;3,9;24;8,2;999,9;17,0;-6,0;0,0;999,9;0;0;0;0;0;0
Cordoba_Aero;873440;2013;08;15;7,8;24;-7,7;24;1019,6;8;960,0;8;11,4;8;3,2;24;9,8;999,9;24,0;-5,0;0,0;999,9;0;0;0;0;0;0
Cordoba_Aero;873440;2013;08;16;12,8;21;-9,7;21;1023,1;7;964,4;7;10,3;9;5,7;21;10,8;16,5;19,0;5,0;0,0;999,9;0;0;0;0;0;0
Cordoba_Aero;873440;2013;08;17;8,1;24;-6,6;24;1026,9;8;967,3;8;10,5;8;3,9;24;8,8;999,9;20,0;-2,0;0,0;999,9;0;0;0;0;0;0
Cordoba_Aero;873440;2013;08;18;13,8;24;-4,7;23;1017,8;8;959,6;8;12,9;9;6,5;24;9,3;999,9;24,4;5,0;0,0;999,9;0;0;0;0;0;0
Cordoba_Aero;873440;2013;08;19;17,1;24;-1,2;24;1012,1;8;954,9;8;10,9;8;3,7;24;5,7;999,9;27,0;8,0;0,0;999,9;0;0;0;0;0;0
Cordoba_Aero;873440;2013;08;20;16,1;24;2,5;24;1013,0;8;955,9;8;8,7;13;3,1;24;6,2;999,9;26,0;7,0;0,0;999,9;0;0;0;0;0;0
Cordoba_Aero;873440;2013;08;21;17,3;24;8,8;24;1008,4;8;951,6;8;9,0;12;2,8;24;4,6;999,9;27,0;10,0;0,0;999,9;0;0;0;0;0;0
Cordoba_Aero;873440;2013;08;22;11,2;23;-9,4;23;1017,3;8;959,4;8;10,1;13;7,4;23;11,8;20,6;18,0;7,0;0,0;999,9;0;0;0;0;0;0
Cordoba_Aero;873440;2013;08;23;4,8;23;-10,4;23;1025,9;7;965,8;7;10,3;15;2,1;23;4,1;999,9;10,0;1,0;0,0;999,9;0;0;0;0;0;0
Cordoba_Aero;873440;2013;08;24;4,8;24;-8,4;23;1029,5;8;969,0;8;10,6;9;2,2;24;4,6;999,9;11,0;0,0;0,0;999,9;0;0;0;0;0;0
Cordoba_Aero;873440;2013;08;25;4,1;24;-7,1;24;1033,0;8;972,2;8;11,4;10;2,3;24;5,1;999,9;12,0;-5,0;0,0;999,9;0;0;0;0;0;0
Cordoba_Aero;873440;2013;08;26;4,7;24;-4,5;24;1033,8;8;973,0;8;10,8;8;3,1;24;4,6;999,9;14,0;-3,0;0,0;999,9;0;0;0;0;0;0
Cordoba_Aero;873440;2013;08;27;9,1;24;-4,7;24;1026,0;8;966,2;8;10,8;8;3,6;24;6,2;999,9;23,0;-2,0;0,0;999,9;0;0;0;0;0;0
Cordoba_Aero;873440;2013;08;28;18,2;24;-5,4;24;1019,9;8;962,2;8;11,1;8;4,2;24;9,3;999,9;31,2;6,0;0,0;999,9;0;0;0;0;0;0
Cordoba_Aero;873440;2013;08;29;19,6;24;-6,9;24;1013,8;8;957,0;8;10,8;8;5,4;24;10,3;15,4;32,2;8,0;0,0;999,9;0;0;0;0;0;0
Cordoba_Aero;873440;2013;08;30;19,6;24;-6,7;24;1008,7;8;952,5;8;11,1;8;4,3;24;8,2;999,9;33,0;6,0;0,0;999,9;0;0;0;0;0;0
Cordoba_Aero;873440;2013;08;31;19,9;24;-4,7;24;1008,0;8;951,9;8;10,0;9;4,1;24;8,2;999,9;32,0;11,0;0,0;999,9;0;0;0;0;0;0
Cordoba_Aero;873440;2013;09;01;17,8;24;0,0;24;1011,2;8;954,4;8;10,3;8;3,2;24;6,2;999,9;29,0;7,7;0,0;999,9;0;0;0;0;0;0
Cordoba_Aero;873440;2013;09;02;17,1;24;4,1;24;1011,8;8;954,9;8;7,9;16;4,0;24;8,2;11,3;25,2;8,0;0,0;999,9;0;0;0;0;0;0
Cordoba_Aero;873440;2013;09;03;13,3;24;1,4;24;1023,5;8;965,6;8;10,0;19;4,8;24;6,7;999,9;18,2;9,0;0,0;999,9;0;0;0;0;0;0
Cordoba_Aero;873440;2013;09;04;10,7;23;-3,7;23;1022,8;8;963,8;8;11,4;8;6,1;23;10,8;14,4;19,3;3,0;0,0;999,9;0;0;0;0;0;0
Cordoba_Aero;873440;2013;09;05;17,4;24;1,1;24;1013,6;8;956,2;8;10,1;11;4,7;24;9,3;999,9;28,2;11,0;0,0;999,9;0;0;0;0;0;0
Cordoba_Aero;873440;2013;09;06;20,0;24;8,3;24;1012,3;8;955,6;8;10,3;8;4,8;24;9,8;999,9;32,0;10,0;0,0;999,9;0;0;0;0;0;0
Cordoba_Aero;873440;2013;09;07;23,6;24;9,9;24;1006,4;8;950,9;8;8,7;15;3,5;24;7,7;999,9;34,0;15,0;0,0;999,9;0;0;0;0;0;0
Cordoba_Aero;873440;2013;09;08;20,6;24;8,7;24;1015,5;8;959,1;8;9,8;17;4,3;24;9,3;999,9;30,0;12,0;0,0;999,9;0;0;0;0;0;0
Cordoba_Aero;873440;2013;09;09;26,6;24;5,2;24;1009,5;8;953,9;8;6,6;15;7,1;24;12,9;18,5;38,0;16,0;0,0;999,9;0;0;0;0;0;0
Cordoba_Aero;873440;2013;09;10;31,2;24;4,9;23;1002,6;8;948,5;8;4,5;24;6,6;24;10,3;13,9;40,0;25,0;0,0;999,9;0;0;0;0;0;0
Cordoba_Aero;873440;2013;09;11;21,4;24;6,8;24;1004,8;8;949,7;8;6,1;22;2,8;24;5,7;999,9;30,0;14,0;0,0;999,9;0;0;0;0;0;0
Cordoba_Aero;873440;2013;09;12;16,1;24;6,1;24;1008,2;8;951,5;8;7,6;15;6,1;24;11,3;14,9;20,4;10,0;0,0;999,9;0;0;0;0;0;0
Cordoba_Aero;873440;2013;09;13;11,3;24;3,2;24;1021,0;8;962,6;8;10,3;24;7,5;24;11,3;999,9;15,0;7,9;0,0;999,9;0;1;0;0;0;0
Cordoba_Aero;873440;2013;09;14;8,5;24;4,7;24;1022,9;8;963,8;8;9,7;24;3,6;24;6,2;999,9;11,0;6,0;0,0;999,9;0;1;0;0;0;0
Cordoba_Aero;873440;2013;09;15;8,1;24;4,3;24;1021,6;8;962,4;8;7,4;24;4,5;24;8,2;999,9;11,0;6,0;1,0;999,9;0;1;0;0;0;0
Cordoba_Aero;873440;2013;09;16;5,9;24;0,7;24;1022,2;8;962,5;8;10,6;24;6,2;24;8,8;999,9;9,0;3,0;0,3;999,9;0;1;0;0;0;0
Cordoba_Aero;873440;2013;09;17;6,9;24;-5,7;24;1024,3;8;964,4;8;10,9;14;3,7;24;5,1;999,9;15,0;-1,0;0,0;999,9;0;0;0;0;0;0
Cordoba_Aero;873440;2013;09;18;10,9;24;-9,3;24;1021,3;8;962,3;8;10,8;12;3,3;24;6,7;999,9;20,0;4,0;0,0;999,9;0;0;0;0;0;0
Cordoba_Aero;873440;2013;09;19;13,1;24;-4,6;23;1018,0;8;959,8;8;13,2;8;6,7;24;11,8;17,0;22,0;4,0;0,0;999,9;0;0;0;0;0;0
Cordoba_Aero;873440;2013;09;20;14,1;23;-2,4;23;1010,0;8;952,3;8;9,7;16;3,0;23;5,1;999,9;25,0;2,0;0,0;999,9;0;0;0;0;0;0
Cordoba_Aero;873440;2013;09;21;11,1;23;-1,8;23;1014,2;8;956,4;8;10,5;17;6,9;23;10,8;16,5;13,0;9,0;0,0;999,9;0;0;0;0;0;0
Cordoba_Aero;873440;2013;09;22;10,1;23;-4,4;23;1024,0;8;964,8;8;10,8;20;4,3;23;7,2;15,4;17,0;3,0;0,0;999,9;0;0;0;0;0;0
Cordoba_Aero;873440;2013;09;23;8,1;24;-4,3;24;1030,5;8;970,8;8;11,3;19;3,2;24;6,2;999,9;16,0;-1,0;0,0;999,9;0;0;0;0;0;0
Cordoba_Aero;873440;2013;09;24;7,3;24;-5,5;24;1030,9;8;970,9;8;10,9;13;3,6;24;7,2;999,9;17,0;-3,7;0,0;999,9;0;0;0;0;0;0
Cordoba_Aero;873440;2013;09;25;10,2;24;-3,5;24;1024,0;8;964,8;8;10,0;8;6,3;24;9,8;13,4;18,0;1,4;0,0;999,9;0;0;0;0;0;0
Cordoba_Aero;873440;2013;09;26;14,1;24;0,7;24;1016,1;8;958,0;8;11,6;10;6,8;24;11,8;15,4;24,0;5,0;0,0;999,9;0;0;0;0;0;0
Cordoba_Aero;873440;2013;09;27;14,3;23;2,6;23;1014,6;8;956,9;8;10,0;14;3,9;23;8,2;12,4;25,0;2,9;0,0;999,9;0;0;0;0;0;0
Cordoba_Aero;873440;2013;09;28;11,4;24;3,5;24;1018,4;7;960,3;7;10,5;24;4,2;24;7,7;999,9;25,4;5,9;2,0;999,9;0;1;0;0;1;0
Cordoba_Aero;873440;2013;09;29;10,3;24;-2,1;24;1022,5;8;963,5;8;10,5;14;3,3;24;6,2;9,3;18,0;1,0;0,0;999,9;0;0;0;0;0;0
Cordoba_Aero;873440;2013;09;30;10,7;24;-1,9;24;1020,6;8;961,7;8;10,8;11;3,6;24;7,2;999,9;21,0;-0,5;0,0;999,9;0;0;0;0;0;0
Cordoba_Aero;873440;2013;10;01;12,2;24;2,3;24;1018,2;8;959,8;8;11,3;11;3,1;24;6,2;999,9;22,0;3,3;0,0;999,9;0;0;0;0;0;0
Cordoba_Aero;873440;2013;10;02;14,1;24;2,4;24;1016,1;8;958,2;8;10,9;15;4,5;24;8,2;999,9;23,0;5,1;0,0;999,9;0;0;0;0;0;0
Cordoba_Aero;873440;2013;10;03;14,8;24;4,0;24;1017,0;8;959,4;8;10,5;23;4,1;24;9,3;14,4;23,5;7,2;0,8;999,9;0;1;0;0;0;0
Cordoba_Aero;873440;2013;10;04;13,0;24;0,8;24;1023,7;8;965,2;8;12,7;9;3,5;24;7,2;999,9;22,4;2,5;0,0;999,9;0;0;0;0;0;0
Cordoba_Aero;873440;2013;10;05;15,3;24;2,8;24;1019,8;8;961,9;8;12,1;8;5,1;24;8,2;999,9;24,3;6,3;0,0;999,9;0;0;0;0;0;0
Cordoba_Aero;873440;2013;10;06;16,8;24;2,7;24;1020,5;8;962,8;8;11,3;11;5,8;24;17,0;999,9;26,3;4,6;0,0;999,9;0;0;0;0;0;0
Cordoba_Aero;873440;2013;10;07;16,5;24;3,7;24;1020,0;8;962,6;8;13,2;8;5,1;24;9,3;999,9;27,0;7,0;0,0;999,9;0;0;0;0;0;0
Cordoba_Aero;873440;2013;10;08;19,7;24;5,0;24;1014,1;8;957,4;8;9,8;9;5,4;24;10,3;16,0;31,0;7,0;0,0;999,9;0;0;0;0;0;0
Cordoba_Aero;873440;2013;10;09;20,8;24;4,9;24;1010,2;8;954,3;8;6,3;16;6,2;24;12,9;15,4;26,0;15,0;0,0;999,9;0;0;0;0;0;0
Cordoba_Aero;873440;2013;10;10;19,0;24;2,9;23;1015,8;8;958,9;8;10,3;17;3,0;24;6,2;999,9;27,0;12,0;0,0;999,9;0;0;0;0;0;0
Cordoba_Aero;873440;2013;10;11;16,7;24;14,0;24;1015,0;7;958,1;7;7,9;24;2,0;24;5,1;999,9;20,1;12,0;0,0;999,9;0;1;0;0;1;0
Cordoba_Aero;873440;2013;10;12;17,5;22;13,6;22;1015,6;6;958,4;6;8,7;22;3,3;22;7,2;999,9;24,0;12,0;0,0;999,9;1;1;0;0;0;0
Cordoba_Aero;873440;2013;10;13;19,7;24;13,4;24;1013,8;8;956,9;8;10,1;24;3,3;24;7,2;10,8;28,4;11,0;0,0;999,9;0;0;0;0;1;0
Cordoba_Aero;873440;2013;10;14;20,4;24;15,1;24;1015,3;7;958,8;7;9,2;22;3,6;24;7,7;999,9;28,2;12,0;0,0;999,9;0;1;0;0;1;0
Cordoba_Aero;873440;2013;10;15;21,7;24;12,0;24;1015,7;8;959,3;8;10,3;20;4,1;24;8,2;12,4;29,0;13,3;0,0;999,9;0;0;0;0;0;0
Cordoba_Aero;873440;2013;10;16;19,1;24;12,0;24;1015,0;8;958,5;8;9,5;22;3,6;24;12,9;17,5;30,9;12,9;999,9;999,9;0;1;0;0;1;0
Cordoba_Aero;873440;2013;10;17;18,6;24;10,8;24;1015,9;8;958,8;8;11,6;15;3,6;24;8,2;999,9;28,0;9,4;15,0;999,9;0;0;0;0;0;0
Cordoba_Aero;873440;2013;10;18;21,9;24;11,2;24;1012,5;8;956,2;8;10,8;17;3,3;24;6,2;999,9;32,0;12,6;0,0;999,9;0;0;0;0;0;0
Cordoba_Aero;873440;2013;10;19;25,4;24;9,7;24;1005,1;9;949,9;9;11,4;13;6,2;24;11,8;999,9;35,0;15,0;0,0;999,9;0;0;0;0;0;0
Cordoba_Aero;873440;2013;10;20;24,2;24;7,0;23;998,1;8;943,4;8;9,7;17;6,8;24;10,3;15,4;35,7;17,9;0,0;999,9;0;0;0;0;0;0
Cordoba_Aero;873440;2013;10;21;18,9;24;2,2;24;1013,8;7;957,3;7;11,3;15;4,5;24;8,2;999,9;29,3;8,9;0,0;999,9;0;0;0;0;0;0
Cordoba_Aero;873440;2013;10;22;19,4;24;2,2;24;1008,5;8;951,9;8;11,1;9;6,6;24;11,8;16,0;30,2;8,7;0,0;999,9;0;0;0;0;0;0
Cordoba_Aero;873440;2013;10;23;21,5;24;5,8;24;1006,1;8;950,4;8;9,8;15;6,3;24;11,3;14,9;31,4;11,9;0,0;999,9;0;0;0;0;0;0
Cordoba_Aero;873440;2013;10;24;16,7;24;2,0;24;1021,9;8;964,6;8;11,3;18;4,9;24;8,2;999,9;26,9;13,0;0,0;999,9;0;0;0;0;0;0
Cordoba_Aero;873440;2013;10;25;16,1;22;2,3;22;1019,7;8;962,0;8;10,6;22;3,4;22;6,2;999,9;22,0;9,9;0,0;999,9;0;0;0;0;0;0
Cordoba_Aero;873440;2013;10;26;20,3;24;7,7;24;1013,7;7;956,9;7;9,8;19;3,1;24;6,2;999,9;29,1;11,9;0,0;999,9;0;1;0;0;0;0
Cordoba_Aero;873440;2013;10;27;21,4;24;5,1;24;1017,1;7;960,4;7;11,9;12;5,0;24;10,3;17,5;30,0;11,5;0,0;999,9;0;0;0;0;0;0
Cordoba_Aero;873440;2013;10;28;21,8;24;6,2;24;1012,3;8;956,2;8;11,3;8;6,8;24;11,8;18,0;31,0;10,5;0,0;999,9;0;0;0;0;0;0
Cordoba_Aero;873440;2013;10;29;22,1;24;9,1;24;1008,3;7;952,4;7;10,8;16;4,5;24;10,3;17,0;33,0;11,5;0,0;999,9;0;0;0;0;0;0
Cordoba_Aero;873440;2013;10;30;23,4;21;12,7;21;1008,1;8;952,5;8;10,6;21;3,3;21;8,8;999,9;34,6;15,0;0,0;999,9;0;1;0;0;0;0
Cordoba_Aero;873440;2013;10;31;20,1;17;16,6;17;1004,3;7;948,7;7;4,8;17;2,5;17;5,1;999,9;33,5;17,0;0,0;999,9;0;1;0;0;0;0
Cordoba_Aero;873440;2013;11;01;17,3;23;15,4;23;1009,0;8;952,3;8;4,3;23;6,0;23;10,3;13,9;21,0;14,0;129,0;999,9;1;1;0;0;1;0
Cordoba_Aero;873440;2013;11;02;18,4;24;6,6;24;1016,8;8;959,6;8;10,5;21;3,9;24;7,2;999,9;25,0;12,1;4,1;999,9;0;1;0;0;0;0
Cordoba_Aero;873440;2013;11;03;18,1;23;4,1;23;1018,6;8;961,4;8;13,5;8;3,2;23;5,7;999,9;27,0;9,9;0,0;999,9;0;0;0;0;0;0
Cordoba_Aero;873440;2013;11;04;19,9;24;7,0;24;1016,2;8;959,4;8;12,6;8;5,5;24;9,3;12,9;27,6;10,9;0,0;999,9;0;0;0;0;0;0
Cordoba_Aero;873440;2013;11;05;20,4;24;8,2;24;1015,2;7;958,6;7;12,4;7;6,0;24;10,3;999,9;30,0;11,0;0,0;999,9;0;0;0;0;0;0
Cordoba_Aero;873440;2013;11;06;23,0;24;10,5;24;1010,5;8;954,5;8;12,1;8;7,3;24;10,8;16,0;32,2;15,9;0,0;999,9;0;0;0;0;0;0
Cordoba_Aero;873440;2013;11;07;19,6;24;10,5;24;1011,1;8;955,0;8;9,5;14;5,6;24;10,8;17,0;32,8;15,7;0,0;999,9;0;0;0;0;0;0
Cordoba_Aero;873440;2013;11;08;16,4;24;15,4;24;1011,4;7;954,5;7;5,5;24;2,9;24;7,2;999,9;24,2;14,8;35,1;999,9;0;1;0;0;1;0
Cordoba_Aero;873440;2013;11;09;17,7;24;16,7;24;1006,5;6;949,8;6;4,7;24;2,3;24;6,2;999,9;20,2;15,0;8,9;999,9;1;1;0;0;1;0
Cordoba_Aero;873440;2013;11;10;16,4;24;15,8;24;1005,6;8;949,0;8;3,7;24;3,5;24;7,7;999,9;20,5;14,0;20,1;999,9;0;1;0;0;1;0
Cordoba_Aero;873440;2013;11;11;18,1;23;9,9;23;1011,1;8;954,0;8;9,7;22;3,7;23;6,7;999,9;25,0;12,9;18,0;999,9;0;1;0;0;1;0
Cordoba_Aero;873440;2013;11;12;21,5;24;9,5;24;1010,2;8;953,8;8;12,4;12;4,4;24;9,3;999,9;31,0;11,7;0,0;999,9;0;0;0;0;0;0
Cordoba_Aero;873440;2013;11;13;23,1;24;10,3;24;1009,5;8;953,7;8;12,6;8;7,1;24;13,4;17,0;32,0;13,9;0,0;999,9;0;0;0;0;0;0
