Corrientes_Aero;871660;2013;01;01;23,1;9;19,4;9;1012,0;8;1004,9;8;8,4;9;6,1;9;12,9;999,9;33,9;20,4;25,9;999,9;0;1;0;0;1;0
Corrientes_Aero;871660;2013;01;02;22,0;14;12,1;14;1018,0;8;1010,7;8;10,0;14;3,7;14;5,1;999,9;26,0;14,1;0,0;999,9;0;0;0;0;0;0
Corrientes_Aero;871660;2013;01;03;22,3;21;16,2;21;1014,9;8;1007,6;8;10,5;21;2,9;21;5,1;999,9;30,0;14,8;0,0;999,9;0;0;0;0;0;0
Corrientes_Aero;871660;2013;01;04;28,3;24;22,7;24;1011,1;8;1004,0;8;10,1;24;3,2;24;5,7;999,9;33,4;20,9;0,0;999,9;0;0;0;0;0;0
Corrientes_Aero;871660;2013;01;05;27,9;24;22,8;24;1007,8;8;1000,8;8;9,8;24;6,0;24;15,4;21,6;36,0;21,0;999,9;999,9;0;1;0;0;1;0
Corrientes_Aero;871660;2013;01;06;24,2;24;20,5;24;1007,2;8;1000,0;8;10,6;24;4,6;24;8,2;999,9;35,8;20,4;24,9;999,9;0;1;0;0;0;0
Corrientes_Aero;871660;2013;01;07;24,7;24;22,7;24;1002,4;8;995,3;8;7,7;24;2,8;24;6,7;999,9;29,4;21,0;93,0;999,9;0;1;0;0;1;0
Corrientes_Aero;871660;2013;01;08;27,1;24;22,9;24;1006,0;8;998,8;8;10,5;24;2,8;24;5,7;999,9;32,0;21,4;10,9;999,9;0;0;0;0;0;0
Corrientes_Aero;871660;2013;01;09;28,0;24;22,5;24;1011,2;8;1004,1;8;10,5;24;3,4;24;6,2;999,9;32,3;24,3;0,0;999,9;0;0;0;0;0;0
Corrientes_Aero;871660;2013;01;10;27,1;22;21,9;22;1013,5;9;1006,4;9;10,1;22;3,1;22;5,1;999,9;34,8;23,0;0,0;999,9;0;0;0;0;0;0
Corrientes_Aero;871660;2013;01;11;26,9;24;19,2;24;1011,9;8;1004,7;8;10,1;24;3,2;24;4,1;999,9;32,6;21,4;0,0;999,9;0;0;0;0;0;0
Corrientes_Aero;871660;2013;01;12;26,4;24;19,7;24;1008,7;8;1001,6;8;10,1;24;2,2;24;3,1;999,9;32,1;21,0;0,0;999,9;0;0;0;0;0;0
Corrientes_Aero;871660;2013;01;13;27,5;24;20,1;24;1010,5;8;1003,3;8;10,6;24;2,1;24;3,6;999,9;33,0;21,4;0,0;999,9;0;0;0;0;0;0
Corrientes_Aero;871660;2013;01;14;26,3;15;21,5;15;1010,6;8;1003,5;8;10,0;15;2,1;15;4,6;999,9;33,4;22,4;0,0;999,9;0;0;0;0;0;0
Corrientes_Aero;871660;2013;01;15;28,0;8;21,3;8;1008,1;8;1001,0;8;9,5;8;2,1;8;3,1;999,9;33,5;23,0;0,0;999,9;0;0;0;0;0;0
Corrientes_Aero;871660;2013;01;16;29,9;12;20,6;12;1005,7;8;998,7;8;10,0;12;2,1;12;3,6;999,9;34,6;23,6;0,0;999,9;0;0;0;0;0;0
Corrientes_Aero;871660;2013;01;17;28,3;22;21,9;22;1007,6;8;1000,6;8;9,7;22;2,1;22;4,1;999,9;35,2;22,4;0,0;999,9;0;0;0;0;0;0
Corrientes_Aero;871660;2013;01;18;27,0;22;20,9;22;1010,4;8;1003,2;8;9,0;22;3,2;22;5,1;999,9;34,3;22,7;0,0;999,9;0;0;0;0;0;0
Corrientes_Aero;871660;2013;01;19;26,6;24;18,9;24;1012,7;8;1005,6;8;9,7;24;3,1;24;6,2;999,9;32,0;20,5;0,0;999,9;0;0;0;0;0;0
Corrientes_Aero;871660;2013;01;20;25,4;24;18,8;24;1014,7;8;1007,6;8;10,0;23;3,2;24;5,1;999,9;32,5;20,9;0,0;999,9;0;0;0;0;0;0
Corrientes_Aero;871660;2013;01;21;24,1;24;18,2;24;1014,8;8;1007,5;8;10,3;24;3,1;24;5,7;999,9;30,0;19,6;0,0;999,9;0;0;0;0;0;0
Corrientes_Aero;871660;2013;01;22;27,4;24;21,0;24;1013,2;8;1006,0;8;9,8;24;2,8;24;5,1;999,9;33,3;22,1;0,0;999,9;0;0;0;0;0;0
Corrientes_Aero;871660;2013;01;23;28,8;24;20,4;24;1011,0;8;1003,9;8;9,5;24;2,1;24;4,6;999,9;36,7;21,8;0,0;999,9;0;0;0;0;0;0
Corrientes_Aero;871660;2013;01;24;29,9;23;20,9;23;1005,8;7;998,8;7;7,6;23;4,3;23;15,4;999,9;40,0;22,0;999,9;999,9;0;1;0;0;1;0
Corrientes_Aero;871660;2013;01;25;23,4;23;20,0;23;1008,1;8;1001,0;8;9,7;23;4,7;23;9,3;999,9;28,1;20,3;50,0;999,9;0;1;0;0;1;0
Corrientes_Aero;871660;2013;01;26;21,7;24;14,3;24;1014,4;8;1007,2;8;10,0;24;2,7;24;5,1;999,9;28,4;16,0;0,0;999,9;0;0;0;0;0;0
Corrientes_Aero;871660;2013;01;27;22,6;24;14,7;24;1014,2;8;1007,0;8;10,1;24;2,5;24;4,1;999,9;28,5;15,6;0,0;999,9;0;0;0;0;0;0
Corrientes_Aero;871660;2013;01;28;24,9;23;17,4;23;1013,0;8;1005,9;8;10,5;23;2,5;23;4,6;999,9;33,0;17,4;0,0;999,9;0;0;0;0;0;0
Corrientes_Aero;871660;2013;01;29;27,6;23;19,9;23;1011,6;8;1004,5;8;8,7;23;2,7;23;5,7;999,9;36,0;19,9;0,0;999,9;0;0;0;0;0;0
Corrientes_Aero;871660;2013;01;30;30,0;24;22,3;24;1009,5;8;1002,5;8;8,9;24;2,2;24;3,6;999,9;36,5;23,4;0,0;999,9;0;0;0;0;0;0
Corrientes_Aero;871660;2013;01;31;30,7;24;21,2;24;1007,2;8;1000,2;8;8,9;24;2,5;24;5,1;999,9;36,3;25,4;0,0;999,9;0;0;0;0;0;0
Corrientes_Aero;871660;2013;02;01;30,8;21;22,3;21;1005,6;8;998,6;8;9,2;21;2,9;21;5,1;999,9;38,0;23,6;0,0;999,9;0;0;0;0;0;0
Corrientes_Aero;871660;2013;02;02;26,2;22;21,7;22;1008,7;8;1001,7;8;8,5;22;4,2;22;15,4;999,9;38,0;23,0;0,3;999,9;0;1;0;0;1;0
Corrientes_Aero;871660;2013;02;03;26,1;22;21,0;22;1011,8;8;1004,7;8;10,6;22;3,4;22;6,7;999,9;32,0;20,1;2,0;999,9;0;0;0;0;0;0
Corrientes_Aero;871660;2013;02;04;24,3;24;17,6;24;1011,5;8;1004,4;8;10,3;24;2,9;24;4,6;999,9;32,4;17,0;0,0;999,9;0;0;0;0;0;0
Corrientes_Aero;871660;2013;02;05;24,4;24;14,8;24;1011,4;8;1004,2;8;9,5;24;3,1;24;5,1;999,9;32,0;17,0;0,0;999,9;0;0;0;0;0;0
Corrientes_Aero;871660;2013;02;06;24,0;24;15,9;24;1011,4;8;1004,2;8;9,8;24;3,6;24;6,2;999,9;32,0;17,0;0,0;999,9;0;0;0;0;0;0
Corrientes_Aero;871660;2013;02;07;25,1;24;18,3;24;1010,9;8;1003,7;8;8,0;24;2,7;24;5,1;999,9;33,0;19,0;0,0;999,9;0;0;0;0;0;0
Corrientes_Aero;871660;2013;02;08;27,2;24;19,6;23;1009,6;8;1002,5;8;9,0;24;2,5;24;5,1;999,9;34,0;21,2;0,0;999,9;0;0;0;0;0;0
Corrientes_Aero;871660;2013;02;09;27,1;24;18,7;24;1008,3;7;1001,3;7;8,2;24;2,5;24;5,1;999,9;34,2;19,6;0,0;999,9;0;0;0;0;0;0
Corrientes_Aero;871660;2013;02;10;26,4;24;20,6;24;1006,8;7;999,9;7;8,4;24;2,9;24;8,2;16,5;34,5;22,0;999,9;999,9;0;1;0;0;1;0
Corrientes_Aero;871660;2013;02;11;24,1;24;20,7;24;1007,9;8;1000,7;8;9,5;24;2,0;24;4,1;999,9;34,7;20,0;50,0;999,9;0;1;0;0;1;0
Corrientes_Aero;871660;2013;02;12;27,4;23;20,9;23;1005,8;8;998,7;8;10,3;23;2,3;23;4,6;999,9;33,0;21,7;0,0;999,9;0;0;0;0;0;0
Corrientes_Aero;871660;2013;02;13;29,6;23;21,8;23;1005,8;8;998,8;8;9,7;23;2,2;23;3,6;999,9;35,0;23,0;0,0;999,9;0;0;0;0;0;0
Corrientes_Aero;871660;2013;02;14;27,1;23;23,2;23;1007,1;8;1000,1;8;10,1;23;2,6;23;6,2;999,9;35,3;24,6;0,0;999,9;0;0;0;0;1;0
Corrientes_Aero;871660;2013;02;15;27,1;23;22,5;23;1009,0;8;1001,8;8;9,5;23;1,4;23;4,1;999,9;34,0;21,0;0,0;999,9;1;1;0;0;0;0
Corrientes_Aero;871660;2013;02;16;29,9;24;22,8;24;1005,5;8;998,5;8;10,3;24;2,9;24;5,7;999,9;36,0;23,1;0,0;999,9;0;0;0;0;0;0
Corrientes_Aero;871660;2013;02;17;29,2;23;22,7;23;1003,5;8;996,5;8;10,0;23;5,5;23;9,8;999,9;37,0;24,0;999,9;999,9;0;1;0;0;0;0
Corrientes_Aero;871660;2013;02;18;24,1;24;21,2;24;1009,1;8;1002,0;8;10,8;24;4,0;24;8,2;999,9;37,9;22,0;2,0;999,9;0;1;0;0;1;0
Corrientes_Aero;871660;2013;02;19;24,3;24;22,4;24;1011,3;8;1004,1;8;9,8;24;2,5;24;3,6;999,9;28,2;22,2;0,0;999,9;0;1;0;0;0;0
Corrientes_Aero;871660;2013;02;20;25,3;24;22,5;24;1010,1;6;1003,0;6;9,0;24;2,9;24;6,7;999,9;29,0;22,3;7,9;999,9;1;1;0;0;1;0
Corrientes_Aero;871660;2013;02;21;23,9;23;20,4;23;1012,6;8;1005,4;8;10,5;23;3,7;23;5,7;999,9;28,8;20,5;0,0;999,9;0;1;0;0;0;0
Corrientes_Aero;871660;2013;02;22;24,2;23;18,9;23;1014,5;8;1007,3;8;9,8;23;2,2;23;4,1;999,9;31,0;18,2;0,0;999,9;0;0;0;0;0;0
Corrientes_Aero;871660;2013;02;23;26,1;24;19,6;24;1011,1;8;1004,0;8;8,5;24;2,8;24;5,1;999,9;35,0;19,4;0,0;999,9;0;0;0;0;0;0
Corrientes_Aero;871660;2013;02;24;30,1;24;20,4;24;1005,9;8;998,9;8;10,0;24;4,2;24;8,2;999,9;38,0;23,2;0,0;999,9;0;0;0;0;0;0
Corrientes_Aero;871660;2013;02;25;24,7;24;21,2;24;1008,8;8;1001,7;8;9,2;24;4,1;24;6,7;999,9;37,6;22,0;26,9;999,9;0;1;0;0;1;0
Corrientes_Aero;871660;2013;02;26;22,2;24;15,4;24;1014,2;8;1006,9;8;9,8;24;3,1;24;4,6;999,9;28,0;17,3;0,8;999,9;0;0;0;0;0;0
Corrientes_Aero;871660;2013;02;27;20,9;24;13,6;24;1015,6;8;1008,3;8;10,0;24;2,6;24;5,1;999,9;27,8;15,0;0,0;999,9;0;0;0;0;0;0
Corrientes_Aero;871660;2013;02;28;22,6;24;14,8;24;1012,7;8;1005,5;8;10,5;24;2,8;24;4,1;999,9;31,0;14,8;0,0;999,9;0;0;0;0;0;0
Corrientes_Aero;871660;2013;03;01;27,2;24;18,3;24;1007,3;8;1000,2;8;8,9;24;4,5;24;8,2;999,9;36,0;19,5;0,0;999,9;0;0;0;0;0;0
Corrientes_Aero;871660;2013;03;02;29,6;24;22,5;24;1004,9;8;997,9;8;9,8;24;5,8;24;10,8;999,9;36,1;25,0;999,9;999,9;0;1;0;0;1;0
Corrientes_Aero;871660;2013;03;03;19,8;22;19,1;22;1012,7;6;1005,5;6;7,1;22;4,8;22;7,7;999,9;36,3;16,0;15,0;999,9;0;1;0;0;1;0
Corrientes_Aero;871660;2013;03;04;19,2;24;16,7;24;1015,7;8;1008,3;8;10,8;24;3,2;24;5,7;999,9;23,0;15,9;71,9;999,9;0;0;0;0;0;0
Corrientes_Aero;871660;2013;03;05;21,2;24;15,5;24;1014,2;8;1006,9;8;10,0;24;2,3;24;3,6;999,9;25,2;16,6;0,0;999,9;0;0;0;0;0;0
Corrientes_Aero;871660;2013;03;06;22,0;24;16,3;24;1010,2;8;1003,0;8;9,3;24;2,5;24;4,6;999,9;29,0;15,2;0,0;999,9;0;0;0;0;0;0
Corrientes_Aero;871660;2013;03;07;24,0;22;20,2;22;1009,8;8;1002,6;8;10,0;22;2,9;22;4,1;999,9;29,0;21,0;0,0;999,9;0;1;0;0;1;0
Corrientes_Aero;871660;2013;03;08;26,6;24;23,3;24;1008,9;7;1001,8;7;10,3;24;3,7;24;10,8;18,0;33,0;21,4;0,5;999,9;0;1;0;0;1;0
Corrientes_Aero;871660;2013;03;09;24,0;24;21,3;24;1008,7;7;1001,5;7;10,0;24;4,8;23;8,2;999,9;32,6;21,4;22,1;999,9;0;1;0;0;1;0
Corrientes_Aero;871660;2013;03;10;21,9;23;20,1;23;1007,3;8;1000,1;8;8,7;23;3,4;23;10,8;999,9;27,5;19,6;35,1;999,9;0;1;0;0;1;0
Corrientes_Aero;871660;2013;03;11;23,6;23;21,1;23;1006,9;6;999,7;6;8,2;23;1,4;23;3,6;999,9;29,0;19,7;29,0;999,9;1;1;0;0;0;0
Corrientes_Aero;871660;2013;03;12;23,7;24;21,9;24;1005,0;8;997,8;8;9,3;24;3,8;24;7,7;999,9;29,8;21,6;1,0;999,9;0;1;0;0;1;0
Corrientes_Aero;871660;2013;03;13;21,7;24;18,8;24;1010,8;8;1003,6;8;10,6;24;3,0;24;6,7;999,9;26,0;18,2;31,0;999,9;0;0;0;0;0;0
Corrientes_Aero;871660;2013;03;14;20,7;24;16,2;24;1014,6;8;1007,3;8;10,5;24;4,0;24;6,2;999,9;26,2;16,4;0,0;999,9;0;0;0;0;0;0
Corrientes_Aero;871660;2013;03;15;21,1;24;15,6;24;1016,5;8;1009,1;8;10,5;24;5,1;24;6,7;10,3;26,0;16,3;0,0;999,9;0;0;0;0;0;0
Corrientes_Aero;871660;2013;03;16;21,9;22;15,9;22;1019,0;8;1011,8;8;10,1;22;5,2;22;7,7;999,9;26,4;16,8;0,0;999,9;0;0;0;0;0;0
Corrientes_Aero;871660;2013;03;17;19,8;23;14,6;23;1019,3;8;1012,1;8;10,3;23;4,8;23;7,7;999,9;26,7;16,8;0,0;999,9;0;0;0;0;0;0
Corrientes_Aero;871660;2013;03;18;19,9;23;14,5;23;1017,0;8;1009,7;8;10,3;23;4,4;23;6,7;999,9;25,0;17,0;0,0;999,9;0;0;0;0;0;0
Corrientes_Aero;871660;2013;03;19;19,7;24;18,9;24;1012,8;8;1005,4;8;6,0;24;2,5;24;5,1;999,9;24,6;18,0;22,1;999,9;0;1;0;0;1;0
Corrientes_Aero;871660;2013;03;20;20,1;24;18,7;24;1009,1;8;1001,8;8;7,7;24;2,8;24;5,1;999,9;25,0;18,0;36,1;999,9;0;1;0;0;1;0
Corrientes_Aero;871660;2013;03;21;21,5;23;17,7;23;1011,1;7;1003,9;7;9,5;23;1,5;23;3,6;999,9;27,0;15,8;2,0;999,9;1;0;0;0;0;0
Corrientes_Aero;871660;2013;03;22;22,3;24;17,9;24;1015,6;8;1008,3;8;9,3;24;1,8;24;5,1;999,9;27,8;16,8;0,0;999,9;1;0;0;0;0;0
Corrientes_Aero;871660;2013;03;23;22,7;23;16,1;23;1015,2;8;1008,0;8;10,0;23;3,1;23;5,7;999,9;28,0;18,0;0,0;999,9;0;0;0;0;0;0
Corrientes_Aero;871660;2013;03;24;23,1;24;18,0;24;1010,9;8;1003,7;8;10,5;24;2,2;24;4,6;999,9;29,0;18,0;0,0;999,9;0;0;0;0;0;0
Corrientes_Aero;871660;2013;03;25;23,6;24;18,5;24;1010,4;8;1003,2;8;10,6;24;2,0;24;3,6;999,9;29,0;17,6;0,0;999,9;0;0;0;0;0;0
Corrientes_Aero;871660;2013;03;26;23,7;24;17,6;24;1016,2;8;1008,9;8;10,1;24;3,0;24;5,7;999,9;29,3;19,0;0,0;999,9;0;0;0;0;0;0
Corrientes_Aero;871660;2013;03;27;21,1;24;14,1;24;1017,9;8;1010,7;8;10,6;24;2,6;24;4,6;999,9;29,1;15,0;0,0;999,9;0;0;0;0;0;0
Corrientes_Aero;871660;2013;03;28;20,6;24;15,4;24;1018,1;8;1010,7;8;10,3;24;2,2;24;4,6;999,9;26,5;15,6;0,0;999,9;0;0;0;0;0;0
Corrientes_Aero;871660;2013;03;29;22,2;24;17,3;24;1016,0;8;1008,7;8;10,3;24;2,2;24;3,6;999,9;29,0;16,0;0,0;999,9;0;0;0;0;0;0
Corrientes_Aero;871660;2013;03;30;24,9;24;18,1;24;1013,6;8;1006,4;8;10,1;24;2,9;24;5,7;999,9;31,5;19,6;0,0;999,9;0;0;0;0;0;0
Corrientes_Aero;871660;2013;03;31;26,5;24;18,5;24;1011,8;8;1004,7;8;10,5;24;4,5;24;999,9;999,9;33,0;21,3;0,0;999,9;0;0;0;0;0;0
Corrientes_Aero;871660;2013;04;01;24,8;22;21,3;22;1009,9;8;1002,8;8;9,5;22;4,4;22;9,3;15,4;33,3;21,8;41,9;999,9;0;1;0;0;1;0
Corrientes_Aero;871660;2013;04;02;22,6;24;21,2;24;1010,7;6;1003,4;6;9,8;24;2,4;24;3,6;999,9;30,0;21,0;7,9;999,9;0;1;0;0;0;0
Corrientes_Aero;871660;2013;04;03;22,3;20;20,4;20;1013,4;8;1006,1;8;9,8;20;3,8;20;6,2;999,9;24,7;20,4;0,8;999,9;0;1;0;0;0;0
Corrientes_Aero;871660;2013;04;04;19,9;24;18,7;24;1009,9;7;1002,6;7;8,9;24;3,7;24;7,7;999,9;24,4;18,0;39,9;999,9;0;1;0;0;1;0
Corrientes_Aero;871660;2013;04;05;21,2;24;16,9;24;1010,0;8;1002,7;8;10,6;24;2,1;24;4,1;999,9;27,0;15,6;8,9;999,9;0;0;0;0;0;0
Corrientes_Aero;871660;2013;04;06;22,4;24;16,9;24;1010,0;8;1002,8;8;10,8;24;1,5;24;2,6;999,9;28,0;17,2;0,0;999,9;0;0;0;0;0;0
Corrientes_Aero;871660;2013;04;07;21,1;22;17,0;22;1014,0;8;1006,8;8;10,8;22;2,8;22;5,1;999,9;28,5;16,5;0,0;999,9;0;0;0;0;0;0
Corrientes_Aero;871660;2013;04;08;20,3;22;15,1;22;1015,8;8;1008,5;8;10,6;22;3,0;22;5,1;999,9;27,0;13,6;0,0;999,9;0;0;0;0;0;0
Corrientes_Aero;871660;2013;04;09;19,9;24;15,6;24;1015,0;8;1007,7;8;10,5;24;2,2;24;3,6;999,9;27,0;14,0;0,0;999,9;0;0;0;0;0;0
Corrientes_Aero;871660;2013;04;10;23,3;24;19,2;24;1010,6;8;1003,4;8;9,7;24;2,8;24;4,6;999,9;31,0;18,0;0,0;999,9;0;0;0;0;0;0
Corrientes_Aero;871660;2013;04;11;25,7;24;22,4;24;1005,2;8;998,1;8;9,8;24;4,1;24;8,2;999,9;31,0;22,0;2,0;999,9;0;1;0;0;1;0
Corrientes_Aero;871660;2013;04;12;20,0;22;18,2;22;1009,3;8;1002,0;8;8,4;22;4,4;22;9,3;999,9;32,2;18,0;59,9;999,9;0;1;0;0;1;0
Corrientes_Aero;871660;2013;04;13;18,0;24;11,8;24;1018,5;8;1011,1;8;10,5;24;3,6;24;6,7;999,9;22,2;13,4;0,0;999,9;0;0;0;0;0;0
Corrientes_Aero;871660;2013;04;14;16,9;24;10,6;24;1018,5;8;1011,1;8;10,8;24;1,2;24;3,1;999,9;24,0;10,9;0,0;999,9;0;0;0;0;0;0
Corrientes_Aero;871660;2013;04;15;18,9;24;12,8;24;1018,3;8;1010,9;8;8,5;24;1,1;24;3,1;999,9;27,0;11,8;0,0;999,9;0;0;0;0;0;0
Corrientes_Aero;871660;2013;04;16;20,6;23;15,8;23;1017,2;8;1009,9;8;9,8;23;0,9;23;3,1;999,9;28,0;15,0;0,0;999,9;0;0;0;0;0;0
Corrientes_Aero;871660;2013;04;17;20,1;24;15,0;24;1017,5;8;1010,2;8;10,5;24;1,8;24;3,6;999,9;28,4;15,4;0,0;999,9;0;0;0;0;0;0
Corrientes_Aero;871660;2013;04;18;18,8;24;13,2;24;1017,0;8;1009,6;8;9,0;24;1,7;24;3,1;999,9;26,0;12,8;0,0;999,9;1;0;0;0;0;0
Corrientes_Aero;871660;2013;04;19;20,2;23;13,9;23;1017,1;8;1009,8;8;8,5;23;2,3;23;4,6;999,9;28,0;12,6;0,0;999,9;0;0;0;0;0;0
Corrientes_Aero;871660;2013;04;20;21,4;24;15,6;24;1017,4;8;1010,1;8;10,1;24;1,6;24;3,1;999,9;28,6;14,4;0,0;999,9;0;0;0;0;0;0
Corrientes_Aero;871660;2013;04;21;21,8;24;16,5;24;1017,1;8;1009,8;8;10,1;24;1,7;24;3,1;999,9;29,2;15,2;0,0;999,9;0;0;0;0;0;0
Corrientes_Aero;871660;2013;04;22;22,9;23;17,0;23;1017,9;8;1010,6;8;9,8;23;2,4;23;4,6;999,9;29,5;16,8;0,0;999,9;0;0;0;0;0;0
Corrientes_Aero;871660;2013;04;23;22,4;24;17,1;24;1018,8;8;1011,5;8;9,0;24;1,9;24;4,1;999,9;29,0;17,0;0,0;999,9;0;0;0;0;0;0
Corrientes_Aero;871660;2013;04;24;22,3;24;16,8;24;1017,8;8;1010,5;8;8,9;24;2,3;24;4,6;999,9;29,3;16,8;0,0;999,9;0;0;0;0;0;0
Corrientes_Aero;871660;2013;04;25;22,8;24;15,5;24;1015,4;8;1008,1;8;8,4;24;2,2;23;4,6;999,9;29,5;17,2;0,0;999,9;0;0;0;0;0;0
Corrientes_Aero;871660;2013;04;26;22,7;23;16,6;23;1013,4;8;1006,1;8;9,2;23;2,2;23;4,1;999,9;29,7;17,3;0,0;999,9;0;0;0;0;0;0
Corrientes_Aero;871660;2013;04;27;24,9;24;19,6;24;1010,6;8;1003,4;8;8,9;24;3,2;24;6,2;999,9;31,4;19,0;0,0;999,9;0;0;0;0;0;0
Corrientes_Aero;871660;2013;04;28;25,7;24;20,8;24;1010,5;8;1003,4;8;8,5;24;3,4;24;7,2;999,9;33,0;22,0;999,9;999,9;0;1;0;0;1;0
Corrientes_Aero;871660;2013;04;29;23,3;24;22,1;24;1011,5;8;1004,3;8;9,0;24;2,2;24;3,6;999,9;33,0;21,4;23,9;999,9;0;1;0;0;1;0
Corrientes_Aero;871660;2013;04;30;22,3;24;21,1;24;1012,6;8;1005,4;8;9,3;24;3,1;24;6,2;999,9;26,8;21,0;0,0;999,9;0;1;0;0;1;0
Corrientes_Aero;871660;2013;05;01;25,5;24;21,3;24;1010,9;8;1003,7;8;9,2;24;3,7;24;6,7;999,9;32,0;20,8;23,1;999,9;0;0;0;0;0;0
Corrientes_Aero;871660;2013;05;02;26,7;24;21,0;24;1008,5;8;1001,4;8;10,0;24;4,4;24;6,7;999,9;32,0;23,0;0,0;999,9;0;0;0;0;0;0
Corrientes_Aero;871660;2013;05;03;26,7;24;21,4;24;1007,0;7;999,9;7;9,8;24;4,5;24;7,2;999,9;32,2;23,0;0,0;999,9;0;1;0;0;1;0
Corrientes_Aero;871660;2013;05;04;20,7;23;17,5;23;1012,6;8;1005,3;8;10,6;23;2,9;23;4,6;999,9;31,6;17,0;0,0;999,9;0;0;0;0;0;0
Corrientes_Aero;871660;2013;05;05;18,4;22;14,3;22;1018,7;8;1011,3;8;10,5;22;3,0;22;4,6;999,9;24,4;14,0;0,0;999,9;0;0;0;0;0;0
Corrientes_Aero;871660;2013;05;06;17,7;24;12,8;24;1018,4;8;1011,0;8;9,3;24;1,2;24;3,6;999,9;25,0;11,4;0,0;999,9;1;0;0;0;0;0
Corrientes_Aero;871660;2013;05;07;17,0;24;10,9;24;1022,0;8;1014,6;8;9,3;24;2,5;24;6,7;999,9;25,2;14,0;0,0;999,9;0;0;0;0;0;0
Corrientes_Aero;871660;2013;05;08;15,8;24;8,7;24;1018,5;8;1011,1;8;10,1;24;2,8;24;5,7;999,9;23,1;9,9;0,0;999,9;0;0;0;0;0;0
Corrientes_Aero;871660;2013;05;09;18,5;24;12,2;24;1015,6;8;1008,2;8;10,5;24;3,2;24;7,2;999,9;26,0;12,5;0,0;999,9;0;0;0;0;0;0
Corrientes_Aero;871660;2013;05;10;21,1;24;13,7;24;1012,2;8;1005,0;8;10,1;24;4,2;24;6,7;999,9;28,0;14,6;0,0;999,9;0;0;0;0;0;0
Corrientes_Aero;871660;2013;05;11;22,7;24;16,2;24;1011,6;8;1004,4;8;9,8;24;4,3;24;8,7;999,9;30,0;18,5;999,9;999,9;0;1;0;0;1;0
Corrientes_Aero;871660;2013;05;12;20,1;24;19,2;24;1011,8;7;1004,5;7;8,4;24;2,8;24;5,1;999,9;29,9;19,0;40,9;999,9;0;1;0;0;1;0
Corrientes_Aero;871660;2013;05;13;20,4;24;19,4;24;1012,3;8;1005,0;8;9,0;24;1,6;24;2,6;999,9;23,0;19,0;1,0;999,9;0;1;0;0;0;0
Corrientes_Aero;871660;2013;05;14;21,3;22;19,7;22;1011,7;8;1004,5;8;10,8;22;1,5;22;3,1;999,9;24,0;19,2;0,0;999,9;0;0;0;0;0;0
Corrientes_Aero;871660;2013;05;15;19,2;24;17,8;24;1011,2;8;1003,9;8;7,4;24;4,5;24;11,3;999,9;23,6;14,0;0,5;999,9;0;1;0;0;0;0
Corrientes_Aero;871660;2013;05;16;11,6;24;1,4;24;1024,3;8;1016,8;8;9,7;24;5,0;24;8,7;999,9;21,3;5,0;0,5;999,9;0;0;0;0;0;0
Corrientes_Aero;871660;2013;05;17;11,0;24;5,7;24;1024,0;8;1016,4;8;10,0;24;2,3;24;5,7;999,9;16,0;6,6;0,0;999,9;0;0;0;0;0;0
Corrientes_Aero;871660;2013;05;18;13,0;24;10,1;24;1020,2;8;1012,7;8;9,3;24;2,3;24;5,1;999,9;16,5;9,6;15,0;999,9;0;1;0;0;1;0
Corrientes_Aero;871660;2013;05;19;14,6;22;13,0;22;1019,4;8;1011,9;8;8,7;22;3,2;22;4,6;999,9;16,0;11,6;7,1;999,9;0;1;0;0;0;0
Corrientes_Aero;871660;2013;05;20;14,6;24;12,9;24;1020,2;8;1012,8;8;10,6;24;1,9;24;4,1;999,9;16,0;13,4;0,0;999,9;0;1;0;0;0;0
Corrientes_Aero;871660;2013;05;21;15,9;24;14,0;24;1016,6;8;1009,2;8;10,3;24;1,2;24;2,6;999,9;18,2;14,0;0,0;999,9;0;1;0;0;0;0
Corrientes_Aero;871660;2013;05;22;15,8;24;13,1;24;1018,0;8;1010,6;8;10,0;24;3,0;24;5,1;999,9;18,4;14,0;0,3;999,9;0;1;0;0;0;0
Corrientes_Aero;871660;2013;05;23;14,3;23;11,4;23;1018,7;8;1011,3;8;10,6;23;2,4;23;3,6;999,9;18,0;12,6;0,0;999,9;0;0;0;0;0;0
Corrientes_Aero;871660;2013;05;24;16,3;24;12,3;24;1020,0;8;1012,5;8;10,8;24;3,0;24;4,6;999,9;20,0;13,6;0,0;999,9;0;0;0;0;0;0
Corrientes_Aero;871660;2013;05;25;15,4;22;12,2;22;1019,9;8;1012,4;8;8,7;22;2,2;22;4,6;999,9;20,5;8,7;0,0;999,9;1;0;0;0;0;0
Corrientes_Aero;871660;2013;05;26;17,5;22;14,4;22;1014,5;8;1007,1;8;9,5;22;2,1;22;3,6;999,9;24,0;12,4;0,0;999,9;0;0;0;0;0;0
Corrientes_Aero;871660;2013;05;27;20,0;23;16,7;23;1010,4;8;1003,1;8;8,2;23;1,7;23;4,1;999,9;25,5;14,5;0,0;999,9;1;0;0;0;0;0
Corrientes_Aero;871660;2013;05;28;22,6;24;19,4;24;1001,3;8;994,1;8;9,8;24;2,7;24;5,7;999,9;29,0;18,0;0,0;999,9;0;0;0;0;0;0
Corrientes_Aero;871660;2013;05;29;19,8;24;16,0;24;1003,2;7;996,0;7;9,3;24;3,6;24;9,8;999,9;28,7;15,0;0,0;999,9;1;1;0;0;1;0
Corrientes_Aero;871660;2013;05;30;15,4;24;9,5;24;1016,8;7;1009,1;8;10,1;24;1,3;24;3,1;999,9;23,8;9,2;16,0;999,9;1;0;0;0;0;0
Corrientes_Aero;871660;2013;05;31;15,9;24;9,8;24;1012,5;8;1005,0;8;10,0;24;2,8;24;6,7;999,9;22,0;10,4;0,0;999,9;0;0;0;0;0;0
Corrientes_Aero;871660;2013;06;01;19,8;24;15,3;24;1010,0;8;1002,7;8;8,7;24;1,3;24;3,6;999,9;26,0;14,4;0,0;999,9;0;0;0;0;0;0
Corrientes_Aero;871660;2013;06;02;17,7;22;13,0;22;1015,5;8;1008,2;8;8,0;22;2,3;22;4,6;999,9;26,0;11,4;0,0;999,9;0;0;0;0;0;0
Corrientes_Aero;871660;2013;06;03;15,7;24;10,2;24;1020,6;8;1013,2;8;8,7;24;1,7;24;3,1;999,9;23,7;9,0;0,0;999,9;0;0;0;0;0;0
Corrientes_Aero;871660;2013;06;04;15,8;22;11,6;22;1018,6;8;1011,2;8;9,8;22;1,6;22;3,6;999,9;24,0;8,2;0,0;999,9;0;0;0;0;0;0
Corrientes_Aero;871660;2013;06;05;19,6;21;14,7;21;1014,7;8;1007,3;8;9,5;21;3,2;21;6,2;999,9;27,0;12,3;0,0;999,9;0;0;0;0;0;0
Corrientes_Aero;871660;2013;06;06;18,7;24;13,0;24;1017,4;8;1010,1;8;10,3;24;2,5;24;7,7;999,9;26,6;15,0;0,0;999,9;0;0;0;0;0;0
Corrientes_Aero;871660;2013;06;07;16,9;24;11,7;24;1018,0;8;1010,5;8;9,2;24;2,4;24;4,1;999,9;26,0;10,3;0,0;999,9;0;0;0;0;0;0
Corrientes_Aero;871660;2013;06;08;19,7;24;16,3;24;1020,5;8;1013,1;8;8,2;24;2,5;24;3,6;999,9;26,0;13,3;0,0;999,9;0;0;0;0;0;0
Corrientes_Aero;871660;2013;06;09;17,6;24;16,6;24;1016,8;8;1009,5;8;6,4;24;3,1;24;6,2;999,9;26,0;16,0;0,0;999,9;0;1;0;0;1;0
Corrientes_Aero;871660;2013;06;10;17,2;24;15,9;24;1017,2;8;1009,8;8;6,3;24;2,0;24;5,1;999,9;22,0;13,6;22,1;999,9;1;1;0;0;1;0
Corrientes_Aero;871660;2013;06;11;17,8;24;16,2;24;1018,8;8;1011,4;8;6,1;24;1,5;24;3,1;999,9;24,0;13,5;0,0;999,9;1;0;0;0;0;0
Corrientes_Aero;871660;2013;06;12;20,3;24;17,1;24;1018,4;7;1011,0;7;7,1;24;1,5;24;3,1;999,9;27,2;14,9;0,0;999,9;1;0;0;0;0;0
Corrientes_Aero;871660;2013;06;13;21,1;24;15,6;24;1017,3;8;1010,0;8;10,3;24;2,4;24;4,6;999,9;27,2;16,2;0,0;999,9;0;0;0;0;0;0
Corrientes_Aero;871660;2013;06;14;17,1;23;14,2;23;1016,3;8;1009,0;8;8,5;22;3,0;23;5,1;999,9;27,0;14,4;0,0;999,9;0;1;0;0;1;0
Corrientes_Aero;871660;2013;06;15;15,1;23;14,2;23;1016,7;8;1009,3;8;6,3;23;2,6;23;5,7;999,9;17,0;13,0;38,1;999,9;1;1;0;0;0;0
Corrientes_Aero;871660;2013;06;16;16,3;23;14,7;23;1012,7;8;1005,3;8;7,6;23;2,1;23;4,6;999,9;20,0;13,1;0,0;999,9;0;1;0;0;0;0
Corrientes_Aero;871660;2013;06;17;15,2;22;14,1;22;1016,9;8;1009,5;8;8,4;22;2,5;22;4,1;999,9;19,8;14,0;0,0;999,9;0;1;0;0;0;0
Corrientes_Aero;871660;2013;06;18;15,2;24;14,3;24;1014,1;6;1006,7;6;3,5;24;2,6;24;7,2;999,9;18,0;12,9;0,0;999,9;1;1;0;0;0;0
Corrientes_Aero;871660;2013;06;19;14,8;24;11,9;24;1017,6;8;1010,1;8;9,7;24;6,6;24;999,9;999,9;17,5;12,7;5,1;999,9;0;1;0;0;0;0
Corrientes_Aero;871660;2013;06;20;10,6;24;7,3;24;1018,6;8;1011,1;8;9,5;24;5,0;24;6,7;999,9;15,0;8,4;0,3;999,9;0;1;0;0;1;0
Corrientes_Aero;871660;2013;06;21;10,8;21;8,3;21;1013,9;7;1006,4;7;6,8;21;3,9;21;5,7;999,9;14,8;9,0;9,9;999,9;0;1;0;0;0;0
Corrientes_Aero;871660;2013;06;22;11,0;24;8,4;24;1015,5;8;1008,0;8;10,3;24;3,3;24;7,2;999,9;15,5;7,2;0,3;999,9;0;0;0;0;0;0
Corrientes_Aero;871660;2013;06;23;10,9;24;8,7;24;1018,5;8;1010,9;8;6,6;24;1,9;24;4,1;999,9;16,0;6,0;0,0;999,9;1;0;0;0;0;0
Corrientes_Aero;871660;2013;06;24;14,3;24;11,2;24;1016,6;8;1009,1;8;9,8;24;2,7;24;4,1;999,9;17,0;8,8;0,0;999,9;0;0;0;0;0;0
Corrientes_Aero;871660;2013;06;25;12,4;24;9,7;24;1017,5;8;1010,0;8;9,3;24;2,0;24;3,6;999,9;17,3;10,6;0,0;999,9;0;0;0;0;0;0
Corrientes_Aero;871660;2013;06;26;11,8;24;8,1;24;1018,2;8;1010,7;8;10,1;24;1,4;24;3,1;999,9;18,0;7,4;0,0;999,9;1;0;0;0;0;0
Corrientes_Aero;871660;2013;06;27;13,1;23;10,3;23;1017,2;8;1009,7;8;10,5;23;2,2;23;3,1;999,9;18,2;7,6;0,0;999,9;0;0;0;0;0;0
Corrientes_Aero;871660;2013;06;28;18,3;24;16,7;24;1009,4;8;1002,1;8;10,0;24;2,4;24;4,6;999,9;23,8;11,7;0,0;999,9;0;1;0;0;0;0
Corrientes_Aero;871660;2013;06;29;17,8;16;14,3;16;1012,1;8;1004,8;8;9,5;16;3,6;16;5,7;999,9;24,2;14,5;0,0;999,9;1;0;0;0;0;0
Corrientes_Aero;871660;2013;06;30;14,3;24;8,9;24;1017,3;8;1009,8;8;10,1;24;3,0;24;5,7;999,9;21,0;9,8;0,0;999,9;0;0;0;0;0;0
Corrientes_Aero;871660;2013;07;01;12,6;24;5,8;24;1021,5;8;1014,0;8;10,1;24;2,5;24;4,1;999,9;21,4;4,9;0,0;999,9;0;0;0;0;0;0
Corrientes_Aero;871660;2013;07;02;13,3;23;8,1;23;1019,0;8;1011,5;8;10,5;23;2,3;23;6,2;999,9;21,5;6,2;0,0;999,9;0;0;0;0;0;0
Corrientes_Aero;871660;2013;07;03;18,8;23;15,0;23;1013,0;8;1005,7;8;10,3;23;4,0;23;6,2;999,9;25,0;9,8;0,0;999,9;0;0;0;0;0;0
Corrientes_Aero;871660;2013;07;04;21,8;24;19,1;24;1010,9;8;1003,7;8;10,3;24;3,3;24;6,7;999,9;26,2;15,8;5,1;999,9;0;1;0;0;1;0
Corrientes_Aero;871660;2013;07;05;23,6;24;20,6;24;1011,8;8;1004,6;8;10,6;24;3,5;24;6,2;999,9;28,3;20,0;3,0;999,9;0;1;0;0;0;0
Corrientes_Aero;871660;2013;07;06;24,5;24;20,3;24;1010,6;8;1003,4;8;10,0;24;3,3;24;6,2;999,9;29,9;21,2;0,0;999,9;0;0;0;0;0;0
Corrientes_Aero;871660;2013;07;07;16,6;22;15,5;22;1016,6;8;1009,2;8;7,1;22;5,1;22;7,2;999,9;30,0;13,6;17,0;999,9;0;1;0;0;1;0
Corrientes_Aero;871660;2013;07;08;13,2;24;8,9;24;1024,6;8;1017,1;8;10,5;24;4,8;24;7,2;999,9;17,0;9,8;5,1;999,9;0;1;0;0;0;0
Corrientes_Aero;871660;2013;07;09;15,3;24;13,2;24;1020,2;8;1012,7;8;9,8;24;2,0;24;4,1;999,9;19,0;11,0;0,0;999,9;0;0;0;0;0;0
Corrientes_Aero;871660;2013;07;10;20,1;23;16,2;23;1015,7;10;1008,3;10;6,1;23;3,2;23;6,7;999,9;27,5;13,6;0,0;999,9;1;0;0;0;0;0
Corrientes_Aero;871660;2013;07;11;22,2;24;17,2;24;1013,9;9;1006,7;9;10,0;24;3,8;24;7,7;999,9;27,5;18,6;0,0;999,9;0;0;0;0;0;0
Corrientes_Aero;871660;2013;07;12;21,3;24;18,1;24;1015,4;8;1008,2;8;7,9;24;2,4;24;4,6;999,9;27,5;19,4;0,0;999,9;0;0;0;0;0;0
Corrientes_Aero;871660;2013;07;13;18,6;24;17,7;24;1016,1;8;1008,4;8;9,0;24;2,0;24;4,1;999,9;24,2;17,0;3,0;999,9;0;1;0;0;1;0
Corrientes_Aero;871660;2013;07;14;19,2;18;18,6;18;1016,2;7;1008,9;7;6,4;18;2,1;18;6,7;999,9;20,5;17,5;4,1;999,9;0;1;0;0;0;0
Corrientes_Aero;871660;2013;07;15;16,2;20;10,9;20;1021,0;8;1013,6;8;10,0;20;2,5;20;4,1;999,9;20,0;10,3;3,0;999,9;0;0;0;0;0;0
Corrientes_Aero;871660;2013;07;16;14,9;23;8,9;23;1020,0;8;1012,5;8;9,7;23;1,8;23;3,6;999,9;22,0;8,5;0,0;999,9;0;0;0;0;0;0
Corrientes_Aero;871660;2013;07;17;18,5;24;13,1;24;1014,2;8;1006,8;8;10,0;24;2,3;24;5,7;999,9;26,0;13,0;0,0;999,9;0;0;0;0;0;0
Corrientes_Aero;871660;2013;07;18;20,7;23;15,4;23;1008,6;8;1001,4;8;9,8;23;4,2;23;11,3;999,9;26,4;15,4;0,0;999,9;0;0;0;0;0;0
Corrientes_Aero;871660;2013;07;19;11,1;24;3,7;24;1019,3;8;1011,8;8;10,3;24;5,8;24;8,2;999,9;25,8;7,2;0,0;999,9;0;0;0;0;0;0
Corrientes_Aero;871660;2013;07;20;9,9;24;5,6;24;1012,0;8;1004,5;8;9,8;24;1,5;24;3,6;999,9;13,5;6,0;0,0;999,9;0;0;0;0;0;0
Corrientes_Aero;871660;2013;07;21;9,3;23;1,6;23;1017,4;8;1009,8;8;10,3;23;4,2;23;7,7;999,9;13,2;5,3;0,0;999,9;0;0;0;0;0;0
Corrientes_Aero;871660;2013;07;22;6,9;24;-0,4;24;1026,0;8;1018,3;8;10,3;24;3,0;24;5,1;999,9;13,2;2,1;0,0;999,9;0;0;0;0;0;0
Corrientes_Aero;871660;2013;07;23;7,3;24;-1,7;24;1028,8;8;1021,1;8;9,5;24;2,1;24;3,6;999,9;13,0;0,4;0,0;999,9;0;0;0;0;0;0
Corrientes_Aero;871660;2013;07;24;9,0;24;-0,4;24;1028,8;8;1021,1;8;8,9;24;1,6;24;4,6;999,9;16,0;1,6;0,0;999,9;0;0;0;0;0;0
Corrientes_Aero;871660;2013;07;25;10,6;24;1,2;24;1027,7;8;1020,1;8;9,8;24;2,2;24;4,6;999,9;16,0;4,5;0,0;999,9;0;0;0;0;0;0
Corrientes_Aero;871660;2013;07;26;12,9;23;3,7;23;1024,5;8;1016,9;8;9,0;23;3,8;22;7,2;999,9;20,0;6,8;0,0;999,9;0;0;0;0;0;0
Corrientes_Aero;871660;2013;07;27;14,6;23;8,6;23;1020,4;8;1012,9;8;8,7;23;2,1;23;4,1;999,9;23,0;7,2;0,0;999,9;0;0;0;0;0;0
Corrientes_Aero;871660;2013;07;28;17,0;24;11,9;24;1019,5;8;1012,0;8;7,6;24;2,5;24;4,1;999,9;25,3;10,4;0,0;999,9;0;0;0;0;0;0
Corrientes_Aero;871660;2013;07;29;20,4;23;13,6;23;1018,4;8;1011,0;8;9,2;23;2,8;23;4,1;999,9;29,0;12,6;0,0;999,9;0;0;0;0;0;0
Corrientes_Aero;871660;2013;07;30;21,1;20;15,8;20;1016,3;8;1009,1;8;8,5;20;3,2;20;5,7;999,9;29,7;15,6;0,0;999,9;0;0;0;0;0;0
Corrientes_Aero;871660;2013;07;31;22,0;24;13,6;24;1011,2;8;1004,0;8;8,7;24;3,3;24;6,2;999,9;29,8;15,6;0,0;999,9;0;0;0;0;0;0
Corrientes_Aero;871660;2013;08;01;22,2;23;14,1;23;1008,8;7;1001,6;7;8,5;20;3,6;23;7,7;999,9;29,0;15,3;0,0;999,9;0;0;0;0;0;0
Corrientes_Aero;871660;2013;08;02;14,7;24;12,2;24;1015,0;8;1007,7;8;8,2;24;4,9;24;7,2;999,9;30,0;12,8;1,0;999,9;0;1;0;0;1;0
Corrientes_Aero;871660;2013;08;03;12,9;24;9,8;24;1017,0;8;1009,5;8;10,0;24;3,0;24;6,2;999,9;15,2;11,6;0,0;999,9;0;0;0;0;0;0
Corrientes_Aero;871660;2013;08;04;13,5;24;10,6;24;1018,2;8;1010,7;8;9,3;20;2,6;24;5,7;999,9;18,0;8,3;0,0;999,9;1;0;0;0;0;0
Corrientes_Aero;871660;2013;08;05;11,8;16;8,9;16;1015,6;8;1008,1;8;6,3;16;1,2;16;2,6;999,9;23,3;5,6;0,0;999,9;1;0;0;0;0;0
Corrientes_Aero;871660;2013;08;06;18,4;8;10,7;8;1016,1;8;1008,7;8;9,5;8;3,6;8;6,2;999,9;24,6;11,8;0,0;999,9;0;0;0;0;0;0
Corrientes_Aero;871660;2013;08;07;25,9;12;14,5;12;1005,5;8;998,3;8;8,4;12;5,1;12;9,3;999,9;32,4;16,4;0,0;999,9;0;0;0;0;0;0
Corrientes_Aero;871660;2013;08;08;19,9;24;11,6;24;1004,7;8;997,5;8;9,0;21;6,1;24;12,4;999,9;32,5;14,0;0,0;999,9;0;0;0;0;0;0
Corrientes_Aero;871660;2013;08;09;13,1;24;4,7;24;1020,4;8;1013,0;8;9,2;20;6,5;24;8,8;999,9;21,4;10,6;0,0;999,9;0;0;0;0;0;0
Corrientes_Aero;871660;2013;08;10;11,2;24;2,2;24;1025,8;8;1018,3;8;9,0;17;3,1;24;5,7;999,9;16,2;5,4;0,0;999,9;0;0;0;0;0;0
Corrientes_Aero;871660;2013;08;11;11,3;24;2,8;24;1018,8;8;1011,2;8;8,0;16;2,8;24;5,7;999,9;18,0;5,0;0,0;999,9;0;0;0;0;0;0
Corrientes_Aero;871660;2013;08;12;14,1;24;5,3;24;1012,3;8;1004,9;8;9,0;15;2,3;24;4,6;999,9;22,0;5,5;0,0;999,9;0;0;0;0;0;0
Corrientes_Aero;871660;2013;08;13;13,2;24;5,5;24;1019,6;8;1012,1;8;8,9;22;5,7;24;9,3;999,9;22,0;9,0;0,0;999,9;0;0;0;0;0;0
Corrientes_Aero;871660;2013;08;14;7,6;24;-1,4;24;1032,5;8;1024,8;8;9,3;10;2,8;24;5,1;999,9;14,5;1,6;0,0;999,9;0;0;0;0;0;0
Corrientes_Aero;871660;2013;08;15;8,8;23;-0,9;23;1027,3;8;1019,7;8;9,3;11;2,6;23;5,7;999,9;16,0;1,7;0,0;999,9;0;0;0;0;0;0
Corrientes_Aero;871660;2013;08;16;13,1;21;2,4;21;1022,1;7;1014,6;7;8,4;16;1,8;21;4,1;999,9;24,0;2,4;0,0;999,9;0;0;0;0;0;0
Corrientes_Aero;871660;2013;08;17;13,8;24;3,9;24;1024,1;8;1016,6;8;7,9;18;2,6;24;4,6;999,9;22,2;5,9;0,0;999,9;0;0;0;0;0;0
Corrientes_Aero;871660;2013;08;18;15,6;24;8,5;24;1019,8;8;1012,4;8;8,5;19;3,6;24;20,6;999,9;25,0;6,7;0,0;999,9;0;0;0;0;0;0
Corrientes_Aero;871660;2013;08;19;19,4;24;11,9;24;1015,4;8;1008,0;8;8,2;15;3,1;24;5,7;999,9;28,0;12,3;0,0;999,9;0;0;0;0;0;0
Corrientes_Aero;871660;2013;08;20;22,2;24;14,1;24;1012,8;8;1005,5;8;8,0;21;3,4;24;6,2;999,9;30,1;15,8;0,0;999,9;0;0;0;0;0;0
Corrientes_Aero;871660;2013;08;21;24,9;22;13,9;22;1008,3;8;1001,2;8;8,4;16;4,5;22;13,4;999,9;32,0;18,5;0,0;999,9;0;0;0;0;0;0
Corrientes_Aero;871660;2013;08;22;21,7;23;10,8;23;1007,4;8;1000,3;8;6,9;23;6,2;23;13,4;999,9;32,5;13,0;0,0;999,9;0;0;0;0;0;0
Corrientes_Aero;871660;2013;08;23;9,8;23;-1,1;23;1020,2;7;1012,7;7;10,0;11;6,4;23;9,3;999,9;12,4;8,2;0,0;999,9;0;1;0;0;1;0
Corrientes_Aero;871660;2013;08;24;8,7;24;-0,1;24;1023,1;8;1015,5;8;10,0;16;4,3;24;6,2;999,9;10,3;7,0;0,0;999,9;0;1;0;0;1;0
Corrientes_Aero;871660;2013;08;25;8,4;24;6,3;24;1025,7;8;1018,0;8;6,6;24;4,9;24;7,2;999,9;10,0;6,7;18,0;999,9;0;1;0;0;0;0
Corrientes_Aero;871660;2013;08;26;8,8;24;0,3;24;1028,8;8;1021,1;8;9,2;17;5,1;24;7,2;999,9;12,0;6,4;4,1;999,9;0;1;0;0;0;0
Corrientes_Aero;871660;2013;08;27;7,5;23;-2,1;23;1029,0;8;1021,3;8;9,5;11;1,4;23;3,1;999,9;15,0;-0,1;0,0;999,9;0;0;0;0;0;0
Corrientes_Aero;871660;2013;08;28;11,3;24;1,0;24;1026,9;8;1019,3;8;9,3;13;2,2;24;4,6;999,9;19,0;5,0;0,0;999,9;0;0;0;0;0;0
Corrientes_Aero;871660;2013;08;29;14,1;23;5,3;23;1021,4;8;1014,0;8;9,3;11;2,6;23;4,6;999,9;22,4;6,3;0,0;999,9;0;0;0;0;0;0
Corrientes_Aero;871660;2013;08;30;17,9;23;7,8;23;1014,8;8;1007,4;8;8,5;15;2,8;23;6,7;999,9;26,0;11,6;0,0;999,9;0;0;0;0;0;0
Corrientes_Aero;871660;2013;08;31;23,3;24;12,1;24;1008,8;8;1001,6;8;7,6;21;3,7;24;8,2;999,9;34,0;14,2;0,0;999,9;0;0;0;0;0;0
Corrientes_Aero;871660;2013;09;01;24,7;24;15,8;24;1006,9;8;999,8;8;7,4;19;2,3;24;5,1;999,9;34,0;16,0;0,0;999,9;0;0;0;0;0;0
Corrientes_Aero;871660;2013;09;02;22,3;24;16,9;24;1007,1;8;999,9;8;8,2;24;3,0;24;6,2;999,9;33,8;17,7;3,0;999,9;0;1;0;0;1;0
Corrientes_Aero;871660;2013;09;03;18,5;24;12,3;24;1014,6;8;1007,3;8;7,9;17;4,0;24;8,8;999,9;27,2;15,2;0,0;999,9;0;0;0;0;0;0
Corrientes_Aero;871660;2013;09;04;14,6;22;5,5;22;1022,7;8;1015,2;8;8,9;14;3,9;22;5,7;999,9;23,5;7,3;0,0;999,9;0;0;0;0;0;0
Corrientes_Aero;871660;2013;09;05;19,0;24;10,1;24;1017,1;8;1009,7;8;8,4;19;3,8;24;7,2;999,9;29,0;11,0;0,0;999,9;0;0;0;0;0;0
Corrientes_Aero;871660;2013;09;06;24,6;24;16,2;24;1014,2;8;1006,9;8;8,0;18;3,9;24;7,7;999,9;32,0;14,4;0,0;999,9;0;0;0;0;0;0
Corrientes_Aero;871660;2013;09;07;25,8;22;16,1;22;1010,5;8;1003,4;8;8,2;18;3,9;21;7,2;999,9;34,0;19,6;0,0;999,9;0;0;0;0;0;0
Corrientes_Aero;871660;2013;09;08;27,2;24;18,1;24;1011,2;8;1004,1;8;8,4;20;2,7;24;5,1;999,9;34,0;22,0;0,0;999,9;0;0;0;0;1;0
Corrientes_Aero;871660;2013;09;09;24,8;24;18,1;24;1015,7;8;1008,5;8;9,0;18;3,2;23;6,7;999,9;33,6;18,5;0,0;999,9;0;0;0;0;0;0
Corrientes_Aero;871660;2013;09;10;27,5;24;16,4;24;1012,7;8;1005,6;8;9,0;14;4,6;24;9,8;999,9;36,0;21,0;0,0;999,9;0;0;0;0;0;0
Corrientes_Aero;871660;2013;09;11;28,1;23;13,8;23;1009,3;8;1002,2;8;6,0;23;4,9;23;8,8;999,9;36,4;21,0;0,0;999,9;0;0;0;0;0;0
Corrientes_Aero;871660;2013;09;12;28,6;24;14,1;24;1005,9;8;998,8;8;7,7;24;4,8;24;8,2;999,9;37,0;20,0;0,0;999,9;0;0;0;0;0;0
Corrientes_Aero;871660;2013;09;13;21,2;23;14,8;23;1010,2;8;1003,1;8;7,1;23;4,9;23;7,7;999,9;37,1;16,0;999,9;999,9;0;1;0;0;0;0
Corrientes_Aero;871660;2013;09;14;15,2;24;13,5;24;1015,1;8;1007,7;8;7,2;24;3,6;24;5,1;999,9;20,1;13,8;1,0;999,9;0;1;0;0;1;0
Corrientes_Aero;871660;2013;09;15;13,7;23;11,8;23;1014,8;7;1007,3;7;8,2;23;3,1;23;4,6;999,9;16,7;12,1;1,0;999,9;0;1;0;0;1;0
Corrientes_Aero;871660;2013;09;16;12,9;24;9,4;24;1014,1;8;1006,6;8;9,7;24;4,8;24;7,2;999,9;15,5;10,6;5,1;999,9;0;1;0;0;0;0
Corrientes_Aero;871660;2013;09;17;12,1;23;4,9;23;1019,6;8;1012,1;8;10,0;23;6,1;23;8,2;999,9;16,0;8,4;0,3;999,9;0;1;0;0;0;0
Corrientes_Aero;871660;2013;09;18;11,6;24;1,7;24;1023,0;8;1015,4;8;8,4;17;1,6;24;4,1;999,9;19,0;3,1;0,0;999,9;0;0;0;0;0;0
Corrientes_Aero;871660;2013;09;19;13,8;24;2,8;24;1022,0;8;1014,5;8;8,9;20;2,8;24;5,7;999,9;21,3;5,8;0,0;999,9;0;0;0;0;0;0
Corrientes_Aero;871660;2013;09;20;19,4;24;8,3;24;1010,7;8;1003,3;8;7,7;24;2,1;24;6,0;999,9;28,0;11,3;0,0;999,9;0;0;0;0;0;0
Corrientes_Aero;871660;2013;09;21;18,2;20;11,8;20;1006,5;7;999,3;7;8,7;17;4,4;20;7,2;999,9;28,4;14,6;19,0;999,9;0;1;0;0;1;0
Corrientes_Aero;871660;2013;09;22;15,2;22;11,1;22;1013,7;8;1006,3;8;9,8;20;6,5;22;10,3;999,9;24,3;13,6;0,3;999,9;0;0;0;0;0;0
Corrientes_Aero;871660;2013;09;23;13,1;24;5,7;24;1025,2;8;1017,6;8;10,0;21;5,4;24;7,7;999,9;18,0;9,4;0,0;999,9;0;0;0;0;0;0
Corrientes_Aero;871660;2013;09;24;11,6;24;0,6;24;1028,7;8;1021,1;8;9,5;12;3,4;24;6,2;999,9;19,1;4,7;0,0;999,9;0;0;0;0;0;0
Corrientes_Aero;871660;2013;09;25;12,5;24;5,7;24;1024,9;8;1017,4;8;10,0;15;2,9;24;5,1;999,9;20,0;5,6;0,0;999,9;0;0;0;0;0;0
Corrientes_Aero;871660;2013;09;26;16,2;24;7,7;24;1017,7;8;1010,2;8;9,3;12;2,9;24;6,2;999,9;26,0;7,0;0,0;999,9;1;0;0;0;0;0
Corrientes_Aero;871660;2013;09;27;18,9;24;11,4;24;1012,4;8;1005,1;8;8,9;16;3,2;24;4,6;999,9;26,0;14,8;999,9;999,9;0;1;0;0;0;0
Corrientes_Aero;871660;2013;09;28;20,6;23;17,2;23;1011,9;8;1004,6;8;8,9;23;2,8;23;6,2;999,9;26,0;16,4;5,1;999,9;0;1;0;0;1;0
Corrientes_Aero;871660;2013;09;29;15,4;24;12,8;24;1016,6;8;1009,3;8;8,4;17;4,7;24;6,7;999,9;25,7;13,0;0,0;999,9;0;1;0;0;0;0
Corrientes_Aero;871660;2013;09;30;13,5;22;9,0;22;1017,5;8;1010,0;8;9,5;16;4,1;22;6,2;999,9;17,2;9,8;3,0;999,9;0;1;0;0;1;0
Corrientes_Aero;871660;2013;10;01;15,0;24;8,1;24;1016,5;8;1009,0;8;8,9;14;2,0;24;4,6;999,9;24,0;6,1;0,0;999,9;1;0;0;0;0;0
Corrientes_Aero;871660;2013;10;02;17,7;23;8,2;23;1015,0;8;1007,6;8;9,3;11;2,9;23;4,6;999,9;26,0;10,0;0,0;999,9;0;0;0;0;0;0
Corrientes_Aero;871660;2013;10;03;20,8;24;10,8;24;1012,5;8;1005,2;8;8,5;23;3,1;24;9,3;999,9;28,4;14,2;0,0;999,9;0;0;0;0;0;0
Corrientes_Aero;871660;2013;10;04;18,2;24;9,5;24;1018,2;8;1010,9;8;9,3;17;5,4;24;8,8;999,9;29,0;14,0;0,0;999,9;0;0;0;0;0;0
Corrientes_Aero;871660;2013;10;05;17,2;24;9,2;24;1019,8;8;1012,4;8;9,2;17;2,6;24;4,6;999,9;25,0;10,0;0,0;999,9;0;0;0;0;0;0
Corrientes_Aero;871660;2013;10;06;17,6;21;9,2;21;1020,3;8;1012,9;8;9,8;8;3,8;21;6,7;999,9;25,0;10,5;0,0;999,9;0;0;0;0;0;0
Corrientes_Aero;871660;2013;10;07;19,5;24;9,3;24;1019,8;8;1012,5;8;9,3;10;3,8;24;6,2;999,9;28,0;11,2;0,0;999,9;0;0;0;0;0;0
Corrientes_Aero;871660;2013;10;08;22,4;23;12,7;23;1016,3;8;1009,1;8;8,4;20;4,1;23;7,2;999,9;30,1;13,7;0,0;999,9;0;0;0;0;0;0
Corrientes_Aero;871660;2013;10;09;24,9;24;13,9;24;1011,9;8;1004,7;8;8,4;14;3,9;24;7,2;999,9;33,0;16,4;0,0;999,9;0;0;0;0;0;0
Corrientes_Aero;871660;2013;10;10;23,9;18;18,1;18;1012,7;8;1005,6;8;8,9;14;4,5;18;8,8;999,9;33,5;19,2;16,0;999,9;0;1;0;0;1;0
Corrientes_Aero;871660;2013;10;11;23,3;24;18,3;24;1012,9;8;1005,7;8;8,7;21;1,9;24;3,6;999,9;29,0;17,1;0,0;999,9;0;0;0;0;1;0
Corrientes_Aero;871660;2013;10;12;21,5;20;19,2;20;1011,7;7;1004,5;7;8,9;19;3,7;20;11,3;999,9;29,5;18,7;15,2;999,9;0;1;0;0;1;0
Corrientes_Aero;871660;2013;10;13;22,2;24;18,6;24;1012,6;8;1005,3;8;7,7;22;1,4;24;3,6;999,9;28,0;16,8;0,0;999,9;1;0;0;0;0;0
Corrientes_Aero;871660;2013;10;14;23,1;24;18,7;23;1014,4;8;1007,2;8;9,3;19;1,7;24;3,1;999,9;28,0;18,4;0,0;999,9;0;0;0;0;0;0
Corrientes_Aero;871660;2013;10;15;22,8;22;17,4;22;1016,5;8;1009,2;8;9,2;16;1,8;22;4,1;999,9;28,0;16,8;0,0;999,9;0;0;0;0;0;0
Corrientes_Aero;871660;2013;10;16;24,3;20;15,1;20;1014,0;8;1006,7;8;9,3;15;2,1;20;3,6;999,9;30,1;16,4;0,0;999,9;0;0;0;0;0;0
Corrientes_Aero;871660;2013;10;17;22,6;21;14,1;21;1012,5;8;1005,3;8;7,6;16;3,1;21;5,7;999,9;30,4;15,5;0,0;999,9;0;0;0;0;0;0
Corrientes_Aero;871660;2013;10;18;24,4;21;13,6;21;1011,6;8;1004,3;8;9,0;19;2,4;21;5,1;999,9;31,0;14,0;0,0;999,9;0;0;0;0;0;0
Corrientes_Aero;871660;2013;10;19;24,4;24;15,1;24;1009,2;8;1002,0;8;8,7;17;2,0;24;4,1;999,9;32,2;15,9;0,0;999,9;0;0;0;0;0;0
Corrientes_Aero;871660;2013;10;20;27,2;23;15,9;23;1002,2;8;995,1;8;9,7;11;4,5;23;9,8;999,9;35,0;19,5;0,0;999,9;0;0;0;0;0;0
Corrientes_Aero;871660;2013;10;21;24,7;24;18,1;24;1004,8;8;997,8;8;9,7;22;6,3;24;18,0;999,9;35,3;19,7;5,1;999,9;0;1;0;0;1;0
Corrientes_Aero;871660;2013;10;22;21,1;24;13,7;24;1010,4;8;1003,1;8;9,8;9;3,4;24;6,2;999,9;28,2;12,4;0,0;999,9;0;0;0;0;0;0
Corrientes_Aero;871660;2013;10;23;26,7;24;21,6;24;1005,0;8;997,9;8;8,4;24;2,9;24;5,1;999,9;34,0;20,9;0,0;999,9;0;0;0;0;0;0
Corrientes_Aero;871660;2013;10;24;22,5;24;20,7;24;1010,3;5;1003,2;5;7,6;24;4,6;24;17,0;24,2;34,3;20,5;81,0;999,9;0;1;0;0;1;0
Corrientes_Aero;871660;2013;10;25;21,2;22;17,4;21;1016,2;8;1008,9;8;10,0;19;4,1;22;6,2;999,9;26,0;18,0;9,9;999,9;0;1;0;0;0;0
Corrientes_Aero;871660;2013;10;26;23,2;23;20,7;23;1010,6;8;1003,4;8;8,9;22;3,2;23;6,2;999,9;28,0;19,3;0,3;999,9;0;1;0;0;0;0
Corrientes_Aero;871660;2013;10;27;21,5;24;14,7;24;1015,7;8;1008,4;8;10,0;8;4,8;24;8,8;999,9;29,0;16,3;0,0;999,9;0;0;0;0;0;0
Corrientes_Aero;871660;2013;10;28;21,0;24;13,7;24;1015,3;8;1008,0;8;10,0;8;3,6;24;6,7;999,9;27,0;15,2;0,0;999,9;0;0;0;0;0;0
Corrientes_Aero;871660;2013;10;29;23,1;24;15,3;24;1009,9;8;1002,7;8;9,8;15;2,9;24;5,1;999,9;29,0;18,4;0,0;999,9;0;0;0;0;0;0
Corrientes_Aero;871660;2013;10;30;25,8;21;21,1;21;1007,8;7;1000,7;7;8,7;20;2,9;21;5,1;999,9;32,2;22,0;0,0;999,9;0;1;0;0;1;0
Corrientes_Aero;871660;2013;10;31;29,2;17;20,8;17;1005,7;8;998,6;8;10,0;12;4,7;17;6,7;999,9;33,0;23,5;0,0;999,9;0;0;0;0;0;0
Corrientes_Aero;871660;2013;11;01;29,3;19;22,2;19;1004,4;8;997,3;8;10,0;12;4,8;19;10,3;999,9;34,1;24,0;999,9;999,9;0;1;0;0;1;0
Corrientes_Aero;871660;2013;11;02;21,9;23;20,2;23;1008,5;8;1001,3;8;6,9;21;5,3;23;7,7;999,9;34,4;20,8;148,1;999,9;0;1;0;0;1;0
Corrientes_Aero;871660;2013;11;03;20,4;20;13,9;20;1015,6;8;1008,2;8;10,0;12;4,0;20;7,7;999,9;25,2;16,6;1,0;999,9;0;0;0;0;0;0
Corrientes_Aero;871660;2013;11;04;20,3;19;12,4;19;1016,1;8;1008,8;8;10,0;8;2,8;19;4,1;999,9;25,6;14,9;0,0;999,9;0;0;0;0;0;0
Corrientes_Aero;871660;2013;11;05;20,9;19;14,4;19;1015,7;8;1008,4;8;10,0;8;3,1;19;5,1;999,9;27,0;15,4;0,0;999,9;0;0;0;0;0;0
Corrientes_Aero;871660;2013;11;06;24,6;18;16,8;18;1013,7;8;1006,4;8;8,9;13;3,3;18;6,2;999,9;31,0;16,8;0,0;999,9;0;0;0;0;0;0
Corrientes_Aero;871660;2013;11;07;26,4;24;19,0;24;1011,9;8;1004,8;8;10,0;11;4,0;24;8,2;999,9;31,4;22,0;0,0;999,9;0;0;0;0;0;0
Corrientes_Aero;871660;2013;11;08;27,0;24;19,9;24;1008,4;8;1001,3;8;9,5;12;3,2;24;7,2;999,9;32,3;21,4;0,0;999,9;0;0;0;0;0;0
Corrientes_Aero;871660;2013;11;09;28,8;21;21,5;21;1002,2;8;995,2;8;9,8;13;4,4;21;7,2;999,9;35,4;25,0;0,0;999,9;0;0;0;0;0;0
Corrientes_Aero;871660;2013;11;10;30,4;24;22,7;24;998,1;8;991,2;8;10,0;16;5,3;24;9,3;999,9;35,6;26,7;0,0;999,9;0;0;0;0;0;0
Corrientes_Aero;871660;2013;11;11;22,6;20;19,8;20;1002,9;7;995,8;7;8,9;18;5,8;20;10,8;999,9;34,3;19,0;22,1;999,9;0;1;0;0;1;0
Corrientes_Aero;871660;2013;11;12;22,4;22;13,6;22;1011,5;8;1004,3;8;9,8;11;2,6;22;4,1;999,9;29,0;15,0;0,0;999,9;0;0;0;0;0;0
Corrientes_Aero;871660;2013;11;13;24,4;24;16,0;24;1014,3;8;1007,1;8;8,7;16;3,1;24;6,7;999,9;30,0;19,0;0,0;999,9;0;0;0;0;0;0
