Dolores_Aero;876480;2013;01;01;14,9;8;8,0;8;1014,7;8;1013,6;8;10,0;8;8,6;8;11,8;999,9;25,7;9,0;3,0;999,9;0;0;0;0;0;0
Dolores_Aero;876480;2013;01;02;13,7;8;7,9;8;1021,5;8;1020,3;8;9,8;8;0,9;8;2,1;999,9;20,4;7,5;0,0;999,9;0;0;0;0;0;0
Dolores_Aero;876480;2013;01;03;18,6;8;12,7;8;1019,3;8;1018,2;8;10,0;8;2,6;8;6,2;999,9;25,6;12,4;0,0;999,9;0;0;0;0;0;0
Dolores_Aero;876480;2013;01;04;22,2;8;17,2;8;1015,1;8;1014,0;8;10,0;8;3,5;8;5,1;999,9;28,0;18,0;0,0;999,9;0;0;0;0;0;0
Dolores_Aero;876480;2013;01;05;24,5;8;19,9;8;1008,4;8;1007,3;8;9,8;8;3,6;8;5,1;999,9;28,8;20,0;23,9;999,9;0;1;0;0;1;0
Dolores_Aero;876480;2013;01;06;22,5;8;17,5;8;1005,9;8;1004,9;8;10,0;8;3,0;8;5,1;999,9;29,4;17,0;0,0;999,9;0;0;0;0;0;0
Dolores_Aero;876480;2013;01;07;24,8;8;19,4;8;1002,6;8;1001,5;8;10,0;8;5,0;8;8,2;999,9;29,7;19,6;0,0;999,9;0;0;0;0;0;0
Dolores_Aero;876480;2013;01;08;20,7;8;14,9;8;1009,2;8;1008,2;8;10,0;8;3,1;8;6,2;999,9;29,7;12,0;0,0;999,9;0;0;0;0;0;0
Dolores_Aero;876480;2013;01;09;21,6;8;12,7;8;1016,5;8;1015,5;8;10,0;8;4,8;8;6,2;999,9;28,9;15,5;0,0;999,9;0;0;0;0;0;0
Dolores_Aero;876480;2013;01;10;23,9;8;17,6;8;1018,6;8;1017,6;8;10,0;8;4,7;8;6,2;999,9;30,8;18,5;0,0;999,9;0;0;0;0;0;0
Dolores_Aero;876480;2013;01;11;24,5;8;17,5;8;1017,1;8;1016,1;8;10,0;8;4,1;8;8,2;999,9;31,7;19,3;0,0;999,9;0;0;0;0;0;0
Dolores_Aero;876480;2013;01;12;24,7;8;18,8;8;1014,4;8;1013,4;8;10,0;8;4,1;8;5,1;999,9;31,7;20,0;0,0;999,9;0;0;0;0;0;0
Dolores_Aero;876480;2013;01;13;25,0;8;18,1;8;1015,6;8;1014,5;8;10,0;8;0,9;8;3,1;999,9;31,2;18,7;0,0;999,9;0;0;0;0;0;0
Dolores_Aero;876480;2013;01;14;23,0;8;18,6;8;1016,1;8;1015,1;8;7,4;8;1,7;8;5,1;999,9;31,7;17,5;0,0;999,9;1;0;0;0;0;0
Dolores_Aero;876480;2013;01;15;24,2;8;18,4;8;1013,6;8;1012,5;8;10,0;8;2,5;8;4,1;999,9;30,0;20,0;0,0;999,9;0;0;0;0;0;0
Dolores_Aero;876480;2013;01;16;24,1;8;18,9;8;1009,7;8;1008,7;8;10,0;8;1,9;8;5,1;999,9;30,2;20,5;0,0;999,9;0;0;0;0;0;0
Dolores_Aero;876480;2013;01;17;22,0;8;17,9;8;1013,3;8;1012,3;8;9,0;8;2,5;8;7,2;999,9;30,2;17,8;35,1;999,9;0;1;0;0;1;0
Dolores_Aero;876480;2013;01;18;19,7;8;17,2;8;1017,2;7;1016,2;7;10,0;8;4,6;8;8,2;999,9;28,4;17,0;0,0;999,9;0;0;0;0;0;0
Dolores_Aero;876480;2013;01;19;20,0;8;14,5;8;1019,4;8;1018,3;8;10,0;8;4,3;8;5,1;999,9;25,2;14,9;0,0;999,9;0;0;0;0;0;0
Dolores_Aero;876480;2013;01;20;17,8;8;13,4;8;1023,1;8;1022,0;8;10,0;8;2,8;8;6,2;999,9;25,8;10,8;0,0;999,9;0;0;0;0;0;0
Dolores_Aero;876480;2013;01;21;20,9;8;15,1;8;1023,2;8;1022,2;8;10,0;8;2,6;8;4,1;999,9;26,6;14,5;0,0;999,9;0;0;0;0;0;0
Dolores_Aero;876480;2013;01;22;22,6;8;17,3;8;1020,1;8;1019,0;8;10,0;8;4,2;8;7,2;999,9;26,9;18,0;0,0;999,9;0;0;0;0;0;0
Dolores_Aero;876480;2013;01;23;24,6;8;18,6;8;1012,6;8;1011,6;8;10,0;8;1,5;8;4,1;999,9;31,2;19,3;0,0;999,9;0;0;0;0;0;0
Dolores_Aero;876480;2013;01;24;23,3;8;19,5;8;1002,9;8;1001,8;8;9,8;8;2,2;8;6,2;999,9;31,9;18,8;999,9;999,9;0;1;0;0;1;0
Dolores_Aero;876480;2013;01;25;16,1;8;9,8;8;1009,1;8;1008,1;8;10,0;8;8,7;8;13,9;999,9;30,2;11,0;3,0;999,9;0;0;0;0;0;0
Dolores_Aero;876480;2013;01;26;17,0;8;8,3;8;1013,6;8;1012,5;8;10,0;8;3,5;8;8,2;999,9;26,9;8,6;0,0;999,9;0;0;0;0;0;0
Dolores_Aero;876480;2013;01;27;22,1;8;11,7;8;1012,5;8;1011,4;8;10,0;8;4,8;8;8,2;999,9;30,2;13,3;0,0;999,9;0;0;0;0;0;0
Dolores_Aero;876480;2013;01;28;25,8;6;17,8;6;1012,3;6;1011,2;6;10,0;6;2,6;6;5,1;999,9;34,4;18,5;0,0;999,9;0;0;0;0;0;0
Dolores_Aero;876480;2013;01;29;25,6;8;17,9;8;1015,6;8;1014,5;8;9,8;8;3,3;8;9,8;999,9;34,7;21,6;0,0;999,9;0;1;0;0;1;0
Dolores_Aero;876480;2013;01;30;23,2;8;18,2;8;1012,5;8;1011,5;8;10,0;8;1,0;8;3,1;999,9;32,7;18,3;6,1;999,9;0;0;0;0;0;0
Dolores_Aero;876480;2013;01;31;24,4;8;19,9;8;1011,1;8;1010,0;8;9,2;8;1,2;8;3,1;999,9;30,3;19,7;0,0;999,9;0;0;0;0;0;0
Dolores_Aero;876480;2013;02;01;26,3;8;20,8;8;1005,9;8;1004,8;8;9,2;8;3,6;8;7,2;999,9;32,7;20,6;0,0;999,9;0;0;0;0;0;0
Dolores_Aero;876480;2013;02;02;22,2;8;15,4;8;1010,0;8;1008,9;8;9,8;8;4,5;8;6,2;999,9;33,7;15,1;6,1;999,9;0;0;0;0;1;0
Dolores_Aero;876480;2013;02;03;16,1;8;8,2;8;1019,5;8;1018,4;8;10,0;8;1,0;8;3,1;999,9;26,9;7,2;0,0;999,9;0;0;0;0;0;0
Dolores_Aero;876480;2013;02;04;18,5;8;10,9;8;1016,2;8;1015,1;8;10,0;8;4,0;8;7,2;999,9;26,9;11,2;0,0;999,9;0;0;0;0;0;0
Dolores_Aero;876480;2013;02;05;21,0;8;13,2;8;1015,7;8;1014,6;8;10,0;8;2,6;8;4,1;999,9;29,2;12,6;0,0;999,9;0;0;0;0;0;0
Dolores_Aero;876480;2013;02;06;23,0;8;15,8;8;1017,3;8;1016,2;8;10,0;8;4,0;8;6,2;999,9;29,7;17,7;0,0;999,9;0;0;0;0;0;0
Dolores_Aero;876480;2013;02;07;22,6;8;16,6;8;1018,0;8;1016,9;8;10,0;8;3,5;8;6,2;999,9;29,9;16,8;0,0;999,9;0;0;0;0;0;0
Dolores_Aero;876480;2013;02;08;23,4;8;17,7;8;1015,5;8;1014,4;8;10,0;8;2,3;8;3,1;999,9;30,0;18,7;0,0;999,9;0;0;0;0;0;0
Dolores_Aero;876480;2013;02;09;23,2;7;18,2;7;1013,7;7;1012,7;7;9,7;7;4,6;7;8,2;999,9;30,8;19,3;0,0;999,9;0;0;0;0;0;0
Dolores_Aero;876480;2013;02;10;24,3;8;21,9;8;1009,7;8;1008,7;8;9,8;8;2,6;8;3,1;999,9;30,5;21,8;0,0;999,9;0;0;0;0;1;0
Dolores_Aero;876480;2013;02;11;24,0;8;20,3;8;1007,0;8;1005,9;8;10,0;8;1,0;8;3,1;999,9;30,5;19,7;0,0;999,9;0;0;0;0;0;0
Dolores_Aero;876480;2013;02;12;24,0;8;18,2;8;1003,1;8;1002,1;8;9,0;8;4,0;8;7,2;999,9;29,9;18,0;0,0;999,9;0;1;0;0;0;0
Dolores_Aero;876480;2013;02;13;22,3;8;15,8;8;1007,0;8;1005,9;8;9,8;8;2,8;8;7,2;999,9;31,4;13,2;0,0;999,9;0;0;0;0;0;0
Dolores_Aero;876480;2013;02;14;22,6;8;15,9;8;1011,4;8;1010,3;8;10,0;8;1,7;8;5,1;999,9;30,6;15,0;0,0;999,9;0;0;0;0;0;0
Dolores_Aero;876480;2013;02;15;24,9;8;18,4;8;1011,3;8;1010,2;8;9,2;8;3,1;8;5,1;999,9;32,0;18,1;0,0;999,9;0;0;0;0;0;0
Dolores_Aero;876480;2013;02;16;25,2;8;20,8;8;1007,5;8;1006,4;8;10,0;8;4,5;8;7,2;999,9;32,2;20,2;0,0;999,9;0;0;0;0;0;0
Dolores_Aero;876480;2013;02;17;23,7;8;19,4;8;1005,2;8;1004,2;8;9,8;8;4,1;8;7,2;999,9;32,1;20,5;3,0;999,9;0;1;0;0;0;0
Dolores_Aero;876480;2013;02;18;17,4;8;9,7;8;1017,6;8;1016,6;8;10,0;8;3,4;8;5,1;999,9;27,9;9,7;0,0;999,9;0;1;0;0;0;0
Dolores_Aero;876480;2013;02;19;17,9;8;11,1;8;1021,0;8;1019,9;8;10,0;8;2,5;8;5,1;999,9;24,3;12,8;0,0;999,9;0;0;0;0;0;0
Dolores_Aero;876480;2013;02;20;18,4;8;11,8;8;1019,5;8;1018,4;8;10,0;8;2,6;8;5,1;999,9;25,7;8,1;0,0;999,9;0;0;0;0;0;0
Dolores_Aero;876480;2013;02;21;20,2;8;13,3;8;1015,8;8;1014,7;8;10,0;8;2,1;8;3,1;999,9;26,4;15,0;0,0;999,9;0;0;0;0;0;0
Dolores_Aero;876480;2013;02;22;19,5;8;13,2;8;1019,1;8;1017,9;8;9,3;8;3,2;8;6,2;999,9;26,7;9,2;0,0;999,9;0;0;0;0;0;0
Dolores_Aero;876480;2013;02;23;21,6;8;15,9;8;1014,2;8;1013,2;8;10,0;8;4,9;8;6,7;999,9;27,5;18,0;0,0;999,9;0;0;0;0;1;0
Dolores_Aero;876480;2013;02;24;22,2;8;17,0;8;1007,1;8;1006,1;8;8,5;8;2,2;8;5,1;999,9;28,4;18,3;25,9;999,9;0;1;0;0;1;0
Dolores_Aero;876480;2013;02;25;16,9;8;10,9;8;1010,0;8;1008,9;8;10,0;8;5,6;8;9,3;999,9;29,5;13,0;0,0;999,9;0;0;0;0;0;0
Dolores_Aero;876480;2013;02;26;14,3;8;8,3;8;1014,1;8;1013,0;8;10,0;8;6,0;8;7,2;999,9;20,4;9,0;0,0;999,9;0;0;0;0;0;0
Dolores_Aero;876480;2013;02;27;14,6;8;8,9;8;1016,0;8;1014,9;8;9,3;8;1,7;8;3,1;999,9;23,3;6,9;0,0;999,9;0;0;0;0;0;0
Dolores_Aero;876480;2013;02;28;17,2;8;12,6;8;1017,3;8;1016,2;8;9,8;8;2,8;8;5,1;999,9;24,0;10,5;0,0;999,9;0;0;0;0;0;0
Dolores_Aero;876480;2013;03;01;18,2;8;14,4;8;1014,1;8;1013,1;8;10,0;8;3,7;8;6,2;999,9;24,0;14,1;0,0;999,9;0;0;0;0;1;0
Dolores_Aero;876480;2013;03;02;20,0;8;17,3;8;1002,4;8;1001,3;8;9,3;8;6,9;8;14,4;999,9;23,9;18,0;50,0;999,9;0;1;0;0;1;0
Dolores_Aero;876480;2013;03;03;17,6;8;12,6;8;1011,5;8;1010,4;8;10,0;8;6,3;8;8,7;999,9;23,6;14,0;0,0;999,9;0;0;0;0;0;0
Dolores_Aero;876480;2013;03;04;14,5;8;10,2;8;1017,1;8;1016,0;8;10,0;8;4,4;8;6,2;999,9;21,9;9,0;0,0;999,9;0;0;0;0;0;0
Dolores_Aero;876480;2013;03;05;15,1;8;9,9;8;1014,1;8;1013,0;8;9,3;8;1,5;8;5,1;999,9;23,3;5,2;0,0;999,9;0;0;0;0;0;0
Dolores_Aero;876480;2013;03;06;18,7;8;12,7;8;1008,6;8;1007,5;8;9,7;8;3,2;8;6,2;999,9;27,0;10,8;0,0;999,9;0;0;0;0;0;0
Dolores_Aero;876480;2013;03;07;18,9;8;12,7;8;1012,9;8;1011,8;8;9,5;8;1,8;8;2,1;999,9;27,4;9,0;0,0;999,9;0;0;0;0;0;0
Dolores_Aero;876480;2013;03;08;19,0;8;14,2;8;1015,5;8;1014,4;8;10,0;8;2,3;8;5,1;999,9;26,8;12,0;0,0;999,9;0;0;0;0;1;0
Dolores_Aero;876480;2013;03;09;22,8;8;18,6;8;1009,4;8;1008,3;8;6,8;8;2,8;8;6,2;999,9;30,1;16,0;0,0;999,9;1;0;0;0;0;0
Dolores_Aero;876480;2013;03;10;19,8;8;12,4;8;1006,0;8;1005,0;8;10,0;8;5,4;8;9,8;999,9;30,2;16,0;0,0;999,9;0;0;0;0;0;0
Dolores_Aero;876480;2013;03;11;14,7;7;8,6;7;1008,0;7;1006,8;7;7,9;7;2,5;7;7,2;999,9;24,2;6,8;0,0;999,9;0;0;0;0;0;0
Dolores_Aero;876480;2013;03;12;15,7;8;8,9;8;1011,7;8;1010,7;8;10,0;8;2,1;8;4,1;999,9;24,2;7,0;0,0;999,9;0;0;0;0;0;0
Dolores_Aero;876480;2013;03;13;13,2;8;7,8;8;1017,2;8;1016,1;8;10,0;8;3,0;8;6,2;999,9;21,9;7,7;0,0;999,9;0;0;0;0;0;0
Dolores_Aero;876480;2013;03;14;10,6;8;5,1;8;1021,8;8;1020,7;8;10,0;8;2,6;8;4,1;999,9;17,7;2,4;0,0;999,9;0;0;0;0;0;0
Dolores_Aero;876480;2013;03;15;10,4;8;7,4;8;1024,2;8;1023,1;8;9,8;8;2,1;8;3,1;999,9;18,4;7,8;0,8;999,9;0;1;0;0;0;0
Dolores_Aero;876480;2013;03;16;9,1;8;4,4;8;1027,4;8;1026,3;8;9,2;8;1,4;8;2,1;999,9;17,8;0,8;2,0;999,9;0;0;0;0;0;0
Dolores_Aero;876480;2013;03;17;10,7;8;5,6;8;1029,3;8;1028,2;8;10,3;8;1,0;8;3,1;999,9;19,2;0,8;0,0;999,9;0;0;0;0;0;0
Dolores_Aero;876480;2013;03;18;13,1;8;10,7;8;1028,1;8;1027,0;8;10,0;8;2,5;8;5,1;999,9;19,7;8,4;3,0;999,9;0;1;0;0;0;0
Dolores_Aero;876480;2013;03;19;15,9;8;13,3;8;1024,0;8;1022,9;8;9,5;8;2,7;8;5,1;999,9;20,0;10,0;0,0;999,9;0;0;0;0;0;0
Dolores_Aero;876480;2013;03;20;19,1;8;16,9;8;1015,9;8;1014,8;8;9,2;8;3,9;8;6,2;999,9;21,4;15,0;3,0;999,9;0;1;0;0;0;0
Dolores_Aero;876480;2013;03;21;20,0;8;15,5;8;1009,4;8;1008,4;8;9,7;8;4,9;8;10,8;999,9;25,3;16,7;1,0;999,9;0;1;0;0;0;0
Dolores_Aero;876480;2013;03;22;14,3;8;5,2;8;1015,9;8;1014,8;8;10,0;8;3,3;8;5,1;999,9;25,7;4,8;0,0;999,9;0;0;0;0;0;0
Dolores_Aero;876480;2013;03;23;14,7;8;7,0;8;1017,8;8;1016,8;8;10,0;8;2,3;8;3,1;999,9;24,1;6,0;0,0;999,9;0;0;0;0;0;0
Dolores_Aero;876480;2013;03;24;18,1;8;12,7;8;1016,4;8;1015,4;8;8,4;8;3,9;8;8,2;999,9;25,0;10,6;0,0;999,9;1;0;0;0;0;0
Dolores_Aero;876480;2013;03;25;18,6;8;15,6;8;1012,5;8;1011,4;8;9,5;8;3,9;8;7,2;999,9;26,0;14,5;18,0;999,9;0;1;0;0;0;0
Dolores_Aero;876480;2013;03;26;15,6;8;11,3;8;1018,1;8;1017,0;8;7,6;8;2,6;8;5,1;999,9;23,8;8,3;8,9;999,9;1;1;0;0;1;0
Dolores_Aero;876480;2013;03;27;16,6;8;11,8;8;1021,4;8;1020,3;8;6,4;8;1,2;8;2,1;999,9;24,8;8,2;0,0;999,9;1;0;0;0;0;0
Dolores_Aero;876480;2013;03;28;17,1;8;11,0;8;1020,9;8;1019,8;8;7,9;8;2,6;8;6,2;999,9;25,8;9,3;0,0;999,9;1;0;0;0;0;0
Dolores_Aero;876480;2013;03;29;18,5;8;12,9;8;1019,1;8;1018,1;8;8,5;8;2,8;8;4,1;999,9;27,0;10,7;0,0;999,9;1;0;0;0;0;0
Dolores_Aero;876480;2013;03;30;20,6;8;14,7;8;1016,8;8;1015,7;8;10,0;8;3,8;8;5,1;999,9;27,7;13,7;0,0;999,9;0;0;0;0;0;0
Dolores_Aero;876480;2013;03;31;18,7;8;16,1;8;1016,3;8;1015,3;8;7,2;8;1,5;8;2,1;999,9;28,0;12,9;999,9;999,9;1;1;0;0;1;0
Dolores_Aero;876480;2013;04;01;18,4;8;17,3;8;1018,7;8;1017,6;8;9,7;8;3,3;8;5,1;999,9;26,5;17,0;7,1;999,9;0;1;0;0;1;0
Dolores_Aero;876480;2013;04;02;20,0;8;18,1;8;1017,2;8;1016,2;8;8,7;8;4,4;8;6,2;999,9;21,0;18,4;4,1;999,9;0;1;0;0;0;0
Dolores_Aero;876480;2013;04;03;19,7;8;17,4;8;1015,1;8;1014,0;8;8,2;8;4,2;8;9,8;999,9;23,4;16,0;29,0;999,9;0;1;0;0;0;0
Dolores_Aero;876480;2013;04;04;18,8;8;15,3;8;1010,5;8;1009,5;8;9,0;8;2,6;8;6,2;999,9;24,7;15,5;2,0;999,9;1;0;0;0;0;0
Dolores_Aero;876480;2013;04;05;17,9;8;14,0;8;1003,0;8;1002,0;8;9,0;8;3,9;8;7,2;999,9;23,8;13,0;0,0;999,9;0;0;0;0;0;0
Dolores_Aero;876480;2013;04;06;14,8;8;9,7;8;1007,2;8;1006,2;8;9,8;8;6,5;8;10,8;999,9;24,4;12,0;7,9;999,9;0;1;0;0;0;0
Dolores_Aero;876480;2013;04;07;11,8;8;4,2;8;1016,2;8;1015,1;8;10,0;8;4,0;8;5,1;999,9;20,0;3,0;2,0;999,9;0;0;0;0;0;0
Dolores_Aero;876480;2013;04;08;14,0;8;7,8;8;1019,0;8;1018,0;8;10,0;8;2,2;8;5,1;999,9;23,0;6,0;0,0;999,9;0;0;0;0;0;0
Dolores_Aero;876480;2013;04;09;16,4;8;12,4;8;1020,1;8;1019,0;8;9,5;8;2,5;8;3,1;999,9;23,2;12,0;0,0;999,9;0;0;0;0;0;0
Dolores_Aero;876480;2013;04;10;15,5;8;11,6;8;1018,2;8;1017,2;8;10,0;8;3,8;8;8,2;999,9;23,0;11,8;0,0;999,9;0;0;0;0;0;0
Dolores_Aero;876480;2013;04;11;17,9;8;15,8;8;1012,0;8;1010,9;8;10,0;8;4,2;8;7,2;999,9;21,2;15,0;3,0;999,9;0;1;0;0;1;0
Dolores_Aero;876480;2013;04;12;15,0;8;9,8;8;1010,1;8;1009,0;8;10,0;8;8,0;8;10,8;999,9;19,8;12,1;0,5;999,9;0;0;0;0;0;0
Dolores_Aero;876480;2013;04;13;9,8;8;2,0;8;1015,9;8;1014,8;8;10,0;8;5,5;8;9,8;999,9;18,2;3,5;0,0;999,9;0;0;0;0;0;0
Dolores_Aero;876480;2013;04;14;14,6;7;5,2;7;1011,8;7;1010,7;7;10,0;7;5,5;7;7,2;999,9;22,1;7,0;0,0;999,9;0;0;0;0;0;0
Dolores_Aero;876480;2013;04;15;14,6;8;9,4;8;1014,1;8;1013,1;8;10,0;8;5,2;8;8,7;999,9;22,2;9,0;0,0;999,9;0;0;0;0;0;0
Dolores_Aero;876480;2013;04;16;12,5;8;8,8;8;1019,3;8;1018,3;8;10,0;8;2,5;8;3,1;999,9;21,7;6,8;0,0;999,9;0;0;0;0;0;0
Dolores_Aero;876480;2013;04;17;12,9;8;9,9;8;1019,1;8;1018,0;8;7,7;8;1,9;8;6,2;999,9;21,8;6,5;0,0;999,9;1;0;0;0;0;0
Dolores_Aero;876480;2013;04;18;16,7;8;12,8;8;1016,7;8;1015,6;8;9,2;8;2,7;8;4,1;999,9;26,1;9,8;0,0;999,9;0;0;0;0;0;0
Dolores_Aero;876480;2013;04;19;18,6;8;13,7;8;1017,1;8;1016,0;8;9,3;8;2,5;8;4,1;999,9;27,1;12,3;0,0;999,9;0;0;0;0;0;0
Dolores_Aero;876480;2013;04;20;17,8;8;12,9;8;1020,1;8;1019,0;8;7,1;8;2,1;8;4,1;999,9;27,8;10,0;0,0;999,9;0;0;0;0;0;0
Dolores_Aero;876480;2013;04;21;18,4;8;13,6;8;1022,1;8;1021,1;8;6,8;8;2,5;8;4,1;999,9;28,0;9,4;0,0;999,9;1;0;0;0;0;0
Dolores_Aero;876480;2013;04;22;17,7;8;15,8;8;1021,8;8;1020,7;8;9,2;8;3,4;8;6,2;999,9;27,4;13,8;0,0;999,9;1;0;0;0;0;0
Dolores_Aero;876480;2013;04;23;16,5;8;15,9;8;1021,7;8;1020,7;8;2,4;8;1,7;8;4,1;999,9;23,7;14,5;0,0;999,9;1;0;0;0;0;0
Dolores_Aero;876480;2013;04;24;18,2;8;16,4;8;1020,8;8;1019,7;8;5,3;8;0,9;8;5,1;999,9;24,0;14,8;0,0;999,9;1;0;0;0;0;0
Dolores_Aero;876480;2013;04;25;18,2;8;14,4;8;1016,5;8;1015,5;8;6,1;8;2,5;8;3,1;999,9;26,1;12,2;0,0;999,9;1;0;0;0;0;0
Dolores_Aero;876480;2013;04;26;17,7;7;14,9;7;1016,3;7;1015,2;7;7,9;7;1,7;7;3,1;999,9;24,2;10,8;0,0;999,9;1;0;0;0;0;0
Dolores_Aero;876480;2013;04;27;18,6;8;16,9;8;1017,1;8;1016,0;8;8,9;8;2,6;8;4,1;999,9;24,6;15,2;0,0;999,9;0;0;0;0;0;0
Dolores_Aero;876480;2013;04;28;18,5;8;17,2;8;1010,7;8;1009,6;8;6,9;8;3,5;8;7,2;999,9;22,3;17,3;32,0;999,9;0;1;0;0;1;0
Dolores_Aero;876480;2013;04;29;15,9;8;13,5;8;1010,7;8;1009,6;8;10,0;8;5,3;8;8,2;999,9;21,2;13,0;7,1;999,9;0;0;0;0;0;0
Dolores_Aero;876480;2013;04;30;14,4;8;12,3;8;1016,1;8;1015,0;8;5,1;8;0,8;8;2,6;999,9;21,5;8,5;0,0;999,9;1;1;0;0;0;0
Dolores_Aero;876480;2013;05;01;14,1;8;13,2;8;1016,5;8;1015,4;8;6,4;8;3,5;8;8,2;999,9;22,0;10,2;999,9;999,9;1;1;0;0;1;0
Dolores_Aero;876480;2013;05;02;15,8;8;15,0;8;1014,2;8;1013,1;8;7,6;8;2,3;8;6,2;999,9;19,3;13,7;20,1;999,9;1;1;0;0;1;0
Dolores_Aero;876480;2013;05;03;13,7;8;12,1;8;1014,2;8;1013,1;8;10,0;8;2,2;8;3,1;999,9;18,5;12,5;0,0;999,9;0;1;0;0;0;0
Dolores_Aero;876480;2013;05;04;11,6;8;8,9;8;1014,6;8;1013,6;8;9,7;8;3,3;8;7,2;999,9;19,2;4,6;0,3;999,9;0;0;0;0;0;0
Dolores_Aero;876480;2013;05;05;12,3;8;8,7;8;1018,7;8;1017,5;8;9,8;8;3,1;8;5,1;999,9;19,4;6,5;0,0;999,9;0;0;0;0;0;0
Dolores_Aero;876480;2013;05;06;12,4;8;8,9;8;1013,7;8;1012,6;8;9,7;8;4,7;8;8,2;999,9;19,1;8,1;0,0;999,9;0;0;0;0;0;0
Dolores_Aero;876480;2013;05;07;10,0;8;5,7;8;1019,3;8;1018,2;8;10,0;8;6,0;8;9,8;999,9;19,4;4,6;0,0;999,9;0;0;0;0;0;0
Dolores_Aero;876480;2013;05;08;11,8;8;6,4;8;1011,4;8;1010,3;8;9,8;8;6,9;8;11,8;999,9;21,9;4,2;0,0;999,9;0;0;0;0;0;0
Dolores_Aero;876480;2013;05;09;14,6;8;11,7;8;1013,7;8;1012,6;8;9,5;8;2,6;8;5,1;999,9;24,0;8,5;0,0;999,9;1;0;0;0;0;0
Dolores_Aero;876480;2013;05;10;15,9;8;13,1;8;1012,4;8;1011,3;8;10,0;8;3,3;8;5,1;999,9;24,5;9,7;0,0;999,9;0;0;0;0;0;0
Dolores_Aero;876480;2013;05;11;16,4;8;12,2;8;1013,2;8;1012,2;8;9,8;8;3,1;8;4,1;999,9;21,5;12,7;0,0;999,9;0;0;0;0;0;0
Dolores_Aero;876480;2013;05;12;11,5;8;9,2;8;1017,0;8;1015,9;8;5,0;8;1,3;8;5,1;999,9;20,6;5,8;0,0;999,9;1;0;0;0;0;0
Dolores_Aero;876480;2013;05;13;12,1;8;7,7;8;1016,6;8;1015,5;8;7,2;8;0,7;8;3,1;999,9;19,8;5,5;0,0;999,9;1;0;0;0;0;0
Dolores_Aero;876480;2013;05;14;13,6;8;10,3;8;1013,5;8;1012,4;8;5,5;8;2,1;8;5,1;999,9;20,2;7,0;0,0;999,9;1;0;0;0;0;0
Dolores_Aero;876480;2013;05;15;7,5;8;1,2;8;1015,4;8;1014,3;8;9,8;8;7,1;8;11,8;999,9;18,7;3,0;3,0;999,9;0;1;0;0;0;0
Dolores_Aero;876480;2013;05;16;6,3;8;1,2;8;1020,2;8;1019,1;8;10,0;8;5,7;8;8,2;999,9;12,5;1,5;0,0;999,9;0;0;0;0;0;0
Dolores_Aero;876480;2013;05;17;6,1;8;0,8;8;1024,7;8;1023,5;8;10,0;8;2,7;8;4,1;999,9;15,4;-0,1;0,0;999,9;0;0;0;0;0;0
Dolores_Aero;876480;2013;05;18;6,7;8;4,9;8;1025,5;8;1024,4;8;9,8;8;1,8;8;3,1;999,9;15,7;1,4;0,0;999,9;0;0;0;0;0;0
Dolores_Aero;876480;2013;05;19;10,1;8;8,3;8;1024,9;8;1023,7;8;9,8;8;1,8;8;4,1;999,9;14,0;6,5;0,0;999,9;0;1;0;0;0;0
Dolores_Aero;876480;2013;05;20;10,9;8;9,9;8;1022,8;8;1021,7;8;7,2;8;2,7;8;3,1;999,9;14,2;9,0;3,0;999,9;1;1;0;0;0;0
Dolores_Aero;876480;2013;05;21;10,7;8;9,4;8;1019,0;8;1017,9;8;7,2;8;2,3;8;4,1;999,9;16,0;7,0;0,0;999,9;1;0;0;0;0;0
Dolores_Aero;876480;2013;05;22;10,6;8;8,7;8;1020,6;8;1019,5;8;4,7;8;1,3;8;4,1;999,9;18,5;5,6;0,0;999,9;1;0;0;0;0;0
Dolores_Aero;876480;2013;05;23;10,8;8;9,4;8;1020,2;8;1019,1;8;4,3;8;2,2;8;7,2;999,9;18,9;5,7;0,0;999,9;1;0;0;0;0;0
Dolores_Aero;876480;2013;05;24;10,6;8;7,7;8;1018,4;8;1017,3;8;8,7;8;5,0;8;7,2;999,9;17,9;7,2;0,0;999,9;1;0;0;0;0;0
Dolores_Aero;876480;2013;05;25;8,1;8;5,2;8;1020,6;8;1019,4;8;8,7;8;2,2;8;6,2;999,9;17,0;1,0;0,0;999,9;0;0;0;0;0;0
Dolores_Aero;876480;2013;05;26;12,9;8;10,6;8;1014,7;8;1013,5;8;6,6;8;6,5;8;10,3;999,9;19,5;5,2;0,0;999,9;1;0;0;0;0;0
Dolores_Aero;876480;2013;05;27;11,4;8;9,6;8;1012,2;8;1011,1;8;5,0;8;2,3;8;3,1;999,9;19,5;6,2;0,0;999,9;1;0;0;0;0;0
Dolores_Aero;876480;2013;05;28;13,1;8;12,5;8;1003,2;8;1002,1;8;9,8;8;3,9;8;6,2;999,9;18,7;7,9;0,0;999,9;0;1;0;0;1;0
Dolores_Aero;876480;2013;05;29;10,9;8;8,2;8;1004,3;8;1003,2;8;9,8;8;3,1;8;5,7;999,9;16,7;7,2;15,0;999,9;0;0;0;0;0;0
Dolores_Aero;876480;2013;05;30;8,7;8;5,0;8;1007,9;8;1006,8;8;10,0;8;5,7;8;8,2;999,9;16,2;1,3;0,0;999,9;0;0;0;0;0;0
Dolores_Aero;876480;2013;05;31;12,2;8;6,7;8;1006,8;8;1005,7;8;10,0;8;5,9;8;7,2;999,9;17,0;4,0;0,0;999,9;0;0;0;0;0;0
Dolores_Aero;876480;2013;06;01;11,8;8;7,1;8;1009,5;8;1008,4;8;10,0;8;5,3;8;9,3;999,9;19,3;5,2;0,0;999,9;0;0;0;0;0;0
Dolores_Aero;876480;2013;06;02;11,1;7;5,4;7;1012,6;7;1011,5;7;10,0;7;5,8;7;8,2;999,9;19,8;6,0;0,0;999,9;0;0;0;0;0;0
Dolores_Aero;876480;2013;06;03;9,8;8;5,9;8;1016,4;8;1015,2;8;10,0;8;3,9;8;7,2;999,9;15,9;3,6;0,0;999,9;0;0;0;0;0;0
Dolores_Aero;876480;2013;06;04;12,4;8;6,7;8;1011,1;8;1010,0;8;10,0;8;6,7;8;10,3;999,9;18,5;8,6;0,0;999,9;0;0;0;0;0;0
Dolores_Aero;876480;2013;06;05;10,0;8;6,9;8;1009,4;8;1008,3;8;10,0;8;3,6;8;7,2;999,9;19,3;4,3;0,0;999,9;0;0;0;0;0;0
Dolores_Aero;876480;2013;06;06;8,7;8;4,7;8;1016,3;8;1015,2;8;10,0;8;5,6;8;9,8;999,9;18,5;4,0;0,0;999,9;0;0;0;0;0;0
Dolores_Aero;876480;2013;06;07;8,1;8;4,8;8;1017,7;8;1016,6;8;9,5;8;4,8;8;13,4;999,9;16,3;3,0;0,0;999,9;0;0;0;0;0;0
Dolores_Aero;876480;2013;06;08;5,7;8;0,4;8;1025,8;8;1024,7;8;10,0;8;2,1;8;5,1;999,9;16,5;-1,0;0,0;999,9;0;0;0;0;0;0
Dolores_Aero;876480;2013;06;09;9,1;8;7,9;8;1020,5;8;1019,3;8;8,0;8;3,1;8;4,1;999,9;14,7;2,0;0,0;999,9;0;1;0;0;0;0
Dolores_Aero;876480;2013;06;10;12,1;8;10,3;8;1016,9;8;1015,8;8;5,1;8;3,2;8;6,2;999,9;17,4;8,2;3,0;999,9;1;0;0;0;0;0
Dolores_Aero;876480;2013;06;11;9,4;8;9,2;8;1018,2;8;1017,1;8;3,4;8;3,1;8;5,1;999,9;17,7;5,2;0,0;999,9;1;0;0;0;0;0
Dolores_Aero;876480;2013;06;12;15,8;8;14,4;8;1016,2;8;1015,1;8;6,0;8;4,4;8;6,2;999,9;21,1;5,8;0,0;999,9;1;0;0;0;0;0
Dolores_Aero;876480;2013;06;13;16,3;8;14,7;8;1014,3;8;1013,2;8;4,8;8;2,5;8;5,1;999,9;21,8;11,8;0,0;999,9;1;0;0;0;0;0
Dolores_Aero;876480;2013;06;14;8,9;8;4,5;8;1021,8;8;1020,7;8;10,0;8;3,2;8;4,1;999,9;21,2;4,0;0,0;999,9;0;0;0;0;0;0
Dolores_Aero;876480;2013;06;15;6,1;8;1,5;8;1021,6;8;1020,5;8;10,0;8;3,8;8;8,2;999,9;12,6;0,2;0,0;999,9;0;0;0;0;0;0
Dolores_Aero;876480;2013;06;16;9,4;8;8,1;8;1014,8;8;1013,7;8;9,2;8;4,5;8;7,2;999,9;13,7;5,9;3,0;999,9;0;1;0;0;0;0
Dolores_Aero;876480;2013;06;17;4,6;8;1,1;8;1020,1;8;1018,9;8;10,0;8;2,5;8;5,1;999,9;11,8;-1,0;6,1;999,9;0;0;0;0;0;0
Dolores_Aero;876480;2013;06;18;5,7;8;3,7;8;1016,4;8;1015,3;8;9,5;8;3,9;8;7,2;999,9;13,0;-0,4;0,0;999,9;0;0;0;0;0;0
Dolores_Aero;876480;2013;06;19;2,6;8;-3,4;8;1023,9;8;1022,8;8;10,0;8;4,3;8;6,2;999,9;14,4;-5,2;0,0;999,9;0;0;0;0;0;0
Dolores_Aero;876480;2013;06;20;2,9;8;-3,8;8;1025,4;8;1024,2;8;10,0;8;3,6;8;6,2;999,9;11,7;-3,5;0,0;999,9;0;0;0;0;0;0
Dolores_Aero;876480;2013;06;21;2,7;7;-1,5;7;1014,9;7;1013,7;7;8,7;7;4,2;7;8,7;999,9;13,0;-3,0;0,0;999,9;0;0;0;0;0;0
Dolores_Aero;876480;2013;06;22;7,4;8;1,2;8;1011,0;8;1009,9;8;10,0;8;4,9;8;7,2;999,9;13,3;-2,0;0,0;999,9;0;0;0;0;0;0
Dolores_Aero;876480;2013;06;23;3,7;8;-0,8;8;1023,4;8;1022,3;8;10,0;8;1,0;8;3,1;999,9;12,1;-4,5;0,0;999,9;0;0;0;0;0;0
Dolores_Aero;876480;2013;06;24;3,5;8;-0,8;8;1024,9;8;1023,7;8;10,0;8;1,3;8;2,1;999,9;12,3;-3,7;0,0;999,9;0;0;0;0;0;0
Dolores_Aero;876480;2013;06;25;3,4;8;1,7;8;1020,6;8;1019,4;8;5,8;8;0,5;8;2,1;999,9;13,5;-3,0;0,0;999,9;1;0;0;0;0;0
Dolores_Aero;876480;2013;06;26;5,7;8;3,6;8;1016,7;8;1015,6;8;4,3;8;1,8;8;5,1;999,9;15,0;-2,0;0,0;999,9;1;0;0;0;0;0
Dolores_Aero;876480;2013;06;27;7,9;8;4,8;8;1015,2;8;1014,1;8;6,6;8;3,3;8;6,2;999,9;18,6;-0,6;0,0;999,9;1;0;0;0;0;0
Dolores_Aero;876480;2013;06;28;10,6;8;8,7;8;1011,4;8;1010,3;8;9,2;8;4,1;8;5,1;999,9;18,8;2,6;0,0;999,9;0;0;0;0;0;0
Dolores_Aero;876480;2013;06;29;8,6;8;4,7;8;1011,5;8;1010,4;8;5,8;8;3,6;8;8,2;999,9;15,4;1,7;0,0;999,9;1;0;0;0;0;0
Dolores_Aero;876480;2013;06;30;5,1;8;-0,6;8;1018,4;8;1017,3;8;10,0;8;3,6;8;5,1;999,9;14,3;-2,3;0,0;999,9;0;0;0;0;0;0
Dolores_Aero;876480;2013;07;01;4,7;8;-1,0;8;1023,0;8;1021,8;8;10,0;8;2,3;8;5,1;999,9;14,6;-2,0;0,0;999,9;0;0;0;0;0;0
Dolores_Aero;876480;2013;07;02;10,0;8;3,7;8;1016,7;8;1015,6;8;10,0;8;5,6;8;10,8;999,9;18,8;-1,3;0,0;999,9;0;0;0;0;0;0
Dolores_Aero;876480;2013;07;03;12,3;8;6,5;8;1012,9;8;1011,8;8;10,0;8;5,3;8;9,8;999,9;20,4;4,6;0,0;999,9;0;0;0;0;0;0
Dolores_Aero;876480;2013;07;04;14,1;8;12,2;8;1015,6;8;1014,5;8;9,8;8;2,7;8;4,1;999,9;20,8;8,2;0,0;999,9;0;0;0;0;0;0
Dolores_Aero;876480;2013;07;05;12,8;8;12,5;8;1015,8;8;1014,7;8;5,6;8;1,2;8;2,1;999,9;20,2;11,2;1,0;999,9;0;1;0;0;0;0
Dolores_Aero;876480;2013;07;06;11,5;8;10,6;8;1012,4;8;1011,4;8;5,1;8;4,4;8;10,8;999,9;14,1;10,0;1,0;999,9;1;1;0;0;0;0
Dolores_Aero;876480;2013;07;07;6,0;8;3,4;8;1023,5;8;1022,4;8;10,0;8;4,4;8;7,2;999,9;12,7;2,0;0,3;999,9;0;0;0;0;0;0
Dolores_Aero;876480;2013;07;08;3,3;7;0,1;7;1031,7;7;1030,5;7;9,3;7;2,1;7;4,1;999,9;12,0;-5,0;0,0;999,9;0;0;0;0;0;0
Dolores_Aero;876480;2013;07;09;6,1;8;4,8;8;1025,6;8;1024,4;8;9,7;8;3,5;8;8,2;999,9;12,1;-2,0;999,9;999,9;0;1;0;0;0;0
Dolores_Aero;876480;2013;07;10;8,6;8;8,4;8;1018,9;8;1017,9;8;4,3;8;1,3;8;3,1;999,9;12,5;4,0;7,9;999,9;1;0;0;0;0;0
Dolores_Aero;876480;2013;07;11;11,4;9;11,4;9;1015,9;9;1014,8;9;3,1;9;1,7;9;4,1;999,9;12,7;8,0;10,9;999,9;1;1;0;0;0;0
Dolores_Aero;876480;2013;07;12;9,7;8;8,6;8;1020,5;8;1019,4;8;7,4;8;2,5;8;5,1;999,9;13,3;8,4;3,0;999,9;0;0;0;0;0;0
Dolores_Aero;876480;2013;07;13;8,2;8;7,2;8;1017,5;8;1016,4;8;4,0;8;4,6;8;8,2;999,9;12,3;3,8;0,0;999,9;1;0;0;0;0;0
Dolores_Aero;876480;2013;07;14;8,8;8;4,6;8;1015,9;8;1014,8;8;10,0;8;5,0;8;6,2;999,9;13,2;4,0;0,0;999,9;0;0;0;0;0;0
Dolores_Aero;876480;2013;07;15;4,6;8;0,3;8;1019,9;8;1018,8;8;10,0;8;3,5;8;7,2;999,9;14,1;-2,0;0,0;999,9;0;0;0;0;0;0
Dolores_Aero;876480;2013;07;16;9,2;8;4,4;8;1012,6;8;1011,4;8;10,0;8;5,0;8;8,2;999,9;18,8;-1,3;0,0;999,9;0;0;0;0;0;0
Dolores_Aero;876480;2013;07;17;9,5;8;6,6;8;1008,7;8;1007,6;8;9,8;8;2,1;8;4,1;999,9;19,3;4,0;0,0;999,9;0;0;0;0;0;0
Dolores_Aero;876480;2013;07;18;6,4;8;2,6;8;1014,6;8;1013,5;8;9,8;8;5,1;8;9,8;999,9;17,8;3,7;0,3;999,9;0;1;0;0;0;0
Dolores_Aero;876480;2013;07;19;2,4;8;-0,7;8;1023,5;8;1022,4;8;10,0;8;4,6;8;6,2;999,9;8,9;-2,2;0,0;999,9;0;0;0;0;0;0
Dolores_Aero;876480;2013;07;20;3,7;8;-0,1;8;1010,6;8;1009,4;8;10,0;8;5,7;8;11,8;999,9;10,0;-2,2;0,0;999,9;0;0;0;0;0;0
Dolores_Aero;876480;2013;07;21;2,3;8;0,3;8;1011,5;8;1010,4;8;9,3;8;5,3;8;6,2;999,9;11,0;-2,3;0,0;999,9;0;1;0;0;0;0
Dolores_Aero;876480;2013;07;22;4,0;8;2,5;8;1015,7;8;1014,6;8;9,8;8;6,9;8;8,2;999,9;7,4;0,7;0,3;999,9;0;1;0;0;0;0
Dolores_Aero;876480;2013;07;23;4,6;8;0,2;8;1021,9;8;1020,7;8;10,0;8;6,9;8;8,2;999,9;9,6;-0,2;2,0;999,9;0;0;0;0;0;0
Dolores_Aero;876480;2013;07;24;5,8;8;1,4;8;1024,4;8;1023,2;8;10,0;8;3,9;8;4,1;999,9;10,4;0,1;0,0;999,9;0;0;0;0;0;0
Dolores_Aero;876480;2013;07;25;4,9;8;0,3;8;1025,3;8;1024,2;8;8,5;8;4,9;8;9,8;999,9;14,9;-0,5;0,0;999,9;0;0;0;0;0;0
Dolores_Aero;876480;2013;07;26;7,3;8;2,6;8;1025,3;8;1024,2;8;10,0;8;4,7;8;8,2;999,9;15,2;1,0;0,0;999,9;0;0;0;0;0;0
Dolores_Aero;876480;2013;07;27;10,9;8;6,5;8;1022,4;8;1021,2;8;9,8;8;3,7;8;5,1;999,9;17,8;5,0;0,0;999,9;0;0;0;0;0;0
Dolores_Aero;876480;2013;07;28;7,4;8;4,4;8;1022,6;8;1021,5;8;7,9;8;1,0;8;2,1;999,9;18,2;0,0;0,0;999,9;1;0;0;0;0;0
Dolores_Aero;876480;2013;07;29;7,3;8;4,6;8;1023,3;8;1022,2;8;6,4;8;1,7;8;3,1;999,9;18,1;-1,0;0,0;999,9;1;0;0;0;0;0
Dolores_Aero;876480;2013;07;30;8,7;8;7,6;8;1021,9;8;1020,8;8;7,6;8;2,4;8;5,1;999,9;18,3;0,2;0,0;999,9;1;0;0;0;0;0
Dolores_Aero;876480;2013;07;31;12,0;8;10,0;8;1013,2;8;1012,1;8;9,2;8;3,9;8;6,2;999,9;16,7;4,1;0,0;999,9;0;0;0;0;0;0
Dolores_Aero;876480;2013;08;01;9,4;7;7,7;6;1016,9;7;1015,9;7;9,0;7;4,4;7;5,1;999,9;12,2;8,6;3,0;999,9;0;1;0;0;0;0
Dolores_Aero;876480;2013;08;02;8,1;8;6,6;8;1019,8;8;1018,7;8;9,2;8;2,1;8;4,1;999,9;10,3;7,0;0,0;999,9;0;1;0;0;0;0
Dolores_Aero;876480;2013;08;03;6,5;8;5,3;7;1019,2;8;1018,1;8;9,2;8;0,8;8;2,1;999,9;11,6;0,0;0,0;999,9;0;0;0;0;0;0
Dolores_Aero;876480;2013;08;04;8,8;8;5,2;8;1017,7;8;1016,6;8;8,7;8;3,5;8;6,2;999,9;16,8;2,2;0,0;999,9;1;0;0;0;0;0
Dolores_Aero;876480;2013;08;05;12,4;8;4,4;8;1012,1;8;1011,0;8;9,8;8;9,1;8;17,5;999,9;19,0;6,2;0,0;999,9;0;0;0;0;0;0
Dolores_Aero;876480;2013;08;06;7,8;8;0,5;8;1017,2;8;1016,1;8;10,0;8;4,4;8;6,2;999,9;19,2;-0,8;0,0;999,9;0;0;0;0;0;0
Dolores_Aero;876480;2013;08;07;12,2;8;5,6;8;1006,3;8;1005,2;8;10,0;8;6,8;8;8,7;999,9;18,3;2,0;0,0;999,9;0;0;0;0;0;0
Dolores_Aero;876480;2013;08;08;10,4;8;3,2;8;1010,9;8;1009,8;8;10,0;8;5,0;8;8,2;999,9;18,7;6,0;0,0;999,9;0;0;0;0;0;0
Dolores_Aero;876480;2013;08;09;5,4;8;0,3;8;1025,1;8;1023,9;8;9,8;8;3,3;8;5,1;999,9;14,2;-1,6;0,0;999,9;0;0;0;0;0;0
Dolores_Aero;876480;2013;08;10;5,5;8;-1,6;8;1025,1;8;1024,0;8;10,0;8;4,5;8;10,3;999,9;14,8;-2,2;0,0;999,9;0;0;0;0;0;0
Dolores_Aero;876480;2013;08;11;8,6;8;0,3;8;1013,4;8;1012,3;8;10,0;8;8,0;8;10,8;999,9;15,2;0,6;0,0;999,9;0;0;0;0;0;0
Dolores_Aero;876480;2013;08;12;7,2;8;4,6;8;1012,6;8;1011,5;8;9,5;8;4,4;8;6,2;999,9;13,8;1,6;3,0;999,9;0;1;0;0;0;0
Dolores_Aero;876480;2013;08;13;2,4;8;-3,7;8;1025,8;8;1024,6;8;10,0;8;4,6;8;6,2;999,9;13,3;-3,4;0,0;999,9;0;0;0;0;0;0
Dolores_Aero;876480;2013;08;14;2,2;8;-2,9;8;1030,6;8;1029,4;8;10,0;8;2,6;8;6,2;999,9;12,0;-5,2;0,0;999,9;0;0;0;0;0;0
Dolores_Aero;876480;2013;08;15;5,7;8;-1,7;8;1023,0;8;1021,9;8;10,0;8;6,1;8;11,8;999,9;14,2;-2,2;0,0;999,9;0;0;0;0;0;0
Dolores_Aero;876480;2013;08;16;8,4;7;-1,9;7;1021,9;7;1020,8;7;9,7;7;5,3;7;8,2;999,9;16,6;0,2;0,0;999,9;0;0;0;0;0;0
Dolores_Aero;876480;2013;08;17;4,2;8;-0,1;8;1030,1;8;1029,0;8;7,2;8;2,4;8;5,1;999,9;17,0;-5,0;0,0;999,9;1;0;0;0;0;0
Dolores_Aero;876480;2013;08;18;9,4;8;5,1;8;1024,1;8;1022,9;8;10,0;8;6,1;8;8,7;999,9;18,5;-2,6;0,0;999,9;0;0;0;0;0;0
Dolores_Aero;876480;2013;08;19;13,3;8;9,5;8;1016,8;8;1015,7;8;9,7;8;5,3;8;8,7;13,4;22,5;6,6;0,0;999,9;0;0;0;0;0;0
Dolores_Aero;876480;2013;08;20;14,3;8;10,7;8;1017,3;8;1016,2;8;9,2;8;2,1;8;3,1;999,9;23,0;8,7;0,0;999,9;0;0;0;0;0;0
Dolores_Aero;876480;2013;08;21;12,5;8;9,7;8;1009,8;8;1008,8;8;10,0;8;2,8;8;5,1;999,9;20,7;8,8;0,0;999,9;0;0;0;0;0;0
Dolores_Aero;876480;2013;08;22;7,8;8;2,6;7;1010,9;8;1009,9;8;7,6;8;8,8;8;18,0;999,9;17,9;4,0;0,0;999,9;1;1;0;0;0;0
Dolores_Aero;876480;2013;08;23;3,1;7;-3,7;7;1023,2;7;1022,1;7;10,0;7;4,7;7;6,2;999,9;10,0;-3,5;0,0;999,9;0;0;0;0;0;0
Dolores_Aero;876480;2013;08;24;4,3;8;-0,3;8;1030,5;8;1029,4;8;10,0;8;1,8;8;3,1;999,9;10,7;-2,0;0,0;999,9;0;0;0;0;0;0
Dolores_Aero;876480;2013;08;25;2,8;8;-2,6;8;1035,0;8;1033,8;8;10,0;8;3,8;8;6,2;999,9;9,2;-6,1;0,0;999,9;0;0;0;0;0;0
Dolores_Aero;876480;2013;08;26;2,3;8;-2,8;8;1034,2;8;1033,0;8;10,0;8;3,0;8;5,1;999,9;10,8;-6,9;0,0;999,9;0;1;0;0;0;0
Dolores_Aero;876480;2013;08;27;4,4;8;-1,3;8;1026,0;8;1024,9;8;9,0;8;4,5;8;10,8;999,9;13,3;-5,2;0,0;999,9;0;0;0;0;0;0
Dolores_Aero;876480;2013;08;28;14,4;8;0,8;8;1018,0;8;1017,0;8;10,0;8;8,8;8;12,9;999,9;25,3;1,0;0,0;999,9;0;0;0;0;0;0
Dolores_Aero;876480;2013;08;29;15,2;8;4,6;8;1015,2;8;1014,1;8;9,8;8;6,6;8;11,8;999,9;26,3;5,0;0,0;999,9;0;0;0;0;0;0
Dolores_Aero;876480;2013;08;30;15,7;7;5,5;7;1011,5;7;1010,5;7;9,3;7;4,7;7;7,2;999,9;26,5;7,7;0,0;999,9;0;0;0;0;0;0
Dolores_Aero;876480;2013;08;31;14,2;8;7,9;8;1013,0;8;1011,9;8;10,0;8;2,2;8;4,1;999,9;26,9;4,2;0,0;999,9;0;0;0;0;0;0
Dolores_Aero;876480;2013;09;01;11,5;7;8,6;6;1013,3;6;1012,2;6;6,0;7;1,5;7;2,6;999,9;25,2;4,7;0,0;999,9;1;0;0;0;0;0
Dolores_Aero;876480;2013;09;02;11,1;7;6,1;7;1014,8;7;1013,7;7;10,0;7;3,4;7;6,7;999,9;24,4;4,9;0,0;999,9;0;0;0;0;0;0
Dolores_Aero;876480;2013;09;03;8,0;8;2,4;8;1022,6;7;1021,5;7;10,0;8;9,4;8;999,9;999,9;12,3;2,7;0,0;999,9;0;0;0;0;0;0
Dolores_Aero;876480;2013;09;04;3,8;8;-1,6;8;1027,4;8;1026,1;8;8,7;8;2,3;8;6,2;999,9;13,8;-5,2;0,0;999,9;1;0;0;0;0;0
Dolores_Aero;876480;2013;09;05;10,9;7;6,9;7;1022,0;7;1020,9;7;10,0;7;5,6;7;6,2;999,9;13,9;1,0;0,0;999,9;0;0;0;0;0;0
Dolores_Aero;876480;2013;09;06;12,7;8;9,7;6;1018,8;8;1017,7;8;7,1;8;2,3;8;6,2;999,9;22,4;4,0;0,0;999,9;1;0;0;0;0;0
Dolores_Aero;876480;2013;09;07;13,8;7;13,7;6;1012,6;7;1011,5;7;6,1;7;2,8;7;5,1;999,9;23,3;9,2;7,9;999,9;1;1;0;0;0;0
Dolores_Aero;876480;2013;09;08;14,6;8;11,1;7;1013,5;8;1012,4;8;6,4;8;4,3;8;6,2;999,9;19,2;10,4;18,0;999,9;1;0;0;0;0;0
Dolores_Aero;876480;2013;09;09;17,8;7;13,2;7;1013,2;7;1012,1;7;9,8;7;6,1;7;9,8;13,9;28,2;9,0;0,0;999,9;0;0;0;0;0;0
Dolores_Aero;876480;2013;09;10;24,1;8;17,4;8;1007,8;8;1006,7;8;10,0;8;7,3;8;13,4;999,9;28,9;16,5;0,0;999,9;0;0;0;0;0;0
Dolores_Aero;876480;2013;09;11;15,8;8;7,7;8;1011,1;8;1010,0;8;9,2;8;5,0;8;7,2;999,9;28,8;12,8;0,0;999,9;0;0;0;0;0;0
Dolores_Aero;876480;2013;09;12;12,8;8;12,0;8;1007,6;8;1006,5;8;8,4;8;5,8;8;8,2;999,9;18,1;11,7;15,0;999,9;0;1;0;0;1;0
Dolores_Aero;876480;2013;09;13;8,7;8;7,1;8;1019,1;8;1018,1;8;8,4;8;5,8;8;7,2;999,9;14,4;7,0;1,0;999,9;0;1;0;0;0;0
Dolores_Aero;876480;2013;09;14;5,4;8;1,6;8;1025,9;8;1024,9;8;10,0;8;3,3;8;5,1;999,9;11,5;-1,2;0,0;999,9;0;0;0;0;0;0
Dolores_Aero;876480;2013;09;15;6,4;8;4,2;7;1023,5;8;1022,4;8;9,0;8;3,7;8;5,1;999,9;13,0;3,2;0,5;999,9;0;1;0;0;0;0
Dolores_Aero;876480;2013;09;16;6,9;8;6,7;5;1019,0;8;1018,0;8;7,9;8;4,5;8;6,2;999,9;11,1;5,7;19,0;999,9;0;1;0;0;0;0
Dolores_Aero;876480;2013;09;17;5,3;8;4,2;8;1015,4;8;1014,3;8;9,2;8;10,1;8;13,9;999,9;7,5;3,0;24,9;999,9;0;1;0;0;0;0
Dolores_Aero;876480;2013;09;18;7,1;8;1,1;8;1015,7;8;1014,6;8;10,0;8;6,2;8;8,8;14,4;15,0;1,2;0,8;999,9;0;0;0;0;0;0
Dolores_Aero;876480;2013;09;19;10,2;8;1,1;8;1019,1;8;1018,0;8;10,0;8;5,1;8;12,9;999,9;20,1;1,3;0,0;999,9;0;0;0;0;0;0
Dolores_Aero;876480;2013;09;20;12,2;8;5,5;8;1013,5;8;1012,4;8;10,0;8;4,6;8;6,2;999,9;20,4;6,7;0,0;999,9;0;0;0;0;0;0
Dolores_Aero;876480;2013;09;21;9,9;8;3,5;8;1013,0;8;1011,9;8;10,0;8;3,8;8;8,2;999,9;19,2;2,2;0,0;999,9;0;0;0;0;0;0
Dolores_Aero;876480;2013;09;22;7,9;8;3,4;8;1023,4;8;1022,4;8;8,7;8;2,8;8;4,1;999,9;15,7;-0,2;0,0;999,9;0;0;0;0;0;0
Dolores_Aero;876480;2013;09;23;5,7;8;0,8;8;1030,5;8;1029,4;8;10,0;8;2,5;8;5,1;999,9;13,7;-3,3;0,0;999,9;1;0;0;0;0;0
Dolores_Aero;876480;2013;09;24;5,8;8;1,5;8;1032,1;8;1031,0;8;10,0;8;1,7;8;3,1;999,9;14,5;-4,2;0,0;999,9;0;0;0;0;0;0
Dolores_Aero;876480;2013;09;25;6,9;8;2,2;8;1029,8;8;1028,7;8;8,9;8;2,4;8;5,1;999,9;16,0;-2,9;0,0;999,9;0;0;0;0;0;0
Dolores_Aero;876480;2013;09;26;11,5;8;5,7;8;1024,0;8;1023,0;8;10,0;8;4,0;8;6,2;999,9;17,4;5,2;0,0;999,9;0;0;0;0;0;0
Dolores_Aero;876480;2013;09;27;12,9;8;9,5;8;1022,2;8;1021,1;8;9,7;8;3,1;8;4,1;999,9;18,5;8,6;0,0;999,9;0;0;0;0;0;0
Dolores_Aero;876480;2013;09;28;13,8;8;10,8;8;1020,8;8;1019,7;8;10,0;8;4,8;8;7,2;999,9;18,9;10,5;999,9;999,9;0;1;0;0;0;0
Dolores_Aero;876480;2013;09;29;11,2;8;10,3;8;1019,0;8;1018,0;8;7,2;8;4,8;8;8,2;999,9;18,2;7,7;20,1;999,9;0;1;0;0;0;0
Dolores_Aero;876480;2013;09;30;9,7;8;7,0;8;1014,5;8;1013,4;8;10,0;8;3,2;8;6,2;999,9;14,4;6,8;7,9;999,9;0;0;0;0;0;0
Dolores_Aero;876480;2013;10;01;9,8;8;8,2;7;1014,0;8;1012,9;8;6,0;8;2,5;8;5,1;999,9;17,0;4,7;0,0;999,9;1;1;0;0;0;0
Dolores_Aero;876480;2013;10;02;12,5;8;10,2;7;1019,3;8;1018,2;8;6,9;8;2,2;8;3,1;999,9;18,0;8,6;0,0;999,9;1;0;0;0;0;0
Dolores_Aero;876480;2013;10;03;12,2;8;10,2;7;1021,1;8;1020,0;8;8,5;8;1,8;8;4,1;999,9;18,7;5,6;0,0;999,9;1;0;0;0;0;0
Dolores_Aero;876480;2013;10;04;13,3;8;9,6;7;1022,1;8;1021,0;8;8,7;8;2,5;8;4,1;999,9;17,5;8,5;0,0;999,9;1;0;0;0;0;0
Dolores_Aero;876480;2013;10;05;12,1;8;8,9;8;1023,5;8;1022,4;8;7,6;8;2,3;8;5,1;999,9;19,2;7,8;0,0;999,9;1;0;0;0;0;0
Dolores_Aero;876480;2013;10;06;13,8;8;9,7;7;1024,2;8;1023,1;8;8,2;8;3,1;8;6,2;999,9;21,7;6,5;0,0;999,9;1;0;0;0;0;0
Dolores_Aero;876480;2013;10;07;15,9;8;8,4;8;1025,3;8;1024,2;8;9,8;8;4,7;8;7,2;999,9;23,1;8,5;0,0;999,9;0;0;0;0;0;0
Dolores_Aero;876480;2013;10;08;16,1;8;10,8;8;1021,8;8;1020,8;8;10,0;8;6,2;8;9,8;999,9;23,6;11,2;0,0;999,9;0;0;0;0;0;0
Dolores_Aero;876480;2013;10;09;15,8;7;13,6;7;1015,8;7;1014,7;7;9,5;7;6,1;7;10,8;999,9;21,2;14,5;4,1;999,9;0;1;0;0;1;0
Dolores_Aero;876480;2013;10;10;16,4;7;12,4;5;1018,6;7;1017,5;7;8,5;7;1,9;7;4,1;999,9;22,7;9,5;16,0;999,9;0;0;0;0;0;0
Dolores_Aero;876480;2013;10;11;13,6;8;10,3;8;1022,7;8;1021,6;8;9,7;8;3,8;8;6,2;999,9;22,9;9,0;0,0;999,9;1;0;0;0;0;0
Dolores_Aero;876480;2013;10;12;13,2;7;10,7;7;1022,3;7;1021,2;7;9,0;7;2,4;7;3,1;999,9;19,3;8,0;0,0;999,9;0;0;0;0;0;0
Dolores_Aero;876480;2013;10;13;16,4;8;13,8;8;1017,7;8;1016,6;8;9,7;8;3,1;8;5,1;999,9;21,6;12,9;0,0;999,9;0;0;0;0;0;0
Dolores_Aero;876480;2013;10;14;17,2;8;14,6;6;1016,2;8;1015,1;8;6,4;8;3,3;8;5,1;999,9;23,9;12,9;0,0;999,9;1;0;0;0;0;0
Dolores_Aero;876480;2013;10;15;18,4;8;9,4;8;1018,1;8;1017,0;8;10,0;8;2,3;8;3,1;999,9;26,4;7,7;0,0;999,9;0;0;0;0;0;0
Dolores_Aero;876480;2013;10;16;19,7;8;14,3;8;1017,7;8;1016,7;8;10,0;8;3,2;8;4,1;999,9;26,9;14,5;0,0;999,9;0;0;0;0;0;0
Dolores_Aero;876480;2013;10;17;19,4;8;14,8;8;1014,6;8;1013,5;8;10,0;8;4,6;8;6,2;999,9;26,7;15,0;3,0;999,9;0;1;0;0;0;0
Dolores_Aero;876480;2013;10;18;16,4;8;13,0;8;1012,9;8;1011,7;8;8,4;8;3,2;8;6,2;999,9;24,3;11,0;0,0;999,9;0;0;0;0;0;0
Dolores_Aero;876480;2013;10;19;20,2;8;14,2;8;1009,1;8;1008,0;8;9,3;8;6,0;8;8,2;999,9;27,1;12,2;0,0;999,9;0;0;0;0;0;0
Dolores_Aero;876480;2013;10;20;19,1;8;13,7;8;1001,8;8;1000,7;8;9,3;8;6,7;8;12,9;999,9;27,3;16,6;9,9;999,9;0;1;0;0;1;0
Dolores_Aero;876480;2013;10;21;13,1;8;8,5;8;1012,6;8;1011,6;8;10,0;8;4,1;8;6,2;999,9;23,0;8,8;7,1;999,9;0;0;0;0;0;0
Dolores_Aero;876480;2013;10;22;11,7;8;5,7;8;1015,3;8;1014,2;8;10,0;8;4,5;8;8,2;999,9;18,2;4,2;0,0;999,9;0;0;0;0;0;0
Dolores_Aero;876480;2013;10;23;13,6;8;11,5;8;1011,5;8;1010,4;8;9,8;8;4,1;8;6,2;999,9;19,2;11,0;0,0;999,9;0;1;0;0;1;0
Dolores_Aero;876480;2013;10;24;10,4;8;4,9;8;1023,3;8;1022,3;8;10,0;8;4,0;8;6,2;999,9;15,2;4,0;3,0;999,9;0;0;0;0;0;0
Dolores_Aero;876480;2013;10;25;9,6;8;4,4;8;1026,2;8;1025,1;8;9,8;8;3,0;8;6,2;999,9;15,7;2,5;0,0;999,9;0;1;0;0;0;0
Dolores_Aero;876480;2013;10;26;16,1;8;12,2;8;1015,8;8;1014,7;8;10,0;8;3,6;8;5,1;999,9;21,6;10,8;3,0;999,9;0;0;0;0;0;0
Dolores_Aero;876480;2013;10;27;14,4;8;6,6;8;1019,1;8;1018,0;8;10,0;8;4,1;8;6,2;999,9;21,7;5,5;0,0;999,9;0;0;0;0;0;0
Dolores_Aero;876480;2013;10;28;12,7;8;5,1;8;1020,5;8;1019,4;8;10,0;8;3,9;8;6,2;999,9;20,7;4,9;0,0;999,9;0;0;0;0;0;0
Dolores_Aero;876480;2013;10;29;16,6;7;11,3;7;1017,3;7;1016,2;7;10,0;7;3,4;7;4,1;999,9;20,0;12,5;0,0;999,9;0;0;0;0;0;0
Dolores_Aero;876480;2013;10;30;16,3;8;10,3;8;1017,4;8;1016,3;8;10,0;8;4,9;8;8,2;999,9;22,4;11,8;0,0;999,9;0;0;0;0;0;0
Dolores_Aero;876480;2013;10;31;17,1;8;13,8;8;1014,3;8;1013,2;8;10,0;8;4,9;8;8,2;999,9;22,4;14,8;0,0;999,9;0;0;0;0;0;0
Dolores_Aero;876480;2013;11;01;17,4;8;16,3;8;1011,4;8;1010,3;8;8,9;8;3,0;8;5,1;999,9;19,7;16,3;14,0;999,9;0;1;0;0;0;0
Dolores_Aero;876480;2013;11;02;16,5;8;14,6;8;1012,1;8;1011,0;8;9,8;8;6,2;8;9,3;999,9;19,3;12,0;6,3;999,9;0;1;0;0;0;0
Dolores_Aero;876480;2013;11;03;15,1;8;10,2;8;1016,6;8;1015,5;8;10,0;8;4,0;8;5,1;999,9;22,5;9,5;0,0;999,9;0;0;0;0;0;0
Dolores_Aero;876480;2013;11;04;14,1;8;10,3;8;1020,0;8;1018,9;8;10,0;8;3,6;8;5,1;999,9;23,2;8,6;0,0;999,9;0;0;0;0;0;0
Dolores_Aero;876480;2013;11;05;14,7;8;10,0;8;1021,4;8;1020,3;8;10,0;8;3,9;8;7,2;999,9;22,8;6,4;0,0;999,9;0;0;0;0;0;0
Dolores_Aero;876480;2013;11;06;18,4;8;12,5;8;1018,8;8;1017,7;8;10,0;8;7,4;8;9,8;999,9;23,2;13,9;0,0;999,9;0;0;0;0;0;0
Dolores_Aero;876480;2013;11;07;17,3;8;14,1;8;1014,5;8;1013,5;8;10,0;8;5,4;8;8,2;999,9;24,2;15,0;2,0;999,9;0;0;0;0;1;0
Dolores_Aero;876480;2013;11;08;16,4;8;12,3;8;1013,6;8;1012,5;8;7,7;8;2,7;8;4,1;999,9;25,8;7,3;0,0;999,9;1;0;0;0;0;0
Dolores_Aero;876480;2013;11;09;17,1;8;15,2;6;1012,6;8;1011,5;8;7,1;8;2,5;8;5,1;999,9;25,9;13,5;0,0;999,9;1;0;0;0;0;0
Dolores_Aero;876480;2013;11;10;17,2;8;16,1;8;1008,5;8;1007,4;8;8,4;8;4,6;8;7,2;999,9;21,2;15,7;0,5;999,9;0;1;0;0;0;0
Dolores_Aero;876480;2013;11;11;17,6;8;15,2;7;1004,7;8;1003,6;8;7,9;8;4,2;8;6,2;999,9;21,0;14,3;0,5;999,9;0;1;0;0;0;0
Dolores_Aero;876480;2013;11;12;18,3;8;11,1;8;1006,6;8;1005,5;8;6,8;8;4,5;8;10,8;999,9;26,0;10,0;0,0;999,9;1;0;0;0;0;0
Dolores_Aero;876480;2013;11;13;15,2;8;8,4;7;1016,7;8;1015,6;8;10,0;8;4,2;8;8,2;999,9;26,4;5,7;0,0;999,9;0;0;0;0;0;0

