El_Bolson;878000;2013;01;01;18,6;6;5,0;6;1020,4;5;980,8;5;29,9;6;0,0;6;999,9;999,9;26,7;5,2;0,0;999,9;0;0;0;0;0;0
El_Bolson;878000;2013;01;03;21,6;4;9,1;4;1011,6;4;972,5;4;29,9;4;0,0;4;999,9;999,9;31,0;14,9;0,0;999,9;0;0;0;0;0;0
El_Bolson;878000;2013;01;04;20,0;4;8,9;4;1016,4;4;977,0;4;29,9;4;0,0;4;999,9;999,9;24,4;9,9;0,0;999,9;0;0;0;0;0;0
El_Bolson;878000;2013;01;07;12,8;4;4,4;4;1008,2;4;968,5;4;23,8;4;8,8;4;13,9;999,9;16,3;5,7;25,9;999,9;0;1;0;0;0;0
El_Bolson;878000;2013;01;08;15,7;4;7,5;4;1014,8;4;975,0;4;29,9;4;2,5;4;9,8;999,9;20,7;10,0;0,0;999,9;0;0;0;0;0;0
El_Bolson;878000;2013;01;09;18,6;4;8,7;4;1019,9;4;980,2;4;29,9;4;0,0;4;999,9;999,9;25,5;7,7;0,0;999,9;0;0;0;0;0;0
El_Bolson;878000;2013;01;10;24,4;4;12,6;4;1016,8;4;977,8;4;29,9;4;0,0;4;999,9;999,9;30,5;10,5;0,0;999,9;0;0;0;0;0;0
El_Bolson;878000;2013;01;11;23,1;4;10,7;4;9999,9;0;9999,9;0;33,8;4;3,9;4;15,4;999,9;34,0;13,6;0,0;999,9;0;0;0;0;0;0
El_Bolson;878000;2013;01;14;26,5;4;13,4;4;1013,2;4;974,7;4;29,9;4;0,0;4;999,9;999,9;34,9;11,5;0,0;999,9;0;0;0;0;0;0
El_Bolson;878000;2013;01;15;25,4;4;14,0;4;1011,3;4;9999,9;0;29,9;4;0,0;4;999,9;999,9;33,0;10,5;0,0;999,9;0;0;0;0;0;0
El_Bolson;878000;2013;01;18;24,5;4;10,1;4;1016,8;4;977,4;4;33,8;4;1,3;4;5,1;999,9;31,4;10,2;0,0;999,9;0;0;0;0;0;0
El_Bolson;878000;2013;01;21;26,2;4;15,0;4;1012,7;4;974,3;4;29,9;4;0,0;4;999,9;999,9;31,9;13,3;0,0;999,9;0;0;0;0;0;0
El_Bolson;878000;2013;01;23;22,7;4;9,2;4;1013,6;4;974,8;4;29,9;4;0,0;4;999,9;999,9;32,6;7,8;0,0;999,9;0;0;0;0;0;0
El_Bolson;878000;2013;01;24;18,2;4;5,4;4;1013,3;4;973,3;4;33,8;4;3,9;4;10,3;999,9;23,5;6,5;0,0;999,9;0;0;0;0;0;0
El_Bolson;878000;2013;01;28;24,3;4;13,8;4;1009,7;4;9999,9;0;29,9;4;0,0;4;999,9;999,9;29,5;10,1;0,0;999,9;0;0;0;0;0;0
El_Bolson;878000;2013;01;29;23,1;4;12,0;4;1016,0;4;977,1;4;29,9;4;1,3;4;5,1;999,9;31,3;10,8;0,0;999,9;0;0;0;0;0;0
El_Bolson;878000;2013;01;30;21,6;4;9,1;4;1016,2;4;976,9;4;29,9;4;0,0;4;999,9;999,9;30,5;8,8;0,0;999,9;0;0;0;0;0;0
El_Bolson;878000;2013;01;31;21,1;4;8,8;4;1010,6;4;971,6;4;29,9;4;0,0;4;999,9;999,9;31,5;7,3;0,0;999,9;0;0;0;0;0;0
El_Bolson;878000;2013;02;01;19,7;4;6,6;4;1011,0;4;971,9;4;29,9;4;1,3;4;5,1;999,9;28,5;13,0;2,0;999,9;0;0;0;0;0;0
El_Bolson;878000;2013;02;04;23,4;4;10,0;4;1014,4;4;975,5;4;29,9;4;0,0;4;999,9;999,9;32,0;9,5;0,0;999,9;0;0;0;0;0;0
El_Bolson;878000;2013;02;05;23,5;4;10,9;4;1013,2;4;974,4;4;29,9;4;0,0;4;999,9;999,9;30,8;9,5;0,0;999,9;0;0;0;0;0;0
El_Bolson;878000;2013;02;07;25,0;4;9999,9;0;9999,9;0;9999,9;0;29,9;4;0,0;4;999,9;999,9;31,9;9,3;0,0;999,9;0;0;0;0;0;0
El_Bolson;878000;2013;02;08;25,6;4;14,2;4;1010,0;4;971,5;4;29,9;4;0,0;4;999,9;999,9;36,0;11,5;0,0;999,9;0;0;0;0;0;0
El_Bolson;878000;2013;02;11;18,8;4;14,4;4;1004,4;4;965,4;4;20,0;4;5,3;4;13,9;999,9;23,0;15,3;4,1;999,9;0;1;0;0;0;0
El_Bolson;878000;2013;02;13;15,2;4;9,8;4;1011,8;4;972,3;4;29,9;4;3,1;4;7,2;999,9;19,5;11,5;1,0;999,9;0;0;0;0;0;0
El_Bolson;878000;2013;02;15;17,1;4;14,2;4;1005,7;4;966,7;4;9,8;4;1,0;4;4,1;999,9;23,5;14,3;11,9;999,9;0;1;0;0;0;0
El_Bolson;878000;2013;02;18;12,9;4;4,9;4;1022,2;4;981,8;4;29,9;4;0,0;4;999,9;999,9;19,3;3,0;0,0;999,9;0;0;0;0;0;0
El_Bolson;878000;2013;02;19;15,9;4;8,2;4;1020,3;4;980,2;4;29,9;4;0,0;4;999,9;999,9;23,3;4,5;0,0;999,9;0;0;0;0;0;0
El_Bolson;878000;2013;02;20;14,5;4;9999,9;0;1016,5;4;9999,9;0;29,9;4;1,5;4;3,1;999,9;25,7;4,5;0,0;999,9;0;0;0;0;0;0
El_Bolson;878000;2013;02;21;18,5;4;8,1;4;1015,5;4;975,8;4;29,9;4;0,0;4;999,9;999,9;28,0;6,7;0,0;999,9;0;0;0;0;0;0
El_Bolson;878000;2013;02;22;18,5;4;10,3;4;1013,8;4;974,5;4;29,9;4;1,5;4;3,1;999,9;27,0;9,5;0,0;999,9;0;0;0;0;0;0
El_Bolson;878000;2013;02;25;16,8;4;9,4;4;1020,7;4;980,9;4;29,9;4;0,0;4;999,9;999,9;22,1;7,2;0,0;999,9;0;0;0;0;0;0
El_Bolson;878000;2013;02;26;16,0;4;9,2;4;1013,5;4;973,7;4;29,9;4;0,8;4;3,1;999,9;24,5;5,0;0,0;999,9;0;0;0;0;0;0
El_Bolson;878000;2013;02;28;16,4;4;8,5;4;1012,3;4;972,6;4;29,9;4;1,8;4;4,1;999,9;23,2;7,2;0,0;999,9;0;0;0;0;0;0
El_Bolson;878000;2013;03;05;15,8;4;9999,9;0;9999,9;0;9999,9;0;29,9;4;999,9;0;999,9;999,9;27,0;6,5;0,0;999,9;0;0;0;0;0;0
El_Bolson;878000;2013;03;06;10,9;4;5,8;4;1010,2;4;970,1;4;24,9;4;7,5;4;9,8;999,9;23,5;6,5;0,0;999,9;0;1;0;0;0;0
El_Bolson;878000;2013;03;07;11,4;4;6,6;4;1013,7;4;973,4;4;27,5;4;2,7;4;10,8;999,9;15,2;6,8;0,0;999,9;0;1;0;0;0;0
El_Bolson;878000;2013;03;12;11,8;4;4,1;4;9999,9;0;9999,9;0;29,9;4;0,8;4;3,1;999,9;20,5;4,1;0,0;999,9;0;0;0;0;0;0
El_Bolson;878000;2013;03;14;9,3;4;1,4;4;1024,5;4;983,4;4;29,9;4;1,0;4;4,1;999,9;16,9;-1,0;0,0;999,9;0;0;0;0;0;0
El_Bolson;878000;2013;03;15;9,8;4;1,0;4;1023,4;4;982,4;4;29,9;4;0,0;4;999,9;999,9;19,5;-0,9;0,0;999,9;0;0;0;0;0;0
El_Bolson;878000;2013;03;18;14,9;4;9,6;4;1017,6;4;977,5;4;29,9;4;0,8;4;3,1;999,9;22,7;4,5;0,0;999,9;0;0;0;0;0;0
El_Bolson;878000;2013;03;20;15,7;4;8,1;4;1009,2;4;969,7;4;29,9;4;0,0;4;999,9;999,9;24,3;6,4;0,0;999,9;0;1;0;0;0;0
El_Bolson;878000;2013;03;21;9,7;4;3,8;4;9999,9;0;980,6;4;29,9;4;0,0;4;999,9;999,9;17,5;0,5;0,0;999,9;0;0;0;0;0;0
El_Bolson;878000;2013;03;22;12,3;4;7,2;4;1019,2;4;978,7;4;29,9;4;0,0;4;999,9;999,9;19,7;2,4;0,0;999,9;0;0;0;0;0;0
El_Bolson;878000;2013;03;25;12,3;4;5,4;4;1019,8;4;979,4;4;29,9;4;0,0;4;999,9;999,9;20,0;1,5;0,0;999,9;0;0;0;0;0;0
El_Bolson;878000;2013;03;26;12,9;4;7,5;4;1020,5;4;980,0;4;29,9;4;1,0;4;4,1;999,9;21,5;3,0;0,0;999,9;0;0;0;0;0;0
El_Bolson;878000;2013;03;28;14,0;4;7,9;4;1019,5;4;979,2;4;29,9;4;0,8;4;3,1;999,9;23,1;3,5;0,0;999,9;0;0;0;0;0;0
El_Bolson;878000;2013;03;29;15,7;4;11,4;4;1016,3;4;976,4;4;29,9;4;0,0;4;999,9;999,9;25,0;4,7;0,0;999,9;0;0;0;0;0;0
El_Bolson;878000;2013;04;01;16,6;4;4,9;4;1021,5;4;981,1;4;29,9;4;1,3;4;5,1;999,9;22,5;2,0;0,0;999,9;0;0;0;0;0;0
El_Bolson;878000;2013;04;02;13,4;4;7,3;4;1023,4;4;982,9;4;29,9;4;1,0;4;4,1;999,9;22,1;2,5;0,0;999,9;0;0;0;0;0;0
El_Bolson;878000;2013;04;03;12,8;4;6,8;4;1022,1;4;981,6;4;29,9;4;0,8;4;3,1;999,9;24,0;2,0;0,0;999,9;0;0;0;0;0;0
El_Bolson;878000;2013;04;04;13,4;4;8,4;4;1011,6;4;971,6;4;29,9;4;1,0;4;4,1;999,9;24,0;3,1;0,0;999,9;0;0;0;0;0;0
El_Bolson;878000;2013;04;08;11,2;4;6,0;4;1019,6;4;979,1;4;29,9;4;0,0;4;999,9;999,9;17,5;4,2;0,0;999,9;0;0;0;0;0;0
El_Bolson;878000;2013;04;09;9,5;4;6,8;4;1009,1;4;968,9;4;29,9;4;0,0;4;999,9;999,9;18,3;3,0;0,0;999,9;0;0;0;0;0;0
El_Bolson;878000;2013;04;10;13,3;4;6,2;4;1005,8;4;966,2;4;28,8;4;5,6;4;9,8;999,9;17,5;4,5;999,9;999,9;0;1;0;0;0;0
El_Bolson;878000;2013;04;11;6,7;4;3,2;4;1016,0;4;975,2;4;29,9;4;0,0;4;999,9;999,9;18,5;2,0;5,1;999,9;0;1;0;0;0;0
El_Bolson;878000;2013;04;15;12,2;4;9,0;4;1015,6;4;975,4;4;29,9;4;0,8;4;3,1;999,9;19,0;3,5;0,0;999,9;0;0;0;0;0;0
El_Bolson;878000;2013;04;16;13,7;4;7,8;4;1014,5;4;974,4;4;29,9;4;0,0;4;999,9;999,9;21,5;4,1;0,0;999,9;0;0;0;0;0;0
El_Bolson;878000;2013;04;17;14,3;4;11,5;4;1015,4;4;975,5;4;28,8;4;0,8;4;3,1;999,9;20,0;7,0;0,0;999,9;0;1;0;0;0;0
El_Bolson;878000;2013;04;18;14,6;4;10,2;4;1013,2;4;973,1;4;29,9;4;0,0;4;999,9;999,9;22,4;5,0;0,0;999,9;0;0;0;0;0;0
El_Bolson;878000;2013;04;19;16,8;4;10,0;4;1015,2;4;975,5;4;29,9;4;0,0;4;999,9;999,9;25,6;6,2;0,0;999,9;0;0;0;0;0;0
El_Bolson;878000;2013;04;22;13,2;6;8,8;6;1019,6;6;979,5;6;29,9;6;1,4;6;5,1;999,9;19,1;5,6;0,0;999,9;0;0;0;0;0;0
El_Bolson;878000;2013;04;23;10,8;6;7,3;6;1022,9;6;982,3;6;29,9;6;0,0;6;999,9;999,9;20,3;3,5;0,0;999,9;0;0;0;0;0;0
El_Bolson;878000;2013;04;24;9,0;6;5,6;6;1017,8;6;977,1;6;28,3;6;1,0;6;3,1;999,9;18,0;1,0;0,0;999,9;0;0;0;0;0;0
El_Bolson;878000;2013;04;25;9,6;6;6,2;6;1020,1;6;979,4;6;20,3;6;0,0;6;999,9;999,9;17,5;1,3;0,0;999,9;1;0;0;0;0;0
El_Bolson;878000;2013;04;26;7,1;6;3,8;6;1019,3;6;978,3;6;24,1;6;0,0;6;999,9;999,9;16,7;-2,0;0,0;999,9;0;0;0;0;0;0
El_Bolson;878000;2013;04;27;9,7;6;5,5;6;1021,6;6;980,7;6;29,9;6;0,0;6;999,9;999,9;16,7;-1,9;0,0;999,9;0;0;0;0;0;0
El_Bolson;878000;2013;04;28;10,7;6;6,6;6;1018,3;6;977,8;6;29,9;6;0,0;6;999,9;999,9;18,0;2,6;0,0;999,9;0;0;0;0;0;0
El_Bolson;878000;2013;04;29;10,6;6;9,1;6;1014,0;6;973,9;6;24,1;6;0,0;6;999,9;999,9;17,0;6,8;2,0;999,9;0;1;0;0;0;0
El_Bolson;878000;2013;04;30;9,7;6;7,7;6;1013,1;6;972,9;6;24,9;6;1,5;6;3,1;999,9;13,3;8,0;9,9;999,9;0;1;0;0;0;0
El_Bolson;878000;2013;05;01;8,0;6;7,1;6;1012,0;6;971,6;6;22,5;6;0,0;6;999,9;999,9;11,1;6,5;20,1;999,9;0;1;0;0;0;0
El_Bolson;878000;2013;05;02;8,6;6;7,2;6;1016,3;6;975,7;6;20,0;6;0,0;6;999,9;999,9;10,0;6,7;7,1;999,9;1;0;0;0;0;0
El_Bolson;878000;2013;05;03;9,8;6;8,8;6;1009,7;6;969,5;6;17,7;6;0,0;6;999,9;999,9;12,9;6,5;3,0;999,9;1;1;0;0;0;0
El_Bolson;878000;2013;05;04;11,3;6;5,5;6;1018,9;6;978,5;6;29,9;6;0,5;6;3,1;999,9;15,1;6,5;2,0;999,9;0;0;0;0;0;0
El_Bolson;878000;2013;05;05;7,3;6;2,7;6;1021,4;6;980,4;6;29,9;6;2,0;6;11,8;999,9;16,5;-1,0;0,0;999,9;0;0;0;0;0;0
El_Bolson;878000;2013;05;06;8,8;6;4,1;5;1022,4;6;981,5;6;25,9;6;0,7;6;4,1;999,9;15,5;0,0;1,0;999,9;0;1;0;0;0;0
El_Bolson;878000;2013;05;07;7,4;6;3,3;6;1017,0;6;976,0;6;29,9;6;2,0;6;11,8;999,9;17,9;-1,2;0,0;999,9;0;0;0;0;0;0
El_Bolson;878000;2013;05;08;12,8;6;10,0;6;1008,9;6;969,3;6;10,3;6;3,3;6;14,9;999,9;18,5;0,9;15,0;999,9;0;1;0;0;0;0
El_Bolson;878000;2013;05;09;14,8;6;9,4;6;1007,1;6;967,6;6;24,9;6;6,7;6;9,8;999,9;16,9;10,5;14,0;999,9;0;1;0;0;0;0
El_Bolson;878000;2013;05;10;12,6;6;8,0;6;1007,4;6;967,9;6;22,0;6;3,4;6;8,2;999,9;17,5;9,9;5,1;999,9;0;1;0;0;0;0
El_Bolson;878000;2013;05;11;10,6;6;5,1;6;1015,2;6;974,7;6;29,9;6;5,3;6;13,9;999,9;15,5;5,0;4,1;999,9;0;1;0;0;0;0
El_Bolson;878000;2013;05;12;7,3;6;3,2;6;1016,1;6;975,3;6;29,9;6;3,2;6;9,8;999,9;16,0;0,9;1,0;999,9;0;0;0;0;0;0
El_Bolson;878000;2013;05;13;9,3;6;3,4;6;1014,1;6;973,8;6;23,3;6;4,6;6;9,8;999,9;13,0;0,9;0,0;999,9;0;1;0;0;0;0
El_Bolson;878000;2013;05;14;5,1;6;-0,4;6;1022,6;6;981,4;6;28,3;6;0,9;6;5,1;999,9;11,5;0,5;2,0;999,9;0;1;0;0;0;0
El_Bolson;878000;2013;05;15;2,7;6;-2,1;6;1030,0;6;987,8;6;29,9;6;0,0;6;999,9;999,9;9,4;-4,0;0,0;999,9;0;0;0;0;0;0
El_Bolson;878000;2013;05;16;1,2;5;-0,6;5;1028,1;5;986,0;5;16,3;5;0,0;5;999,9;999,9;10,6;-3,3;0,0;999,9;1;0;0;0;0;0
El_Bolson;878000;2013;05;17;1,1;6;-0,6;6;1022,0;5;980,2;6;17,2;6;0,0;6;999,9;999,9;10,5;-4,5;0,0;999,9;1;0;0;0;0;0
El_Bolson;878000;2013;05;18;2,3;6;0,4;6;1023,7;6;981,8;6;12,4;6;0,4;6;2,1;999,9;7,4;-4,1;0,0;999,9;1;0;0;0;0;0
El_Bolson;878000;2013;05;19;4,1;6;2,0;6;1025,3;6;983,5;6;20,8;6;0,0;6;999,9;999,9;8,5;-2,3;999,9;999,9;0;1;0;0;0;0
El_Bolson;878000;2013;05;20;7,2;6;3,9;6;1019,0;6;978,5;6;22,5;6;1,9;6;6,2;999,9;12,4;1,7;0,0;999,9;1;0;0;0;0;0
El_Bolson;878000;2013;05;21;9,1;6;6,5;6;1017,2;6;976,6;6;28,3;6;1,5;6;5,1;999,9;13,5;3,4;0,8;999,9;0;1;0;0;0;0
El_Bolson;878000;2013;05;22;8,4;6;5,2;6;1019,2;6;978,4;6;24,9;6;0,0;6;999,9;999,9;13,4;2,2;2,0;999,9;1;0;0;0;0;0
El_Bolson;878000;2013;05;23;12,6;6;7,3;6;1012,9;6;972,9;6;19,2;6;3,9;6;11,8;999,9;16,7;2,3;3,0;999,9;0;1;0;0;0;0
El_Bolson;878000;2013;05;24;10,6;6;7,4;6;1019,2;6;978,8;6;29,9;6;0,0;6;999,9;999,9;17,6;4,0;3,0;999,9;0;0;0;0;0;0
El_Bolson;878000;2013;05;25;10,6;6;6,6;6;1013,9;6;973,6;6;29,1;6;0,5;6;3,1;999,9;14,9;3,8;0,0;999,9;0;0;0;0;0;0
El_Bolson;878000;2013;05;26;10,6;6;6,9;6;1011,0;6;971,0;6;25,9;6;0,9;6;5,1;999,9;16,2;7,5;3,0;999,9;0;1;0;0;0;0
El_Bolson;878000;2013;05;27;9,3;5;6,7;5;996,9;5;957,3;5;29,0;5;3,0;5;9,8;999,9;11,7;6,5;2,0;999,9;0;1;0;0;0;0
El_Bolson;878000;2013;05;28;8,2;6;3,6;6;998,5;6;960,2;6;25,9;6;7,0;6;9,8;999,9;13,0;5,7;5,1;999,9;0;1;0;0;0;0
El_Bolson;878000;2013;05;29;6,8;6;4,0;6;1013,3;6;972,6;6;22,2;6;1,6;6;9,8;999,9;11,0;2,5;7,9;999,9;0;1;0;0;0;0
El_Bolson;878000;2013;05;30;10,8;6;7,3;6;1000,8;6;961,0;6;29,1;6;8,7;6;11,8;999,9;13,5;0,0;0,0;999,9;0;1;0;0;0;0
El_Bolson;878000;2013;05;31;8,2;6;4,7;6;997,9;6;958,1;6;15,8;6;6,6;6;9,8;999,9;13,0;6,7;17,0;999,9;0;1;0;0;0;0
El_Bolson;878000;2013;06;01;9,1;6;5,6;6;1003,7;6;963,6;6;28,3;6;2,6;6;11,8;999,9;12,3;4,5;11,9;999,9;0;1;0;0;0;0
El_Bolson;878000;2013;06;02;8,1;6;6,8;6;1015,0;6;974,4;6;29,9;6;1,2;6;4,1;999,9;12,5;5,0;1,0;999,9;0;1;0;0;0;0
El_Bolson;878000;2013;06;03;11,2;6;9,5;6;1015,5;6;975,2;6;18,3;6;1,6;6;9,8;999,9;13,1;6,5;3,0;999,9;0;1;0;0;0;0
El_Bolson;878000;2013;06;04;10,9;6;9,8;6;1014,3;6;974,2;6;6,6;6;1,0;6;6,2;999,9;15,5;9,5;7,9;999,9;0;1;0;0;0;0
El_Bolson;878000;2013;06;05;9,9;6;4,4;6;1016,5;6;976,1;6;25,4;6;1,9;6;5,1;999,9;13,8;5,0;24,9;999,9;0;1;0;0;0;0
El_Bolson;878000;2013;06;06;6,8;6;5,4;6;1015,4;6;974,7;6;15,1;6;0,0;6;999,9;999,9;14,0;3,3;0,0;999,9;0;1;0;0;0;0
El_Bolson;878000;2013;06;07;6,7;6;2,3;6;1022,4;6;981,4;6;25,6;6;0,0;6;999,9;999,9;11,4;2,0;18,0;999,9;0;1;0;0;0;0
El_Bolson;878000;2013;06;08;0,9;6;-1,2;6;1025,8;6;983,8;6;25,9;6;0,0;6;999,9;999,9;12,3;-4,4;0,0;999,9;0;0;0;0;0;0
El_Bolson;878000;2013;06;09;3,2;6;0,4;6;1023,5;6;981,6;6;28,3;6;0,0;6;999,9;999,9;8,8;-3,2;0,0;999,9;0;0;0;0;0;0
El_Bolson;878000;2013;06;10;5,3;6;2,1;6;1020,0;6;978,6;6;29,1;6;0,0;6;999,9;999,9;19,6;-1,9;0,0;999,9;0;0;0;0;0;0
El_Bolson;878000;2013;06;11;8,2;6;4,9;6;1015,0;6;974,1;6;29,9;6;1,4;6;8,2;999,9;14,5;-1,9;0,0;999,9;0;1;0;0;0;0
El_Bolson;878000;2013;06;12;6,8;5;5,6;5;1016,7;5;976,3;5;22,0;5;0,0;5;999,9;999,9;15,5;2,8;0,0;999,9;0;1;0;0;0;0
El_Bolson;878000;2013;06;13;8,9;5;5,8;5;1020,1;5;979,4;5;21,1;5;0,0;5;999,9;999,9;13,1;5,0;5,1;999,9;1;1;0;0;0;0
El_Bolson;878000;2013;06;14;4,0;6;1,9;6;1019,5;6;978,2;6;29,1;6;0,5;6;3,1;999,9;13,5;-0,5;0,0;999,9;0;0;0;0;0;0
El_Bolson;878000;2013;06;15;8,5;6;5,1;6;1007,7;6;967,4;6;24,1;6;3,8;6;8,2;999,9;11,4;1,7;7,9;999,9;0;1;0;0;0;0
El_Bolson;878000;2013;06;16;4,4;6;1,2;6;1022,4;6;981,0;6;27,5;6;1,4;6;8,2;999,9;12,5;-2,0;6,1;999,9;0;1;0;0;0;0
El_Bolson;878000;2013;06;17;6,3;6;3,1;6;1010,2;6;969,5;6;20,8;6;6,8;6;11,8;999,9;8,3;2,5;31,0;999,9;0;1;0;0;0;0
El_Bolson;878000;2013;06;18;3,1;6;0,8;6;1019,6;6;978,2;6;21,7;6;0,0;6;999,9;999,9;8,2;0,2;999,9;999,9;1;1;0;0;0;0
El_Bolson;878000;2013;06;19;3,8;6;1,0;6;1024,8;6;983,1;6;29,9;6;0,5;6;3,1;999,9;8,3;-1,5;0,0;999,9;0;0;0;0;0;0
El_Bolson;878000;2013;06;20;6,8;6;2,8;6;1020,5;6;979,1;6;23,3;6;2,1;6;5,1;999,9;12,3;-1,5;0,0;999,9;1;0;0;0;0;0
El_Bolson;878000;2013;06;21;8,1;5;4,6;5;1007,7;5;967,2;5;19,6;5;7,6;5;17,0;999,9;12,0;1,1;9,9;999,9;0;1;0;0;0;0
El_Bolson;878000;2013;06;22;3,1;6;1,2;6;1019,2;6;977,8;6;29,1;6;0,0;6;999,9;999,9;12,0;-1,0;0,0;999,9;0;0;0;0;0;0
El_Bolson;878000;2013;06;23;1,6;5;0,0;5;1024,1;5;982,2;5;29,9;5;0,6;5;3,1;999,9;8,5;-3,0;0,0;999,9;0;0;0;0;0;0
El_Bolson;878000;2013;06;24;3,3;6;0,6;6;1024,0;6;982,2;6;29,9;6;0,0;6;999,9;999,9;8,5;-2,5;0,0;999,9;0;0;0;0;0;0
El_Bolson;878000;2013;06;25;4,4;6;1,3;6;1019,7;6;978,4;6;29,9;6;0,0;6;999,9;999,9;9,8;-1,9;0,0;999,9;0;0;0;0;0;0
El_Bolson;878000;2013;06;26;6,8;6;4,7;6;1009,8;6;969,1;6;29,9;6;0,5;6;3,1;999,9;10,5;-1,7;0,0;999,9;0;1;0;0;0;0
El_Bolson;878000;2013;06;27;7,8;6;5,5;6;1000,7;6;960,6;6;11,6;6;5,3;6;12,9;999,9;10,1;5,7;10,9;999,9;0;1;0;0;0;0
El_Bolson;878000;2013;06;28;5,2;6;3,9;6;1008,2;6;967,5;6;18,8;6;0,0;6;999,9;999,9;11,5;2,0;25,9;999,9;0;1;0;0;0;0
El_Bolson;878000;2013;06;29;3,7;6;1,2;6;1019,3;6;978,0;6;28,3;6;0,0;6;999,9;999,9;8,1;0,7;2,0;999,9;0;0;0;0;0;0
El_Bolson;878000;2013;06;30;0,1;6;-1,1;6;1022,6;6;980,6;6;25,4;6;0,0;6;999,9;999,9;7,5;-3,7;0,0;999,9;0;1;0;0;0;0
El_Bolson;878000;2013;07;01;7,9;6;4,7;6;1012,1;6;971,1;6;10,5;6;5,8;6;11,8;999,9;12,9;-1,7;6,1;999,9;0;1;0;0;0;0
El_Bolson;878000;2013;07;02;7,8;6;6,4;6;996,3;6;956,5;6;23,3;6;5,2;6;9,8;999,9;13,5;5,9;31,0;999,9;0;1;0;0;0;0
El_Bolson;878000;2013;07;03;4,9;6;3,1;6;1007,8;6;967,1;6;13,7;6;2,8;6;9,8;999,9;9,1;3,0;38,1;999,9;0;1;0;0;0;0
El_Bolson;878000;2013;07;04;4,7;6;2,6;6;1020,5;6;979,2;6;25,4;6;1,2;6;7,2;999,9;8,1;1,5;2,0;999,9;0;1;0;0;0;0
El_Bolson;878000;2013;07;05;0,9;6;-0,4;6;1021,0;6;979,2;6;27,5;6;0,5;6;3,1;999,9;8,3;-2,0;0,0;999,9;0;0;0;0;0;0
El_Bolson;878000;2013;07;06;1,8;6;-0,8;6;1028,2;6;986,2;6;27,5;6;0,0;6;999,9;999,9;3,2;-1,3;0,0;999,9;0;0;0;0;0;0
El_Bolson;878000;2013;07;07;0,6;6;-2,3;6;1031,8;6;989,6;6;28,3;6;0,0;6;999,9;999,9;3,2;-0,7;0,0;999,9;0;0;0;0;0;0
El_Bolson;878000;2013;07;08;0,6;6;-2,8;6;1019,5;6;977,5;6;29,9;6;0,0;6;999,9;999,9;4,9;-4,5;0,0;999,9;0;0;0;0;0;0
El_Bolson;878000;2013;07;09;3,4;6;1,6;6;1013,7;6;972,5;6;7,7;6;0,7;6;4,1;999,9;5,5;-3,5;2,0;999,9;0;1;0;0;0;0
El_Bolson;878000;2013;07;10;5,9;7;3,4;7;1011,5;7;970,6;7;16,1;7;1,0;7;4,1;999,9;9,0;2,2;9,9;999,9;1;1;0;0;0;0
El_Bolson;878000;2013;07;11;7,5;10;4,8;10;1020,7;10;979,6;10;24,9;10;0,4;10;4,1;999,9;11,5;2,5;0,0;999,9;0;1;0;0;0;0
El_Bolson;878000;2013;07;12;8,6;6;3,3;6;1014,0;6;973,5;6;28,3;6;8,1;6;13,9;999,9;11,5;4,9;0,0;999,9;0;1;0;0;0;0
El_Bolson;878000;2013;07;13;6,0;6;2,4;6;1012,9;6;972,2;6;28,3;6;3,7;6;9,8;999,9;12,5;4,9;13,0;999,9;0;1;0;0;0;0
El_Bolson;878000;2013;07;14;3,2;6;1,1;6;1021,1;6;979,6;6;29,9;6;0,5;6;3,1;999,9;10,0;-1,0;4,1;999,9;0;0;0;0;0;0
El_Bolson;878000;2013;07;15;5,4;6;2,8;6;1020,6;6;979,2;6;26,7;6;0,9;6;5,1;999,9;9,8;-0,4;0,0;999,9;0;1;0;0;0;0
El_Bolson;878000;2013;07;16;11,0;6;5,8;6;1012,6;6;972,4;6;26,7;6;1,9;6;6,2;999,9;17,5;1,5;2,0;999,9;0;1;0;0;0;0
El_Bolson;878000;2013;07;17;8,4;6;3,2;6;1012,4;6;972,1;6;17,9;6;3,9;6;9,8;999,9;17,5;4,1;8,9;999,9;0;1;0;0;0;0
El_Bolson;878000;2013;07;18;0,5;6;-3,9;6;1028,7;6;986,6;6;25,4;6;0,0;6;999,9;999,9;11,3;-4,0;2,0;999,9;0;1;0;0;0;0
El_Bolson;878000;2013;07;19;-0,3;6;-4,7;6;1026,0;6;983,7;6;29,9;6;0,0;6;999,9;999,9;5,3;-6,6;0,0;999,9;0;0;0;0;0;0
El_Bolson;878000;2013;07;20;1,9;6;-3,1;6;1024,6;6;982,7;6;29,9;6;0,4;6;2,1;999,9;7,8;-5,1;0,0;999,9;0;0;0;0;0;0
El_Bolson;878000;2013;07;21;0,1;6;-6,4;6;1037,2;6;994,5;6;29,9;6;0,0;6;999,9;999,9;6,5;-5,6;0,0;999,9;0;0;0;0;0;0
El_Bolson;878000;2013;07;22;-1,2;6;-5,4;6;1033,7;6;990,9;6;29,9;6;0,0;6;999,9;999,9;7,5;-6,5;0,0;999,9;0;0;0;0;0;0
El_Bolson;878000;2013;07;23;1,8;6;-2,7;6;1029,3;6;987,0;6;29,9;6;0,5;6;3,1;999,9;7,9;-4,6;0,0;999,9;0;0;0;0;0;0
El_Bolson;878000;2013;07;24;3,1;6;-0,4;6;1024,1;6;982,2;6;19,2;6;0,4;6;2,6;999,9;9,3;-4,5;0,0;999,9;1;0;0;0;0;0
El_Bolson;878000;2013;07;25;5,6;6;0,5;6;1015,2;6;973,9;6;29,9;6;1,5;6;3,1;999,9;13,1;-2,5;0,0;999,9;0;0;0;0;0;0
El_Bolson;878000;2013;07;26;3,7;6;0,3;6;1018,6;6;977,3;6;24,9;6;0,7;6;4,1;999,9;13,5;-2,5;0,0;999,9;1;0;0;0;0;0
El_Bolson;878000;2013;07;27;1,3;6;-2,6;6;1027,2;6;985,1;6;29,9;6;0,0;6;999,9;999,9;10,0;-5,1;0,0;999,9;0;0;0;0;0;0
El_Bolson;878000;2013;07;28;0,8;6;-4,3;6;1023,8;6;981,6;6;29,1;6;0,0;6;999,9;999,9;8,9;-6,4;0,0;999,9;0;0;0;0;0;0
El_Bolson;878000;2013;07;29;2,8;6;-3,1;6;1022,5;6;980,6;6;29,9;6;0,0;6;999,9;999,9;11,7;-5,1;0,0;999,9;0;0;0;0;0;0
El_Bolson;878000;2013;07;30;2,1;6;-0,3;6;1019,7;6;978,0;6;22,5;6;0,9;6;5,1;999,9;12,5;-4,9;0,0;999,9;0;1;0;0;0;0
El_Bolson;878000;2013;07;31;5,3;6;2,8;6;1022,6;6;981,2;6;25,9;6;0,7;6;4,1;999,9;8,5;-1,2;4,1;999,9;0;1;0;0;0;0
El_Bolson;878000;2013;08;01;3,6;5;0,2;5;1023,9;5;982,3;5;24,0;5;0,0;5;999,9;999,9;9,7;-2,9;0,0;999,9;1;0;0;0;0;0
El_Bolson;878000;2013;08;02;2,3;6;-0,6;6;1019,1;6;977,5;6;24,1;6;1,0;6;3,1;999,9;11,0;-3,5;0,0;999,9;0;0;0;0;0;0
El_Bolson;878000;2013;08;03;6,1;6;1,7;6;1010,6;6;969,8;6;29,1;6;4,7;6;9,8;999,9;9,1;-2,3;3,0;999,9;0;1;0;0;0;0
El_Bolson;878000;2013;08;04;5,6;6;3,4;6;1004,1;6;962,5;5;25,9;6;6,0;6;9,8;999,9;9,5;4,1;10,9;999,9;0;1;0;0;0;0
El_Bolson;878000;2013;08;05;6,1;6;1,5;6;1010,8;6;970,1;6;22,5;6;4,5;6;11,8;999,9;9,5;2,8;22,1;999,9;0;1;0;0;0;0
El_Bolson;878000;2013;08;06;5,3;6;2,8;6;1005,2;6;964,7;6;6,8;6;4,2;6;9,8;999,9;9,0;3,1;3,0;999,9;0;1;0;0;0;0
El_Bolson;878000;2013;08;07;5,9;6;1,1;6;1004,4;6;963,9;6;23,0;6;1,2;6;5,1;999,9;8,5;2,5;21,1;999,9;0;1;0;0;0;0
El_Bolson;878000;2013;08;08;3,1;6;-0,6;6;1023,0;6;981,4;6;29,1;6;0,5;6;3,1;999,9;9,3;-2,0;0,0;999,9;0;0;0;0;0;0
El_Bolson;878000;2013;08;09;2,6;6;-2,0;6;1030,5;6;988,3;6;29,9;6;1,4;6;8,2;999,9;9,5;-4,3;0,0;999,9;0;0;0;0;0;0
El_Bolson;878000;2013;08;10;7,1;6;4,1;6;1014,8;6;974,0;6;5,6;6;4,5;6;9,8;999,9;11,5;-3,0;5,1;999,9;0;1;0;0;0;0
El_Bolson;878000;2013;08;11;6,8;6;3,8;6;1011,6;6;971,1;6;13,5;6;2,6;6;10,8;999,9;10,2;3,2;8,9;999,9;0;1;0;0;0;0
El_Bolson;878000;2013;08;12;2,3;6;-2,6;6;1025,9;6;984,0;6;29,9;6;0,0;6;999,9;999,9;10,3;-4,8;3,0;999,9;0;0;0;0;0;0
El_Bolson;878000;2013;08;13;2,2;6;-3,8;6;1033,3;6;991,0;6;29,9;6;0,4;6;2,1;999,9;8,5;-4,5;0,0;999,9;0;0;0;0;0;0
El_Bolson;878000;2013;08;14;2,3;6;-1,9;6;1020,8;6;979,0;6;26,7;6;4,5;6;14,9;999,9;9,5;-4,6;0,0;999,9;0;1;0;0;0;0
El_Bolson;878000;2013;08;15;4,8;6;2,1;6;1012,2;6;971,1;6;7,7;6;6,1;6;11,8;999,9;16,2;2,6;9,9;999,9;0;1;0;0;0;0
El_Bolson;878000;2013;08;16;4,2;5;-0,2;5;1027,8;5;986,2;5;26,1;5;1,8;5;8,8;999,9;10,7;-2,5;1,0;999,9;0;1;0;0;0;0
El_Bolson;878000;2013;08;17;4,4;6;-1,3;6;1018,8;6;977,3;6;19,2;6;0,0;6;999,9;999,9;12,9;-3,0;0,0;999,9;1;0;0;0;0;0
El_Bolson;878000;2013;08;18;5,7;6;1,4;6;1005,4;6;964,6;6;24,1;6;4,1;6;14,9;999,9;14,4;-2,4;0,0;999,9;0;1;0;0;0;0
El_Bolson;878000;2013;08;19;5,2;6;1,9;6;1011,6;6;970,7;6;21,7;6;6,6;6;9,8;999,9;16,3;-0,7;18,0;999,9;0;1;0;0;0;0
El_Bolson;878000;2013;08;20;6,7;5;2,7;5;1017,1;5;976,2;5;19,6;5;3,9;5;7,2;999,9;9,0;3,4;9,9;999,9;0;1;0;0;0;0
El_Bolson;878000;2013;08;21;4,9;6;0,3;6;1016,3;6;975,2;6;20,0;6;0,0;6;999,9;999,9;10,7;0,9;15,0;999,9;0;1;0;0;0;0
El_Bolson;878000;2013;08;22;1,8;6;-4,1;6;1027,9;6;985,9;6;29,1;6;0,7;6;4,1;999,9;9,9;-2,0;0,0;999,9;0;0;0;0;0;0
El_Bolson;878000;2013;08;23;-0,7;5;-9,0;5;1034,2;5;991,6;5;29,9;5;0,0;5;999,9;999,9;1,0;-4,3;0,0;999,9;0;0;0;0;0;0
El_Bolson;878000;2013;08;24;-0,4;6;-10,3;6;1034,6;6;991,9;6;29,9;6;0,5;6;3,1;999,9;5,0;-7,0;0,0;999,9;0;0;0;0;0;0
El_Bolson;878000;2013;08;25;-0,1;6;-7,3;6;1030,8;6;988,2;6;29,9;6;1,5;6;3,1;999,9;7,0;-6,7;0,0;999,9;0;0;0;0;0;0
El_Bolson;878000;2013;08;26;1,6;6;-1,8;6;1027,6;6;985,4;6;25,9;6;1,0;6;4,1;999,9;7,5;-5,9;999,9;999,9;0;1;0;0;0;0
El_Bolson;878000;2013;08;27;10,2;5;5,7;5;1017,2;5;976,4;5;20,0;5;3,4;5;11,8;999,9;16,4;-1,6;6,1;999,9;0;1;0;0;0;0
El_Bolson;878000;2013;08;28;12,7;6;7,3;6;1015,0;6;975,0;6;29,9;6;0,7;6;4,1;999,9;17,7;7,9;1,0;999,9;0;1;0;0;0;0
El_Bolson;878000;2013;08;29;13,7;6;4,2;6;1011,6;6;972,0;6;29,9;6;4,5;6;9,8;999,9;19,5;6,2;89,9;999,9;0;0;0;0;0;0
El_Bolson;878000;2013;08;30;12,2;6;4,0;6;1012,9;6;972,9;6;29,1;6;3,5;6;14,9;999,9;18,1;6,2;0,0;999,9;0;0;0;0;0;0
El_Bolson;878000;2013;08;31;9,4;6;5,9;6;1014,8;6;974,5;6;20,4;6;0,0;6;999,9;999,9;16,0;7,7;2,0;999,9;0;1;0;0;0;0
El_Bolson;878000;2013;09;01;8,8;5;2,4;5;1018,3;5;977,7;5;28,0;5;2,4;5;9,8;999,9;12,6;4,4;11,9;999,9;0;1;0;0;0;0
El_Bolson;878000;2013;09;02;5,4;6;-0,9;6;1024,4;6;983,0;6;28,3;6;0,0;6;999,9;999,9;14,0;-1,3;0,0;999,9;0;1;0;0;0;0
El_Bolson;878000;2013;09;03;3,7;6;-2,3;6;1024,7;6;983,0;6;27,5;6;0,0;6;999,9;999,9;11,2;-3,0;0,0;999,9;0;0;0;0;0;0
El_Bolson;878000;2013;09;04;5,6;5;3,1;5;1011,2;5;970,3;5;24,9;5;0,6;5;3,1;999,9;9,5;-2,1;6,1;999,9;0;1;0;0;0;0
El_Bolson;878000;2013;09;05;10,2;6;6,2;6;1008,1;6;968,0;6;15,0;6;6,6;6;11,8;999,9;12,5;3,7;8,9;999,9;0;1;0;0;0;0
El_Bolson;878000;2013;09;06;10,5;6;6,1;6;1010,2;6;970,1;6;26,7;6;3,3;6;9,8;999,9;12,2;8,0;7,9;999,9;0;1;0;0;0;0
El_Bolson;878000;2013;09;07;9,9;6;4,4;6;1012,9;6;972,6;6;28,3;6;1,9;6;6,2;999,9;13,4;4,7;18,0;999,9;0;1;0;0;0;0
El_Bolson;878000;2013;09;08;11,9;6;7,4;6;1008,4;6;968,7;6;17,5;6;6,9;6;11,8;999,9;15,5;5,0;5,1;999,9;0;1;0;0;0;0
El_Bolson;878000;2013;09;09;8,8;6;6,6;6;999,7;6;959,7;6;24,1;6;4,3;6;11,8;999,9;16,1;6,5;18,0;999,9;0;1;0;0;0;0
El_Bolson;878000;2013;09;10;7,7;6;2,9;6;1008,9;6;968,8;6;8,4;6;7,8;6;13,4;999,9;15,3;6,2;25,9;999,9;0;1;0;0;0;0
El_Bolson;878000;2013;09;11;5,3;6;0,8;6;1020,3;6;979,0;6;29,9;6;0,0;6;999,9;999,9;9,3;0,3;6,1;999,9;0;0;0;0;0;0
El_Bolson;878000;2013;09;12;3,8;6;-3,2;6;1024,7;6;982,9;6;29,9;6;0,5;6;3,1;999,9;10,5;-3,5;0,0;999,9;0;0;0;0;0;0
El_Bolson;878000;2013;09;13;4,7;6;-2,1;6;1029,0;6;987,2;6;29,9;6;0,4;6;2,1;999,9;10,4;-2,5;0,0;999,9;0;0;0;0;0;0
El_Bolson;878000;2013;09;14;4,4;6;-1,1;6;1026,4;6;984,7;6;29,9;6;1,5;6;5,1;999,9;11,2;-2,5;0,0;999,9;0;0;0;0;0;0
El_Bolson;878000;2013;09;15;6,5;6;-1,7;6;1026,2;6;984,8;6;29,9;6;1,2;6;4,1;999,9;12,5;-1,9;0,0;999,9;0;0;0;0;0;0
El_Bolson;878000;2013;09;16;4,9;6;-4,2;6;1027,4;6;985,8;6;29,9;6;1,5;6;5,1;999,9;12,2;-4,0;0,0;999,9;0;0;0;0;0;0
El_Bolson;878000;2013;09;17;6,2;6;-0,7;6;1025,3;5;983,9;6;29,1;6;0,7;6;4,1;999,9;13,3;-3,1;0,0;999,9;0;0;0;0;0;0
El_Bolson;878000;2013;09;18;6,6;5;0,8;5;1019,7;5;978,7;5;29,9;5;1,9;5;6,2;999,9;14,9;-1,0;0,0;999,9;0;0;0;0;0;0
El_Bolson;878000;2013;09;19;9,2;6;3,2;6;1014,1;6;973,8;6;24,9;6;2,1;6;8,2;999,9;12,4;5,8;0,8;999,9;0;1;0;0;0;0
El_Bolson;878000;2013;09;20;6,4;6;1,4;6;1013,1;6;972,4;6;26,7;6;1,2;6;7,2;999,9;13,2;0,9;5,1;999,9;0;1;0;0;0;0
El_Bolson;878000;2013;09;21;5,4;6;-0,7;6;1023,9;6;982,9;6;29,9;6;0,0;6;999,9;999,9;12,0;-2,7;0,0;999,9;0;0;0;0;0;0
El_Bolson;878000;2013;09;22;7,4;5;-1,9;5;1034,6;5;993,0;5;29,9;5;0,0;5;999,9;999,9;14,2;-0,8;0,0;999,9;0;0;0;0;0;0
El_Bolson;878000;2013;09;23;7,0;6;-2,6;6;1033,5;5;991,6;5;29,9;6;0,0;6;999,9;999,9;17,4;-3,0;0,0;999,9;0;0;0;0;0;0
El_Bolson;878000;2013;09;24;8,7;6;-3,1;6;1023,8;6;982,6;6;29,9;6;0,0;6;999,9;999,9;20,4;-2,5;0,0;999,9;0;0;0;0;0;0
El_Bolson;878000;2013;09;25;10,1;6;0,8;6;1013,7;6;975,0;6;29,9;6;1,9;6;7,2;999,9;20,5;-1,3;0,0;999,9;0;0;0;0;0;0
El_Bolson;878000;2013;09;26;8,3;6;-0,1;6;1021,7;6;981,0;6;29,9;6;2,6;6;5,1;999,9;21,2;-0,3;0,0;999,9;0;0;0;0;0;0
El_Bolson;878000;2013;09;27;7,1;6;-2,2;6;1030,4;6;988,9;6;29,9;6;3,2;6;7,2;999,9;12,6;0,5;0,0;999,9;0;0;0;0;0;0
El_Bolson;878000;2013;09;28;8,2;6;-0,8;6;1035,0;6;993,4;6;29,9;6;4,6;6;9,8;999,9;14,0;-2,0;0,0;999,9;0;0;0;0;0;0
El_Bolson;878000;2013;09;29;7,4;6;-0,2;6;1031,0;5;989,9;6;29,9;6;0,0;6;999,9;999,9;14,9;-3,0;0,0;999,9;0;0;0;0;0;0
El_Bolson;878000;2013;09;30;8,7;6;1,8;6;1020,1;6;979,1;6;29,9;6;3,6;6;11,8;999,9;18,1;-2,0;0,0;999,9;0;0;0;0;0;0
El_Bolson;878000;2013;10;01;10,5;6;1,2;6;1017,4;6;977,0;6;29,9;6;2,2;6;5,1;999,9;18,5;-0,7;0,0;999,9;0;0;0;0;0;0
El_Bolson;878000;2013;10;02;7,2;6;0,3;6;1018,6;6;977,7;6;29,9;6;2,7;6;9,8;999,9;13,5;0,3;0,0;999,9;0;0;0;0;0;0
El_Bolson;878000;2013;10;03;8,1;6;5,1;6;1021,8;6;980,8;6;27,5;6;1,2;6;4,1;999,9;12,5;1,3;2,0;999,9;0;1;0;0;0;0
El_Bolson;878000;2013;10;04;10,3;6;6,1;6;1021,5;6;981,0;6;21,7;6;0,0;6;999,9;999,9;16,0;5,1;0,0;999,9;0;1;0;0;0;0
El_Bolson;878000;2013;10;05;9,7;6;2,5;6;1023,5;6;982,6;6;29,9;6;1,0;6;3,1;999,9;17,7;-0,7;0,0;999,9;0;0;0;0;0;0
El_Bolson;878000;2013;10;06;11,1;6;0,2;6;1019,5;6;979,0;6;29,9;6;2,4;6;4,1;999,9;21,7;-1,0;0,0;999,9;0;0;0;0;0;0
El_Bolson;878000;2013;10;07;13,1;6;0,9;6;1017,4;6;977,1;6;29,9;6;0,9;6;3,1;999,9;23,4;0,2;0,0;999,9;0;0;0;0;0;0
El_Bolson;878000;2013;10;08;12,4;6;5,8;6;1011,4;6;971,6;6;28,3;6;6,6;6;11,8;999,9;24,0;4,5;0,0;999,9;0;1;0;0;0;0
El_Bolson;878000;2013;10;09;8,3;6;2,4;6;1018,4;6;977,6;6;29,9;6;5,8;6;12,3;999,9;16,3;2,0;3,0;999,9;0;1;0;0;0;0
El_Bolson;878000;2013;10;10;13,1;6;4,8;6;1019,9;6;979,6;6;29,9;6;2,5;6;11,8;999,9;19,1;3,9;0,0;999,9;0;0;0;0;0;0
El_Bolson;878000;2013;10;11;13,1;6;5,1;6;1021,5;6;981,1;6;29,9;6;0,5;6;3,1;999,9;20,7;2,0;0,0;999,9;0;0;0;0;0;0
El_Bolson;878000;2013;10;12;15,1;5;6,7;5;1017,6;5;977,5;5;29,9;5;0,4;5;2,1;999,9;21,5;3,5;0,0;999,9;0;0;0;0;0;0
El_Bolson;878000;2013;10;13;11,2;6;4,6;6;1018,1;6;977,8;6;29,9;6;1,9;6;8,2;999,9;21,7;1,5;0,0;999,9;0;0;0;0;0;0
El_Bolson;878000;2013;10;14;15,5;6;8,8;6;1018,1;6;978,1;6;27,5;6;6,1;6;11,8;999,9;18,7;6,0;0,0;999,9;0;1;0;0;0;0
El_Bolson;878000;2013;10;15;15,7;6;9,6;6;1018,9;6;979,0;6;29,9;6;0,7;6;4,1;999,9;21,6;8,5;0,0;999,9;0;0;0;0;0;0
El_Bolson;878000;2013;10;16;16,7;6;7,7;6;1020,6;6;980,8;6;29,9;6;0,5;6;3,1;999,9;24,9;6,8;0,0;999,9;0;0;0;0;0;0
El_Bolson;878000;2013;10;17;17,3;6;5,4;6;1017,4;6;977,8;6;29,9;6;0,7;6;4,1;999,9;26,7;4,8;0,0;999,9;0;0;0;0;0;0
El_Bolson;878000;2013;10;18;16,6;6;7,0;5;1013,8;6;972,6;6;29,9;6;1,2;6;4,1;999,9;27,1;4,5;0,0;999,9;0;0;0;0;0;0
El_Bolson;878000;2013;10;19;14,3;6;6,9;6;1006,0;6;966,5;6;29,9;6;3,6;6;11,8;999,9;25,5;4,5;0,0;999,9;0;0;0;0;0;0
El_Bolson;878000;2013;10;20;11,3;6;2,9;6;1007,4;6;967,4;6;29,9;6;2,6;6;5,1;999,9;19,5;7,5;0,0;999,9;0;0;0;0;0;0
El_Bolson;878000;2013;10;21;6,6;5;-0,7;5;1019,2;5;978,2;5;29,9;5;0,8;5;4,1;999,9;14,5;-2,0;0,0;999,9;0;0;0;0;0;0
El_Bolson;878000;2013;10;22;9,1;6;2,4;6;1011,7;6;971,2;6;28,3;6;5,2;6;14,9;999,9;14,5;2,2;0,0;999,9;0;1;0;0;0;0
El_Bolson;878000;2013;10;23;8,6;6;1,4;6;1022,4;6;981,3;6;29,9;6;1,4;6;5,1;999,9;16,0;-2,0;0,0;999,9;0;0;0;0;0;0
El_Bolson;878000;2013;10;24;11,6;6;2,6;6;1022,3;6;981,6;6;29,9;6;1,7;6;4,1;999,9;22,7;-2,0;0,0;999,9;0;0;0;0;0;0
El_Bolson;878000;2013;10;25;13,6;6;3,9;6;1015,4;6;975,3;6;29,9;6;1,7;6;5,1;999,9;23,0;0,3;0,0;999,9;0;0;0;0;0;0
El_Bolson;878000;2013;10;26;11,9;6;2,7;6;1021,0;6;980,6;6;29,9;6;3,1;6;7,2;999,9;24,0;-0,5;0,0;999,9;0;0;0;0;0;0
El_Bolson;878000;2013;10;27;12,9;6;2,7;5;1019,5;6;979,1;6;29,9;6;1,7;6;4,1;999,9;23,7;-1,0;0,0;999,9;0;0;0;0;0;0
El_Bolson;878000;2013;10;28;15,3;6;3,3;6;1012,5;6;972,7;6;29,9;6;0,5;6;3,1;999,9;24,7;1,8;0,0;999,9;0;0;0;0;0;0
El_Bolson;878000;2013;10;29;15,6;6;7,6;6;1015,0;6;975,2;6;29,9;6;0,9;6;5,1;999,9;25,6;3,7;0,0;999,9;0;0;0;0;0;0
El_Bolson;878000;2013;10;30;16,6;6;6,9;6;1008,4;6;969,0;6;29,1;6;1,7;6;4,1;999,9;24,5;7,0;0,0;999,9;0;0;0;0;0;0
El_Bolson;878000;2013;10;31;15,9;5;5,9;5;1009,7;5;970,3;5;28,0;5;5,0;5;9,8;999,9;23,5;10,3;0,0;999,9;0;1;0;0;0;0
El_Bolson;878000;2013;11;01;13,7;6;7,1;6;1021,3;6;981,0;6;29,9;6;0,7;6;4,1;999,9;20,5;7,0;0,0;999,9;0;1;0;0;0;0
El_Bolson;878000;2013;11;02;12,7;6;5,1;6;1023,2;6;982,8;6;29,9;6;0,7;6;2,1;999,9;19,5;2,3;0,0;999,9;0;0;0;0;0;0
El_Bolson;878000;2013;11;03;15,4;5;8,9;5;1021,9;5;981,8;5;29,9;5;0,4;5;2,1;999,9;21,2;7,0;0,0;999,9;0;0;0;0;0;0
El_Bolson;878000;2013;11;04;17,4;6;6,7;6;1017,2;6;977,5;6;29,9;6;0,0;6;999,9;999,9;26,7;3,9;0,0;999,9;0;0;0;0;0;0
El_Bolson;878000;2013;11;05;17,6;6;6,4;6;1011,9;6;972,5;6;29,9;6;1,5;6;3,1;999,9;27,0;4,0;0,0;999,9;0;0;0;0;0;0
El_Bolson;878000;2013;11;06;13,6;6;7,5;6;1007,9;6;968,6;6;19,2;6;3,0;6;9,8;999,9;26,1;8,3;0,0;999,9;0;1;0;0;0;0
El_Bolson;878000;2013;11;07;10,0;6;5,7;6;1015,5;6;975,1;6;15,8;6;6,8;6;11,8;999,9;15,0;6,0;6,1;999,9;0;1;0;0;0;0
El_Bolson;878000;2013;11;08;10,0;5;7,3;5;1011,7;5;971,5;5;24,9;5;1,6;5;5,1;999,9;13,8;7,0;6,1;999,9;0;1;0;0;0;0
El_Bolson;878000;2013;11;09;13,1;6;7,1;6;1015,6;6;975,5;6;29,1;6;0,0;6;999,9;999,9;18,9;7,8;2,0;999,9;0;1;0;0;0;0
El_Bolson;878000;2013;11;10;13,5;6;4,3;6;1014,0;6;973,9;6;29,9;6;1,4;6;8,2;999,9;19,5;3,9;0,0;999,9;0;0;0;0;0;0
El_Bolson;878000;2013;11;11;13,7;5;5,0;5;1010,9;5;971,2;5;29,0;5;7,3;5;11,8;999,9;21,0;9,0;2,0;999,9;0;0;0;0;0;0
El_Bolson;878000;2013;11;12;12,7;6;2,6;6;1014,4;6;974,4;6;29,9;6;9,4;6;11,8;999,9;18,1;8,0;0,0;999,9;0;0;0;0;0;0
El_Bolson;878000;2013;11;13;11,4;6;5,8;6;1009,8;6;969,8;6;29,9;6;0,9;6;5,1;999,9;17,0;4,5;0,0;999,9;0;1;0;0;0;0
