Ezeiza_Aero;875760;20130101;16.7;24;8.3;24;1016.7;8;1014.3;8;10.3;24;6.0;24;11.3;14.9;29.5;9.4;4.1;999.9;0;0;0;0;0;0
Ezeiza_Aero;875760;20130102;17.2;24;8.7;24;1021.1;8;1018.7;8;9.8;24;2.1;24;4.6;999.9;24.0;9.4;0.0;999.9;0;0;0;0;0;0
Ezeiza_Aero;875760;20130103;21.4;23;11.8;23;1018.8;8;1016.4;8;10.0;23;4.3;23;6.2;999.9;27.0;16.0;0.0;999.9;0;0;0;0;0;0
Ezeiza_Aero;875760;20130104;26.3;23;17.1;23;1014.1;8;1011.8;8;10.5;23;3.8;23;6.7;999.9;32.0;19.6;0.0;999.9;0;0;0;0;0;0
Ezeiza_Aero;875760;20130105;25.0;24;20.4;24;1008.3;9;1006.0;9;10.0;24;5.3;24;13.9;18.0;32.4;19.8;16.0;999.9;0;1;0;0;1;0
Ezeiza_Aero;875760;20130106;24.4;24;18.9;24;1006.6;7;1004.3;7;9.3;24;2.2;24;3.6;999.9;30.2;17.4;0.0;999.9;0;0;0;0;0;0
Ezeiza_Aero;875760;20130107;27.2;23;20.4;23;1003.0;8;1000.6;8;10.1;23;3.3;23;5.7;999.9;32.0;22.8;999.9;999.9;0;1;0;0;0;0
Ezeiza_Aero;875760;20130108;23.5;24;17.8;24;1008.9;8;1006.6;8;10.1;24;2.2;24;7.2;999.9;32.2;15.4;0.0;999.9;0;0;0;0;0;0
Ezeiza_Aero;875760;20130109;24.9;24;18.1;24;1015.8;8;1013.5;8;9.5;24;3.4;24;6.2;999.9;30.0;18.6;0.0;999.9;0;0;0;0;0;0
Ezeiza_Aero;875760;20130110;27.2;22;15.3;22;1018.6;8;1016.3;8;9.8;22;3.9;22;5.1;999.9;32.0;22.0;0.0;999.9;0;0;0;0;0;0
Ezeiza_Aero;875760;20130111;27.0;24;14.3;24;1016.3;8;1014.0;8;10.0;24;4.0;24;6.2;999.9;32.8;22.0;0.0;999.9;0;0;0;0;0;0
Ezeiza_Aero;875760;20130112;26.5;23;15.9;23;1013.3;9;1011.0;9;10.0;23;3.9;23;6.2;999.9;32.8;22.8;0.0;999.9;0;0;0;0;0;0
Ezeiza_Aero;875760;20130113;25.8;24;16.6;24;1015.4;7;1013.0;7;9.3;24;2.2;24;5.1;999.9;31.0;18.4;0.0;999.9;0;0;0;0;0;0
Ezeiza_Aero;875760;20130114;26.0;24;17.0;24;1015.9;8;1013.6;8;10.0;24;2.2;24;6.2;999.9;31.7;18.7;0.0;999.9;0;0;0;0;0;0
Ezeiza_Aero;875760;20130115;26.1;24;17.4;24;1013.0;8;1010.7;8;10.0;24;3.7;24;5.1;999.9;31.8;22.0;0.0;999.9;0;0;0;0;0;0
Ezeiza_Aero;875760;20130116;25.8;24;18.8;24;1008.9;7;1006.6;7;9.3;24;2.8;24;6.7;11.3;33.0;20.0;999.9;999.9;0;1;0;0;1;0
Ezeiza_Aero;875760;20130117;24.1;24;19.2;24;1011.4;7;1009.0;7;10.0;24;3.9;24;7.2;10.3;32.6;19.8;2.0;999.9;0;1;0;0;1;0
Ezeiza_Aero;875760;20130118;22.8;24;17.7;24;1016.1;8;1013.8;8;10.5;24;3.3;24;6.2;999.9;30.6;17.1;0.0;999.9;0;0;0;0;0;0
Ezeiza_Aero;875760;20130119;20.8;24;16.0;24;1018.2;8;1015.9;8;10.3;24;5.8;24;9.3;999.9;28.6;17.4;0.0;999.9;0;1;0;0;0;0
Ezeiza_Aero;875760;20130120;19.9;24;14.1;24;1022.8;8;1020.5;8;10.3;24;4.0;24;7.2;999.9;26.0;13.4;0.0;999.9;0;1;0;0;0;0
Ezeiza_Aero;875760;20130121;22.2;24;14.3;24;1022.2;8;1019.8;8;10.1;24;3.9;24;5.7;999.9;28.0;15.4;0.0;999.9;0;0;0;0;0;0
Ezeiza_Aero;875760;20130122;24.9;24;16.2;24;1018.7;9;1016.4;9;10.0;24;3.7;24;5.1;999.9;30.0;19.6;0.0;999.9;0;0;0;0;0;0
Ezeiza_Aero;875760;20130123;26.1;24;19.1;24;1012.9;7;1010.6;7;9.3;24;2.8;24;11.8;15.4;33.0;18.2;999.9;999.9;0;1;0;0;0;0
Ezeiza_Aero;875760;20130124;28.7;24;20.2;24;1002.5;8;1000.2;8;10.0;24;4.0;24;9.8;15.9;36.0;21.7;0.0;999.9;0;0;0;0;0;0
Ezeiza_Aero;875760;20130125;18.6;24;10.0;24;1010.1;8;1007.8;8;10.3;24;6.7;24;9.8;17.0;23.2;12.8;0.0;999.9;0;0;0;0;0;0
Ezeiza_Aero;875760;20130126;18.9;24;6.9;24;1015.4;8;1013.0;8;9.7;24;2.6;24;5.1;999.9;28.0;8.4;0.0;999.9;0;0;0;0;0;0
Ezeiza_Aero;875760;20130127;24.6;24;11.4;24;1013.9;8;1011.5;8;10.0;24;3.8;24;8.7;10.8;31.0;16.4;0.0;999.9;0;0;0;0;0;0
Ezeiza_Aero;875760;20130128;28.6;23;15.3;23;1013.9;9;1011.6;9;10.0;23;3.8;23;5.7;999.9;36.0;22.0;0.0;999.9;0;0;0;0;0;0
Ezeiza_Aero;875760;20130129;28.7;24;18.4;24;1014.8;8;1012.5;8;9.5;24;2.2;24;7.2;999.9;36.5;19.2;0.0;999.9;0;0;0;0;0;0
Ezeiza_Aero;875760;20130130;27.8;24;17.7;24;1011.9;8;1009.6;8;9.8;24;3.2;24;5.1;999.9;35.0;19.7;0.0;999.9;0;0;0;0;0;0
Ezeiza_Aero;875760;20130131;26.2;24;19.4;24;1010.2;8;1007.9;8;8.7;24;2.6;24;6.2;999.9;35.0;19.1;0.0;999.9;0;0;0;0;0;0
Ezeiza_Aero;875760;20130201;28.9;24;20.8;24;1006.2;8;1003.9;8;9.3;24;3.5;24;6.7;999.9;36.0;20.7;0.0;999.9;0;0;0;0;0;0
Ezeiza_Aero;875760;20130202;25.1;24;18.8;24;1010.1;7;1007.7;7;9.2;24;4.1;24;9.3;11.8;36.4;18.9;23.1;999.9;0;1;0;0;1;0
Ezeiza_Aero;875760;20130203;19.3;24;9.7;24;1019.2;8;1016.8;8;9.8;24;4.1;24;8.7;12.9;30.0;10.3;0.0;999.9;0;0;0;0;0;0
Ezeiza_Aero;875760;20130204;21.1;24;9.2;24;1016.1;8;1013.8;8;9.8;24;3.7;24;5.1;999.9;26.2;15.4;0.0;999.9;0;0;0;0;0;0
Ezeiza_Aero;875760;20130205;22.4;24;12.3;24;1015.5;8;1013.2;8;9.2;24;2.2;24;4.1;999.9;29.1;12.7;0.0;999.9;0;0;0;0;0;0
Ezeiza_Aero;875760;20130206;25.2;24;15.6;24;1017.6;8;1015.3;8;9.8;24;3.2;24;6.2;999.9;30.5;19.5;0.0;999.9;0;0;0;0;0;0
Ezeiza_Aero;875760;20130207;25.1;24;17.2;24;1017.5;8;1015.2;8;10.3;24;3.3;24;5.1;999.9;30.8;19.2;0.0;999.9;0;0;0;0;0;0
Ezeiza_Aero;875760;20130208;26.4;24;17.4;24;1014.6;9;1012.3;9;10.1;24;3.8;24;6.2;11.3;31.2;21.1;0.0;999.9;0;0;0;0;0;0
Ezeiza_Aero;875760;20130209;27.0;24;18.4;24;1012.2;7;1009.9;7;10.0;24;4.0;24;6.7;999.9;32.9;22.0;0.0;999.9;0;0;0;0;0;0
Ezeiza_Aero;875760;20130210;27.3;24;20.6;24;1009.0;7;1006.6;7;10.1;24;3.7;24;6.7;11.8;33.4;21.0;0.0;999.9;0;1;0;0;1;0
Ezeiza_Aero;875760;20130211;24.7;24;19.7;24;1007.4;8;1005.1;8;10.5;24;2.1;24;4.1;999.9;34.0;19.6;6.1;999.9;0;1;0;0;1;0
Ezeiza_Aero;875760;20130212;27.4;23;19.8;23;1004.2;8;1001.9;8;10.3;23;3.4;23;6.7;999.9;33.0;20.8;0.0;999.9;0;0;0;0;0;0
Ezeiza_Aero;875760;20130213;25.2;24;18.9;24;1007.9;8;1005.5;8;10.1;24;2.8;23;6.7;999.9;34.0;21.2;0.0;999.9;0;0;0;0;0;0
Ezeiza_Aero;875760;20130214;24.8;24;19.1;24;1010.6;7;1008.3;7;10.1;24;2.2;24;5.7;9.3;31.0;18.4;0.0;999.9;0;0;0;0;0;0
Ezeiza_Aero;875760;20130215;26.7;24;18.6;24;1011.7;8;1009.4;8;10.1;24;2.7;24;5.1;999.9;32.3;19.2;0.0;999.9;0;0;0;0;0;0
Ezeiza_Aero;875760;20130216;28.3;24;20.2;24;1007.4;7;1005.1;7;10.3;24;3.6;24;5.1;999.9;33.3;23.8;0.0;999.9;0;0;0;0;0;0
Ezeiza_Aero;875760;20130217;25.7;24;18.6;24;1005.1;8;1002.8;8;10.3;24;3.9;24;9.3;14.4;34.1;21.0;0.0;999.9;0;0;0;0;0;0
Ezeiza_Aero;875760;20130218;20.3;23;9.1;23;1017.5;8;1015.1;8;10.0;23;4.8;23;8.2;999.9;29.3;13.1;0.0;999.9;0;0;0;0;0;0
Ezeiza_Aero;875760;20130219;18.1;24;13.4;24;1020.3;9;1017.9;9;9.3;24;3.0;24;6.2;999.9;26.0;16.5;2.0;999.9;0;1;0;0;0;0
Ezeiza_Aero;875760;20130220;18.7;24;15.3;24;1018.7;6;1016.3;6;10.5;24;4.3;24;8.2;12.9;23.4;14.0;4.1;999.9;0;1;0;0;0;0
Ezeiza_Aero;875760;20130221;20.8;24;17.6;24;1015.2;6;1012.8;6;9.8;24;3.9;24;6.7;999.9;26.5;16.2;16.0;999.9;0;1;0;0;0;0
Ezeiza_Aero;875760;20130222;21.4;24;16.3;24;1018.9;9;1016.5;9;10.3;24;3.9;24;6.2;999.9;27.0;16.1;0.0;999.9;0;0;0;0;0;0
Ezeiza_Aero;875760;20130223;23.4;24;17.3;24;1013.5;8;1011.2;8;10.0;24;5.4;24;8.7;999.9;28.0;18.2;0.0;999.9;0;0;0;0;0;0
Ezeiza_Aero;875760;20130224;24.2;24;20.2;24;1006.9;7;1004.6;7;9.8;24;3.8;24;7.2;999.9;28.4;18.2;34.0;999.9;0;1;1;0;1;0
Ezeiza_Aero;875760;20130225;18.7;24;11.7;24;1011.8;8;1009.5;8;10.1;24;5.5;24;13.4;999.9;28.5;13.1;0.0;999.9;0;0;0;0;0;0
Ezeiza_Aero;875760;20130226;15.9;24;9.0;24;1016.0;8;1013.6;8;10.3;24;3.7;24;6.2;11.3;23.0;7.9;0.0;999.9;0;0;0;0;0;0
Ezeiza_Aero;875760;20130227;17.8;24;8.4;24;1016.8;8;1014.4;8;9.8;24;1.3;24;4.1;999.9;26.0;9.0;0.0;999.9;0;0;0;0;0;0
Ezeiza_Aero;875760;20130228;20.7;24;13.5;24;1016.3;8;1013.9;8;9.8;24;4.4;24;8.2;999.9;26.9;16.0;0.0;999.9;0;0;0;0;0;0
Ezeiza_Aero;875760;20130301;22.1;24;15.4;24;1011.7;8;1009.4;8;10.1;24;5.8;24;9.8;999.9;28.0;16.9;0.0;999.9;0;0;0;0;0;0
Ezeiza_Aero;875760;20130302;22.4;24;17.7;24;1003.3;7;1000.9;7;9.7;24;6.3;24;9.8;15.4;28.0;19.5;34.0;999.9;0;1;0;0;1;0
Ezeiza_Aero;875760;20130303;18.2;24;13.4;24;1013.5;8;1011.1;8;10.6;24;4.1;24;5.7;999.9;25.3;14.0;0.0;999.9;0;0;0;0;0;0
Ezeiza_Aero;875760;20130304;16.1;24;10.2;24;1017.6;8;1015.2;8;10.1;24;2.7;24;4.6;999.9;23.6;9.0;0.0;999.9;0;0;0;0;0;0
Ezeiza_Aero;875760;20130305;18.9;24;11.4;24;1014.5;8;1012.1;8;10.0;24;1.9;24;3.6;999.9;24.5;11.2;0.0;999.9;0;0;0;0;0;0
Ezeiza_Aero;875760;20130306;22.2;24;13.3;24;1009.5;8;1007.2;8;10.0;24;3.6;24;5.7;999.9;28.2;16.4;0.0;999.9;0;0;0;0;0;0
Ezeiza_Aero;875760;20130307;22.4;24;16.4;24;1012.4;8;1010.1;8;10.1;24;2.2;24;4.1;999.9;28.9;14.0;0.0;999.9;0;0;0;0;0;0
Ezeiza_Aero;875760;20130308;23.3;24;17.6;24;1013.8;6;1011.5;6;8.4;24;3.6;24;5.7;999.9;30.0;16.0;0.0;999.9;0;0;0;0;0;0
Ezeiza_Aero;875760;20130309;24.6;24;20.6;24;1009.0;8;1006.7;8;10.0;24;2.8;24;8.2;12.3;30.5;20.6;0.0;999.9;0;1;0;0;1;0
Ezeiza_Aero;875760;20130310;21.3;24;14.1;24;1007.0;8;1004.7;8;10.0;24;4.6;24;9.8;15.4;29.1;16.7;0.0;999.9;0;0;0;0;1;0
Ezeiza_Aero;875760;20130311;17.2;23;9.2;23;1008.8;7;1006.4;7;9.5;23;1.6;23;3.6;999.9;25.9;9.0;999.9;999.9;0;1;0;0;0;0
Ezeiza_Aero;875760;20130312;17.9;24;10.4;24;1011.6;8;1009.2;8;10.0;24;3.4;24;5.7;999.9;26.0;14.0;0.0;999.9;0;1;0;0;0;0
Ezeiza_Aero;875760;20130313;14.1;24;9.2;24;1017.6;8;1015.2;8;10.1;24;2.5;24;5.1;999.9;23.2;8.2;0.0;999.9;0;0;0;0;0;0
Ezeiza_Aero;875760;20130314;12.1;24;6.3;24;1022.3;8;1019.9;8;8.5;24;2.1;24;4.6;999.9;19.0;5.6;0.0;999.9;0;0;0;0;0;0
Ezeiza_Aero;875760;20130315;12.8;24;7.9;24;1024.0;8;1021.6;8;10.3;24;2.2;24;4.6;999.9;20.0;10.4;0.0;999.9;0;1;0;0;0;0
Ezeiza_Aero;875760;20130316;11.6;24;5.7;24;1026.5;5;1024.1;5;7.4;24;2.4;24;4.6;999.9;20.0;2.0;0.0;999.9;1;0;0;0;0;0
Ezeiza_Aero;875760;20130317;13.4;24;6.6;24;1028.1;8;1025.7;8;10.0;24;3.2;24;6.2;999.9;20.5;5.6;0.0;999.9;0;0;0;0;0;0
Ezeiza_Aero;875760;20130318;15.5;24;9.7;24;1025.8;8;1023.5;8;10.1;24;3.9;24;7.2;999.9;23.0;9.7;0.0;999.9;0;0;0;0;0;0
Ezeiza_Aero;875760;20130319;18.3;24;14.1;24;1021.3;8;1018.9;8;10.5;24;5.0;24;8.2;999.9;23.0;14.0;0.0;999.9;0;1;0;0;0;0
Ezeiza_Aero;875760;20130320;19.3;24;16.9;24;1013.7;8;1011.3;8;9.8;24;4.6;24;7.7;999.9;23.0;16.5;0.0;999.9;0;1;0;0;0;0
Ezeiza_Aero;875760;20130321;20.6;24;16.4;24;1009.2;8;1006.8;8;9.8;24;4.9;24;7.7;999.9;27.0;17.0;0.3;999.9;0;1;0;0;0;0
Ezeiza_Aero;875760;20130322;17.1;24;7.2;24;1016.5;8;1014.1;8;10.0;24;1.8;24;4.6;999.9;27.5;7.6;0.0;999.9;0;0;0;0;0;0
Ezeiza_Aero;875760;20130323;18.8;24;13.6;24;1018.0;9;1015.6;9;8.5;24;1.4;24;3.6;999.9;25.8;13.2;13.0;999.9;0;1;0;0;0;0
Ezeiza_Aero;875760;20130324;20.2;24;14.5;24;1015.1;8;1012.7;8;10.0;24;2.9;24;5.1;999.9;26.0;13.8;0.0;999.9;0;0;0;0;0;0
Ezeiza_Aero;875760;20130325;19.9;24;14.8;24;1012.5;7;1010.2;7;9.3;24;3.3;24;12.9;17.0;26.9;14.0;5.1;999.9;0;1;0;1;1;0
Ezeiza_Aero;875760;20130326;16.6;23;11.2;23;1018.3;7;1015.9;7;8.9;23;2.0;23;3.6;999.9;26.0;10.6;34.0;999.9;1;0;0;0;1;0
Ezeiza_Aero;875760;20130327;17.2;24;11.2;24;1021.3;5;1018.9;5;5.8;24;1.6;24;4.1;999.9;24.6;8.8;0.0;999.9;1;0;0;0;0;0
Ezeiza_Aero;875760;20130328;18.8;24;11.3;24;1021.1;7;1018.7;7;7.7;24;1.9;24;4.1;999.9;26.0;8.9;0.0;999.9;1;0;0;0;0;0
Ezeiza_Aero;875760;20130329;20.9;23;14.6;23;1019.5;7;1017.2;7;7.2;23;2.5;23;5.1;999.9;27.2;12.9;0.0;999.9;1;0;0;0;0;0
Ezeiza_Aero;875760;20130330;22.3;24;15.6;24;1015.9;8;1013.6;8;10.0;24;3.0;24;5.1;999.9;28.0;17.0;0.0;999.9;0;0;0;0;0;0
Ezeiza_Aero;875760;20130331;21.9;24;18.3;24;1015.3;8;1013.0;8;10.3;24;2.9;24;8.2;11.8;29.0;17.8;0.0;999.9;0;1;0;0;0;0
Ezeiza_Aero;875760;20130401;21.2;24;18.6;24;1016.6;8;1014.3;8;9.5;24;4.8;24;7.2;999.9;29.5;19.2;0.0;999.9;0;1;0;0;1;0
Ezeiza_Aero;875760;20130402;20.3;24;19.3;24;1015.2;6;1012.8;6;6.1;24;2.9;24;6.2;999.9;24.2;19.1;116.1;999.9;0;1;0;0;1;0
Ezeiza_Aero;875760;20130403;19.1;24;16.8;24;1014.4;6;1012.0;6;9.8;24;2.1;24;5.1;999.9;23.0;16.0;23.1;999.9;1;1;0;0;1;0
Ezeiza_Aero;875760;20130404;18.4;24;14.5;24;1011.0;8;1008.6;8;9.0;24;1.9;24;5.7;999.9;23.7;13.3;0.0;999.9;0;0;0;0;0;0
Ezeiza_Aero;875760;20130405;19.2;24;13.7;24;1004.7;8;1002.3;8;9.7;24;4.0;24;7.2;999.9;26.0;12.8;0.0;999.9;0;0;0;0;0;0
Ezeiza_Aero;875760;20130406;16.2;24;9.3;24;1009.5;8;1007.1;8;10.1;24;4.3;24;9.3;12.3;26.6;12.0;999.9;999.9;0;1;0;0;0;0
Ezeiza_Aero;875760;20130407;12.4;24;3.1;24;1017.7;8;1015.3;8;10.0;24;2.1;24;3.1;999.9;20.5;5.2;0.0;999.9;0;0;0;0;0;0
Ezeiza_Aero;875760;20130408;16.4;24;6.9;24;1019.2;8;1016.9;8;8.2;24;1.3;24;2.6;999.9;26.0;9.0;0.0;999.9;0;0;0;0;0;0
Ezeiza_Aero;875760;20130409;17.8;24;10.1;24;1019.6;7;1017.3;7;8.4;24;3.2;24;6.7;999.9;24.0;9.7;0.0;999.9;0;0;0;0;0;0
Ezeiza_Aero;875760;20130410;17.9;24;13.1;24;1017.0;8;1014.6;8;9.5;24;4.4;24;6.2;999.9;24.3;14.0;999.9;999.9;0;1;0;0;1;0
Ezeiza_Aero;875760;20130411;18.6;24;15.8;24;1010.2;8;1007.8;8;10.0;24;4.9;24;8.7;999.9;21.5;16.0;11.9;999.9;0;1;0;0;1;0
Ezeiza_Aero;875760;20130412;15.6;24;9.6;24;1012.2;8;1009.8;8;10.1;24;4.7;24;8.7;999.9;20.6;12.0;4.1;999.9;0;0;0;0;0;0
Ezeiza_Aero;875760;20130413;11.2;24;2.9;24;1018.5;8;1016.1;8;10.0;24;3.6;24;7.2;999.9;19.3;3.4;0.0;999.9;0;0;0;0;0;0
Ezeiza_Aero;875760;20130414;16.3;24;5.7;24;1014.2;8;1011.8;8;10.0;24;4.9;24;10.8;17.0;24.0;8.7;0.0;999.9;0;0;0;0;0;0
Ezeiza_Aero;875760;20130415;17.1;24;9.5;24;1014.9;8;1012.4;8;9.7;24;3.7;24;6.7;999.9;24.3;9.7;0.0;999.9;0;0;0;0;0;0
Ezeiza_Aero;875760;20130416;13.1;24;8.9;24;1019.2;7;1016.8;7;8.7;24;1.9;24;3.6;999.9;24.6;5.7;0.0;999.9;1;0;0;0;0;0
Ezeiza_Aero;875760;20130417;14.9;24;9.7;24;1019.4;7;1017.0;7;5.8;24;1.5;24;3.1;999.9;24.0;5.7;0.0;999.9;1;0;0;0;0;0
Ezeiza_Aero;875760;20130418;18.8;24;11.4;24;1017.2;8;1014.9;8;9.0;24;2.1;24;4.1;999.9;27.0;10.2;0.0;999.9;1;0;0;0;0;0
Ezeiza_Aero;875760;20130419;20.6;24;13.0;24;1018.0;8;1015.7;8;9.8;24;1.7;24;3.1;999.9;28.0;12.0;0.0;999.9;0;0;0;0;0;0
Ezeiza_Aero;875760;20130420;20.1;24;12.3;24;1020.1;7;1017.7;7;5.5;24;1.6;24;4.1;999.9;28.4;10.7;0.0;999.9;1;0;0;0;0;0
Ezeiza_Aero;875760;20130421;20.0;24;13.7;24;1020.4;7;1018.0;7;8.0;24;2.6;24;5.7;999.9;27.9;13.9;0.0;999.9;0;0;0;0;0;0
Ezeiza_Aero;875760;20130422;18.8;24;14.4;24;1021.5;8;1019.1;8;7.4;24;2.1;24;4.1;999.9;26.9;10.7;0.0;999.9;1;0;0;0;0;0
Ezeiza_Aero;875760;20130423;19.0;24;14.2;24;1020.9;5;1018.5;5;4.7;24;1.6;24;10.3;999.9;27.0;10.2;0.0;999.9;1;0;0;0;0;0
Ezeiza_Aero;875760;20130424;20.2;24;14.6;24;1019.5;5;1017.1;5;5.6;24;2.0;24;5.1;999.9;28.0;12.4;0.0;999.9;1;0;0;0;0;0
Ezeiza_Aero;875760;20130425;20.3;24;14.7;24;1016.9;8;1014.5;8;7.1;24;1.9;24;3.6;999.9;27.4;12.4;0.0;999.9;0;0;0;0;0;0
Ezeiza_Aero;875760;20130426;19.9;24;14.1;24;1015.6;6;1013.2;6;5.3;24;2.0;24;5.1;999.9;27.0;12.4;0.0;999.9;1;0;0;0;0;0
Ezeiza_Aero;875760;20130427;20.0;24;16.1;24;1015.4;8;1013.0;8;8.5;24;3.8;24;5.7;999.9;26.8;16.6;999.9;999.9;0;1;0;0;0;0
Ezeiza_Aero;875760;20130428;19.1;24;16.7;24;1010.5;6;1008.1;6;7.6;24;3.8;24;8.2;999.9;25.1;15.0;14.0;999.9;0;1;0;0;1;0
Ezeiza_Aero;875760;20130429;15.4;24;12.4;24;1012.2;8;1009.8;8;10.1;24;3.2;24;5.1;999.9;22.3;11.0;0.0;999.9;0;0;0;0;0;0
Ezeiza_Aero;875760;20130430;14.9;24;11.7;24;1016.2;6;1013.8;6;6.3;24;1.3;24;4.1;999.9;22.8;8.2;0.0;999.9;1;0;0;0;0;0
Ezeiza_Aero;875760;20130501;17.7;24;14.8;24;1015.4;8;1013.0;8;9.7;24;3.7;24;8.7;999.9;23.3;10.5;999.9;999.9;0;1;0;0;0;0
Ezeiza_Aero;875760;20130502;18.8;24;17.9;24;1012.8;5;1010.4;5;5.1;24;2.1;24;4.1;999.9;21.0;16.9;1.0;999.9;1;1;0;0;0;0
Ezeiza_Aero;875760;20130503;16.3;24;15.6;24;9999.9;0;9999.9;0;6.4;24;5.8;24;13.9;17.5;21.0;13.0;6.1;999.9;0;1;0;0;0;0
Ezeiza_Aero;875760;20130504;12.3;24;9.5;24;1015.3;6;1012.9;6;7.6;24;2.5;24;5.7;999.9;19.0;6.8;25.9;999.9;1;0;0;0;0;0
Ezeiza_Aero;875760;20130505;14.6;24;9.3;24;1019.5;8;1017.1;8;9.8;24;1.8;24;3.1;999.9;20.4;8.4;0.0;999.9;0;0;0;0;0;0
Ezeiza_Aero;875760;20130506;16.6;24;10.8;24;1014.6;8;1012.2;8;10.0;24;4.6;24;10.3;15.4;23.2;11.0;0.0;999.9;0;0;0;0;0;0
Ezeiza_Aero;875760;20130507;11.7;24;5.2;24;1020.7;8;1018.3;8;10.0;24;3.2;24;5.7;999.9;23.7;5.6;0.0;999.9;0;0;0;0;0;0
Ezeiza_Aero;875760;20130508;15.8;23;6.3;23;1013.9;8;1011.4;8;10.0;23;5.0;23;8.2;999.9;24.0;7.1;0.0;999.9;0;0;0;0;0;0
Ezeiza_Aero;875760;20130509;18.8;23;11.5;23;1014.6;8;1012.2;8;10.0;23;2.8;23;4.1;999.9;24.4;11.4;0.0;999.9;0;0;0;0;0;0
Ezeiza_Aero;875760;20130510;19.2;23;12.9;23;1012.5;8;1010.1;8;9.0;23;3.0;23;4.6;999.9;25.0;15.4;0.0;999.9;0;0;0;0;0;0
Ezeiza_Aero;875760;20130511;18.6;24;14.4;24;1013.6;7;1011.2;7;8.2;24;2.4;24;5.1;999.9;23.8;14.0;4.1;999.9;0;1;0;0;1;0
Ezeiza_Aero;875760;20130512;12.9;24;8.8;24;1016.2;6;1013.8;6;8.0;24;1.1;24;4.6;999.9;21.7;5.8;0.0;999.9;1;0;0;0;0;0
Ezeiza_Aero;875760;20130513;14.2;24;10.6;24;1015.4;6;1012.9;6;6.0;24;1.0;24;3.1;999.9;21.6;7.2;0.0;999.9;0;0;0;0;0;0
Ezeiza_Aero;875760;20130514;16.2;24;13.9;24;1013.0;4;1010.5;4;4.3;24;1.8;24;4.1;999.9;22.3;11.4;0.0;999.9;1;0;0;0;0;0
Ezeiza_Aero;875760;20130515;8.5;23;2.3;23;1017.3;7;1014.8;7;9.7;23;5.7;23;10.3;14.4;21.1;5.0;20.1;999.9;0;1;0;0;1;0
Ezeiza_Aero;875760;20130516;6.7;24;0.4;24;1023.4;8;1020.9;8;10.0;24;3.7;24;5.7;999.9;12.4;2.0;0.0;999.9;0;0;0;0;0;0
Ezeiza_Aero;875760;20130517;7.9;24;1.9;24;1025.9;7;1023.4;7;7.9;24;1.2;24;3.6;999.9;15.2;1.5;0.0;999.9;0;0;0;0;0;0
Ezeiza_Aero;875760;20130518;9.0;24;5.1;24;1025.4;6;1022.9;6;7.1;24;1.4;24;4.6;999.9;15.6;3.0;999.9;999.9;1;1;0;0;0;0
Ezeiza_Aero;875760;20130519;10.6;24;8.7;24;1024.2;7;1021.7;7;8.7;24;1.0;24;2.1;999.9;13.2;9.0;0.5;999.9;0;1;0;0;0;0
Ezeiza_Aero;875760;20130520;9.9;24;7.8;24;1021.6;6;1019.2;6;7.1;24;2.4;24;4.1;999.9;13.4;7.4;0.0;999.9;1;0;0;0;0;0
Ezeiza_Aero;875760;20130521;7.9;24;5.6;24;1019.3;4;1016.8;4;6.1;24;1.3;24;3.1;999.9;16.0;1.8;0.0;999.9;1;0;0;0;0;0
Ezeiza_Aero;875760;20130522;11.4;24;9.9;24;1020.7;7;1018.3;7;7.6;24;1.2;24;2.6;999.9;16.3;2.8;0.0;999.9;0;1;0;0;0;0
Ezeiza_Aero;875760;20130523;13.1;23;11.1;23;1020.0;4;1017.6;4;4.0;23;1.0;23;4.1;999.9;18.0;8.7;0.0;999.9;1;0;0;0;0;0
Ezeiza_Aero;875760;20130524;12.4;24;9.2;24;1019.8;8;1017.3;8;8.7;24;2.6;24;4.6;999.9;18.3;8.2;0.0;999.9;0;0;0;0;0;0
Ezeiza_Aero;875760;20130525;11.8;24;8.7;24;1020.2;5;1017.8;5;5.6;24;2.0;24;5.1;999.9;18.8;3.8;0.0;999.9;1;0;0;0;0;0
Ezeiza_Aero;875760;20130526;14.9;24;11.3;24;1015.5;8;1013.1;8;8.9;24;3.0;24;4.6;999.9;19.1;6.2;0.0;999.9;0;0;0;0;0;0
Ezeiza_Aero;875760;20130527;13.8;24;9.7;24;1011.3;6;1008.9;6;7.2;24;2.0;24;4.6;999.9;19.2;6.4;0.0;999.9;1;0;0;0;0;0
Ezeiza_Aero;875760;20130528;15.9;24;13.9;24;1002.5;7;1000.1;7;9.8;24;2.9;24;8.2;13.4;19.5;9.4;9.9;999.9;0;1;0;0;1;0
Ezeiza_Aero;875760;20130529;12.9;24;8.6;24;1005.4;7;1003.0;7;10.1;24;3.3;24;7.2;12.9;18.0;9.2;0.0;999.9;0;0;0;0;0;0
Ezeiza_Aero;875760;20130530;11.7;24;4.3;24;1010.5;8;1008.1;8;10.1;24;4.5;24;8.7;999.9;18.0;6.0;0.0;999.9;0;0;0;0;0;0
Ezeiza_Aero;875760;20130531;15.9;24;6.4;24;1008.1;8;1005.6;8;10.0;24;4.3;24;6.2;10.3;19.6;7.7;999.9;999.9;0;1;0;0;0;0
Ezeiza_Aero;875760;20130601;14.3;24;7.4;24;1010.7;8;1008.3;8;8.5;24;2.0;24;3.6;999.9;20.2;7.0;0.0;999.9;0;0;0;0;0;0
Ezeiza_Aero;875760;20130602;11.9;24;6.2;24;1014.6;8;1012.2;8;9.8;24;3.6;24;5.1;999.9;20.7;6.8;0.0;999.9;0;0;0;0;0;0
Ezeiza_Aero;875760;20130603;13.3;24;5.8;24;1018.3;8;1015.9;8;10.0;24;4.1;24;7.2;999.9;20.0;8.1;0.0;999.9;0;0;0;0;0;0
Ezeiza_Aero;875760;20130604;15.4;24;7.6;24;1013.8;8;1011.4;8;10.0;24;5.1;24;7.2;999.9;20.2;11.3;0.0;999.9;0;0;0;0;0;0
Ezeiza_Aero;875760;20130605;14.1;24;8.4;24;1010.8;8;1008.3;8;7.9;24;3.6;24;13.4;17.0;23.0;8.2;0.0;999.9;0;0;0;0;0;0
Ezeiza_Aero;875760;20130606;10.2;23;4.4;23;1018.8;8;1016.4;8;10.3;23;3.6;23;6.2;999.9;23.4;4.0;0.0;999.9;0;0;0;0;0;0
Ezeiza_Aero;875760;20130607;11.9;24;6.2;24;1018.6;8;1016.2;8;9.7;24;3.8;24;7.2;999.9;18.0;5.4;0.0;999.9;0;0;0;0;0;0
Ezeiza_Aero;875760;20130608;9.2;24;3.1;24;1025.9;8;1023.4;8;10.0;24;2.3;24;4.1;999.9;18.2;1.4;0.0;999.9;0;0;0;0;0;0
Ezeiza_Aero;875760;20130609;12.1;24;9.2;24;1020.0;8;1017.6;8;8.4;24;1.6;24;4.1;999.9;15.0;2.4;0.5;999.9;0;1;0;0;0;0
Ezeiza_Aero;875760;20130610;13.9;24;11.9;24;1018.2;8;1015.8;8;7.9;24;2.3;24;4.1;999.9;17.0;10.6;2.0;999.9;0;0;0;0;0;0
Ezeiza_Aero;875760;20130611;12.5;24;11.6;24;9999.9;0;9999.9;0;1.3;24;1.6;24;3.1;999.9;20.0;7.2;0.0;999.9;1;0;0;0;0;0
Ezeiza_Aero;875760;20130612;17.4;24;13.6;24;1017.2;7;1014.8;7;8.0;24;2.9;24;6.2;999.9;24.0;10.4;0.0;999.9;1;0;0;0;0;0
Ezeiza_Aero;875760;20130613;19.8;24;16.3;24;1014.8;8;1012.4;8;9.8;24;3.3;24;5.1;999.9;24.2;15.6;0.0;999.9;0;0;0;0;0;0
Ezeiza_Aero;875760;20130614;11.6;24;6.6;24;1022.0;8;1019.6;8;10.1;24;4.2;24;7.2;999.9;24.3;7.0;0.0;999.9;0;0;0;0;0;0
Ezeiza_Aero;875760;20130615;9.8;23;3.2;23;1021.5;8;1019.0;8;10.3;23;3.8;23;7.2;999.9;14.6;3.2;0.0;999.9;0;0;0;0;0;0
Ezeiza_Aero;875760;20130616;11.3;24;8.7;24;1015.3;8;1012.9;8;9.2;24;2.9;24;7.7;14.4;15.4;8.0;4.1;999.9;0;1;0;0;0;0
Ezeiza_Aero;875760;20130617;7.2;24;3.2;24;1020.3;9;1017.8;9;9.7;24;1.7;24;3.6;999.9;13.4;1.2;1.0;999.9;0;0;0;0;0;0
Ezeiza_Aero;875760;20130618;10.6;23;6.1;23;1016.4;8;1014.0;8;9.7;23;2.7;23;5.7;999.9;15.0;1.5;0.0;999.9;0;0;0;0;0;0
Ezeiza_Aero;875760;20130619;4.7;24;-3.0;24;1025.2;8;1022.7;8;10.0;24;2.7;24;4.6;999.9;15.3;-1.4;0.0;999.9;0;0;0;0;0;0
Ezeiza_Aero;875760;20130620;4.1;24;-2.9;24;1025.8;8;1023.3;8;7.2;24;0.8;24;2.1;999.9;12.0;-2.7;0.0;999.9;1;0;0;0;0;0
Ezeiza_Aero;875760;20130621;4.4;20;-0.9;20;1015.5;6;1013.0;6;6.3;20;1.0;20;2.6;999.9;13.8;-3.0;0.0;999.9;1;0;0;0;0;0
Ezeiza_Aero;875760;20130622;9.2;24;1.6;24;1012.3;8;1009.8;8;10.1;24;3.4;24;6.2;999.9;14.2;-1.4;0.0;999.9;0;0;0;0;0;0
Ezeiza_Aero;875760;20130623;6.6;24;2.4;24;1022.9;8;1020.4;8;9.2;24;1.0;24;2.1;999.9;13.3;2.2;0.0;999.9;0;0;0;0;0;0
Ezeiza_Aero;875760;20130624;6.5;24;3.4;24;1024.1;7;1021.6;7;7.2;24;2.0;24;3.6;999.9;13.0;0.2;0.0;999.9;0;0;0;0;0;0
Ezeiza_Aero;875760;20130625;6.6;24;5.3;24;1019.2;6;1016.7;6;6.3;24;1.5;24;3.1;999.9;13.6;1.0;0.0;999.9;1;0;0;0;0;0
Ezeiza_Aero;875760;20130626;8.6;24;4.8;24;1016.0;4;1013.5;4;4.5;24;2.1;24;5.1;999.9;17.0;0.6;0.0;999.9;1;0;0;0;0;0
Ezeiza_Aero;875760;20130627;12.6;24;6.5;24;1015.9;8;1013.5;8;10.0;24;3.4;24;4.6;999.9;18.0;3.8;0.0;999.9;0;0;0;0;0;0
Ezeiza_Aero;875760;20130628;13.7;24;9.3;24;1011.2;8;1008.7;8;9.2;24;2.6;24;4.6;999.9;18.4;9.4;0.0;999.9;0;1;0;0;0;0
Ezeiza_Aero;875760;20130629;11.5;23;5.3;23;1013.5;7;1011.1;7;7.7;23;3.3;23;7.2;999.9;17.4;6.0;0.0;999.9;1;1;0;0;0;0
Ezeiza_Aero;875760;20130630;8.6;24;1.9;24;1020.5;8;1018.0;8;9.8;24;1.8;24;5.1;999.9;17.4;0.4;0.0;999.9;0;1;0;0;0;0
Ezeiza_Aero;875760;20130701;10.1;24;3.6;24;1023.4;8;1021.0;8;9.8;24;1.6;24;3.6;999.9;16.4;2.3;0.0;999.9;0;1;0;0;0;0
Ezeiza_Aero;875760;20130702;14.8;24;3.6;24;1017.7;8;1015.3;8;10.0;24;4.4;24;7.2;999.9;20.0;3.1;0.0;999.9;0;0;0;0;0;0
Ezeiza_Aero;875760;20130703;16.7;24;7.8;24;1012.5;8;1010.0;8;10.0;24;5.4;24;8.7;14.4;21.0;11.4;0.0;999.9;0;0;0;0;0;0
Ezeiza_Aero;875760;20130704;16.5;24;14.3;24;1014.3;8;1011.9;8;7.9;24;2.5;24;6.2;999.9;22.9;12.0;0.0;999.9;0;0;0;0;0;0
Ezeiza_Aero;875760;20130705;14.6;24;14.1;24;9999.9;0;9999.9;0;2.4;24;2.2;24;4.1;999.9;18.7;13.0;0.0;999.9;1;1;0;0;0;0
Ezeiza_Aero;875760;20130706;13.7;24;12.4;24;1013.3;5;1010.9;5;4.5;24;3.4;24;7.7;999.9;16.2;9.0;0.0;999.9;1;1;0;0;0;0
Ezeiza_Aero;875760;20130707;7.5;24;4.0;24;1024.6;8;1022.2;8;10.5;24;3.3;24;5.7;999.9;15.6;3.6;0.0;999.9;0;0;0;0;0;0
Ezeiza_Aero;875760;20130708;6.6;24;2.4;24;1031.4;8;1029.0;8;9.8;24;2.8;24;5.1;999.9;13.0;-1.0;0.0;999.9;0;0;0;0;0;0
Ezeiza_Aero;875760;20130709;8.0;24;5.9;24;1024.8;7;1022.3;7;7.7;24;3.4;24;9.8;14.4;13.6;1.4;7.9;999.9;0;1;0;0;0;0
Ezeiza_Aero;875760;20130710;11.1;24;10.0;24;1018.4;5;1015.9;5;2.4;24;1.7;24;4.6;999.9;15.0;7.5;21.1;999.9;1;1;0;0;0;0
Ezeiza_Aero;875760;20130711;14.8;24;14.6;24;9999.9;0;9999.9;0;2.9;24;2.4;24;5.7;999.9;16.8;10.8;26.9;999.9;1;1;0;0;1;0
Ezeiza_Aero;875760;20130712;11.7;24;10.2;24;1020.8;5;1018.4;5;7.6;24;1.9;24;4.1;999.9;16.4;8.0;18.0;999.9;0;1;0;0;1;0
Ezeiza_Aero;875760;20130713;11.6;24;8.9;24;1017.9;8;1015.5;8;6.1;24;2.4;24;4.6;999.9;15.0;9.0;0.0;999.9;0;0;0;0;0;0
Ezeiza_Aero;875760;20130714;10.2;24;5.8;24;1017.6;8;1015.2;8;10.0;24;2.9;24;4.1;999.9;15.8;7.4;0.0;999.9;0;0;0;0;0;0
Ezeiza_Aero;875760;20130715;8.4;24;2.1;24;1021.5;8;1019.0;8;9.5;24;2.4;24;5.7;999.9;16.0;1.9;0.0;999.9;0;0;0;0;0;0
Ezeiza_Aero;875760;20130716;14.1;24;5.9;24;1014.8;8;1012.4;8;10.1;24;4.5;24;6.2;999.9;21.6;4.7;0.0;999.9;0;0;0;0;0;0
Ezeiza_Aero;875760;20130717;16.2;24;10.9;24;1009.5;8;1007.1;8;9.8;24;3.5;24;5.1;999.9;22.0;9.8;0.0;999.9;0;0;0;0;0;0
Ezeiza_Aero;875760;20130718;9.3;24;4.3;24;1014.2;8;1011.8;8;10.1;24;5.5;24;9.8;14.9;22.9;4.8;0.5;999.9;0;1;0;0;0;0
Ezeiza_Aero;875760;20130719;3.9;24;-0.3;24;1024.3;8;1021.8;8;10.1;24;2.1;24;4.1;999.9;9.9;-1.0;0.0;999.9;0;0;0;0;0;0
Ezeiza_Aero;875760;20130720;7.2;24;0.6;24;1011.9;8;1009.4;8;10.1;24;3.8;24;8.2;999.9;12.4;0.0;0.0;999.9;0;0;0;0;0;0
Ezeiza_Aero;875760;20130721;2.8;24;0.0;24;1013.9;8;1011.4;8;10.3;24;4.7;24;7.7;999.9;12.8;-1.3;0.0;999.9;0;1;0;0;0;0
Ezeiza_Aero;875760;20130722;4.3;24;1.5;24;1019.5;7;1017.0;7;10.6;24;5.8;24;7.7;15.4;8.0;0.6;0.0;999.9;0;1;0;0;0;0
Ezeiza_Aero;875760;20130723;5.6;24;-0.5;24;1024.2;8;1021.7;8;10.1;24;4.4;24;8.2;999.9;10.0;-0.6;0.0;999.9;0;1;0;0;0;0
Ezeiza_Aero;875760;20130724;5.7;24;-0.4;24;1025.9;8;1023.5;8;10.3;24;2.4;24;5.1;999.9;11.4;-0.3;0.0;999.9;0;0;0;0;0;0
Ezeiza_Aero;875760;20130725;8.9;23;0.1;23;1025.9;8;1023.4;8;9.7;23;2.9;23;5.7;999.9;15.2;1.0;0.0;999.9;0;0;0;0;0;0
Ezeiza_Aero;875760;20130726;11.8;24;2.1;24;1025.5;8;1023.0;8;10.0;24;4.6;24;6.7;999.9;15.2;5.6;0.0;999.9;0;0;0;0;0;0
Ezeiza_Aero;875760;20130727;13.9;23;7.2;23;1022.5;8;1020.0;8;10.0;23;2.1;23;3.1;999.9;19.5;9.4;0.0;999.9;0;0;0;0;0;0
Ezeiza_Aero;875760;20130728;10.2;24;6.6;24;1021.9;4;1019.5;4;4.3;24;0.9;24;3.1;999.9;19.6;2.0;0.0;999.9;1;0;0;0;0;0
Ezeiza_Aero;875760;20130729;11.7;24;8.5;24;1022.6;4;1020.2;4;3.9;24;2.0;24;4.6;999.9;19.6;2.0;0.0;999.9;1;0;0;0;0;0
Ezeiza_Aero;875760;20130730;13.1;24;9.8;24;1020.4;8;1018.0;8;7.2;24;3.3;24;6.2;999.9;21.0;8.4;0.0;999.9;0;0;0;0;0;0
Ezeiza_Aero;875760;20130731;17.0;24;13.3;24;1012.5;8;1010.1;8;9.5;24;2.8;24;8.2;10.3;22.0;9.8;0.0;999.9;0;0;0;0;0;0
Ezeiza_Aero;875760;20130801;11.0;23;8.9;23;1015.7;6;1013.3;6;10.0;23;4.5;23;6.7;999.9;15.8;9.0;0.3;999.9;0;1;0;0;0;0
Ezeiza_Aero;875760;20130802;8.9;24;5.9;24;1020.2;8;1017.7;8;10.0;24;3.1;24;6.2;999.9;11.3;7.4;0.0;999.9;0;1;0;0;0;0
Ezeiza_Aero;875760;20130803;9.0;24;4.5;24;1019.1;8;1016.6;8;9.2;21;1.5;24;4.6;999.9;14.0;3.7;0.0;999.9;0;0;0;0;0;0
Ezeiza_Aero;875760;20130804;11.1;24;6.2;24;1018.6;8;1016.1;8;8.0;16;2.5;24;4.6;8.2;18.0;4.9;0.0;999.9;0;0;0;0;0;0
Ezeiza_Aero;875760;20130805;14.1;24;6.8;24;1014.2;8;1011.8;8;9.8;10;5.1;24;8.8;14.4;20.0;7.2;0.0;999.9;0;0;0;0;0;0
Ezeiza_Aero;875760;20130806;12.6;24;0.6;24;1018.5;8;1016.1;8;9.5;12;2.6;24;4.1;999.9;20.1;5.0;0.0;999.9;0;0;0;0;0;0
Ezeiza_Aero;875760;20130807;16.1;24;7.4;24;1005.9;8;1003.5;8;10.0;9;4.6;24;7.2;999.9;23.0;7.7;0.0;999.9;0;0;0;0;0;0
Ezeiza_Aero;875760;20130808;12.2;24;3.9;24;1011.7;8;1009.3;8;10.0;11;2.9;24;6.2;999.9;22.6;9.0;0.0;999.9;0;0;0;0;0;0
Ezeiza_Aero;875760;20130809;7.8;24;0.3;24;1025.8;9;1023.3;9;10.0;9;2.4;24;5.1;999.9;15.4;1.6;0.0;999.9;0;0;0;0;0;0
Ezeiza_Aero;875760;20130810;7.3;24;-2.8;24;1025.6;8;1023.1;8;7.9;13;2.5;24;6.2;999.9;15.0;-0.4;0.0;999.9;0;0;0;0;0;0
Ezeiza_Aero;875760;20130811;11.3;24;-0.7;24;1015.0;8;1012.6;8;10.0;9;4.8;24;8.2;13.4;17.2;5.0;0.0;999.9;0;0;0;0;0;0
Ezeiza_Aero;875760;20130812;10.4;24;4.2;24;1012.9;8;1010.4;8;10.0;13;3.8;24;10.3;13.4;17.2;6.0;999.9;999.9;0;1;0;0;0;0
Ezeiza_Aero;875760;20130813;4.4;24;-2.1;24;1026.8;9;1024.3;9;10.0;9;3.9;24;7.2;999.9;10.0;-1.0;0.0;999.9;0;0;0;0;0;0
Ezeiza_Aero;875760;20130814;6.1;24;-2.6;24;1032.1;8;1029.7;8;9.7;10;2.9;24;5.7;999.9;13.2;0.0;0.0;999.9;0;0;0;0;0;0
Ezeiza_Aero;875760;20130815;9.8;24;-3.2;24;1024.1;8;1021.6;8;10.0;8;4.8;24;7.7;13.9;16.0;5.7;0.0;999.9;0;0;0;0;0;0
Ezeiza_Aero;875760;20130816;11.4;21;-0.6;21;1022.9;7;1020.4;7;10.0;7;3.6;21;7.2;999.9;17.0;6.9;0.0;999.9;0;0;0;0;0;0
Ezeiza_Aero;875760;20130817;8.3;24;1.6;24;1029.4;8;1026.9;8;8.2;13;3.1;24;6.2;999.9;14.0;2.5;0.0;999.9;0;0;0;0;0;0
Ezeiza_Aero;875760;20130818;12.7;24;5.1;24;1023.4;8;1020.9;8;9.8;9;3.5;24;5.1;999.9;19.0;8.0;0.0;999.9;0;0;0;0;0;0
Ezeiza_Aero;875760;20130819;17.3;24;10.3;24;1017.0;8;1014.7;8;10.0;8;3.6;24;5.1;999.9;24.3;11.7;0.0;999.9;0;0;0;0;0;0
Ezeiza_Aero;875760;20130820;17.7;24;11.2;24;1016.3;8;1013.9;8;6.1;19;2.3;24;5.1;999.9;26.0;9.0;999.9;999.9;0;1;0;0;0;0
Ezeiza_Aero;875760;20130821;18.1;23;14.6;23;1008.7;6;1006.3;6;6.8;22;2.2;23;4.6;999.9;22.0;13.7;0.3;999.9;1;1;0;0;1;0
Ezeiza_Aero;875760;20130822;10.1;23;1.7;23;1013.1;8;1010.8;8;9.7;14;7.6;23;13.9;18.5;17.2;5.0;0.0;999.9;0;0;0;0;0;0
Ezeiza_Aero;875760;20130823;4.2;23;-4.2;23;1025.0;7;1022.5;7;10.0;9;3.0;23;8.2;999.9;10.0;-1.0;0.0;999.9;0;0;0;0;0;0
Ezeiza_Aero;875760;20130824;4.9;24;-1.2;24;1030.3;8;1027.8;8;9.0;18;1.6;24;3.6;999.9;11.0;-1.0;0.0;999.9;0;0;0;0;0;0
Ezeiza_Aero;875760;20130825;4.9;24;-2.1;24;1033.7;8;1031.2;8;10.0;9;3.1;24;6.7;999.9;11.0;-0.2;0.0;999.9;0;0;0;0;0;0
Ezeiza_Aero;875760;20130826;3.9;24;-3.4;24;1034.3;8;1031.9;8;10.0;13;3.1;24;5.7;999.9;10.0;-3.0;0.0;999.9;0;0;0;0;0;0
Ezeiza_Aero;875760;20130827;6.1;24;-1.7;24;1026.9;9;1024.4;9;6.8;17;2.7;24;6.7;999.9;15.0;-3.0;0.0;999.9;0;0;0;0;0;0
Ezeiza_Aero;875760;20130828;15.3;24;-0.7;24;1020.4;8;1018.0;8;9.7;11;6.1;24;8.8;13.4;24.0;9.7;0.0;999.9;0;0;0;0;0;0
Ezeiza_Aero;875760;20130829;18.9;24;1.6;24;1016.6;8;1014.2;8;9.7;10;5.5;24;9.8;999.9;25.0;13.4;0.0;999.9;0;0;0;0;0;0
Ezeiza_Aero;875760;20130830;19.8;24;4.5;24;1013.7;8;1011.4;8;9.0;14;3.5;24;5.1;999.9;27.0;14.0;0.0;999.9;0;0;0;0;0;0
Ezeiza_Aero;875760;20130831;19.9;24;7.9;24;1012.7;8;1010.3;8;9.2;15;1.9;24;3.1;999.9;27.0;14.0;0.0;999.9;0;0;0;0;0;0
Ezeiza_Aero;875760;20130901;17.7;24;9.6;24;1012.3;8;1009.9;8;8.4;12;2.2;24;4.6;999.9;26.0;8.0;0.0;999.9;0;0;0;0;0;0
Ezeiza_Aero;875760;20130902;15.1;24;7.1;24;1013.7;8;1011.3;8;10.0;8;4.4;24;8.2;13.4;19.3;10.0;0.0;999.9;0;0;0;0;0;0
Ezeiza_Aero;875760;20130903;9.8;24;2.8;24;1022.8;8;1020.3;8;10.0;13;3.1;24;5.1;999.9;14.0;5.0;0.0;999.9;0;0;0;0;0;0
Ezeiza_Aero;875760;20130904;7.8;24;2.1;24;1027.0;8;1024.5;8;9.7;14;1.9;24;5.1;999.9;14.0;1.9;0.0;999.9;0;0;0;0;0;0
Ezeiza_Aero;875760;20130905;12.8;24;5.8;24;1021.0;8;1018.6;8;10.0;8;4.4;24;6.7;999.9;16.0;11.0;0.0;999.9;0;0;0;0;0;0
Ezeiza_Aero;875760;20130906;16.0;24;8.3;24;1017.7;7;1015.4;7;6.9;17;2.5;24;5.1;999.9;25.4;9.0;0.0;999.9;0;0;0;0;0;0
Ezeiza_Aero;875760;20130907;16.9;24;15.4;24;1011.3;7;1008.9;7;6.6;23;3.9;24;10.8;17.5;18.0;15.5;10.9;999.9;0;1;0;0;1;0
Ezeiza_Aero;875760;20130908;16.5;24;10.7;24;1015.6;5;1013.3;5;3.5;16;2.3;24;4.1;999.9;23.0;11.0;34.0;999.9;1;0;0;0;0;0
Ezeiza_Aero;875760;20130909;21.3;24;13.5;24;1014.1;8;1011.7;8;10.0;8;3.9;24;6.7;999.9;28.0;15.0;0.0;999.9;0;0;0;0;0;0
Ezeiza_Aero;875760;20130910;28.1;24;16.1;24;1008.1;7;1005.8;7;9.8;8;6.2;24;8.2;16.5;34.0;24.0;0.0;999.9;0;0;0;0;0;0
Ezeiza_Aero;875760;20130911;21.8;24;16.0;24;1007.3;8;1005.0;8;9.0;13;3.6;24;5.7;999.9;29.2;15.5;0.0;999.9;0;0;0;0;0;0
Ezeiza_Aero;875760;20130912;14.4;24;13.7;24;9999.9;0;9999.9;0;4.2;24;4.3;24;7.2;999.9;20.0;9.0;8.9;999.9;0;1;0;0;1;0
Ezeiza_Aero;875760;20130913;10.2;24;8.7;24;1018.6;7;1016.2;7;6.0;24;6.4;24;8.2;13.9;12.5;8.0;0.3;999.9;0;1;0;0;0;0
Ezeiza_Aero;875760;20130914;8.0;24;3.9;24;1024.4;8;1021.9;8;10.0;24;6.1;24;8.2;999.9;11.0;5.0;0.0;999.9;0;1;0;0;0;0
Ezeiza_Aero;875760;20130915;7.9;24;4.9;24;1021.2;9;1018.8;9;7.6;23;6.3;24;9.3;999.9;12.0;5.0;0.0;999.9;0;1;0;0;0;0
Ezeiza_Aero;875760;20130916;7.8;24;6.8;24;1016.9;8;1014.4;8;4.3;24;7.5;24;9.8;15.4;9.1;6.0;17.0;999.9;0;1;0;0;0;0
Ezeiza_Aero;875760;20130917;7.1;24;1.8;24;1017.4;8;1014.9;8;8.2;20;6.3;24;9.3;14.4;12.0;4.0;29.0;999.9;0;1;0;0;0;0
Ezeiza_Aero;875760;20130918;9.7;24;-0.6;24;1017.8;8;1015.3;8;10.0;9;5.1;24;9.3;13.9;16.1;2.0;0.0;999.9;0;0;0;0;0;0
Ezeiza_Aero;875760;20130919;14.1;24;-0.8;24;1020.5;8;1018.1;8;10.0;8;3.5;24;6.7;999.9;22.0;7.0;0.0;999.9;0;0;0;0;0;0
Ezeiza_Aero;875760;20130920;16.6;24;3.8;24;1013.3;8;1010.9;8;10.0;8;3.2;24;6.2;999.9;21.0;12.0;0.0;999.9;0;0;0;0;0;0
Ezeiza_Aero;875760;20130921;10.3;24;6.2;24;1012.5;7;1010.1;7;7.9;14;2.5;24;5.1;999.9;15.0;7.0;3.0;999.9;0;1;0;0;0;0
Ezeiza_Aero;875760;20130922;8.8;24;4.8;24;1023.0;7;1020.6;7;8.7;18;3.2;24;5.7;999.9;13.0;5.9;1.0;999.9;1;0;0;0;0;0
Ezeiza_Aero;875760;20130923;8.4;24;1.1;24;1029.8;8;1027.3;8;10.0;9;2.6;24;4.6;999.9;14.0;3.0;0.0;999.9;0;0;0;0;0;0
Ezeiza_Aero;875760;20130924;8.5;24;1.4;24;1031.6;8;1029.1;8;10.0;11;2.6;24;5.1;999.9;14.1;2.0;0.0;999.9;0;0;0;0;0;0
Ezeiza_Aero;875760;20130925;10.4;22;4.6;22;1028.9;8;1026.4;8;8.7;16;3.1;22;5.1;999.9;16.0;3.2;0.0;999.9;0;0;0;0;0;0
Ezeiza_Aero;875760;20130926;13.8;24;6.2;24;1022.9;8;1020.5;8;10.1;10;4.5;24;6.7;999.9;19.0;9.0;0.0;999.9;0;0;0;0;0;0
Ezeiza_Aero;875760;20130927;14.3;24;8.9;24;1020.2;8;1017.8;8;10.0;11;4.5;24;8.2;999.9;20.2;9.0;0.0;999.9;0;0;0;0;0;0
Ezeiza_Aero;875760;20130928;15.5;24;11.1;24;1018.3;7;1015.9;7;9.2;17;4.5;24;8.2;999.9;20.2;11.9;999.9;999.9;0;1;0;0;0;0
Ezeiza_Aero;875760;20130929;9.9;24;6.8;24;1019.5;8;1017.0;8;8.9;24;3.6;24;6.2;999.9;18.0;5.6;22.1;999.9;0;1;0;0;0;0
Ezeiza_Aero;875760;20130930;10.7;24;5.9;24;1015.5;8;1013.0;8;10.0;21;4.0;24;7.2;999.9;13.4;5.5;0.0;999.9;0;0;0;0;0;0
Ezeiza_Aero;875760;20131001;10.6;23;7.1;23;1014.6;7;1012.2;7;8.4;20;2.2;23;3.6;999.9;16.0;5.5;0.0;999.9;1;0;0;0;0;0
Ezeiza_Aero;875760;20131002;12.5;23;9.1;23;1018.1;6;1015.7;6;7.2;23;2.7;23;4.6;999.9;18.0;7.0;0.0;999.9;1;0;0;0;0;0
Ezeiza_Aero;875760;20131003;13.2;24;9.2;24;1019.4;8;1017.1;8;9.5;19;3.6;24;6.2;999.9;18.1;8.5;0.0;999.9;0;0;0;0;0;0
Ezeiza_Aero;875760;20131004;14.6;24;9.8;24;1020.8;6;1018.4;6;9.3;20;4.5;24;7.2;999.9;19.0;11.0;7.9;999.9;0;1;0;0;0;0
Ezeiza_Aero;875760;20131005;13.6;24;7.9;24;1023.0;8;1020.6;8;7.6;17;2.2;24;4.1;999.9;20.0;6.0;0.0;999.9;1;0;0;0;0;0
Ezeiza_Aero;875760;20131006;17.7;20;8.8;20;1024.1;8;1021.8;8;8.2;11;2.7;20;4.6;999.9;23.0;7.4;0.0;999.9;0;0;0;0;0;0
Ezeiza_Aero;875760;20131007;18.3;24;8.3;24;1025.0;8;1022.6;8;10.5;8;3.8;24;6.2;999.9;23.7;14.0;0.0;999.9;0;0;0;0;0;0
Ezeiza_Aero;875760;20131008;19.2;24;10.5;24;1020.7;8;1018.3;8;10.0;8;4.1;24;6.7;999.9;25.0;14.9;0.0;999.9;0;0;0;0;0;0
Ezeiza_Aero;875760;20131009;20.4;24;12.7;24;1014.7;8;1012.4;8;9.5;18;4.6;24;11.3;15.4;25.0;16.0;0.0;999.9;0;1;0;0;1;0
Ezeiza_Aero;875760;20131010;18.3;24;15.3;24;1017.4;6;1015.0;6;7.1;20;2.4;24;4.1;999.9;25.0;13.0;9.9;999.9;1;1;0;0;1;0
Ezeiza_Aero;875760;20131011;17.1;24;12.2;24;1020.0;8;1017.7;8;10.3;15;5.9;24;8.8;12.4;21.1;14.0;0.0;999.9;0;0;0;0;0;0
Ezeiza_Aero;875760;20131012;16.6;22;13.8;22;1019.5;7;1017.1;7;9.5;22;5.6;22;9.3;999.9;21.0;14.0;999.9;999.9;0;1;0;0;0;0
Ezeiza_Aero;875760;20131013;18.6;24;15.2;24;1016.5;8;1014.1;8;9.0;23;3.3;24;5.7;999.9;23.0;16.0;0.0;999.9;0;1;0;0;0;0
Ezeiza_Aero;875760;20131014;19.6;24;14.7;24;1016.5;10;1014.1;10;8.2;16;2.0;24;4.1;999.9;25.5;13.5;0.0;999.9;0;0;0;0;0;0
Ezeiza_Aero;875760;20131015;20.7;24;13.3;24;1018.2;8;1015.8;8;7.1;16;1.5;24;4.1;999.9;28.0;12.9;0.0;999.9;0;0;0;0;0;0
Ezeiza_Aero;875760;20131016;23.4;24;14.6;24;1017.3;8;1015.0;8;9.5;13;3.0;24;5.7;999.9;28.4;19.0;0.0;999.9;0;0;0;0;0;0
Ezeiza_Aero;875760;20131017;20.6;24;15.5;24;1014.7;8;1012.3;8;9.5;16;3.0;24;6.7;999.9;28.9;16.9;0.0;999.9;0;0;0;0;0;0
Ezeiza_Aero;875760;20131018;18.3;22;13.4;22;1013.1;7;1010.7;7;7.4;11;2.0;22;3.6;999.9;25.0;11.7;0.0;999.9;0;0;0;0;0;0
Ezeiza_Aero;875760;20131019;21.5;24;12.9;24;1009.4;8;1007.0;8;7.7;13;2.8;24;5.7;999.9;28.4;13.1;0.0;999.9;0;0;0;0;0;0
Ezeiza_Aero;875760;20131020;21.4;24;14.2;24;1002.5;8;1000.2;8;9.0;18;3.7;24;8.2;13.4;28.9;17.0;0.5;999.9;0;1;0;0;1;0
Ezeiza_Aero;875760;20131021;14.8;24;9.1;24;1012.5;8;1010.1;8;10.0;14;3.8;24;7.2;999.9;24.7;7.5;1.0;999.9;0;0;0;0;0;0
Ezeiza_Aero;875760;20131022;15.7;24;8.0;24;1014.4;8;1012.0;8;9.8;13;4.5;24;9.3;999.9;21.0;10.9;0.0;999.9;0;0;0;0;0;0
Ezeiza_Aero;875760;20131023;18.4;24;13.1;24;1010.3;8;1007.9;8;9.5;14;4.1;24;12.9;18.0;22.0;14.0;999.9;999.9;0;1;0;0;0;0
Ezeiza_Aero;875760;20131024;12.2;24;6.2;24;1022.5;7;1020.1;7;10.0;18;4.3;24;10.8;12.9;22.3;5.8;0.5;999.9;0;0;0;0;0;0
Ezeiza_Aero;875760;20131025;11.8;24;5.3;24;1024.8;8;1022.4;8;10.0;11;3.7;24;6.7;999.9;17.2;6.0;0.0;999.9;0;0;0;0;0;0
Ezeiza_Aero;875760;20131026;18.0;24;12.2;24;1015.5;8;1013.1;8;9.2;19;2.6;24;5.7;999.9;23.0;13.4;0.0;999.9;0;1;0;0;0;0
Ezeiza_Aero;875760;20131027;17.2;24;7.6;24;1018.9;8;1016.5;8;9.3;10;3.7;24;7.7;999.9;23.6;10.3;0.0;999.9;0;0;0;0;0;0
Ezeiza_Aero;875760;20131028;17.1;24;2.7;24;1019.8;8;1017.5;8;10.0;8;4.2;24;7.2;999.9;23.0;11.2;0.0;999.9;0;0;0;0;0;0
Ezeiza_Aero;875760;20131029;20.4;24;8.6;24;1015.5;8;1013.1;8;9.8;13;4.0;24;6.2;999.9;26.0;15.7;0.0;999.9;0;0;0;0;0;0
Ezeiza_Aero;875760;20131030;18.9;24;11.4;24;1015.4;8;1013.0;8;10.0;8;5.0;24;7.2;999.9;26.0;11.8;0.0;999.9;0;0;0;0;0;0
Ezeiza_Aero;875760;20131031;19.6;23;14.3;23;1012.0;8;1009.6;8;9.3;9;6.3;23;8.8;999.9;26.0;17.7;0.3;999.9;0;1;0;0;0;0
Ezeiza_Aero;875760;20131101;18.9;24;17.9;24;1009.2;5;1006.9;5;6.0;21;3.6;24;8.8;999.9;21.9;17.2;6.1;999.9;0;1;0;0;1;0
Ezeiza_Aero;875760;20131102;17.6;24;14.9;24;1012.1;9;1009.6;9;9.8;24;5.1;24;6.2;999.9;20.2;15.0;48.0;999.9;0;1;0;0;0;0
Ezeiza_Aero;875760;20131103;16.8;23;10.4;23;1016.7;8;1014.2;8;10.0;9;2.8;23;5.1;999.9;23.0;11.0;0.0;999.9;0;0;0;0;0;0
Ezeiza_Aero;875760;20131104;15.9;24;10.7;24;1019.3;8;1016.9;8;10.0;17;3.2;24;5.1;999.9;23.2;8.9;0.0;999.9;0;0;0;0;0;0
Ezeiza_Aero;875760;20131105;17.6;24;10.1;24;1020.8;9;1018.4;9;9.7;10;3.9;24;5.1;999.9;25.0;10.5;0.0;999.9;0;0;0;0;0;0
Ezeiza_Aero;875760;20131106;21.6;24;10.6;24;1017.6;8;1015.3;8;10.0;8;5.9;24;9.3;999.9;28.0;16.7;0.0;999.9;0;0;0;0;0;0
Ezeiza_Aero;875760;20131107;19.0;24;12.9;24;1015.2;8;1012.9;8;8.2;16;4.6;24;9.8;12.9;28.2;14.0;13.0;999.9;0;1;0;0;1;0
Ezeiza_Aero;875760;20131108;17.8;23;15.3;23;1013.4;8;1011.0;8;7.4;20;2.4;23;4.6;999.9;23.0;12.0;2.0;999.9;0;0;0;0;0;0
Ezeiza_Aero;875760;20131109;20.1;23;15.8;23;1010.1;8;1007.8;8;7.7;22;4.4;23;9.8;999.9;26.0;14.6;0.0;999.9;0;0;0;0;0;0
Ezeiza_Aero;875760;20131110;21.1;24;17.7;24;1006.0;8;1003.7;8;9.7;24;3.9;24;6.2;999.9;26.0;18.6;0.0;999.9;0;0;0;0;0;0
Ezeiza_Aero;875760;20131111;18.9;24;15.4;24;1004.9;8;1002.5;8;9.7;22;3.7;24;6.2;999.9;26.2;15.5;0.0;999.9;0;1;0;0;0;0
Ezeiza_Aero;875760;20131112;20.7;24;10.4;24;1007.6;8;1005.2;8;9.0;10;3.6;24;8.2;999.9;28.0;12.0;0.0;999.9;0;0;0;0;0;0
Ezeiza_Aero;875760;20131113;20.2;24;9.7;24;1016.2;8;1013.8;8;10.0;8;5.3;24;8.8;999.9;28.0;12.0;0.0;999.9;0;0;0;0;0;0
