General_Pico_Aero;875320;2013;01;01;15,7;8;5,3;8;1021,2;8;1004,0;8;16,9;8;5,1;8;19,0;999,9;27,6;9,0;0,0;999,9;0;0;0;0;0;0
General_Pico_Aero;875320;2013;01;02;18,3;8;8,2;8;1018,8;8;1001,8;8;20,0;8;3,8;8;6,2;999,9;25,6;12,5;0,0;999,9;0;0;0;0;0;0
General_Pico_Aero;875320;2013;01;03;22,8;8;13,4;8;1012,2;8;995,5;8;16,6;8;7,3;8;12,3;999,9;29,6;16,8;0,0;999,9;0;0;0;0;0;0
General_Pico_Aero;875320;2013;01;04;22,5;8;16,8;8;1009,9;8;993,2;8;19,2;8;4,8;8;7,2;999,9;30,0;18,6;0,5;999,9;0;1;0;0;0;0
General_Pico_Aero;875320;2013;01;05;22,6;8;16,8;8;1008,3;8;991,7;8;19,3;8;5,0;8;11,8;999,9;30,0;16,0;0,0;999,9;0;0;0;0;0;0
General_Pico_Aero;875320;2013;01;06;26,0;8;16,3;8;1005,3;8;988,9;8;19,3;8;5,2;8;12,9;999,9;33,8;16,0;0,0;999,9;0;0;0;0;0;0
General_Pico_Aero;875320;2013;01;07;26,2;8;13,0;8;1001,6;8;985,3;8;16,3;8;7,1;8;17,0;999,9;34,6;21,2;0,3;999,9;0;1;0;0;0;0
General_Pico_Aero;875320;2013;01;08;23,3;8;11,2;8;1009,0;8;992,5;8;20,0;8;1,4;8;4,1;999,9;30,0;17,0;0,0;999,9;0;0;0;0;0;0
General_Pico_Aero;875320;2013;01;09;24,8;8;15,8;8;1014,6;8;998,0;8;16,9;8;1,8;8;5,7;999,9;32,5;16,0;0,0;999,9;0;0;0;0;0;0
General_Pico_Aero;875320;2013;01;10;27,8;8;17,3;8;1014,1;8;997,6;8;20,0;8;3,1;8;6,7;999,9;35,4;20,0;0,0;999,9;0;0;0;0;0;0
General_Pico_Aero;875320;2013;01;11;28,3;8;19,4;8;1010,4;8;994,0;8;15,4;8;7,8;8;12,3;999,9;37,0;21,8;0,0;999,9;0;0;0;0;0;0
General_Pico_Aero;875320;2013;01;12;27,3;8;18,5;8;1008,4;8;992,1;8;19,3;8;3,6;8;6,7;999,9;34,6;21,0;0,0;999,9;0;0;0;0;0;0
General_Pico_Aero;875320;2013;01;13;26,2;7;17,1;7;1013,5;7;997,1;7;24,3;7;2,5;7;4,1;999,9;31,6;19,7;0,0;999,9;0;0;0;0;0;0
General_Pico_Aero;875320;2013;01;14;26,4;8;17,7;8;1014,5;8;998,0;8;21,2;8;0,8;8;2,6;999,9;32,6;19,8;0,0;999,9;0;0;0;0;0;0
General_Pico_Aero;875320;2013;01;15;26,4;8;17,7;8;1010,0;8;993,5;8;20,0;8;4,4;8;8,2;999,9;32,6;19,5;0,0;999,9;0;0;0;0;0;0
General_Pico_Aero;875320;2013;01;16;26,2;8;19,0;8;1005,8;8;989,5;8;18,8;8;4,7;8;9,3;999,9;33,8;21,5;0,0;999,9;0;0;0;0;0;0
General_Pico_Aero;875320;2013;01;17;24,3;8;19,0;8;1013,4;8;996,8;8;17,2;8;3,1;8;6,7;999,9;30,0;16,3;0,0;999,9;0;0;0;0;0;0
General_Pico_Aero;875320;2013;01;18;22,6;8;18,6;8;1016,5;7;999,8;7;13,7;7;2,2;8;4,1;999,9;28,5;17,0;0,0;999,9;0;0;0;0;0;0
General_Pico_Aero;875320;2013;01;19;21,1;8;16,3;8;1019,8;8;1003,0;8;18,8;8;3,9;8;6,2;999,9;25,8;17,2;0,0;999,9;0;0;0;0;0;0
General_Pico_Aero;875320;2013;01;20;20,1;8;13,7;8;1021,5;8;1004,4;8;23,8;8;3,3;8;8,2;999,9;25,8;13,0;0,0;999,9;0;0;0;0;0;0
General_Pico_Aero;875320;2013;01;21;22,5;7;14,7;7;1018,3;7;1001,5;7;20,0;7;5,0;7;6,7;999,9;30,0;15,0;0,0;999,9;0;0;0;0;0;0
General_Pico_Aero;875320;2013;01;22;24,6;8;15,8;8;1014,7;8;998,1;8;20,0;8;6,8;8;9,3;999,9;30,5;17,5;0,0;999,9;0;0;0;0;0;0
General_Pico_Aero;875320;2013;01;23;27,2;8;18,3;8;1009,2;8;992,8;8;20,0;8;2,7;8;4,1;999,9;33,5;21,5;0,0;999,9;0;0;0;0;0;0
General_Pico_Aero;875320;2013;01;24;26,4;7;16,6;7;1002,8;7;986,5;7;19,3;7;6,3;7;12,3;999,9;34,0;19,9;0,0;999,9;0;0;0;0;0;0
General_Pico_Aero;875320;2013;01;25;18,1;8;7,7;8;1014,8;8;997,9;8;16,9;8;7,9;8;13,9;999,9;30,5;10,6;0,0;999,9;0;0;0;0;0;0
General_Pico_Aero;875320;2013;01;26;20,9;8;6,8;8;1013,9;8;996,9;8;23,8;8;4,2;8;7,2;999,9;29,8;12,8;0,0;999,9;0;0;0;0;0;0
General_Pico_Aero;875320;2013;01;27;26,1;8;16,4;8;1009,1;8;992,6;8;23,8;8;3,4;8;7,2;999,9;35,8;18,4;4,1;999,9;0;1;0;0;1;0
General_Pico_Aero;875320;2013;01;28;26,3;8;17,9;8;1011,6;8;995,1;8;20,6;8;1,8;8;4,1;999,9;37,4;20,5;0,0;999,9;0;0;0;0;1;0
General_Pico_Aero;875320;2013;01;29;25,9;8;18,3;7;1013,1;8;996,6;8;20,0;8;2,2;8;4,1;999,9;32,2;19,9;0,0;999,9;0;0;0;0;0;0
General_Pico_Aero;875320;2013;01;30;25,3;7;18,8;7;1012,0;7;994,9;7;20,0;7;2,0;7;2,6;999,9;32,0;18,7;0,0;999,9;0;0;0;0;0;0
General_Pico_Aero;875320;2013;01;31;26,5;8;18,8;8;1008,1;8;991,7;8;20,0;8;4,8;8;9,3;999,9;33,5;21,0;0,0;999,9;0;0;0;0;0;0
General_Pico_Aero;875320;2013;02;01;27,3;8;16,0;8;1004,5;8;988,2;8;18,5;8;3,1;8;6,7;999,9;35,7;20,8;0,0;999,9;0;0;0;0;0;0
General_Pico_Aero;875320;2013;02;02;24,1;8;13,4;8;1011,3;8;994,8;8;20,6;8;2,2;8;5,1;999,9;36,0;15,2;0,0;999,9;0;0;0;0;0;0
General_Pico_Aero;875320;2013;02;03;22,4;8;12,6;8;1017,1;8;1000,3;8;20,6;8;4,1;8;7,2;999,9;29,4;15,4;0,0;999,9;0;0;0;0;0;0
General_Pico_Aero;875320;2013;02;04;23,2;8;12,6;8;1011,2;8;994,5;8;17,5;8;6,9;8;9,3;999,9;30,4;16,8;0,0;999,9;0;0;0;0;0;0
General_Pico_Aero;875320;2013;02;05;24,8;8;16,0;8;1011,9;8;995,2;8;20,0;8;3,0;8;5,1;999,9;31,6;17,6;0,0;999,9;0;0;0;0;0;0
General_Pico_Aero;875320;2013;02;06;25,8;8;15,1;8;1013,6;8;997,0;8;20,0;8;5,4;8;7,2;999,9;33,2;18,0;0,0;999,9;0;0;0;0;0;0
General_Pico_Aero;875320;2013;02;07;25,0;8;14,7;8;1014,3;8;997,7;8;20,0;8;4,0;8;6,2;999,9;33,6;18,0;0,0;999,9;0;0;0;0;0;0
General_Pico_Aero;875320;2013;02;08;25,3;8;15,6;8;1011,0;8;994,5;8;20,0;8;4,7;8;7,2;999,9;32,5;17,8;0,0;999,9;0;0;0;0;0;0
General_Pico_Aero;875320;2013;02;09;26,1;7;18,3;7;1007,6;7;991,2;7;20,0;7;2,8;7;6,2;999,9;33,1;20,2;0,0;999,9;0;0;0;0;0;0
General_Pico_Aero;875320;2013;02;10;26,1;8;17,7;8;1007,2;8;990,8;8;18,2;8;3,3;8;5,1;999,9;34,0;19,0;3,0;999,9;0;0;0;0;1;0
General_Pico_Aero;875320;2013;02;11;25,2;7;15,6;7;1007,9;7;991,3;7;20,8;7;3,1;7;8,2;999,9;32,4;17,2;2,0;999,9;0;0;0;0;1;0
General_Pico_Aero;875320;2013;02;12;26,1;8;13,6;8;1003,3;8;987,0;8;20,0;8;4,1;8;10,3;999,9;33,6;21,0;0,0;999,9;0;0;0;0;1;0
General_Pico_Aero;875320;2013;02;13;22,2;8;12,2;8;1007,4;8;991,5;8;20,0;8;2,2;8;6,2;999,9;31,0;13,8;1,0;999,9;0;0;0;0;0;0
General_Pico_Aero;875320;2013;02;14;24,4;8;17,3;8;1010,3;8;993,7;8;18,2;8;1,8;8;4,1;999,9;32,2;17,0;0,0;999,9;1;0;0;0;0;0
General_Pico_Aero;875320;2013;02;15;27,2;8;17,9;8;1008,4;8;992,0;8;20,0;8;4,3;8;8,2;999,9;34,6;19,8;0,0;999,9;0;0;0;0;0;0
General_Pico_Aero;875320;2013;02;16;26,8;8;18,8;8;1002,2;8;985,9;8;20,0;8;2,8;8;4,1;999,9;36,0;19,8;0,0;999,9;0;0;0;0;0;0
General_Pico_Aero;875320;2013;02;17;20,5;8;11,6;8;1008,2;8;991,6;8;16,9;8;6,5;8;11,3;999,9;34,4;14,0;5,1;999,9;0;1;0;0;0;0
General_Pico_Aero;875320;2013;02;18;15,8;8;5,8;8;1018,9;8;1001,7;8;20,0;8;1,6;8;2,6;999,9;24,0;7,0;0,5;999,9;0;0;0;0;0;0
General_Pico_Aero;875320;2013;02;19;18,1;8;11,2;8;1019,1;8;1002,0;8;20,0;8;3,6;8;7,2;999,9;25,0;11,0;0,0;999,9;0;0;0;0;0;0
General_Pico_Aero;875320;2013;02;20;17,9;8;13,2;8;1017,7;8;1000,6;8;18,5;8;1,0;8;3,1;999,9;23,8;11,0;0,0;999,9;0;0;0;0;0;0
General_Pico_Aero;875320;2013;02;21;19,4;8;14,4;8;1015,9;8;998,9;8;14,0;8;1,2;8;3,1;999,9;26,6;11,7;0,0;999,9;1;0;0;0;0;0
General_Pico_Aero;875320;2013;02;22;20,9;7;14,9;7;1014,6;6;997,9;7;20,0;7;4,3;7;12,3;999,9;29,0;15,2;0,0;999,9;0;0;0;0;0;0
General_Pico_Aero;875320;2013;02;23;24,0;8;18,6;8;1007,2;8;990,7;8;18,8;8;6,6;8;9,3;999,9;32,0;19,0;0,0;999,9;0;0;0;0;1;0
General_Pico_Aero;875320;2013;02;25;15,9;7;8,2;7;1017,3;7;1000,3;7;15,8;7;4,8;7;9,3;999,9;21,4;8,8;0,0;999,9;0;0;0;0;0;0
General_Pico_Aero;875320;2013;02;26;16,7;8;8,2;8;1017,5;8;1000,3;8;20,0;8;0,4;8;1,0;999,9;24,4;7,9;0,0;999,9;0;0;0;0;0;0
General_Pico_Aero;875320;2013;02;27;20,0;8;10,7;8;1013,2;8;996,4;8;20,0;8;3,2;8;6,2;999,9;29,0;12,5;0,0;999,9;0;0;0;0;0;0
General_Pico_Aero;875320;2013;02;28;22,6;7;14,9;6;1009,5;7;992,8;7;16,4;7;7,8;7;12,9;999,9;29,0;16,5;0,0;999,9;0;0;0;0;0;0
General_Pico_Aero;875320;2013;03;01;22,5;8;16,1;8;1004,6;8;988,1;8;18,2;8;6,0;8;8,2;999,9;30,6;17,6;8,9;999,9;0;0;0;0;1;0
General_Pico_Aero;875320;2013;03;02;17,5;8;14,7;8;1008,2;8;991,2;8;17,1;8;8,3;8;20,6;999,9;29,4;12,5;37,1;999,9;0;1;0;0;0;0
General_Pico_Aero;875320;2013;03;03;16,1;8;11,4;8;1018,4;8;1001,2;8;20,0;8;5,6;8;7,2;999,9;22,7;10,4;0,0;999,9;0;0;0;0;0;0
General_Pico_Aero;875320;2013;03;04;16,2;8;10,9;8;1019,0;8;1001,7;8;16,9;8;0,3;8;2,1;999,9;23,2;8,5;0,0;999,9;0;0;0;0;0;0
General_Pico_Aero;875320;2013;03;05;19,9;8;12,2;8;1012,9;8;995,8;8;20,0;8;2,5;8;5,1;999,9;27,2;12,3;0,0;999,9;0;0;0;0;0;0
General_Pico_Aero;875320;2013;03;06;20,9;7;11,1;7;1007,0;7;990,3;7;18,5;7;7,5;7;14,9;999,9;24,8;16,0;0,0;999,9;0;0;0;0;0;0
General_Pico_Aero;875320;2013;03;07;17,6;8;9,6;8;1012,8;8;995,8;8;20,0;8;1,4;8;4,1;999,9;26,0;14,5;0,0;999,9;0;0;0;0;1;0
General_Pico_Aero;875320;2013;03;08;20,1;8;13,6;8;1012,4;8;995,1;8;20,0;8;3,6;8;5,1;999,9;28,5;13,5;0,0;999,9;0;0;0;0;0;0
General_Pico_Aero;875320;2013;03;09;22,7;8;17,9;7;1007,7;8;991,1;8;18,8;8;1,7;8;7,2;999,9;30,0;14,9;4,1;999,9;0;0;0;0;1;0
General_Pico_Aero;875320;2013;03;10;20,2;8;12,4;8;1010,4;8;993,6;8;23,2;8;3,7;8;9,3;999,9;28,0;14,2;0,0;999,9;0;0;0;0;0;0
General_Pico_Aero;875320;2013;03;11;18,5;7;10,4;7;1007,1;7;990,2;7;20,8;7;2,9;7;6,2;999,9;28,0;14,0;0,0;999,9;0;0;0;0;0;0
General_Pico_Aero;875320;2013;03;12;17,9;8;11,1;8;1011,4;8;994,5;8;18,8;8;2,6;8;6,2;999,9;30,5;11,0;0,0;999,9;0;0;0;0;0;0
General_Pico_Aero;875320;2013;03;13;15,3;8;9,8;8;1018,1;8;1001,0;8;17,5;8;4,4;8;8,2;999,9;24,6;12,0;5,1;999,9;0;0;0;0;1;0
General_Pico_Aero;875320;2013;03;14;11,5;8;6,1;8;1023,4;8;1005,8;8;20,0;8;1,8;8;3,1;999,9;18,5;7,6;0,0;999,9;0;0;0;0;0;0
General_Pico_Aero;875320;2013;03;15;12,2;8;7,8;8;1024,8;8;1007,3;8;15,0;8;1,2;8;3,1;999,9;17,5;9,0;0,0;999,9;0;1;0;0;0;0
General_Pico_Aero;875320;2013;03;16;13,1;7;7,3;7;1025,4;7;1007,9;7;20,0;7;1,8;7;5,1;999,9;18,4;9,6;0,0;999,9;0;0;0;0;0;0
General_Pico_Aero;875320;2013;03;17;14,9;8;8,7;8;1025,7;8;1008,3;8;20,0;8;4,0;8;6,2;999,9;19,2;11,8;0,0;999,9;0;0;0;0;0;0
General_Pico_Aero;875320;2013;03;18;14,7;8;9,3;8;1023,2;8;1005,8;8;15,6;8;1,5;8;3,1;999,9;22,4;8,0;0,0;999,9;0;0;0;0;0;0
General_Pico_Aero;875320;2013;03;19;16,3;8;11,4;8;1019,1;8;1001,9;8;18,8;8;2,3;8;4,1;999,9;23,4;10,8;0,0;999,9;0;0;0;0;0;0
General_Pico_Aero;875320;2013;03;20;17,8;8;13,5;7;1012,7;8;995,9;8;14,5;8;0,6;8;2,1;999,9;24,6;11,8;0,0;999,9;1;0;0;0;0;0
General_Pico_Aero;875320;2013;03;21;19,0;8;11,7;8;1013,0;8;996,1;8;18,2;8;4,4;8;9,3;999,9;26,0;12,4;0,0;999,9;0;0;0;0;0;0
General_Pico_Aero;875320;2013;03;22;16,8;8;6,9;8;1016,1;8;998,9;8;20,0;8;1,1;8;3,1;999,9;26,2;8,0;0,0;999,9;0;0;0;0;0;0
General_Pico_Aero;875320;2013;03;23;21,7;8;14,0;8;1015,4;8;998,6;8;20,0;8;2,5;8;5,1;999,9;27,8;14,6;0,0;999,9;0;0;0;0;0;0
General_Pico_Aero;875320;2013;03;24;21,1;8;14,4;8;1010,9;8;994,2;8;23,8;8;2,4;8;5,1;999,9;28,0;14,5;0,0;999,9;0;0;0;0;0;0
General_Pico_Aero;875320;2013;03;25;18,6;8;8,7;8;1012,9;8;996,0;8;19,8;8;4,6;8;10,3;999,9;29,1;10,0;0,0;999,9;0;1;0;0;1;0
General_Pico_Aero;875320;2013;03;26;16,5;8;7,5;8;1019,5;8;1002,3;8;20,0;8;0,6;8;3,1;999,9;26,2;7,5;0,0;999,9;0;0;0;0;0;0
General_Pico_Aero;875320;2013;03;27;19,9;8;9,2;8;1018,2;8;1001,3;8;17,5;8;4,6;8;9,3;999,9;28,0;12,0;0,0;999,9;0;0;0;0;0;0
General_Pico_Aero;875320;2013;03;28;21,1;8;10,7;8;1016,8;8;999,9;8;19,3;8;4,4;8;6,2;999,9;30,4;13,0;0,0;999,9;0;0;0;0;0;0
General_Pico_Aero;875320;2013;03;29;20,9;8;11,6;8;1014,4;8;997,7;8;18,2;8;5,6;8;9,3;999,9;31,0;13,4;0,0;999,9;0;0;0;0;0;0
General_Pico_Aero;875320;2013;03;30;21,9;7;14,6;7;1011,2;7;994,5;7;20,0;7;2,2;7;5,1;999,9;30,0;15,2;0,0;999,9;0;0;0;0;0;0
General_Pico_Aero;875320;2013;03;31;17,7;8;15,9;8;1015,6;8;998,7;8;7,1;8;7,0;8;15,4;999,9;30,9;14,6;24,9;999,9;0;1;0;0;1;0
General_Pico_Aero;875320;2013;04;01;16,7;8;16,2;8;1016,6;8;999,5;8;8,9;8;2,9;8;5,1;999,9;19,8;15,0;7,1;999,9;0;1;0;0;0;0
General_Pico_Aero;875320;2013;04;02;14,9;8;13,8;8;1017,3;8;1000,1;8;13,7;8;4,3;8;6,2;999,9;20,6;12,5;1,0;999,9;0;1;0;0;0;0
General_Pico_Aero;875320;2013;04;03;16,1;8;13,9;8;1016,8;8;999,6;8;20,0;8;2,9;8;4,1;999,9;19,0;12,6;0,8;999,9;0;0;0;0;0;0
General_Pico_Aero;875320;2013;04;04;17,2;8;14,3;8;1009,5;8;992,6;8;11,9;8;2,5;8;4,1;999,9;21,6;14,2;11,9;999,9;0;1;0;0;0;0
General_Pico_Aero;875320;2013;04;05;18,6;8;11,6;8;1006,4;8;989,5;8;20,0;8;2,6;8;7,7;999,9;26,0;12,5;1,0;999,9;0;0;0;0;0;0
General_Pico_Aero;875320;2013;04;06;16,4;8;6,0;8;1011,3;8;994,4;8;18,2;8;5,5;8;12,3;999,9;26,8;9,6;1,0;999,9;0;1;0;0;1;0
General_Pico_Aero;875320;2013;04;07;14,1;8;6,3;8;1016,9;8;999,6;8;20,0;8;1,6;8;5,1;999,9;22,8;5,6;0,0;999,9;0;0;0;0;0;0
General_Pico_Aero;875320;2013;04;08;15,9;8;8,4;8;1017,6;8;1000,4;8;20,0;8;0,9;8;2,1;999,9;26,2;6,0;0,0;999,9;0;0;0;0;0;0
General_Pico_Aero;875320;2013;04;09;18,4;8;9,0;8;1014,5;8;997,5;8;20,0;8;5,9;8;9,3;999,9;26,5;10,2;0,0;999,9;0;0;0;0;0;0
General_Pico_Aero;875320;2013;04;10;17,2;8;12,3;8;1011,2;8;994,3;8;18,8;8;4,4;8;6,7;999,9;26,5;13,2;0,5;999,9;0;1;0;0;1;0
General_Pico_Aero;875320;2013;04;11;15,4;8;14,2;8;1010,0;8;993,0;8;13,5;8;4,7;8;11,3;999,9;19,6;11,0;8,9;999,9;0;0;0;0;1;0
General_Pico_Aero;875320;2013;04;12;11,2;8;2,2;8;1017,6;8;1000,2;8;17,5;8;4,9;8;10,3;999,9;19,6;4,8;11,9;999,9;0;0;0;0;0;0
General_Pico_Aero;875320;2013;04;13;9,1;8;1,2;8;1019,7;8;1002,0;8;20,0;8;1,4;8;3,1;999,9;18,2;1,0;0,0;999,9;0;0;0;0;0;0
General_Pico_Aero;875320;2013;04;14;16,6;8;6,8;8;1013,9;7;996,8;8;16,9;8;4,2;8;9,8;999,9;26,5;8,5;0,0;999,9;0;0;0;0;0;0
General_Pico_Aero;875320;2013;04;15;18,7;8;10,7;8;1015,5;8;998,5;8;20,0;8;0,4;8;1,0;999,9;28,0;10,0;0,0;999,9;0;0;0;0;0;0
General_Pico_Aero;875320;2013;04;16;19,2;7;13,0;7;1016,8;7;999,8;7;20,0;7;2,9;7;5,1;999,9;28,5;11,0;0,0;999,9;0;0;0;0;0;0
General_Pico_Aero;875320;2013;04;17;20,2;8;14,1;8;1015,1;8;998,2;8;19,3;8;2,8;8;5,1;999,9;30,2;11,8;0,0;999,9;0;0;0;0;0;0
General_Pico_Aero;875320;2013;04;18;21,8;8;14,2;8;1013,2;8;996,1;8;18,5;8;2,6;8;3,1;999,9;31,0;14,2;0,0;999,9;0;0;0;0;0;0
General_Pico_Aero;875320;2013;04;19;22,2;8;13,0;8;1013,8;8;997,0;8;18,7;8;4,6;8;7,2;999,9;32,0;14,0;0,0;999,9;0;0;0;0;0;0
General_Pico_Aero;875320;2013;04;20;19,1;8;10,4;8;1015,4;8;998,5;8;16,4;8;4,1;8;7,7;999,9;31,7;12,2;0,0;999,9;0;0;0;0;0;0
General_Pico_Aero;875320;2013;04;21;19,5;8;13,4;8;1015,9;8;998,9;8;16,6;8;4,0;8;6,2;999,9;28,2;12,0;0,0;999,9;0;0;0;0;0;0
General_Pico_Aero;875320;2013;04;22;20,2;8;14,2;8;1016,4;8;999,3;8;18,7;8;3,5;8;5,1;999,9;29,0;12,8;0,0;999,9;0;0;0;0;0;0
General_Pico_Aero;875320;2013;04;23;19,9;8;15,1;8;1017,4;8;1000,4;8;15,1;8;2,1;8;5,1;999,9;29,0;13,2;0,0;999,9;0;0;0;0;0;0
General_Pico_Aero;875320;2013;04;24;21,9;8;16,7;8;1015,2;8;998,4;8;17,9;8;4,8;8;6,2;999,9;29,0;15,7;0,0;999,9;0;0;0;0;0;0
General_Pico_Aero;875320;2013;04;25;21,4;8;15,9;8;1012,7;8;995,9;8;14,3;8;2,8;8;4,1;999,9;29,6;15,2;0,0;999,9;0;0;0;0;0;0
General_Pico_Aero;875320;2013;04;26;21,4;8;15,2;8;1012,1;8;995,3;8;15,9;8;3,1;8;5,1;999,9;31,0;15,5;0,0;999,9;0;0;0;0;0;0
General_Pico_Aero;875320;2013;04;27;17,1;8;14,8;8;1012,2;8;995,3;8;14,8;8;2,6;8;7,7;999,9;29,4;14,8;4,1;999,9;0;1;0;0;0;0
General_Pico_Aero;875320;2013;04;28;15,8;8;12,9;8;1011,5;8;994,4;8;13,7;8;2,6;8;4,1;999,9;21,6;12,0;1,0;999,9;0;0;0;0;0;0
General_Pico_Aero;875320;2013;04;29;15,8;7;12,7;7;1014,0;6;996,8;7;11,7;7;0,7;7;2,1;999,9;24,2;9,0;0,0;999,9;0;0;0;0;0;0
General_Pico_Aero;875320;2013;04;30;17,6;8;13,3;8;1014,1;8;997,1;8;15,6;8;1,9;8;5,1;999,9;24,5;10,5;0,0;999,9;0;0;0;0;0;0
General_Pico_Aero;875320;2013;05;01;16,4;7;15,4;7;1010,8;7;993,8;7;10,0;7;2,8;7;5,1;999,9;25,3;12,2;5,1;999,9;0;1;0;0;0;0
General_Pico_Aero;875320;2013;05;02;16,6;7;15,7;6;1013,1;7;996,0;7;7,9;7;2,4;7;4,1;999,9;19,4;14,5;0,0;999,9;1;0;0;0;0;0
General_Pico_Aero;875320;2013;05;03;15,1;8;13,1;8;1012,9;8;995,8;8;13,7;8;3,5;8;9,3;999,9;20,0;13,0;27,9;999,9;0;1;0;0;1;0
General_Pico_Aero;875320;2013;05;04;15,1;8;11,4;8;1016,1;8;998,9;8;14,0;8;2,3;8;9,3;999,9;22,3;10,0;0,0;999,9;0;0;0;0;0;0
General_Pico_Aero;875320;2013;05;05;13,6;8;8,9;8;1020,1;8;1002,7;8;20,0;8;0,6;8;2,6;999,9;23,2;6,0;0,0;999,9;0;0;0;0;0;0
General_Pico_Aero;875320;2013;05;06;15,5;8;8,7;7;1015,3;8;998,2;8;19,3;8;5,1;8;8,2;999,9;22,5;7,0;0,0;999,9;0;0;0;0;0;0
General_Pico_Aero;875320;2013;05;07;10,7;8;1,3;8;1021,3;8;1003,8;8;19,3;8;4,9;8;13,9;999,9;20,6;2,0;0,0;999,9;0;0;0;0;0;0
General_Pico_Aero;875320;2013;05;08;16,3;8;6,8;8;1010,4;8;993,3;8;20,0;8;5,6;8;9,3;999,9;26,2;7,4;0,0;999,9;0;0;0;0;0;0
General_Pico_Aero;875320;2013;05;09;14,7;8;10,9;8;1011,3;8;994,2;8;17,4;8;0,9;8;3,1;999,9;27,0;7,0;0,0;999,9;0;0;0;0;0;0
General_Pico_Aero;875320;2013;05;10;17,7;8;13,3;8;1007,9;8;991,0;8;18,5;8;2,9;8;7,2;999,9;24,5;9,6;0,0;999,9;0;0;0;0;0;0
General_Pico_Aero;875320;2013;05;11;13,8;8;6,0;8;1016,3;8;999,1;8;18,8;8;1,7;8;4,1;999,9;24,5;8,0;0,0;999,9;0;0;0;0;0;0
General_Pico_Aero;875320;2013;05;12;12,3;8;5,2;8;1016,5;8;999,2;8;20,0;8;2,8;8;5,7;999,9;21,0;3,7;0,0;999,9;0;0;0;0;0;0
General_Pico_Aero;875320;2013;05;13;11,3;8;6,5;8;1015,5;8;998,1;8;18,2;8;2,0;8;2,6;999,9;21,0;4,4;0,0;999,9;0;0;0;0;0;0
General_Pico_Aero;875320;2013;05;14;10,6;8;3,9;7;1014,7;8;997,3;8;20,0;8;4,2;8;8,2;999,9;19,5;4,5;0,0;999,9;0;0;0;0;0;0
General_Pico_Aero;875320;2013;05;15;5,9;8;-4,3;8;1021,6;8;1004,1;8;18,2;8;6,1;8;11,3;999,9;16,7;-3,5;0,0;999,9;0;0;0;0;0;0
General_Pico_Aero;875320;2013;05;16;5,8;8;-2,6;8;1025,2;8;1007,3;8;20,0;8;3,3;8;4,6;999,9;15,4;-3,0;0,0;999,9;0;0;0;0;0;0
General_Pico_Aero;875320;2013;05;17;9,6;8;0,0;8;1023,2;7;1005,2;8;18,8;8;5,7;8;8,2;999,9;16,8;-1,8;0,0;999,9;0;0;0;0;0;0
General_Pico_Aero;875320;2013;05;18;9,2;7;4,2;7;1021,2;7;1003,5;7;20,0;7;6,2;7;7,7;999,9;18,0;3,2;0,0;999,9;0;0;0;0;0;0
General_Pico_Aero;875320;2013;05;19;9,4;8;8,4;8;1022,8;8;1005,2;8;11,3;8;2,9;8;4,1;999,9;12,9;7,8;2,0;999,9;0;1;0;0;0;0
General_Pico_Aero;875320;2013;05;20;9,7;8;7,2;8;1021,1;8;1003,4;8;12,2;8;3,7;8;6,2;999,9;17,8;1,0;0,0;999,9;1;0;0;0;0;0
General_Pico_Aero;875320;2013;05;21;9,0;8;7,2;8;1018,2;7;1000,7;7;13,2;8;3,8;8;6,2;999,9;18,5;2,6;0,0;999,9;1;0;0;0;0;0
General_Pico_Aero;875320;2013;05;22;7,5;8;6,6;8;1021,1;8;1003,4;8;6,6;8;1,8;8;3,6;999,9;17,4;2,5;0,0;999,9;1;0;0;0;0;0
General_Pico_Aero;875320;2013;05;23;12,3;8;7,8;8;1018,3;8;1000,8;8;16,3;8;4,5;8;7,2;999,9;20,8;3,0;0,0;999,9;0;0;0;0;0;0
General_Pico_Aero;875320;2013;05;24;12,2;8;7,1;8;1019,7;8;1002,3;8;20,0;8;3,8;8;6,2;999,9;22,0;6,2;0,0;999,9;0;0;0;0;0;0
General_Pico_Aero;875320;2013;05;25;12,9;8;7,6;8;1017,2;8;999,8;8;20,3;8;4,3;8;7,7;999,9;22,2;6,0;0,0;999,9;1;0;0;0;0;0
General_Pico_Aero;875320;2013;05;26;14,5;8;8,2;8;1011,3;8;994,1;8;20,0;8;5,0;8;9,8;999,9;23,5;6,4;0,0;999,9;0;0;0;0;0;0
General_Pico_Aero;875320;2013;05;27;12,6;8;9,3;8;1007,7;8;990,5;8;17,5;8;4,3;8;5,7;999,9;21,8;7,5;0,0;999,9;0;0;0;0;0;0
General_Pico_Aero;875320;2013;05;28;13,7;8;9,7;8;1000,1;8;983,1;8;20,0;8;5,1;8;10,3;999,9;19,0;7,6;0,0;999,9;0;0;0;0;0;0
General_Pico_Aero;875320;2013;05;29;11,1;8;4,1;8;1008,4;8;991,1;8;15,3;8;6,0;8;12,9;999,9;19,0;5,5;0,0;999,9;0;0;0;0;0;0
General_Pico_Aero;875320;2013;05;30;11,3;8;1,0;8;1010,3;7;994,4;7;21,2;8;5,7;8;10,8;999,9;22,3;5,0;0,0;999,9;0;0;0;0;0;0
General_Pico_Aero;875320;2013;05;31;14,1;8;4,8;8;1003,6;8;986,5;8;20,0;8;4,9;8;7,2;999,9;22,9;6,0;0,0;999,9;0;1;0;0;0;0
General_Pico_Aero;875320;2013;06;01;13,9;7;3,8;7;1009,3;7;991,6;7;18,0;7;5,3;7;9,3;999,9;25,1;6,5;0,0;999,9;0;0;0;0;0;0
General_Pico_Aero;875320;2013;06;02;11,7;8;0,6;8;1017,2;8;999,8;8;22,2;8;4,6;8;7,2;999,9;26,6;4,8;0,0;999,9;0;1;0;0;0;0
General_Pico_Aero;875320;2013;06;03;12,4;8;3,1;8;1018,1;8;1000,6;8;21,2;8;4,9;8;6,7;999,9;22,0;5,2;0,0;999,9;0;0;0;0;0;0
General_Pico_Aero;875320;2013;06;04;15,5;7;5,8;7;1014,6;7;996,8;7;20,0;7;4,8;7;6,7;999,9;23,4;6,2;0,0;999,9;0;0;0;0;0;0
General_Pico_Aero;875320;2013;06;05;14,6;8;3,5;8;1011,1;8;994,0;8;18,2;8;6,4;8;13,4;999,9;24,1;8,5;0,0;999,9;0;0;0;0;0;0
General_Pico_Aero;875320;2013;06;06;8,6;8;-0,2;8;1019,9;7;1002,4;7;18,8;8;4,0;8;6,7;999,9;21,5;1,0;0,0;999,9;0;0;0;0;0;0
General_Pico_Aero;875320;2013;06;07;11,2;7;0,7;7;1016,0;7;998,6;7;20,0;7;5,9;7;8,7;999,9;21,3;1,5;0,0;999,9;0;0;0;0;0;0
General_Pico_Aero;875320;2013;06;08;7,7;8;-0,3;8;1024,2;8;1006,5;8;19,3;8;4,8;8;9,8;999,9;21,4;0,0;0,0;999,9;0;0;0;0;0;0
General_Pico_Aero;875320;2013;06;09;11,3;8;6,1;8;1017,3;8;999,9;8;20,1;8;3,6;8;4,6;999,9;19,2;3,2;0,0;999,9;1;0;0;0;0;0
General_Pico_Aero;875320;2013;06;10;10,4;7;4,2;7;1017,0;7;999,5;7;20,0;7;3,1;7;4,6;999,9;24,0;4,0;0,0;999,9;0;0;0;0;0;0
General_Pico_Aero;875320;2013;06;11;14,7;8;11,3;8;1015,7;7;998,3;7;15,9;8;3,2;8;6,7;999,9;25,0;4,2;0,0;999,9;1;0;0;0;0;0
General_Pico_Aero;875320;2013;06;12;15,3;8;11,1;8;1015,2;8;998,0;8;11,9;8;3,0;8;3,6;999,9;24,0;7,2;0,0;999,9;0;0;0;0;0;0
General_Pico_Aero;875320;2013;06;13;15,9;8;11,3;8;1014,3;8;997,2;8;16,6;8;2,5;8;4,6;999,9;24,6;8,0;0,0;999,9;0;0;0;0;0;0
General_Pico_Aero;875320;2013;06;14;10,8;8;5,2;8;1023,0;8;1005,5;8;20,0;8;5,0;8;7,7;999,9;24,0;7,0;0,0;999,9;0;0;0;0;0;0
General_Pico_Aero;875320;2013;06;15;10,2;8;6,2;8;1015,8;8;998,3;8;18,8;8;7,3;8;10,8;999,9;17,2;5,8;0,0;999,9;0;0;0;0;0;0
General_Pico_Aero;875320;2013;06;16;11,4;8;4,9;8;1016,0;8;998,6;8;18,8;8;5,1;8;8,7;999,9;19,2;6,8;2,0;999,9;0;1;0;0;0;0
General_Pico_Aero;875320;2013;06;17;5,4;8;-2,8;8;1019,0;8;1001,2;8;18,8;8;4,9;8;8,7;999,9;13,5;-0,2;0,0;999,9;0;0;0;0;0;0
General_Pico_Aero;875320;2013;06;18;7,2;8;-2,7;8;1015,4;8;997,7;8;17,1;8;7,3;8;12,3;999,9;14,8;1,0;0,0;999,9;0;0;0;0;0;0
General_Pico_Aero;875320;2013;06;19;2,0;8;-5,6;8;1026,6;8;1008,5;8;20,0;8;2,6;8;4,6;999,9;14,5;-6,5;0,0;999,9;0;0;0;0;0;0
General_Pico_Aero;875320;2013;06;20;6,6;8;-7,7;8;1023,3;8;1005,4;8;23,8;8;5,1;8;6,7;999,9;15,5;-5,2;0,0;999,9;0;0;0;0;0;0
General_Pico_Aero;875320;2013;06;21;7,6;7;-5,7;7;1012,4;7;994,8;7;20,0;7;5,8;7;6,7;999,9;18,5;0,3;0,0;999,9;0;0;0;0;0;0
General_Pico_Aero;875320;2013;06;22;9,5;8;0,9;8;1013,9;8;996,4;8;20,0;8;3,8;8;7,2;999,9;20,0;1,2;0,0;999,9;0;0;0;0;0;0
General_Pico_Aero;875320;2013;06;23;6,9;8;0,1;8;1022,4;8;1004,6;8;20,0;8;2,1;8;3,6;999,9;15,0;-0,5;0,0;999,9;0;0;0;0;0;0
General_Pico_Aero;875320;2013;06;24;8,9;8;1,2;8;1022,9;8;1005,2;8;16,9;8;2,7;8;4,6;999,9;15,6;0,1;0,0;999,9;0;0;0;0;0;0
General_Pico_Aero;875320;2013;06;25;8,6;8;1,8;7;1017,7;8;1000,0;8;17,5;8;3,4;8;4,1;999,9;18,0;1,5;0,0;999,9;0;0;0;0;0;0
General_Pico_Aero;875320;2013;06;26;11,6;8;3,0;8;1014,5;8;997,0;8;20,0;8;3,6;8;6,2;999,9;20,2;2,2;0,0;999,9;0;0;0;0;0;0
General_Pico_Aero;875320;2013;06;27;12,3;8;5,2;8;1010,3;8;993,0;8;17,2;8;6,7;8;9,8;999,9;21,2;4,8;0,0;999,9;0;0;0;0;0;0
General_Pico_Aero;875320;2013;06;28;10,6;5;7,5;5;1008,2;5;991,0;5;14,0;5;2,6;5;4,1;999,9;14,6;8,0;0,0;999,9;0;0;0;0;0;0
General_Pico_Aero;875320;2013;06;29;8,6;8;-1,3;8;1015,9;8;998,4;8;21,2;8;4,2;8;7,2;999,9;18,6;-0,2;0,0;999,9;0;0;0;0;0;0
General_Pico_Aero;875320;2013;06;30;6,2;8;0,2;8;1021,1;8;1003,3;8;20,0;8;2,4;8;3,6;999,9;15,9;-0,5;0,0;999,9;0;0;0;0;0;0
General_Pico_Aero;875320;2013;07;01;8,5;8;2,2;8;1021,8;8;1004,1;8;20,0;8;3,3;8;6,7;999,9;17,1;0,5;0,0;999,9;0;0;0;0;0;0
General_Pico_Aero;875320;2013;07;02;13,2;8;4,9;8;1010,6;8;993,3;8;18,8;8;7,1;8;8,7;999,9;18,8;2,2;0,0;999,9;0;0;0;0;0;0
General_Pico_Aero;875320;2013;07;03;11,4;8;3,6;8;1007,3;8;990,1;8;11,7;8;5,4;8;9,3;999,9;18,6;4,0;0,0;999,9;0;0;0;0;0;0
General_Pico_Aero;875320;2013;07;04;10,8;8;3,0;8;1015,0;8;997,5;8;14,3;8;6,6;8;10,3;999,9;17,2;4,2;0,0;999,9;0;0;0;0;0;0
General_Pico_Aero;875320;2013;07;05;9,9;8;6,6;8;1014,9;8;997,4;8;11,6;8;3,9;8;5,7;999,9;18,0;6,9;0,0;999,9;0;1;0;0;0;0
General_Pico_Aero;875320;2013;07;06;9,2;8;7,2;8;1018,3;8;1000,7;8;15,6;8;7,1;8;9,8;999,9;11,5;7,4;19,0;999,9;0;1;0;0;0;0
General_Pico_Aero;875320;2013;07;07;4,8;8;3,2;8;1027,5;8;1009,5;8;20,0;8;2,7;8;5,1;999,9;12,0;1,1;0,0;999,9;0;0;0;0;0;0
General_Pico_Aero;875320;2013;07;08;5,7;8;3,2;8;1029,1;8;1011,1;8;14,3;8;5,4;8;9,8;999,9;12,0;1,2;0,0;999,9;1;0;0;0;0;0
General_Pico_Aero;875320;2013;07;09;9,1;7;5,9;7;1020,0;6;1001,3;7;17,2;7;6,0;7;7,2;999,9;12,0;1,4;9,9;999,9;0;1;0;0;0;0
General_Pico_Aero;875320;2013;07;10;8,3;8;8,3;8;1016,2;7;998,6;7;5,3;8;4,4;8;6,2;999,9;11,3;6,6;0,0;999,9;1;1;0;0;0;0
General_Pico_Aero;875320;2013;07;11;10,2;11;9,9;11;1017,1;11;999,5;11;4,3;11;3,5;11;5,1;999,9;10,5;6,4;0,0;999,9;1;1;0;0;0;0
General_Pico_Aero;875320;2013;07;12;6,7;12;4,3;12;1021,7;12;1003,9;12;8,2;12;3,4;12;5,7;999,9;18,6;1,5;0,0;999,9;1;0;0;0;0;0
General_Pico_Aero;875320;2013;07;13;10,9;8;6,0;8;1014,7;8;997,3;8;18,0;8;5,1;8;6,7;999,9;19,5;1,5;0,0;999,9;0;0;0;0;0;0
General_Pico_Aero;875320;2013;07;14;10,6;8;-0,1;8;1020,2;8;1002,7;8;17,5;8;4,5;8;6,2;999,9;18,0;3,6;0,0;999,9;0;0;0;0;0;0
General_Pico_Aero;875320;2013;07;15;9,7;8;-0,2;8;1020,0;8;1002,4;8;20,0;8;4,2;8;8,2;999,9;20,6;3,0;0,0;999,9;0;0;0;0;0;0
General_Pico_Aero;875320;2013;07;16;11,0;6;2,8;6;1014,2;6;996,9;6;20,0;6;4,1;6;7,7;999,9;21,4;3,0;0,0;999,9;0;0;0;0;0;0
General_Pico_Aero;875320;2013;07;17;12,9;8;5,1;8;1009,3;7;991,7;8;20,0;8;3,9;8;5,1;999,9;24,0;3,8;0,0;999,9;0;0;0;0;0;0
General_Pico_Aero;875320;2013;07;18;8,5;7;1,7;7;1019,9;7;1002,4;7;20,0;7;7,7;7;13,9;999,9;22,0;3,0;0,0;999,9;0;0;0;0;0;0
General_Pico_Aero;875320;2013;07;19;2,3;8;-1,6;8;1025,3;8;1007,2;8;20,0;8;2,9;8;6,7;999,9;8,2;-1,6;0,0;999,9;0;0;0;0;0;0
General_Pico_Aero;875320;2013;07;20;2,6;7;-2,2;7;1010,6;5;992,7;5;20,0;7;6,5;7;9,3;999,9;9,5;-2,2;0,0;999,9;0;0;0;0;0;0
General_Pico_Aero;875320;2013;07;21;3,2;8;-2,2;8;1020,2;8;1002,2;8;16,9;8;9,3;8;13,9;999,9;10,0;-1,6;0,0;999,9;0;1;0;0;0;0
General_Pico_Aero;875320;2013;07;22;2,9;6;-5,2;6;1026,9;6;1008,8;6;20,0;6;7,2;6;9,3;999,9;8,5;-1,8;0,0;999,9;0;0;0;0;0;0
General_Pico_Aero;875320;2013;07;23;1,8;8;-4,7;8;1025,1;8;1006,9;8;20,0;8;5,0;8;6,7;999,9;9,3;-3,8;0,0;999,9;0;0;0;0;0;0
General_Pico_Aero;875320;2013;07;24;4,6;8;-1,2;8;1026,0;8;1007,9;8;20,0;8;4,0;8;7,2;999,9;14,6;-4,0;0,0;999,9;0;0;0;0;0;0
General_Pico_Aero;875320;2013;07;25;9,3;8;-2,2;8;1019,4;8;1001,8;8;18,5;8;8,3;8;9,8;999,9;16,4;-4,0;0,0;999,9;0;0;0;0;0;0
General_Pico_Aero;875320;2013;07;26;10,3;8;-0,5;8;1016,9;8;999,4;8;10,3;8;8,0;8;10,8;999,9;17,8;3,6;0,0;999,9;0;0;0;0;0;0
General_Pico_Aero;875320;2013;07;27;8,6;8;1,9;8;1021,1;8;1003,4;8;16,4;8;3,1;8;6,2;999,9;16,8;-1,0;0,0;999,9;0;0;0;0;0;0
General_Pico_Aero;875320;2013;07;28;8,9;8;3,8;8;1021,1;8;1003,5;8;17,2;8;1,9;8;2,6;999,9;18,4;0,0;0,0;999,9;0;0;0;0;0;0
General_Pico_Aero;875320;2013;07;29;11,9;8;5,9;8;1019,7;7;1002,2;8;18,5;8;3,3;8;6,2;999,9;22,6;0,3;0,0;999,9;0;0;0;0;0;0
General_Pico_Aero;875320;2013;07;30;15,3;8;10,4;8;1015,3;8;998,9;7;18,2;8;6,3;8;9,3;999,9;24,1;6,6;0,0;999,9;0;0;0;0;0;0
General_Pico_Aero;875320;2013;07;31;13,3;8;11,1;8;1014,6;8;997,3;8;10,9;8;5,6;8;7,2;999,9;20,2;9,5;8,9;999,9;0;1;0;0;1;0
General_Pico_Aero;875320;2013;08;03;9,2;4;5,2;4;1015,8;4;998,3;4;13,2;4;5,9;4;7,7;999,9;17,0;2,5;0,0;999,9;0;0;0;0;0;0
General_Pico_Aero;875320;2013;08;04;8,0;4;2,7;4;1017,5;4;999,8;4;13,0;4;5,1;4;11,8;999,9;18,8;0,6;0,0;999,9;0;0;0;0;0;0
General_Pico_Aero;875320;2013;08;05;13,6;4;-1,9;4;1011,1;4;993,9;4;15,8;4;9,0;4;12,9;999,9;20,9;1,0;0,0;999,9;0;0;0;0;0;0
General_Pico_Aero;875320;2013;08;06;10,9;4;-1,8;4;1016,1;4;998,6;4;12,7;4;4,5;4;10,3;999,9;22,1;2,9;0,0;999,9;0;0;0;0;0;0
General_Pico_Aero;875320;2013;08;07;14,3;4;1,4;4;1003,5;4;986,5;4;8,7;4;8,1;4;10,3;999,9;22,5;8,0;0,0;999,9;0;0;0;0;0;0
General_Pico_Aero;875320;2013;08;08;8,6;4;-2,5;4;1014,9;4;997,4;4;18,8;4;6,2;4;10,3;999,9;17,6;1,5;0,0;999,9;0;0;0;0;0;0
General_Pico_Aero;875320;2013;08;09;4,2;4;-3,8;4;1027,2;4;1009,1;4;20,0;4;3,1;4;4,6;999,9;14,0;-2,5;0,0;999,9;0;0;0;0;0;0
General_Pico_Aero;875320;2013;08;10;8,2;4;-7,0;4;1023,1;4;1005,3;4;20,0;4;5,8;4;7,7;999,9;18,0;-1,4;0,0;999,9;0;0;0;0;0;0
General_Pico_Aero;875320;2013;08;11;10,2;4;-1,8;4;1012,6;4;995,2;4;20,0;4;5,5;4;8,2;999,9;19,5;3,3;999,9;999,9;0;1;0;0;0;0
General_Pico_Aero;875320;2013;08;12;5,6;4;3,5;4;1016,0;4;998,2;4;15,9;4;4,4;4;8,8;999,9;15,5;2,0;4,1;999,9;1;0;0;0;0;0
General_Pico_Aero;875320;2013;08;13;2,8;4;-2,7;4;1028,9;4;1010,7;4;17,1;4;2,5;4;3,1;999,9;12,2;-4,4;0,0;999,9;0;0;0;0;0;0
General_Pico_Aero;875320;2013;08;14;5,3;5;-4,3;5;1030,9;5;1012,9;5;20,0;5;4,9;5;10,3;999,9;15,7;-2,7;0,0;999,9;0;0;0;0;0;0
General_Pico_Aero;875320;2013;08;15;8,9;4;-3,8;4;1017,3;4;999,7;4;16,3;4;8,6;4;10,8;999,9;18,2;-0,8;0,0;999,9;0;0;0;0;0;0
General_Pico_Aero;875320;2013;08;16;10,7;4;-3,3;4;1022,2;4;1004,7;4;20,0;4;4,4;4;6,7;999,9;19,0;0,3;0,0;999,9;0;0;0;0;0;0
General_Pico_Aero;875320;2013;08;17;9,1;4;-3,1;4;1026,0;4;1008,2;4;15,8;4;6,4;4;10,3;999,9;18,0;2,8;0,0;999,9;0;0;0;0;0;0
General_Pico_Aero;875320;2013;08;18;11,9;4;2,3;4;1016,8;4;999,4;4;13,2;4;7,7;4;9,8;999,9;22,0;3,8;0,0;999,9;0;0;0;0;0;0
General_Pico_Aero;875320;2013;08;19;14,2;4;1,6;4;1012,5;4;995,3;4;15,8;4;7,2;4;10,8;999,9;23,2;4,6;0,0;999,9;0;0;0;0;0;0
General_Pico_Aero;875320;2013;08;20;14,1;4;2,7;4;1014,9;4;997,7;4;18,8;4;4,5;4;6,2;999,9;25,0;6,8;0,0;999,9;0;0;0;0;0;0
General_Pico_Aero;875320;2013;08;21;13,7;5;2,4;5;1009,8;4;992,7;4;17,1;5;5,1;5;9,3;14,4;25,5;3,8;0,0;999,9;0;0;0;0;0;0
General_Pico_Aero;875320;2013;08;22;7,1;4;-6,0;4;1019,2;4;1001,5;4;12,6;4;7,1;4;7,7;999,9;22,5;-1,0;0,0;999,9;0;0;0;0;0;0
General_Pico_Aero;875320;2013;08;24;3,1;4;-1,4;4;1031,4;4;1013,2;4;18,8;4;4,6;4;6,7;999,9;8,8;-4,0;0,0;999,9;0;1;0;0;0;0
General_Pico_Aero;875320;2013;08;25;5,1;4;-2,5;4;1035,0;4;1016,9;4;20,0;4;3,7;4;5,1;999,9;9,8;1,6;0,0;999,9;0;0;0;0;0;0
General_Pico_Aero;875320;2013;08;26;4,7;4;-3,8;4;1034,5;4;1016,3;4;20,0;4;4,1;4;6,7;999,9;16,6;-2,0;0,0;999,9;0;0;0;0;0;0
General_Pico_Aero;875320;2013;08;27;9,6;4;-3,0;4;1023,2;4;1005,5;4;20,0;4;7,1;4;8,8;999,9;22,4;0,6;0,0;999,9;0;0;0;0;0;0
General_Pico_Aero;875320;2013;08;28;17,3;4;-1,5;4;1016,8;4;999,6;4;20,0;4;5,7;4;7,7;999,9;29,5;4,6;0,0;999,9;0;0;0;0;0;0
General_Pico_Aero;875320;2013;08;29;18,8;4;2,1;4;1011,5;4;994,5;4;20,0;4;5,0;4;8,2;999,9;31,0;8,5;0,0;999,9;0;0;0;0;0;0
General_Pico_Aero;875320;2013;08;30;20,3;4;2,7;4;1007,7;4;990,9;4;7,6;4;4,5;4;6,7;999,9;32,2;9,0;0,0;999,9;0;0;0;0;0;0
General_Pico_Aero;875320;2013;08;31;16,8;4;5,9;4;1008,7;4;992,5;4;10,0;4;4,4;4;6,2;999,9;32,6;8,8;0,0;999,9;0;0;0;0;0;0
General_Pico_Aero;875320;2013;09;01;13,7;4;5,6;4;1012,3;4;995,1;4;15,0;4;5,0;4;8,2;999,9;25,0;4,9;0,0;999,9;0;0;0;0;0;0
General_Pico_Aero;875320;2013;09;03;9,6;4;2,2;4;1025,1;4;1007,5;4;20,0;4;4,1;4;7,2;999,9;19,6;5,2;0,0;999,9;0;0;0;0;0;0
General_Pico_Aero;875320;2013;09;04;9,5;4;1,0;4;1022,6;4;1004,9;4;16,6;4;6,3;4;11,8;999,9;18,8;3,6;0,0;999,9;0;0;0;0;0;0
General_Pico_Aero;875320;2013;09;06;16,8;4;8,4;4;1014,1;4;997,0;4;16,3;4;5,8;4;17,0;999,9;26,0;8,7;0,0;999,9;0;0;0;0;0;0
General_Pico_Aero;875320;2013;09;07;16,9;4;13,3;4;1010,3;4;993,2;4;17,5;4;5,9;4;9,8;999,9;27,0;11,4;0,3;999,9;0;0;0;0;0;0
General_Pico_Aero;875320;2013;09;08;15,2;4;5,7;4;1014,7;4;997,5;4;20,0;4;4,3;4;7,2;999,9;27,8;7,2;0,0;999,9;0;0;0;0;0;0
General_Pico_Aero;875320;2013;09;09;23,6;4;8,7;4;1008,0;4;989,8;4;14,5;4;8,4;4;10,3;999,9;32,0;9,4;0,0;999,9;0;0;0;0;0;0
General_Pico_Aero;875320;2013;09;10;24,1;5;11,3;5;1003,4;4;986,9;4;7,6;5;9,9;5;14,4;21,1;34,5;17,5;0,0;999,9;0;0;0;0;0;0
General_Pico_Aero;875320;2013;09;11;18,5;4;4,8;4;1010,0;4;993,2;4;20,0;4;9,0;4;10,8;999,9;27,5;15,6;0,0;999,9;0;0;0;0;0;0
General_Pico_Aero;875320;2013;09;12;12,0;4;7,1;4;1011,7;4;994,5;4;18,8;4;9,9;4;12,9;999,9;23,2;9,0;0,0;999,9;0;0;0;0;0;0
General_Pico_Aero;875320;2013;09;13;7,6;4;3,8;4;1023,8;4;1006,0;4;16,3;4;7,7;4;9,3;999,9;15,5;4,5;0,0;999,9;0;1;0;0;0;0
General_Pico_Aero;875320;2013;09;14;6,6;4;0,7;4;1026,1;4;1008,2;4;20,0;4;4,7;4;7,7;999,9;13,0;2,2;0,0;999,9;0;0;0;0;0;0
General_Pico_Aero;875320;2013;09;15;6,4;5;1,6;5;1025,8;4;1007,9;4;12,6;5;6,7;5;7,7;999,9;12,8;3,4;1,0;999,9;0;1;0;0;0;0
General_Pico_Aero;875320;2013;09;16;4,8;4;2,1;4;1024,4;4;1006,4;4;20,0;4;5,7;4;8,2;999,9;9,0;1,7;1,0;999,9;0;0;0;0;0;0
General_Pico_Aero;875320;2013;09;17;4,9;4;-0,5;4;1022,8;4;1004,9;4;20,0;4;4,9;4;8,8;999,9;15,6;-3,2;0,0;999,9;0;0;0;0;0;0
General_Pico_Aero;875320;2013;09;18;8,8;4;-4,6;4;1018,9;4;1001,1;4;20,0;4;5,9;4;8,2;999,9;19,2;-0,2;0,0;999,9;0;0;0;0;0;0
General_Pico_Aero;875320;2013;09;19;12,6;5;-3,3;5;1017,2;4;999,7;4;17,5;5;5,7;5;8,2;999,9;24,2;6,2;0,0;999,9;0;0;0;0;0;0
General_Pico_Aero;875320;2013;09;20;14,3;4;-1,7;4;1010,1;4;993,0;4;12,6;4;6,4;4;7,2;999,9;24,5;4,0;0,0;999,9;0;0;0;0;0;0
General_Pico_Aero;875320;2013;09;21;11,7;4;-0,7;4;1015,6;4;998,3;4;20,0;4;4,9;4;6,2;999,9;20,5;7,5;0,0;999,9;0;0;0;0;0;0
General_Pico_Aero;875320;2013;09;22;7,6;4;-1,0;4;1023,7;4;1006,0;4;20,0;4;3,3;4;5,7;999,9;17,4;-0,4;0,0;999,9;0;0;0;0;0;0
General_Pico_Aero;875320;2013;09;23;8,7;4;1,7;4;1031,6;4;1013,9;4;18,0;4;6,7;4;9,8;999,9;18,0;0,8;0,8;999,9;0;1;0;0;0;0
General_Pico_Aero;875320;2013;09;24;10,5;4;1,7;4;1030,8;4;1012,9;4;18,8;4;3,2;4;6,7;999,9;25,6;-0,5;0,3;999,9;0;0;0;0;0;0
General_Pico_Aero;875320;2013;09;25;10,7;4;1,8;4;1023,9;4;1006,3;4;16,6;4;8,1;4;11,8;999,9;19,6;3,1;0,0;999,9;0;0;0;0;0;0
General_Pico_Aero;875320;2013;09;26;15,9;6;4,8;6;1015,7;6;998,4;6;16,7;6;8,9;6;11,3;999,9;22,5;6,2;0,0;999,9;0;0;0;0;0;0
General_Pico_Aero;875320;2013;09;27;15,7;5;5,6;5;1016,3;4;999,1;4;18,0;5;6,2;5;8,2;999,9;23,6;6,4;999,9;999,9;0;1;0;0;0;0
General_Pico_Aero;875320;2013;09;28;7,2;4;6,5;4;1020,8;4;1003,1;4;7,7;4;10,4;4;11,8;999,9;22,5;3,8;14,0;999,9;0;1;0;0;0;0
General_Pico_Aero;875320;2013;09;29;7,2;4;5,4;4;1018,3;4;1000,5;4;15,8;4;10,7;4;11,3;999,9;13,6;4,0;5,1;999,9;0;1;0;0;0;0
General_Pico_Aero;875320;2013;09;30;10,7;4;8,8;4;1019,0;4;1001,5;4;18,8;4;7,1;4;9,8;999,9;16,0;6,0;5,1;999,9;0;1;0;0;0;0
General_Pico_Aero;875320;2013;10;01;10,2;4;8,6;4;1019,0;4;1001,5;4;18,8;4;5,5;4;8,2;999,9;16,0;6,8;0,0;999,9;0;0;0;0;0;0
General_Pico_Aero;875320;2013;10;02;10,7;4;7,9;4;9999,9;0;9999,9;0;15,9;4;3,5;4;6,2;999,9;18,0;4,0;0,0;999,9;0;0;0;0;0;0
General_Pico_Aero;875320;2013;10;03;12,6;4;9999,9;0;1020,2;4;1002,8;4;14,5;4;5,1;4;5,7;999,9;15,2;9,8;4,1;999,9;0;1;0;0;0;0
General_Pico_Aero;875320;2013;10;04;11,3;4;8,8;4;1023,7;4;1006,1;4;15,0;4;1,8;4;2,1;999,9;20,3;4,0;0,0;999,9;1;0;0;0;0;0
General_Pico_Aero;875320;2013;10;05;16,1;4;8,1;4;1019,5;4;1002,2;4;20,0;4;6,9;4;10,3;999,9;23,4;8,4;0,0;999,9;0;0;0;0;0;0
General_Pico_Aero;875320;2013;10;07;19,0;4;8,4;4;1019,4;4;1002,4;4;17,5;4;7,7;4;9,8;999,9;28,0;11,0;0,0;999,9;0;0;0;0;0;0
General_Pico_Aero;875320;2013;10;08;20,3;4;7,1;4;1013,8;4;996,9;4;17,5;4;8,5;4;11,8;999,9;29,4;11,5;0,0;999,9;0;0;0;0;0;0
General_Pico_Aero;875320;2013;10;09;20,0;5;6,6;5;1011,7;4;995,0;4;17,1;5;8,5;5;11,8;20,1;30,7;15,0;0,0;999,9;0;0;0;0;0;0
General_Pico_Aero;875320;2013;10;10;16,3;4;4,4;4;1017,2;4;1000,1;4;20,0;4;3,6;4;5,1;999,9;25,8;6,5;0,0;999,9;0;0;0;0;0;0
General_Pico_Aero;875320;2013;10;11;13,8;4;8,6;4;1019,9;4;1002,7;4;16,6;4;8,9;4;10,8;999,9;27,0;10,0;9,9;999,9;0;1;0;0;1;0
General_Pico_Aero;875320;2013;10;13;16,6;4;15,2;4;1015,3;4;998,2;4;11,7;4;4,1;4;5,7;999,9;20,0;10,8;0,0;999,9;1;0;0;0;0;0
General_Pico_Aero;875320;2013;10;15;21,7;4;14,9;4;1015,9;4;999,0;4;18,8;4;4,5;4;6,7;999,9;27,2;14,2;0,0;999,9;0;0;0;0;0;0
General_Pico_Aero;875320;2013;10;17;19,6;4;14,9;4;1016,4;4;999,4;4;20,0;4;2,9;4;4,1;999,9;24,5;13,0;0,0;999,9;0;0;0;0;0;0
General_Pico_Aero;875320;2013;10;18;21,8;4;13,8;4;1012,2;4;995,5;4;20,0;4;3,7;4;5,7;999,9;29,4;14,5;0,0;999,9;0;0;0;0;0;0
General_Pico_Aero;875320;2013;10;20;20,8;5;12,2;5;1000,3;4;983,8;4;15,0;5;7,4;5;13,9;24,2;33,4;17,4;0,5;999,9;0;0;0;0;1;0
General_Pico_Aero;875320;2013;10;21;15,4;5;6,8;5;1014,1;5;997,0;5;20,0;5;4,3;5;8,8;999,9;23,8;8,0;0,0;999,9;0;0;0;0;0;0
General_Pico_Aero;875320;2013;10;22;16,7;4;6,9;4;1009,3;4;992,2;4;16,3;4;7,1;4;8,8;999,9;26,4;10,4;0,0;999,9;0;0;0;0;0;0
General_Pico_Aero;875320;2013;10;23;18,2;5;8,6;5;1010,2;5;993,2;5;18,0;5;7,8;5;9,3;999,9;28,0;13,0;6,1;999,9;0;1;0;0;0;0
General_Pico_Aero;875320;2013;10;24;12,7;4;3,6;4;1024,0;4;1006,6;4;18,8;4;3,6;4;6,2;999,9;23,0;4,0;0,0;999,9;0;0;0;0;0;0
General_Pico_Aero;875320;2013;10;25;13,0;4;5,9;4;1021,3;4;1004,0;4;20,0;4;7,5;4;9,3;999,9;20,4;8,6;0,0;999,9;0;0;0;0;0;0
General_Pico_Aero;875320;2013;10;26;15,6;4;6,8;4;1014,7;4;997,4;4;20,0;4;4,7;4;7,7;999,9;28,2;6,5;0,0;999,9;0;0;0;0;0;0
General_Pico_Aero;875320;2013;10;27;16,9;4;5,5;4;1018,2;4;1001,1;4;22,5;4;5,7;4;9,3;999,9;29,5;11,1;0,0;999,9;0;0;0;0;0;0
General_Pico_Aero;875320;2013;10;28;19,3;4;9,1;4;1012,7;4;995,8;4;14,0;4;8,4;4;11,3;999,9;29,4;12,6;0,0;999,9;0;0;0;0;0;0
General_Pico_Aero;875320;2013;10;29;22,6;4;12,1;4;1010,5;4;993,8;4;16,3;4;6,3;4;7,7;999,9;31,2;15,0;1,0;999,9;0;1;0;0;0;0
General_Pico_Aero;875320;2013;10;30;17,8;5;12,1;5;1011,3;4;994,4;5;18,0;5;5,7;5;7,2;999,9;29,0;14,6;0,0;999,9;0;0;0;0;0;0
General_Pico_Aero;875320;2013;10;31;19,3;4;15,2;4;1006,0;4;989,2;4;17,1;4;6,9;4;10,8;999,9;25,4;14,0;3,0;999,9;0;0;0;0;0;0
General_Pico_Aero;875320;2013;11;01;18,9;7;12,9;7;1012,3;7;995,4;7;17,2;7;9,2;7;11,3;999,9;26,4;15,5;1,0;999,9;0;1;0;0;0;0
General_Pico_Aero;875320;2013;11;02;18,7;7;7,8;7;1016,5;7;999,5;7;24,3;7;5,9;7;10,3;999,9;26,2;9,0;0,0;999,9;0;0;0;0;0;0
General_Pico_Aero;875320;2013;11;03;20,8;8;8,7;8;1016,6;8;999,7;8;21,2;8;3,0;8;4,6;999,9;29,6;11,4;0,0;999,9;0;0;0;0;0;0
General_Pico_Aero;875320;2013;11;04;21,3;6;11,3;6;1014,5;6;997,8;6;20,0;6;6,7;6;10,3;999,9;30,0;15,0;0,0;999,9;0;0;0;0;0;0
General_Pico_Aero;875320;2013;11;05;22,1;7;13,3;7;1014,7;7;998,0;7;20,0;7;7,9;7;10,8;999,9;31,0;15,3;0,0;999,9;0;0;0;0;0;0
General_Pico_Aero;875320;2013;11;06;24,4;4;12,5;4;1006,7;4;992,6;4;12,1;4;10,7;4;13,9;999,9;32,2;17,0;0,0;999,9;0;0;0;0;0;0
General_Pico_Aero;875320;2013;11;07;20,9;4;12,4;4;1011,6;4;994,9;4;14,0;4;3,2;4;11,8;999,9;32,0;14,0;14,0;999,9;0;1;0;0;1;0
General_Pico_Aero;875320;2013;11;08;19,6;4;12,4;4;1011,7;4;994,8;4;22,5;4;3,0;4;5,1;999,9;26,6;11,6;0,0;999,9;0;0;0;0;0;0
General_Pico_Aero;875320;2013;11;09;20,4;5;14,8;5;1007,8;4;991,1;4;15,4;5;5,1;5;7,7;999,9;27,6;14,0;999,9;999,9;0;1;0;0;0;0
General_Pico_Aero;875320;2013;11;10;15,8;4;14,0;4;1008,2;4;991,2;4;10,3;4;8,8;4;9,8;999,9;25,0;11,8;39,1;999,9;0;1;0;0;0;0
General_Pico_Aero;875320;2013;11;11;18,4;4;10,4;4;1008,7;4;991,9;4;20,0;4;7,1;4;12,4;999,9;26,0;12,0;0,0;999,9;0;0;0;0;0;0
General_Pico_Aero;875320;2013;11;12;20,0;4;8,9;4;1009,6;4;992,8;4;20,0;4;3,6;4;8,2;999,9;27,7;11,0;0,0;999,9;0;0;0;0;0;0
General_Pico_Aero;875320;2013;11;13;21,1;4;9,8;4;9999,9;0;9999,9;0;13,5;4;5,4;4;11,3;999,9;32,2;14,0;0,0;999,9;0;0;0;0;0;0
