Gualeguaychu_Aero;874970;2013;01;01;18,3;6;9,7;6;1017,5;6;1014,8;6;15,0;6;5,5;6;8,7;999,9;31,3;12,3;2,0;999,9;0;0;0;0;0;0
Gualeguaychu_Aero;874970;2013;01;02;19,1;6;10,1;6;1021,1;6;1018,3;6;15,0;6;1,3;6;3,1;999,9;23,7;10,2;0,0;999,9;0;0;0;0;0;0
Gualeguaychu_Aero;874970;2013;01;03;21,7;6;12,1;6;1017,8;6;1015,1;6;15,0;6;3,4;6;7,7;999,9;26,8;13,9;0,0;999,9;0;0;0;0;0;0
Gualeguaychu_Aero;874970;2013;01;04;27,2;6;19,0;6;1012,8;6;1010,1;6;15,0;6;4,0;6;6,2;999,9;32,7;19,2;0,0;999,9;0;0;0;0;0;0
Gualeguaychu_Aero;874970;2013;01;05;26,4;6;21,1;6;1008,6;6;1005,9;6;15,0;6;3,4;6;6,7;999,9;33,3;20,3;9,9;999,9;0;0;0;0;1;0
Gualeguaychu_Aero;874970;2013;01;06;25,9;6;20,3;6;1006,7;6;1004,1;6;13,0;6;2,4;6;5,1;999,9;30,4;18,9;0,0;999,9;0;0;0;0;0;0
Gualeguaychu_Aero;874970;2013;01;07;27,4;6;20,9;6;1003,2;6;1000,5;6;15,0;6;2,4;6;5,1;999,9;30,9;21,5;0,0;999,9;0;0;0;0;0;0
Gualeguaychu_Aero;874970;2013;01;08;27,5;6;22,3;6;1008,1;6;1005,5;6;14,0;6;0,9;6;2,6;999,9;31,9;21,5;0,0;999,9;0;0;0;0;0;0
Gualeguaychu_Aero;874970;2013;01;09;27,6;6;19,8;6;1015,0;6;1012,3;6;15,0;6;2,1;6;3,1;999,9;32,0;19,8;0,0;999,9;0;0;0;0;0;0
Gualeguaychu_Aero;874970;2013;01;10;27,6;6;16,3;6;1017,6;6;1014,9;6;14,2;6;3,5;6;5,1;999,9;32,4;19,8;0,0;999,9;0;0;0;0;0;0
Gualeguaychu_Aero;874970;2013;01;11;26,7;6;15,4;6;1015,0;6;1012,4;6;15,0;6;3,1;6;5,1;999,9;32,3;17,9;0,0;999,9;0;0;0;0;0;0
Gualeguaychu_Aero;874970;2013;01;12;25,5;6;15,6;6;1012,1;6;1009,5;6;15,0;6;3,9;6;6,2;999,9;31,8;18,5;0,0;999,9;0;0;0;0;0;0
Gualeguaychu_Aero;874970;2013;01;13;26,2;6;16,1;6;1015,0;6;1012,3;6;15,0;6;2,6;6;5,1;999,9;30,1;17,8;0,0;999,9;0;0;0;0;0;0
Gualeguaychu_Aero;874970;2013;01;14;25,9;6;16,3;6;1014,9;6;1012,2;6;15,0;6;2,1;6;4,1;999,9;31,0;17,3;0,0;999,9;0;0;0;0;0;0
Gualeguaychu_Aero;874970;2013;01;15;26,9;6;17,7;6;1011,6;6;1009,0;6;15,0;6;2,4;6;4,1;999,9;31,4;19,2;0,0;999,9;0;0;0;0;0;0
Gualeguaychu_Aero;874970;2013;01;16;27,1;6;18,8;6;1007,5;6;1004,9;6;15,0;6;2,2;6;4,1;999,9;31,7;20,2;0,0;999,9;0;0;0;0;0;0
Gualeguaychu_Aero;874970;2013;01;17;24,3;6;20,3;6;1010,5;6;1007,9;6;12,1;6;2,3;6;3,6;999,9;32,4;20,1;40,9;999,9;0;1;0;0;1;0
Gualeguaychu_Aero;874970;2013;01;18;24,6;7;19,9;7;1014,7;7;1012,1;7;15,0;7;1,0;7;3,1;999,9;29,7;19,2;1,0;999,9;0;0;0;0;0;0
Gualeguaychu_Aero;874970;2013;01;19;22,8;6;18,3;6;1017,1;6;1014,4;6;12,7;6;3,8;6;6,7;999,9;30,0;18,8;0,0;999,9;0;0;0;0;0;0
Gualeguaychu_Aero;874970;2013;01;20;22,9;6;14,4;6;1020,6;6;1017,9;6;15,0;6;2,4;6;4,1;999,9;26,8;17,5;0,0;999,9;0;0;0;0;0;0
Gualeguaychu_Aero;874970;2013;01;21;23,6;6;14,7;6;1019,3;6;1016,6;6;15,0;6;2,9;6;5,1;999,9;27,6;17,6;0,0;999,9;0;0;0;0;0;0
Gualeguaychu_Aero;874970;2013;01;22;25,5;6;16,7;6;1016,6;6;1013,9;6;15,0;6;3,2;6;4,1;999,9;30,4;19,0;0,0;999,9;0;0;0;0;0;0
Gualeguaychu_Aero;874970;2013;01;23;28,3;6;19,6;6;1011,7;6;1009,1;6;15,0;6;2,5;6;4,1;999,9;33,2;18,8;0,0;999,9;0;0;0;0;0;0
Gualeguaychu_Aero;874970;2013;01;24;27,8;6;19,2;6;1003,4;6;1000,8;6;13,4;6;5,8;6;9,3;999,9;34,1;20,5;2,0;999,9;0;1;0;0;1;0
Gualeguaychu_Aero;874970;2013;01;25;22,0;6;12,9;6;1010,0;6;1007,3;6;15,0;6;7,5;6;11,3;999,9;34,4;15,2;0,0;999,9;0;0;0;0;0;0
Gualeguaychu_Aero;874970;2013;01;26;20,3;6;8,8;6;1015,3;6;1012,6;6;15,0;6;0,9;6;2,6;999,9;26,6;9,2;0,0;999,9;0;0;0;0;0;0
Gualeguaychu_Aero;874970;2013;01;27;24,6;6;11,8;6;1015,1;6;1012,4;6;15,0;6;4,1;6;6,7;999,9;31,0;13,8;0,0;999,9;0;0;0;0;0;0
Gualeguaychu_Aero;874970;2013;01;28;27,4;6;14,8;6;1015,1;6;1012,4;6;15,0;6;2,5;6;4,1;999,9;33,2;17,4;0,0;999,9;0;0;0;0;0;0
Gualeguaychu_Aero;874970;2013;01;29;28,7;6;14,8;6;1014,7;6;1012,1;6;15,0;6;2,5;6;6,2;999,9;33,8;19,6;0,0;999,9;0;0;0;0;0;0
Gualeguaychu_Aero;874970;2013;01;30;30,6;6;16,2;6;1010,7;6;1008,1;6;15,0;6;1,9;6;5,1;999,9;37,2;21,2;0,0;999,9;0;0;0;0;0;0
Gualeguaychu_Aero;874970;2013;01;31;27,0;6;19,4;6;1009,9;6;1007,2;6;15,0;6;2,5;6;6,2;999,9;37,9;21,3;0,0;999,9;0;0;0;0;0;0
Gualeguaychu_Aero;874970;2013;02;01;30,7;6;20,5;6;1006,1;6;1003,4;6;15,0;6;2,5;6;5,1;999,9;37,1;21,8;0,0;999,9;0;0;0;0;0;0
Gualeguaychu_Aero;874970;2013;02;02;26,9;6;21,5;6;1009,2;6;1006,6;6;15,0;6;3,5;6;5,1;999,9;38,5;20,3;17,0;999,9;0;0;0;0;1;0
Gualeguaychu_Aero;874970;2013;02;03;22,7;6;11,8;5;1016,9;6;1014,4;6;15,0;6;4,6;6;6,2;999,9;30,5;16,2;0,0;999,9;0;0;0;0;0;0
Gualeguaychu_Aero;874970;2013;02;04;21,6;6;10,8;6;1014,9;6;1012,2;6;15,0;6;1,6;6;5,1;999,9;27,3;12,8;0,0;999,9;0;0;0;0;0;0
Gualeguaychu_Aero;874970;2013;02;05;23,3;5;12,0;5;1015,6;5;1012,9;5;15,0;5;2,6;5;4,6;999,9;29,2;14,6;0,0;999,9;0;0;0;0;0;0
Gualeguaychu_Aero;874970;2013;02;06;24,5;6;12,6;6;1016,8;6;1014,1;6;15,0;6;3,8;6;6,2;999,9;30,1;17,2;0,0;999,9;0;0;0;0;0;0
Gualeguaychu_Aero;874970;2013;02;07;25,2;6;15,9;6;1015,7;6;1013,1;6;15,0;6;2,5;6;5,1;999,9;30,4;16,7;0,0;999,9;0;0;0;0;0;0
Gualeguaychu_Aero;874970;2013;02;08;27,1;6;17,6;6;1012,9;6;1010,3;6;15,0;6;2,6;6;5,1;999,9;31,5;20,1;0,0;999,9;0;0;0;0;0;0
Gualeguaychu_Aero;874970;2013;02;09;26,4;4;17,3;4;1011,9;4;1009,2;4;15,0;4;4,2;4;6,7;999,9;32,2;19,6;0,0;999,9;0;0;0;0;0;0
Gualeguaychu_Aero;874970;2013;02;10;27,5;6;19,6;6;1008,4;6;1005,8;6;15,0;6;2,9;6;6,7;999,9;33,6;22,1;0,0;999,9;0;0;0;0;1;0
Gualeguaychu_Aero;874970;2013;02;11;26,8;6;19,3;6;1007,2;6;1004,6;6;15,0;6;3,0;6;4,6;999,9;33,7;21,2;0,0;999,9;0;0;0;0;0;0
Gualeguaychu_Aero;874970;2013;02;12;28,7;6;17,3;6;1004,5;6;1001,9;6;12,6;6;1,2;6;2,6;999,9;35,3;18,5;0,0;999,9;1;0;0;0;0;0
Gualeguaychu_Aero;874970;2013;02;13;25,1;6;18,2;6;1008,7;6;1006,0;6;15,0;6;3,4;6;8,2;999,9;35,6;19,3;1,0;999,9;0;1;0;0;1;0
Gualeguaychu_Aero;874970;2013;02;14;26,2;6;19,6;6;1010,2;6;1007,5;6;15,0;6;2,0;6;2,6;999,9;32,3;19,4;15,0;999,9;0;0;0;0;0;0
Gualeguaychu_Aero;874970;2013;02;15;27,2;6;18,9;6;1010,5;6;1007,9;6;14,2;6;1,8;6;2,6;999,9;33,3;18,3;0,0;999,9;0;0;0;0;0;0
Gualeguaychu_Aero;874970;2013;02;16;28,7;6;19,4;6;1005,7;6;1003,1;6;15,0;6;2,5;6;4,1;999,9;34,6;20,8;0,0;999,9;0;0;0;0;0;0
Gualeguaychu_Aero;874970;2013;02;17;24,9;6;21,1;6;1006,0;6;1003,4;6;15,0;6;2,1;6;2,6;999,9;35,2;20,3;15,0;999,9;0;1;0;0;1;0
Gualeguaychu_Aero;874970;2013;02;18;20,4;5;15,6;5;1017,3;5;1014,6;5;13,8;5;2,9;5;6,2;999,9;24,8;18,7;1,0;999,9;0;1;0;0;0;0
Gualeguaychu_Aero;874970;2013;02;19;17,4;6;13,9;6;1017,9;6;1015,1;6;11,6;6;3,3;6;5,1;999,9;22,0;15,2;3,0;999,9;0;1;0;0;0;0
Gualeguaychu_Aero;874970;2013;02;20;18,8;6;16,9;6;1014,5;6;1011,7;6;13,7;6;4,0;6;7,7;999,9;19,8;14,7;5,1;999,9;0;1;0;0;0;0
Gualeguaychu_Aero;874970;2013;02;21;21,7;6;17,7;6;1013,0;6;1010,4;6;11,3;6;3,0;6;4,1;999,9;25,8;17,5;7,9;999,9;0;1;0;0;0;0
Gualeguaychu_Aero;874970;2013;02;22;22,5;6;17,0;6;1018,3;6;1015,6;6;15,0;6;4,0;6;5,7;999,9;26,7;16,3;0,0;999,9;0;0;0;0;0;0
Gualeguaychu_Aero;874970;2013;02;23;24,5;6;17,3;6;1012,5;6;1009,8;6;15,0;6;5,6;6;7,7;999,9;30,3;17,1;0,0;999,9;0;0;0;0;0;0
Gualeguaychu_Aero;874970;2013;02;24;23,1;6;20,4;6;1007,5;6;1004,9;6;12,7;6;2,8;6;6,2;999,9;30,5;20,7;10,9;999,9;0;1;0;0;1;0
Gualeguaychu_Aero;874970;2013;02;25;19,9;6;14,5;6;1012,2;6;1009,5;6;15,0;6;6,2;6;10,3;999,9;24,9;14,1;10,9;999,9;0;0;0;0;0;0
Gualeguaychu_Aero;874970;2013;02;26;18,3;6;9,2;6;1016,8;6;1014,0;6;15,0;6;3,7;6;6,2;999,9;23,3;10,8;0,0;999,9;0;0;0;0;0;0
Gualeguaychu_Aero;874970;2013;02;27;19,4;6;10,3;6;1016,9;6;1014,2;6;13,5;6;2,3;6;5,1;999,9;26,1;9,8;0,0;999,9;0;0;0;0;0;0
Gualeguaychu_Aero;874970;2013;02;28;22,4;6;13,0;6;1014,5;6;1011,8;6;15,0;6;2,9;6;5,7;999,9;28,0;14,1;0,0;999,9;0;0;0;0;0;0
Gualeguaychu_Aero;874970;2013;03;01;24,6;6;15,2;6;1009,5;6;1006,9;6;15,0;6;6,3;6;8,7;999,9;30,9;16,3;0,0;999,9;0;0;0;0;0;0
Gualeguaychu_Aero;874970;2013;03;02;23,2;6;18,8;6;1004,7;6;1002,1;6;13,7;6;6,5;6;8,7;999,9;31,3;19,3;30,0;999,9;0;1;0;0;1;0
Gualeguaychu_Aero;874970;2013;03;03;17,7;8;14,8;8;1014,1;8;1011,3;8;15,0;8;3,2;8;5,1;999,9;25,5;14,3;0,0;999,9;0;0;0;0;0;0
Gualeguaychu_Aero;874970;2013;03;04;17,8;6;12,1;6;1017,2;6;1014,4;6;15,0;6;1,9;6;3,1;999,9;22,0;11,4;0,0;999,9;0;0;0;0;0;0
Gualeguaychu_Aero;874970;2013;03;05;19,1;6;11,3;6;1014,4;6;1011,6;6;15,0;6;1,1;6;4,1;999,9;24,2;10,3;0,0;999,9;0;0;0;0;0;0
Gualeguaychu_Aero;874970;2013;03;06;22,1;6;14,5;6;1010,8;6;1008,1;6;15,0;6;3,8;6;5,7;999,9;27,9;13,0;0,0;999,9;0;0;0;0;0;0
Gualeguaychu_Aero;874970;2013;03;07;24,2;6;17,3;6;1012,7;6;1010,1;6;15,0;6;2,5;6;5,1;999,9;30,2;14,0;0,0;999,9;0;0;0;0;0;0
Gualeguaychu_Aero;874970;2013;03;08;25,3;6;17,5;6;1012,3;6;1009,7;6;15,0;6;2,3;6;4,1;999,9;30,5;18,4;0,0;999,9;0;0;0;0;0;0
Gualeguaychu_Aero;874970;2013;03;09;27,2;7;22,4;7;1007,8;6;1005,2;6;14,5;7;2,8;7;5,1;999,9;30,5;21,6;0,0;999,9;0;0;0;0;0;0
Gualeguaychu_Aero;874970;2013;03;10;21,9;6;17,7;6;1009,1;6;1006,4;6;13,5;6;3,7;6;7,2;999,9;31,4;16,3;15,0;999,9;0;1;0;0;1;0
Gualeguaychu_Aero;874970;2013;03;11;19,8;5;15,7;5;1008,2;5;1005,5;5;14,3;5;2,3;5;4,1;999,9;26,1;12,8;0,0;999,9;0;1;0;0;0;0
Gualeguaychu_Aero;874970;2013;03;12;19,3;6;15,9;6;1010,4;6;1007,7;6;15,0;6;2,6;6;5,1;999,9;27,4;12,9;2,0;999,9;0;0;0;0;0;0
Gualeguaychu_Aero;874970;2013;03;13;17,2;6;11,8;6;1017,3;6;1014,5;6;15,0;6;2,7;6;4,6;999,9;23,0;10,8;0,0;999,9;0;0;0;0;0;0
Gualeguaychu_Aero;874970;2013;03;14;15,3;6;9,7;6;1020,9;6;1018,2;6;15,0;6;1,7;6;2,6;999,9;22,1;8,2;0,0;999,9;0;0;0;0;0;0
Gualeguaychu_Aero;874970;2013;03;15;17,4;6;9,8;6;1022,6;6;1019,9;6;15,0;6;1,4;6;5,1;999,9;22,2;11,0;0,0;999,9;0;0;0;0;0;0
Gualeguaychu_Aero;874970;2013;03;16;16,1;6;8,4;6;1025,2;6;1022,4;6;15,0;6;1,9;6;4,1;999,9;22,2;8,3;0,0;999,9;0;0;0;0;0;0
Gualeguaychu_Aero;874970;2013;03;17;15,7;6;7,6;6;1026,1;6;1023,3;6;15,0;6;2,3;6;5,1;999,9;21,5;8,7;0,0;999,9;0;0;0;0;0;0
Gualeguaychu_Aero;874970;2013;03;18;18,1;6;10,3;6;1022,8;6;1020,1;6;15,0;6;3,0;6;6,2;999,9;22,3;13,0;0,0;999,9;0;0;0;0;0;0
Gualeguaychu_Aero;874970;2013;03;19;19,1;6;14,1;6;1018,2;6;1015,5;6;15,0;6;2,9;6;6,2;999,9;23,5;14,6;0,0;999,9;0;0;0;0;0;0
Gualeguaychu_Aero;874970;2013;03;20;18,7;5;17,3;5;1011,0;5;1008,3;5;8,2;5;1,5;5;2,6;999,9;22,0;17,4;5,1;999,9;0;1;0;0;0;0
Gualeguaychu_Aero;874970;2013;03;21;21,2;6;16,8;6;1009,6;6;1007,0;6;15,0;6;6,2;6;7,2;999,9;25,5;17,5;13,0;999,9;0;1;0;0;0;0
Gualeguaychu_Aero;874970;2013;03;22;20,7;6;13,1;6;1016,1;6;1013,4;6;15,0;6;1,2;6;2,1;999,9;26,0;13,2;0,0;999,9;0;0;0;0;0;0
Gualeguaychu_Aero;874970;2013;03;23;22,0;6;14,9;6;1017,5;6;1014,8;6;15,0;6;1,2;6;3,1;999,9;26,7;16,0;0,0;999,9;0;0;0;0;0;0
Gualeguaychu_Aero;874970;2013;03;24;22,6;6;15,3;6;1013,3;6;1010,7;6;15,0;6;2,4;6;4,1;999,9;27,9;15,5;0,0;999,9;0;0;0;0;0;0
Gualeguaychu_Aero;874970;2013;03;25;21,2;6;14,1;6;1012,7;6;1010,0;6;15,0;6;2,8;6;5,1;999,9;27,6;12,5;0,0;999,9;0;1;0;0;0;0
Gualeguaychu_Aero;874970;2013;03;26;19,7;6;11,9;6;1018,2;6;1015,5;6;14,0;6;2,3;6;5,1;999,9;26,8;10,0;0,0;999,9;0;0;0;0;0;0
Gualeguaychu_Aero;874970;2013;03;27;18,8;6;9,9;6;1020,8;6;1018,0;6;12,9;6;1,7;6;4,1;999,9;25,8;7,6;0,0;999,9;0;0;0;0;0;0
Gualeguaychu_Aero;874970;2013;03;28;19,7;6;9,8;6;1020,4;6;1017,7;6;14,0;6;1,6;6;5,1;999,9;26,6;9,2;0,0;999,9;0;0;0;0;0;0
Gualeguaychu_Aero;874970;2013;03;29;22,3;6;12,4;6;1019,2;6;1016,5;6;14,2;6;4,5;6;7,7;999,9;28,4;13,0;0,0;999,9;0;0;0;0;0;0
Gualeguaychu_Aero;874970;2013;03;30;23,4;6;14,8;6;1014,8;6;1012,1;6;15,0;6;3,3;6;5,1;999,9;29,5;15,5;0,0;999,9;0;0;0;0;0;0
Gualeguaychu_Aero;874970;2013;03;31;25,9;6;16,0;6;1013,9;6;1011,2;6;15,0;6;2,9;6;5,1;999,9;31,0;18,0;0,0;999,9;0;0;0;0;0;0
Gualeguaychu_Aero;874970;2013;04;01;22,3;6;17,6;6;1013,8;6;1011,1;6;13,7;6;2,8;6;6,2;999,9;31,4;19,4;0,0;999,9;0;1;0;0;0;0
Gualeguaychu_Aero;874970;2013;04;02;22,1;6;18,9;6;1014,0;6;1011,2;6;13,5;6;1,3;6;2,1;999,9;25,0;18,5;7,1;999,9;0;1;0;0;0;0
Gualeguaychu_Aero;874970;2013;04;03;20,2;6;16,2;6;1014,3;6;1011,6;6;15,0;6;3,2;6;4,1;999,9;25,2;16,3;0,0;999,9;0;0;0;0;0;0
Gualeguaychu_Aero;874970;2013;04;04;18,6;6;13,1;6;1010,4;6;1007,7;6;15,0;6;2,3;6;4,1;999,9;24,3;10,9;0,0;999,9;0;0;0;0;0;0
Gualeguaychu_Aero;874970;2013;04;05;21,6;6;12,3;6;1005,6;6;1002,9;6;15,0;6;5,0;6;10,3;999,9;28,8;11,5;0,0;999,9;0;0;0;0;0;0
Gualeguaychu_Aero;874970;2013;04;06;18,7;6;7,9;6;1010,4;6;1007,7;6;15,0;6;4,3;6;8,2;999,9;28,8;9,6;0,0;999,9;0;0;0;0;0;0
Gualeguaychu_Aero;874970;2013;04;07;13,7;6;2,3;6;1017,5;6;1014,8;6;15,0;6;1,5;6;5,1;999,9;23,7;1,7;0,0;999,9;0;0;0;0;0;0
Gualeguaychu_Aero;874970;2013;04;08;17,1;6;5,7;6;1019,5;6;1016,8;6;15,0;6;0,4;6;2,1;999,9;24,4;5,1;0,0;999,9;0;0;0;0;0;0
Gualeguaychu_Aero;874970;2013;04;09;18,9;6;7,8;6;1018,3;6;1015,5;6;15,0;6;3,5;6;6,2;999,9;25,5;7,4;0,0;999,9;0;0;0;0;0;0
Gualeguaychu_Aero;874970;2013;04;10;19,2;6;11,6;6;1015,1;6;1012,4;6;15,0;6;4,2;6;5,7;999,9;25,7;12,8;0,0;999,9;0;0;0;0;0;0
Gualeguaychu_Aero;874970;2013;04;11;18,2;6;16,2;6;1008,2;6;1005,6;6;10,8;6;4,5;6;10,3;999,9;24,9;15,0;74,9;999,9;0;1;0;0;1;0
Gualeguaychu_Aero;874970;2013;04;12;17,8;6;11,5;6;1013,7;6;1010,9;6;15,0;6;4,6;6;6,2;999,9;21,6;13,6;10,9;999,9;0;0;0;0;0;0
Gualeguaychu_Aero;874970;2013;04;13;13,3;6;3,8;6;1019,1;6;1016,3;6;15,0;6;2,6;6;5,1;999,9;21,6;4,0;0,0;999,9;0;0;0;0;0;0
Gualeguaychu_Aero;874970;2013;04;15;20,3;6;11,7;6;1015,8;6;1013,0;6;15,0;6;3,4;6;5,1;999,9;26,8;12,2;0,0;999,9;0;0;0;0;0;0
Gualeguaychu_Aero;874970;2013;04;16;18,2;6;12,2;6;1018,8;6;1016,0;6;15,0;6;1,7;6;4,1;999,9;27,5;11,6;0,0;999,9;0;0;0;0;0;0
Gualeguaychu_Aero;874970;2013;04;17;17,6;6;10,7;6;1019,0;6;1016,2;6;12,7;6;1,1;6;2,1;999,9;23,8;8,0;0,0;999,9;0;0;0;0;0;0
Gualeguaychu_Aero;874970;2013;04;18;19,9;6;10,2;6;1018,0;6;1015,3;6;15,0;6;2,2;6;5,1;999,9;27,6;8,0;0,0;999,9;0;0;0;0;0;0
Gualeguaychu_Aero;874970;2013;04;19;20,9;6;11,6;6;1019,0;6;1016,2;6;15,0;6;1,3;6;2,1;999,9;29,2;9,5;0,0;999,9;0;0;0;0;0;0
Gualeguaychu_Aero;874970;2013;04;20;21,5;6;12,1;6;1019,9;6;1017,2;6;15,0;6;2,2;6;5,1;999,9;29,6;9,8;0,0;999,9;0;0;0;0;0;0
Gualeguaychu_Aero;874970;2013;04;21;22,1;6;13,3;6;1019,8;6;1017,1;6;12,7;6;2,2;6;4,1;999,9;28,0;13,3;0,0;999,9;0;0;0;0;0;0
Gualeguaychu_Aero;874970;2013;04;22;21,2;6;13,5;6;1020,8;6;1018,0;6;15,0;6;3,1;6;7,7;999,9;27,6;12,5;0,0;999,9;0;0;0;0;0;0
Gualeguaychu_Aero;874970;2013;04;23;21,6;6;14,9;6;1020,6;6;1018,0;6;14,0;6;1,3;6;4,1;999,9;28,2;14,5;0,0;999,9;0;0;0;0;0;0
Gualeguaychu_Aero;874970;2013;04;24;21,4;6;14,0;6;1019,7;6;1016,9;6;15,0;6;1,4;6;3,1;999,9;28,4;13,4;0,0;999,9;0;0;0;0;0;0
Gualeguaychu_Aero;874970;2013;04;25;21,8;6;13,9;6;1016,4;6;1013,7;6;10,5;6;1,7;6;5,1;999,9;28,2;13,8;0,0;999,9;0;0;0;0;0;0
Gualeguaychu_Aero;874970;2013;04;26;22,1;6;13,6;6;1014,5;6;1011,8;6;14,2;6;2,5;6;6,2;999,9;28,2;15,2;0,0;999,9;0;0;0;0;0;0
Gualeguaychu_Aero;874970;2013;04;27;23,8;6;14,8;6;1013,1;6;1010,4;6;14,2;6;7,4;6;10,3;999,9;28,3;17,2;0,0;999,9;0;0;0;0;0;0
Gualeguaychu_Aero;874970;2013;04;28;21,1;6;17,7;6;1010,5;6;1007,8;6;12,2;6;4,2;6;6,2;999,9;29,6;18,8;65,0;999,9;0;1;0;0;0;0
Gualeguaychu_Aero;874970;2013;04;29;17,5;6;13,4;6;1013,1;6;1010,3;6;15,0;6;1,9;6;2,6;999,9;23,5;11,4;7,1;999,9;0;0;0;0;0;0
Gualeguaychu_Aero;874970;2013;04;30;17,0;6;13,2;6;1016,2;6;1013,4;6;9,5;6;2,1;6;5,1;999,9;22,6;10,0;0,0;999,9;1;0;0;0;0;0
Gualeguaychu_Aero;874970;2013;05;01;18,0;6;15,6;6;1014,5;6;1011,7;6;13,8;6;4,9;6;10,3;999,9;23,0;11,8;0,0;999,9;0;1;0;0;1;0
Gualeguaychu_Aero;874970;2013;05;02;19,6;6;18,3;6;1011,9;6;1009,2;6;11,9;6;4,3;6;6,2;999,9;21,3;16,4;24,9;999,9;0;1;0;0;1;0
Gualeguaychu_Aero;874970;2013;05;03;19,6;6;17,2;6;1008,9;6;1006,2;6;13,4;6;4,7;6;9,8;999,9;22,8;17,5;37,1;999,9;0;1;0;0;0;0
Gualeguaychu_Aero;874970;2013;05;04;15,9;6;13,0;6;1016,0;6;1013,2;6;9,8;6;3,2;6;4,6;999,9;23,7;11,0;9,9;999,9;1;0;0;0;0;0
Gualeguaychu_Aero;874970;2013;05;05;16,7;6;11,5;6;1020,1;6;1017,4;6;13,4;6;2,8;6;4,6;999,9;21,9;10,9;0,0;999,9;0;0;0;0;0;0
Gualeguaychu_Aero;874970;2013;05;06;18,1;6;12,4;6;1015,7;6;1012,9;6;15,0;6;4,9;6;10,3;999,9;24,4;10,0;0,0;999,9;0;0;0;0;0;0
Gualeguaychu_Aero;874970;2013;05;07;13,3;6;6,4;6;1021,5;6;1018,7;6;15,0;6;3,4;6;6,2;999,9;24,6;6,3;0,0;999,9;0;0;0;0;0;0
Gualeguaychu_Aero;874970;2013;05;08;14,1;6;7,4;6;1015,7;6;1012,9;6;15,0;6;5,3;6;8,7;999,9;22,7;5,6;0,0;999,9;0;0;0;0;0;0
Gualeguaychu_Aero;874970;2013;05;09;17,6;6;11,0;6;1015,6;6;1012,8;6;15,0;6;4,4;6;6,2;999,9;24,4;8,5;0,0;999,9;0;0;0;0;0;0
Gualeguaychu_Aero;874970;2013;05;10;19,4;6;13,2;6;1012,5;6;1009,7;6;13,4;6;5,8;6;8,7;999,9;26,5;10,6;0,0;999,9;0;0;0;0;0;0
Gualeguaychu_Aero;874970;2013;05;11;20,2;6;16,4;6;1013,7;6;1011,0;6;10,8;6;2,5;6;5,1;999,9;27,3;13,9;1,0;999,9;0;1;0;0;0;0
Gualeguaychu_Aero;874970;2013;05;12;16,8;6;14,7;6;1015,4;6;1012,6;6;9,5;6;2,2;6;4,1;999,9;24,1;12,4;0,0;999,9;1;0;0;0;0;0
Gualeguaychu_Aero;874970;2013;05;13;15,9;6;15,0;6;1015,3;6;1012,5;6;6,0;6;1,0;6;2,6;999,9;21,0;10,6;0,0;999,9;1;0;0;0;0;0
Gualeguaychu_Aero;874970;2013;05;14;17,7;6;15,9;6;1013,4;6;1010,6;6;9,3;6;2,2;6;3,6;999,9;20,4;13,5;0,0;999,9;1;0;0;0;0;0
Gualeguaychu_Aero;874970;2013;05;15;10,5;6;5,1;6;1017,2;6;1014,4;6;11,6;6;6,8;6;10,8;999,9;21,6;8,1;6,1;999,9;0;1;0;0;0;0
Gualeguaychu_Aero;874970;2013;05;16;8,1;6;0,9;6;1024,7;6;1021,9;6;15,0;6;3,7;6;6,2;999,9;13,3;0,5;1,0;999,9;0;0;0;0;0;0
Gualeguaychu_Aero;874970;2013;05;17;9,1;6;2,4;6;1026,0;6;1023,1;6;15,0;6;1,0;6;4,1;999,9;15,6;0,8;0,0;999,9;0;0;0;0;0;0
Gualeguaychu_Aero;874970;2013;05;18;10,0;5;5,9;5;1024,4;5;1021,6;5;12,4;5;1,5;5;2,6;999,9;15,9;4,0;1,0;999,9;0;1;0;0;0;0
Gualeguaychu_Aero;874970;2013;05;19;12,0;6;10,2;6;1022,2;6;1019,5;6;11,1;6;0,8;6;1,0;999,9;15,0;8,9;9,9;999,9;0;1;0;0;0;0
Gualeguaychu_Aero;874970;2013;05;20;12,4;6;9,3;6;1021,1;6;1018,3;6;11,1;6;3,1;6;5,1;999,9;16,0;8,9;0,0;999,9;0;0;0;0;0;0
Gualeguaychu_Aero;874970;2013;05;21;9,4;6;7,3;6;1019,4;6;1016,5;6;6,6;6;0,4;6;2,6;999,9;16,3;2,8;0,0;999,9;1;0;0;0;0;0
Gualeguaychu_Aero;874970;2013;05;22;12,1;6;10,9;6;1020,7;6;1017,8;6;6,3;6;1,9;6;2,6;999,9;15,2;4,1;0,5;999,9;1;1;0;0;0;0
Gualeguaychu_Aero;874970;2013;05;23;15,1;6;12,4;6;1019,8;6;1017,0;6;7,4;6;1,2;6;2,6;999,9;18,6;11,1;0,0;999,9;1;0;0;0;0;0
Gualeguaychu_Aero;874970;2013;05;24;13,4;6;9,0;6;1020,3;6;1017,5;6;11,4;6;1,6;6;5,1;999,9;19,4;4,5;0,0;999,9;1;0;0;0;0;0
Gualeguaychu_Aero;874970;2013;05;25;13,9;6;9,8;6;1020,5;6;1017,6;6;10,5;6;1,4;6;4,1;999,9;19,9;6,9;0,0;999,9;1;0;0;0;0;0
Gualeguaychu_Aero;874970;2013;05;26;14,1;6;10,7;6;1016,1;6;1013,4;6;12,1;6;1,7;6;4,1;999,9;20,6;7,5;0,0;999,9;1;0;0;0;0;0
Gualeguaychu_Aero;874970;2013;05;27;16,4;6;12,6;6;1010,8;6;1008,0;6;12,7;6;2,6;6;5,1;999,9;21,6;9,1;0,0;999,9;0;0;0;0;0;0
Gualeguaychu_Aero;874970;2013;05;28;17,1;6;15,5;6;1000,9;5;998,2;5;13,0;6;4,5;6;7,7;999,9;21,6;12,2;7,9;999,9;0;0;0;0;1;0
Gualeguaychu_Aero;874970;2013;05;29;16,3;6;10,7;6;1006,6;6;1003,8;6;11,1;6;4,6;6;8,2;999,9;20,2;13,6;2,0;999,9;0;1;0;0;0;0
Gualeguaychu_Aero;874970;2013;05;30;12,7;6;5,9;6;1013,3;6;1010,6;6;15,0;6;4,7;6;10,3;999,9;19,9;4,7;0,0;999,9;0;0;0;0;0;0
Gualeguaychu_Aero;874970;2013;05;31;14,1;6;7,9;6;1011,2;6;1008,4;6;15,0;6;6,0;6;9,8;999,9;19,9;8,2;0,0;999,9;0;0;0;0;0;0
Gualeguaychu_Aero;874970;2013;06;01;14,5;6;9,7;6;1011,2;6;1008,5;6;10,9;6;2,3;6;5,1;999,9;21,6;7,2;0,0;999,9;1;0;0;0;0;0
Gualeguaychu_Aero;874970;2013;06;02;12,9;6;6,7;6;1016,4;6;1013,6;6;15,0;6;3,7;6;6,2;999,9;21,6;7,6;0,0;999,9;0;0;0;0;0;0
Gualeguaychu_Aero;874970;2013;06;03;12,8;5;5,6;5;1020,7;5;1017,9;5;15,0;5;4,8;5;10,3;999,9;20,9;6,2;0,0;999,9;0;0;0;0;0;0
Gualeguaychu_Aero;874970;2013;06;04;14,4;6;8,3;6;1016,4;6;1013,6;6;15,0;6;4,4;6;10,3;999,9;22,2;6,9;0,0;999,9;0;0;0;0;0;0
Gualeguaychu_Aero;874970;2013;06;05;16,9;6;9,5;6;1012,0;6;1009,2;6;15,0;6;4,4;6;8,2;999,9;24,6;9,5;0,0;999,9;0;0;0;0;0;0
Gualeguaychu_Aero;874970;2013;06;06;11,6;6;5,2;6;1019,9;6;1017,0;6;15,0;6;4,4;6;7,2;999,9;25,1;5,3;0,0;999,9;0;0;0;0;0;0
Gualeguaychu_Aero;874970;2013;06;07;12,9;5;5,8;5;1019,6;5;1016,8;5;15,0;5;3,3;5;6,2;999,9;19,2;5,2;0,0;999,9;0;0;0;0;0;0
Gualeguaychu_Aero;874970;2013;06;08;12,6;6;5,3;6;1024,6;6;1021,8;6;15,0;6;3,1;6;4,6;999,9;19,4;6,3;0,0;999,9;0;0;0;0;0;0
Gualeguaychu_Aero;874970;2013;06;09;13,2;6;9,3;6;1019,2;6;1016,4;6;15,0;6;2,1;6;4,1;999,9;17,0;9,0;0,0;999,9;0;0;0;0;0;0
Gualeguaychu_Aero;874970;2013;06;10;15,1;6;10,8;6;1018,5;6;1015,7;6;11,1;6;1,5;6;3,1;999,9;22,9;6,0;0,0;999,9;1;0;0;0;0;0
Gualeguaychu_Aero;874970;2013;06;11;17,0;6;11,7;6;1019,5;6;1016,7;6;10,3;6;1,9;6;3,1;999,9;23,9;8,7;0,0;999,9;0;0;0;0;0;0
Gualeguaychu_Aero;874970;2013;06;12;18,1;6;13,0;6;1018,4;6;1015,7;6;14,0;6;3,5;6;6,7;999,9;25,3;10,7;0,0;999,9;0;0;0;0;0;0
Gualeguaychu_Aero;874970;2013;06;13;19,9;6;15,8;6;1015,8;6;1013,0;6;14,5;6;4,6;6;7,7;999,9;27,6;12,3;0,0;999,9;0;0;0;0;0;0
Gualeguaychu_Aero;874970;2013;06;14;14,9;6;10,2;6;1021,0;6;1018,2;6;15,0;6;3,2;6;5,1;999,9;27,6;11,8;0,3;999,9;0;0;0;0;0;0
Gualeguaychu_Aero;874970;2013;06;15;10,3;6;5,6;6;1020,4;6;1017,6;6;15,0;6;4,1;6;5,7;999,9;16,3;4,5;0,0;999,9;0;0;0;0;0;0
Gualeguaychu_Aero;874970;2013;06;16;10,3;6;8,4;6;1015,6;6;1012,7;6;10,3;6;2,6;6;4,6;999,9;16,6;4,6;0,0;999,9;1;0;0;0;0;0
Gualeguaychu_Aero;874970;2013;06;17;10,1;6;6,0;6;1019,4;6;1016,6;6;12,6;6;2,6;6;5,1;999,9;14,8;2,2;0,0;999,9;1;0;0;0;0;0
Gualeguaychu_Aero;874970;2013;06;18;10,5;6;8,0;6;1016,5;6;1013,7;6;14,0;6;2,8;6;6,7;999,9;14,7;4,9;0,0;999,9;0;0;0;0;0;0
Gualeguaychu_Aero;874970;2013;06;19;7,8;6;0,3;6;1025,2;6;1022,3;6;15,0;6;4,0;6;7,7;999,9;15,9;1,8;0,0;999,9;0;0;0;0;0;0
Gualeguaychu_Aero;874970;2013;06;20;6,1;6;0,1;6;1024,8;6;1021,9;6;15,0;6;1,3;6;2,6;999,9;11,8;0,0;0,0;999,9;0;0;0;0;0;0
Gualeguaychu_Aero;874970;2013;06;21;8,5;5;4,2;5;1014,0;5;1011,1;5;11,4;5;1,5;5;2,6;999,9;14,5;1,8;0,0;999,9;0;0;0;0;0;0
Gualeguaychu_Aero;874970;2013;06;22;9,8;6;2,4;6;1013,4;6;1010,6;6;15,0;6;1,5;6;4,1;999,9;17,7;1,1;0,0;999,9;0;0;0;0;0;0
Gualeguaychu_Aero;874970;2013;06;23;10,7;6;5,9;6;1021,5;6;1018,7;6;12,1;6;2,1;6;2,6;999,9;18,0;2,9;0,0;999,9;0;0;0;0;0;0
Gualeguaychu_Aero;874970;2013;06;24;10,9;6;5,9;6;1021,6;6;1018,8;6;15,0;6;2,9;6;3,6;999,9;16,4;6,0;0,0;999,9;0;0;0;0;0;0
Gualeguaychu_Aero;874970;2013;06;25;10,8;6;7,9;6;1018,2;6;1015,4;6;13,7;6;2,6;6;3,6;999,9;16,0;3,5;0,0;999,9;0;1;0;0;0;0
Gualeguaychu_Aero;874970;2013;06;26;8,8;6;4,6;6;1017,8;6;1015,0;6;7,2;6;2,7;6;5,1;999,9;18,0;0,0;0,0;999,9;1;0;0;0;0;0
Gualeguaychu_Aero;874970;2013;06;27;11,6;6;6,4;6;1016,4;6;1013,5;6;12,9;6;4,5;6;7,2;999,9;18,3;1,0;0,0;999,9;1;0;0;0;0;0
Gualeguaychu_Aero;874970;2013;06;28;13,3;6;10,7;6;1010,3;6;1007,5;6;15,0;6;3,6;6;6,2;999,9;17,8;6,0;0,0;999,9;0;0;0;0;0;0
Gualeguaychu_Aero;874970;2013;06;29;13,3;6;7,5;6;1014,5;6;1011,7;6;8,2;6;2,3;6;3,1;999,9;18,6;7,0;0,0;999,9;1;0;0;0;0;0
Gualeguaychu_Aero;874970;2013;06;30;10,3;6;2,6;6;1021,1;6;1018,3;6;15,0;6;2,2;6;4,1;999,9;18,6;0,5;0,0;999,9;0;0;0;0;0;0
Gualeguaychu_Aero;874970;2013;07;01;11,8;6;4,2;6;1023,0;6;1020,2;6;14,0;6;1,9;6;2,6;999,9;18,8;3,8;0,0;999,9;0;0;0;0;0;0
Gualeguaychu_Aero;874970;2013;07;02;12,8;6;2,5;6;1018,2;6;1015,4;6;15,0;6;6,1;6;10,3;999,9;21,0;5,0;0,0;999,9;0;0;0;0;0;0
Gualeguaychu_Aero;874970;2013;07;03;16,2;6;9,8;6;1013,2;6;1010,5;6;15,0;6;7,1;6;11,3;999,9;24,1;6,3;0,0;999,9;0;0;0;0;0;0
Gualeguaychu_Aero;874970;2013;07;04;17,0;6;14,8;6;1013,0;6;1010,2;6;14,0;6;3,1;6;5,1;999,9;24,4;10,0;999,9;999,9;0;1;0;0;0;0
Gualeguaychu_Aero;874970;2013;07;05;16,3;7;15,9;7;1013,5;6;1010,8;6;4,5;7;2,2;7;3,1;999,9;19,2;13,8;0,0;999,9;1;1;0;0;1;0
Gualeguaychu_Aero;874970;2013;07;06;15,2;6;14,2;6;1013,4;6;1010,7;6;7,6;6;5,8;6;8,2;999,9;17,6;12,9;3,0;999,9;0;1;0;0;1;0
Gualeguaychu_Aero;874970;2013;07;07;9,7;6;5,6;6;1024,3;6;1021,5;6;13,0;6;3,4;6;4,1;999,9;16,1;5,9;0,0;999,9;0;0;0;0;0;0
Gualeguaychu_Aero;874970;2013;07;08;8,4;6;2,8;6;1030,3;6;1027,4;6;12,7;6;2,8;6;5,1;999,9;13,8;-0,5;0,0;999,9;0;0;0;0;0;0
Gualeguaychu_Aero;874970;2013;07;09;10,1;6;7,8;6;1022,0;6;1019,1;6;10,8;6;3,9;6;6,7;999,9;14,6;6,1;7,1;999,9;0;1;0;0;0;0
Gualeguaychu_Aero;874970;2013;07;10;14,3;6;13,6;6;1017,5;6;1014,7;6;4,8;6;2,4;6;5,1;999,9;17,5;8,5;0,5;999,9;1;1;0;0;0;0
Gualeguaychu_Aero;874970;2013;07;11;18,8;10;17,5;10;1013,9;10;1011,2;10;13,5;10;2,4;10;3,1;999,9;20,8;12,4;0,0;999,9;0;1;0;0;1;0
Gualeguaychu_Aero;874970;2013;07;12;13,9;7;12,5;7;1020,1;7;1017,3;7;6,0;7;2,4;7;3,6;999,9;21,1;13,0;29,0;999,9;0;1;0;0;1;0
Gualeguaychu_Aero;874970;2013;07;13;13,9;6;10,6;6;1017,6;6;1014,9;6;9,2;6;2,0;6;3,6;999,9;18,3;9,2;0,0;999,9;1;0;0;0;0;0
Gualeguaychu_Aero;874970;2013;07;14;11,6;6;7,9;6;1018,8;6;1015,9;6;13,2;6;3,2;6;5,1;999,9;18,4;7,6;0,0;999,9;0;0;0;0;0;0
Gualeguaychu_Aero;874970;2013;07;15;8,9;6;3,6;6;1022,1;6;1019,3;6;15,0;6;2,3;6;5,1;999,9;16,2;0,7;0,0;999,9;0;0;0;0;0;0
Gualeguaychu_Aero;874970;2013;07;16;13,0;6;7,8;6;1016,6;6;1013,8;6;15,0;6;4,3;6;7,7;999,9;22,2;1,1;0,0;999,9;0;0;0;0;0;0
Gualeguaychu_Aero;874970;2013;07;17;17,0;6;12,3;6;1011,0;6;1008,2;6;15,0;6;4,5;6;10,3;999,9;24,3;7,5;0,0;999,9;0;0;0;0;0;0
Gualeguaychu_Aero;874970;2013;07;18;11,6;6;6,2;6;1015,5;6;1012,8;6;15,0;6;5,0;6;8,2;999,9;24,3;8,2;0,0;999,9;0;0;0;0;0;0
Gualeguaychu_Aero;874970;2013;07;19;7,1;6;1,6;6;1023,5;6;1020,6;6;12,9;6;2,2;6;4,1;999,9;11,6;2,0;0,0;999,9;0;0;0;0;0;0
Gualeguaychu_Aero;874970;2013;07;20;7,7;6;2,2;6;1012,1;6;1009,3;6;15,0;6;3,7;6;6,2;999,9;11,2;2,0;0,0;999,9;0;0;0;0;0;0
Gualeguaychu_Aero;874970;2013;07;21;4,2;6;-0,8;6;1016,1;6;1013,2;6;15,0;6;7,8;6;11,3;999,9;11,6;-0,9;0,0;999,9;0;0;0;0;0;0
Gualeguaychu_Aero;874970;2013;07;22;4,7;6;1,4;6;1022,3;6;1019,4;6;15,0;6;7,6;6;9,3;999,9;7,3;0,7;0,3;999,9;0;0;0;0;0;0
Gualeguaychu_Aero;874970;2013;07;23;5,4;6;-1,0;6;1026,0;6;1023,1;6;15,0;6;4,4;6;7,7;999,9;10,8;-1,6;0,0;999,9;0;0;0;0;0;0
Gualeguaychu_Aero;874970;2013;07;24;8,1;6;0,7;6;1026,9;6;1024,0;6;15,0;6;1,6;6;2,1;999,9;13,6;0,8;0,0;999,9;0;0;0;0;0;0
Gualeguaychu_Aero;874970;2013;07;25;8,7;6;-0,3;6;1026,8;6;1024,0;6;14,0;6;5,1;6;10,3;999,9;16,1;-0,4;0,0;999,9;0;0;0;0;0;0
Gualeguaychu_Aero;874970;2013;07;26;9,6;6;2,5;6;1024,8;6;1022,0;6;15,0;6;5,3;6;7,7;999,9;16,2;2,0;0,0;999,9;0;0;0;0;0;0
Gualeguaychu_Aero;874970;2013;07;27;14,8;6;7,6;6;1022,1;6;1019,3;6;12,6;6;2,7;6;4,1;999,9;21,3;2,8;0,0;999,9;0;0;0;0;0;0
Gualeguaychu_Aero;874970;2013;07;28;13,7;6;7,7;6;1021,6;6;1018,8;6;7,9;6;1,0;6;2,6;999,9;21,5;3,7;0,0;999,9;0;0;0;0;0;0
Gualeguaychu_Aero;874970;2013;07;29;15,0;6;10,2;6;1022,0;6;1019,2;6;12,7;6;1,6;6;2,1;999,9;22,0;4,8;0,0;999,9;1;0;0;0;0;0
Gualeguaychu_Aero;874970;2013;07;30;17,0;6;11,4;6;1018,4;6;1015,6;6;12,9;6;3,2;6;5,1;999,9;23,0;8,8;0,0;999,9;0;0;0;0;0;0
Gualeguaychu_Aero;874970;2013;07;31;19,1;6;14,8;6;1011,4;6;1008,7;6;12,1;6;3,4;6;4,6;999,9;24,1;12,4;0,0;999,9;0;0;0;0;0;0
Gualeguaychu_Aero;874970;2013;08;01;11,8;6;10,7;6;1012,8;5;1010,0;5;12,6;6;4,6;6;6,2;999,9;17,9;10,9;2,0;999,9;0;1;0;0;0;0
Gualeguaychu_Aero;874970;2013;08;02;10,7;6;7,3;6;1018,2;6;1015,4;6;15,0;6;4,4;6;6,7;999,9;12,5;10,0;0,8;999,9;0;0;0;0;0;0
Gualeguaychu_Aero;874970;2013;08;03;8,4;6;5,1;6;1018,6;6;1015,8;6;9,2;6;1,9;6;5,1;999,9;13,6;-0,5;0,0;999,9;0;0;0;0;0;0
Gualeguaychu_Aero;874970;2013;08;04;11,3;6;7,0;5;1019,4;6;1016,5;6;12,7;6;2,1;6;4,1;999,9;18,0;1,4;0,0;999,9;1;0;0;0;0;0
Gualeguaychu_Aero;874970;2013;08;05;13,8;6;7,6;6;1016,2;6;1013,4;6;13,8;6;5,0;6;7,2;999,9;21,8;4,0;0,0;999,9;0;0;0;0;0;0
Gualeguaychu_Aero;874970;2013;08;06;12,7;6;3,6;6;1018,7;6;1015,9;6;10,1;6;3,0;6;6,7;999,9;22,1;1,6;0,0;999,9;0;0;0;0;0;0
Gualeguaychu_Aero;874970;2013;08;07;17,6;6;11,4;6;1004,0;6;1001,2;6;13,0;6;4,0;6;6,2;999,9;23,8;5,2;0,0;999,9;0;0;0;0;0;0
Gualeguaychu_Aero;874970;2013;08;08;12,6;7;7,8;7;1012,9;6;1010,1;6;12,9;7;3,8;7;9,3;999,9;24,4;9,4;21,1;999,9;0;1;0;0;1;0
Gualeguaychu_Aero;874970;2013;08;09;9,7;6;2,2;6;1025,4;6;1022,5;6;13,4;6;3,1;6;4,1;999,9;16,2;4,5;0,0;999,9;0;0;0;0;0;0
Gualeguaychu_Aero;874970;2013;08;10;8,1;6;0,0;6;1026,1;6;1023,3;6;15,0;6;2,3;6;4,1;999,9;14,1;0,1;0,0;999,9;0;0;0;0;0;0
Gualeguaychu_Aero;874970;2013;08;11;9,9;6;0,9;6;1016,5;6;1013,7;6;15,0;6;4,4;6;8,2;999,9;16,2;1,5;0,0;999,9;0;0;0;0;0;0
Gualeguaychu_Aero;874970;2013;08;12;11,6;6;5,1;6;1013,7;6;1011,0;6;15,0;6;3,1;6;6,2;999,9;17,3;5,8;0,0;999,9;0;0;0;0;0;0
Gualeguaychu_Aero;874970;2013;08;13;7,2;6;-0,1;6;1025,5;6;1022,6;6;15,0;6;5,9;6;8,2;999,9;16,7;0,4;0,0;999,9;0;0;0;0;0;0
Gualeguaychu_Aero;874970;2013;08;14;5,7;6;-2,4;6;1032,8;6;1029,8;6;15,0;6;2,2;6;4,6;999,9;13,0;-4,5;0,0;999,9;0;0;0;0;0;0
Gualeguaychu_Aero;874970;2013;08;15;8,4;6;-2,5;6;1025,3;6;1022,4;6;15,0;6;6,9;6;10,3;999,9;15,7;-1,1;0,0;999,9;0;0;0;0;0;0
Gualeguaychu_Aero;874970;2013;08;16;9,9;6;1,8;6;1023,4;6;1020,5;6;11,6;6;3,5;6;5,1;999,9;17,0;1,1;0,0;999,9;0;0;0;0;0;0
Gualeguaychu_Aero;874970;2013;08;17;10,4;6;0,2;6;1028,5;6;1025,6;6;13,8;6;4,8;6;10,8;999,9;17,6;1,5;0,0;999,9;0;0;0;0;0;0
Gualeguaychu_Aero;874970;2013;08;18;13,7;6;5,4;6;1022,2;6;1019,4;6;14,0;6;4,5;6;7,7;999,9;20,8;4,7;0,0;999,9;0;0;0;0;0;0
Gualeguaychu_Aero;874970;2013;08;19;18,1;6;9,9;6;1016,8;6;1014,0;6;12,6;6;4,8;6;7,2;999,9;25,4;7,4;0,0;999,9;0;0;0;0;0;0
Gualeguaychu_Aero;874970;2013;08;20;19,9;6;12,1;6;1015,0;6;1012,3;6;13,4;6;4,5;6;8,8;999,9;26,1;11,9;0,0;999,9;0;0;0;0;0;0
Gualeguaychu_Aero;874970;2013;08;21;21,7;6;15,9;6;1006,8;6;1004,1;6;10,3;6;3,1;6;4,6;999,9;27,2;15,3;0,3;999,9;0;0;0;0;0;0
Gualeguaychu_Aero;874970;2013;08;22;11,3;6;2,2;6;1013,8;6;1011,1;6;14,0;6;6,9;6;10,3;999,9;27,4;7,7;0,0;999,9;0;0;0;0;0;0
Gualeguaychu_Aero;874970;2013;08;23;6,3;5;-4,9;5;1025,0;5;1022,2;5;15,0;5;4,4;5;6,2;999,9;9,8;-0,5;0,0;999,9;0;0;0;0;0;0
Gualeguaychu_Aero;874970;2013;08;24;8,9;5;0,0;5;1029,7;4;1026,9;5;15,0;5;3,4;5;4,6;999,9;12,0;3,7;0,0;999,9;0;0;0;0;0;0
Gualeguaychu_Aero;874970;2013;08;25;8,5;6;1,4;6;1032,1;6;1029,2;6;15,0;6;3,8;6;6,2;999,9;12,8;3,5;0,0;999,9;0;0;0;0;0;0
Gualeguaychu_Aero;874970;2013;08;26;6,4;6;-1,5;6;1033,1;6;1030,3;6;15,0;6;4,2;6;7,7;999,9;12,8;0,5;0,0;999,9;0;0;0;0;0;0
Gualeguaychu_Aero;874970;2013;08;27;6,6;6;-1,9;6;1027,7;6;1024,7;6;15,0;6;3,0;6;5,1;999,9;14,4;-3,6;0,0;999,9;0;0;0;0;0;0
Gualeguaychu_Aero;874970;2013;08;28;13,9;6;0,9;6;1022,8;6;1020,0;6;15,0;6;6,5;6;10,3;999,9;23,0;0,2;0,0;999,9;0;0;0;0;0;0
Gualeguaychu_Aero;874970;2013;08;29;17,1;6;3,8;6;1018,9;6;1016,1;6;15,0;6;5,8;6;8,2;999,9;25,5;6,0;0,0;999,9;0;0;0;0;0;0
Gualeguaychu_Aero;874970;2013;08;30;17,9;6;5,8;6;1014,5;6;1011,8;6;14,0;6;5,6;6;7,7;999,9;26,6;6,9;0,0;999,9;0;0;0;0;0;0
Gualeguaychu_Aero;874970;2013;08;31;19,5;6;8,2;6;1011,9;6;1009,2;6;10,9;6;2,5;6;4,1;999,9;27,1;9,5;0,0;999,9;0;0;0;0;0;0
Gualeguaychu_Aero;874970;2013;09;01;23,1;5;10,8;5;1010,6;5;1007,8;5;13,8;5;2,9;5;5,1;999,9;28,7;9,8;0,0;999,9;0;0;0;0;0;0
Gualeguaychu_Aero;874970;2013;09;02;19,5;4;10,3;4;1010,5;4;1007,7;4;10,5;4;5,3;4;9,3;999,9;24,4;10,6;0,0;999,9;0;0;0;0;0;0
Gualeguaychu_Aero;874970;2013;09;03;13,4;5;4,7;5;1022,5;5;1019,7;5;15,0;5;5,4;5;7,7;999,9;24,7;9,0;0,0;999,9;0;0;0;0;0;0
Gualeguaychu_Aero;874970;2013;09;04;11,6;5;2,6;5;1026,3;5;1023,4;5;15,0;5;4,6;5;6,2;999,9;16,2;7,2;0,0;999,9;0;0;0;0;0;0
Gualeguaychu_Aero;874970;2013;09;05;14,2;5;5,4;5;1019,9;5;1017,0;5;15,0;5;5,4;5;6,2;999,9;17,4;7,2;0,0;999,9;0;0;0;0;0;0
Gualeguaychu_Aero;874970;2013;09;06;21,6;5;12,7;5;1015,8;5;1013,1;5;13,8;5;4,5;5;7,7;999,9;27,9;10,2;0,0;999,9;0;0;0;0;0;0
Gualeguaychu_Aero;874970;2013;09;07;21,1;5;17,2;5;1010,6;5;1007,9;5;10,8;5;6,8;5;11,3;999,9;28,0;14,7;3,0;999,9;0;1;0;0;1;0
Gualeguaychu_Aero;874970;2013;09;08;21,9;4;14,7;4;1017,1;4;1014,3;4;12,7;4;2,3;4;4,1;999,9;25,2;11,4;11,9;999,9;0;0;0;0;0;0
Gualeguaychu_Aero;874970;2013;09;09;24,9;5;16,5;5;1013,9;5;1011,2;5;15,0;5;6,9;5;10,3;999,9;31,0;14,5;0,0;999,9;0;0;0;0;0;0
Gualeguaychu_Aero;874970;2013;09;10;30,9;4;16,8;4;1009,4;4;1006,8;4;15,0;4;10,3;4;12,3;999,9;35,2;21,0;0,0;999,9;0;0;0;0;0;0
Gualeguaychu_Aero;874970;2013;09;11;30,8;5;15,1;5;1006,7;5;1004,0;5;11,4;5;9,1;5;12,9;999,9;36,5;20,5;0,0;999,9;0;0;0;0;0;0
Gualeguaychu_Aero;874970;2013;09;12;24,0;5;15,5;5;1004,2;5;1001,5;5;11,4;5;7,2;5;8,2;999,9;37,0;16,7;0,0;999,9;0;0;0;0;0;0
Gualeguaychu_Aero;874970;2013;09;13;12,8;5;11,4;5;1016,8;5;1014,0;5;11,6;5;7,0;5;8,8;999,9;29,0;11,4;11,9;999,9;0;1;0;0;0;0
Gualeguaychu_Aero;874970;2013;09;14;11,0;5;9,3;5;1020,2;4;1015,9;5;11,4;5;5,4;5;7,7;999,9;13,0;9,8;0,0;999,9;0;1;0;0;0;0
Gualeguaychu_Aero;874970;2013;09;15;11,6;5;10,9;5;1016,7;5;1013,8;5;2,3;5;5,6;5;6,7;999,9;13,6;9,6;7,1;999,9;0;1;0;0;0;0
Gualeguaychu_Aero;874970;2013;09;16;10,6;5;9,8;4;1013,5;5;1010,7;5;6,9;5;7,7;5;10,8;999,9;13,6;8,7;15,0;999,9;0;1;0;0;0;0
Gualeguaychu_Aero;874970;2013;09;17;8,9;5;4,4;5;1018,1;5;1015,5;4;15,0;5;7,8;5;9,3;999,9;11,1;5,6;6,1;999,9;0;0;0;0;0;0
Gualeguaychu_Aero;874970;2013;09;18;11,4;4;3,7;4;1020,8;4;1018,0;4;15,0;4;5,4;4;10,3;999,9;16,9;2,8;0,0;999,9;0;0;0;0;0;0
Gualeguaychu_Aero;874970;2013;09;19;16,1;5;4,4;5;1021,1;5;1018,3;5;15,0;5;5,0;5;7,7;999,9;21,2;3,5;0,0;999,9;0;0;0;0;0;0
Gualeguaychu_Aero;874970;2013;09;20;17,0;5;6,4;5;1011,3;5;1008,5;5;15,0;5;2,8;5;4,1;999,9;21,4;7,2;0,0;999,9;0;0;0;0;0;0
Gualeguaychu_Aero;874970;2013;09;21;16,4;4;7,0;4;1012,3;4;1009,6;4;15,0;4;3,7;4;6,2;999,9;22,1;8,2;0,0;999,9;0;0;0;0;0;0
Gualeguaychu_Aero;874970;2013;09;22;10,1;4;8,7;4;1024,1;4;1021,2;4;6,3;4;2,6;4;3,6;999,9;10,8;8,0;6,1;999,9;0;1;0;0;0;0
Gualeguaychu_Aero;874970;2013;09;23;12,1;5;4,7;5;1028,5;5;1025,6;5;13,8;5;4,0;5;6,2;999,9;14,3;4,1;7,9;999,9;0;0;0;0;0;0
Gualeguaychu_Aero;874970;2013;09;24;12,0;5;3,9;5;1030,8;5;1027,9;5;15,0;5;3,3;5;5,1;999,9;15,2;0,7;0,0;999,9;0;0;0;0;0;0
Gualeguaychu_Aero;874970;2013;09;25;13,9;5;6,2;5;1027,1;5;1024,2;5;15,0;5;4,1;5;5,1;999,9;17,2;5,7;0,0;999,9;0;0;0;0;0;0
Gualeguaychu_Aero;874970;2013;09;26;16,9;5;7,9;5;1021,5;5;1018,7;5;15,0;5;6,1;5;9,8;999,9;20,6;7,5;0,0;999,9;0;0;0;0;0;0
Gualeguaychu_Aero;874970;2013;09;27;18,3;5;10,6;5;1017,9;5;1015,1;5;15,0;5;3,9;5;5,1;999,9;22,3;10,2;0,0;999,9;0;0;0;0;0;0
Gualeguaychu_Aero;874970;2013;09;28;18,7;4;12,9;4;9999,9;0;9999,9;0;15,0;4;2,9;4;5,1;999,9;21,6;13,5;0,0;999,9;0;0;0;0;0;0
Gualeguaychu_Aero;874970;2013;09;29;11,3;5;8,3;5;1019,8;5;1017,1;5;14,0;5;2,8;5;4,6;999,9;21,6;6,0;8,9;999,9;0;1;0;0;0;0
Gualeguaychu_Aero;874970;2013;09;30;12,8;5;7,6;5;1016,5;5;1013,7;5;15,0;5;5,4;5;7,2;999,9;15,6;5,4;0,5;999,9;0;0;0;0;0;0
Gualeguaychu_Aero;874970;2013;10;01;11,2;6;8,1;6;1015,7;5;1012,9;5;13,0;6;4,7;6;7,7;999,9;16,0;5,6;0,0;999,9;0;0;0;0;0;0
Gualeguaychu_Aero;874970;2013;10;02;15,9;5;10,6;5;1017,4;5;1014,6;5;13,7;5;2,6;5;4,1;999,9;19,8;3,2;0,0;999,9;0;0;0;0;0;0
Gualeguaychu_Aero;874970;2013;10;03;16,7;4;11,4;4;1017,7;4;1014,9;4;15,0;4;4,4;4;7,7;999,9;18,6;10,5;0,0;999,9;0;0;0;0;0;0
Gualeguaychu_Aero;874970;2013;10;04;16,4;5;11,7;5;1020,7;5;1016,3;5;15,0;5;5,1;5;10,3;999,9;19,7;12,2;5,1;999,9;0;0;0;0;0;0
Gualeguaychu_Aero;874970;2013;10;05;14,5;6;9,4;6;1022,4;5;1019,5;5;11,6;6;2,5;6;3,1;999,9;19,6;6,0;0,0;999,9;1;0;0;0;0;0
Gualeguaychu_Aero;874970;2013;10;06;19,1;5;10,2;5;1023,1;5;1020,3;5;15,0;5;3,5;5;5,1;999,9;23,1;6,2;0,0;999,9;0;0;0;0;0;0
Gualeguaychu_Aero;874970;2013;10;07;20,2;5;9,4;5;1024,2;5;1021,4;5;15,0;5;6,3;5;7,7;999,9;24,2;7,0;0,0;999,9;0;0;0;0;0;0
Gualeguaychu_Aero;874970;2013;10;08;22,4;5;11,6;5;1018,1;5;1015,4;5;15,0;5;6,1;5;8,8;999,9;27,1;10,0;0,0;999,9;0;0;0;0;0;0
Gualeguaychu_Aero;874970;2013;10;09;24,4;5;13,2;5;1014,0;5;1011,3;5;15,0;5;5,7;5;10,3;999,9;28,4;15,0;0,0;999,9;0;0;0;0;0;0
Gualeguaychu_Aero;874970;2013;10;10;23,4;5;17,6;5;1015,5;5;1012,8;5;15,0;5;3,6;5;7,7;999,9;28,4;15,9;8,9;999,9;0;0;0;0;0;0
Gualeguaychu_Aero;874970;2013;10;11;22,3;5;15,5;5;1017,4;5;1014,7;5;15,0;5;5,1;5;6,2;999,9;27,6;16,7;6,1;999,9;0;0;0;0;1;0
Gualeguaychu_Aero;874970;2013;10;12;19,5;4;16,5;4;1015,9;4;1013,1;4;13,2;4;3,2;4;4,1;999,9;24,8;18,7;0,0;999,9;0;1;0;0;0;0
Gualeguaychu_Aero;874970;2013;10;13;21,7;5;16,5;5;1014,6;5;1011,9;5;15,0;5;2,3;5;3,1;999,9;24,8;16,6;3,0;999,9;0;1;0;0;0;0
Gualeguaychu_Aero;874970;2013;10;14;23,4;5;15,2;5;1016,4;5;1013,6;5;15,0;5;4,2;5;6,2;999,9;26,7;14,6;0,0;999,9;0;0;0;0;0;0
Gualeguaychu_Aero;874970;2013;10;15;24,9;5;13,4;5;1018,7;5;1016,1;5;15,0;5;2,1;5;3,1;999,9;28,4;10,9;0,0;999,9;0;0;0;0;0;0
Gualeguaychu_Aero;874970;2013;10;16;25,9;4;13,1;4;1017,5;4;1014,8;4;15,0;4;4,8;4;6,2;999,9;28,0;16,1;0,0;999,9;0;0;0;0;0;0
Gualeguaychu_Aero;874970;2013;10;17;23,9;5;14,5;5;1014,5;5;1011,8;5;15,0;5;5,0;5;11,3;999,9;28,9;14,4;0,0;999,9;0;0;0;0;0;0
Gualeguaychu_Aero;874970;2013;10;18;23,1;5;13,1;5;1012,1;5;1009,4;5;13,7;5;3,1;5;5,1;999,9;27,8;12,0;0,0;999,9;0;0;0;0;0;0
Gualeguaychu_Aero;874970;2013;10;19;24,4;5;13,0;5;1009,1;5;1006,4;5;15,0;5;4,2;5;6,7;999,9;28,6;12,4;0,0;999,9;0;0;0;0;0;0
Gualeguaychu_Aero;874970;2013;10;20;22,2;6;16,2;5;1002,1;5;999,4;5;12,2;6;3,3;6;7,7;999,9;29,6;19,5;7,9;999,9;0;1;0;0;1;0
Gualeguaychu_Aero;874970;2013;10;21;20,3;5;13,3;5;1012,4;5;1009,7;5;15,0;5;3,8;5;9,3;999,9;26,6;16,0;0,0;999,9;0;0;0;0;0;0
Gualeguaychu_Aero;874970;2013;10;22;21,2;4;11,0;4;1011,7;4;1008,3;4;15,0;4;7,5;4;10,8;999,9;24,8;9,5;0,0;999,9;0;0;0;0;0;0
Gualeguaychu_Aero;874970;2013;10;23;23,0;5;15,2;5;1008,1;5;1005,4;5;15,0;5;4,5;5;9,3;999,9;28,1;14,2;0,0;999,9;0;0;0;0;0;0
Gualeguaychu_Aero;874970;2013;10;24;17,7;5;7,7;5;1021,3;5;1018,6;5;15,0;5;5,6;5;7,2;999,9;29,5;12,6;0,0;999,9;0;0;0;0;0;0
Gualeguaychu_Aero;874970;2013;10;25;16,9;5;6,7;5;1023,1;4;1020,4;4;13,7;5;5,6;5;7,7;999,9;21,2;6,9;999,9;999,9;0;1;0;0;1;0
Gualeguaychu_Aero;874970;2013;10;26;18,6;5;14,4;5;1014,9;5;1012,2;5;11,7;5;3,6;5;5,7;999,9;22,2;11,7;45,0;999,9;0;1;0;0;1;0
Gualeguaychu_Aero;874970;2013;10;27;21,3;5;9,9;5;1019,2;5;1016,5;5;15,0;5;2,9;5;4,1;999,9;24,2;11,2;0,0;999,9;0;0;0;0;0;0
Gualeguaychu_Aero;874970;2013;10;28;20,9;4;4,3;4;1017,8;4;1015,1;4;15,0;4;7,6;4;10,3;999,9;24,2;9,5;0,0;999,9;0;0;0;0;0;0
Gualeguaychu_Aero;874970;2013;10;29;23,1;5;9,3;5;1013,8;5;1011,0;5;15,0;5;5,4;5;6,2;999,9;27,6;15,1;0,0;999,9;0;0;0;0;0;0
Gualeguaychu_Aero;874970;2013;10;30;22,7;5;13,0;5;1012,6;5;1009,9;5;15,0;5;5,7;5;7,7;999,9;27,6;13,0;0,0;999,9;0;0;0;0;0;0
Gualeguaychu_Aero;874970;2013;10;31;19,3;5;15,8;5;1009,9;5;1007,1;5;11,7;5;5,6;5;8,7;999,9;27,0;16,2;7,1;999,9;0;1;0;0;0;0
Gualeguaychu_Aero;874970;2013;11;01;19,9;8;18,8;8;1006,9;8;1004,3;8;8,7;8;4,4;8;8,8;999,9;21,3;16,5;23,9;999,9;0;1;0;0;1;0
Gualeguaychu_Aero;874970;2013;11;02;18,4;8;16,8;8;1010,7;8;1007,9;8;11,4;8;5,5;8;7,7;999,9;21,3;17,6;36,1;999,9;0;1;0;0;0;0
Gualeguaychu_Aero;874970;2013;11;03;18,6;6;11,0;6;1016,7;6;1014,0;6;15,0;6;3,3;6;5,1;999,9;23,2;12,2;0,0;999,9;0;0;0;0;0;0
Gualeguaychu_Aero;874970;2013;11;04;18,1;7;12,0;7;1017,6;7;1014,9;7;15,0;7;2,1;7;4,1;999,9;23,9;10,4;0,0;999,9;0;0;0;0;0;0
Gualeguaychu_Aero;874970;2013;11;05;18,9;7;12,0;7;1019,7;7;1017,0;7;14,2;7;4,6;7;6,2;999,9;24,7;12,2;0,0;999,9;0;0;0;0;0;0
Gualeguaychu_Aero;874970;2013;11;06;20,4;7;12,8;7;1016,7;7;1014,1;7;15,0;7;8,1;7;11,3;999,9;27,9;14,0;0,0;999,9;0;0;0;0;0;0
Gualeguaychu_Aero;874970;2013;11;07;21,6;7;15,4;7;1013,1;7;1010,5;7;15,0;7;5,2;7;7,7;999,9;28,3;16,3;0,0;999,9;0;0;0;0;0;0
Gualeguaychu_Aero;874970;2013;11;08;18,1;8;16,9;8;1012,9;8;1010,2;8;8,4;8;3,0;8;5,1;999,9;26,0;16,9;61,0;999,9;0;1;0;0;1;0
Gualeguaychu_Aero;874970;2013;11;09;20,4;8;16,8;8;1008,6;8;1005,9;8;15,0;8;3,9;8;5,1;999,9;25,9;16,5;18,0;999,9;0;0;0;0;0;0
Gualeguaychu_Aero;874970;2013;11;10;22,1;8;18,3;8;1004,1;8;1001,4;8;12,7;8;4,4;8;9,8;999,9;26,6;19,4;9,9;999,9;0;1;0;0;1;0
Gualeguaychu_Aero;874970;2013;11;11;20,1;7;17,4;7;1004,4;7;1001,8;7;15,0;7;5,1;7;7,7;999,9;26,7;18,5;0,0;999,9;0;0;0;0;0;0
Gualeguaychu_Aero;874970;2013;11;12;21,1;8;13,3;8;1008,4;8;1005,7;8;15,0;8;3,7;8;6,2;999,9;28,7;13,4;0,0;999,9;0;0;0;0;0;0
Gualeguaychu_Aero;874970;2013;11;13;22,1;8;13,0;8;1015,1;8;1012,4;8;15,0;8;4,9;8;9,3;999,9;29,2;15,7;0,0;999,9;0;0;0;0;0;0
