Junin_Aero;875480;2013;01;01;16.3;8;5.7;8;1018.3;8;1008.8;8;10.8;8;4.9;8;5.7;999.9;28.4;10.0;0.0;999.9;0;0;0;0;0;0
Junin_Aero;875480;2013;01;02;16.2;8;7.8;8;1020.2;8;1010.5;8;11.7;8;2.8;8;5.7;999.9;24.4;6.2;0.0;999.9;0;0;0;0;0;0
Junin_Aero;875480;2013;01;03;20.2;8;11.5;8;1015.9;8;1006.4;8;13.5;8;6.7;8;9.8;999.9;28.0;11.4;0.0;999.9;0;0;0;0;0;0
Junin_Aero;875480;2013;01;04;22.7;9;16.9;9;1012.0;8;1002.6;8;10.3;9;5.4;9;8.2;999.9;31.0;16.5;999.9;999.9;0;1;0;0;1;0
Junin_Aero;875480;2013;01;05;22.1;8;18.6;8;1008.0;8;998.7;8;11.6;8;3.4;8;6.2;999.9;31.6;18.7;15.0;999.9;0;0;0;0;0;0
Junin_Aero;875480;2013;01;06;23.5;8;18.2;8;1006.4;8;997.0;8;9.5;8;3.1;8;5.7;999.9;30.0;16.2;0.0;999.9;1;0;0;0;0;0
Junin_Aero;875480;2013;01;07;24.4;8;18.6;8;1002.4;8;993.2;8;11.7;8;3.3;8;4.1;999.9;30.3;18.5;0.0;999.9;0;0;0;0;0;0
Junin_Aero;875480;2013;01;08;22.1;8;15.2;8;1008.2;8;998.9;8;11.9;8;3.0;8;5.1;999.9;30.4;16.4;0.0;999.9;0;0;0;0;0;0
Junin_Aero;875480;2013;01;09;22.8;8;15.2;8;1015.0;8;1005.5;8;11.3;8;1.5;8;2.6;999.9;30.4;14.4;0.0;999.9;0;0;0;0;0;0
Junin_Aero;875480;2013;01;10;25.7;8;18.4;8;1015.9;8;1006.5;8;12.6;8;4.5;8;7.2;999.9;32.5;17.5;0.0;999.9;0;0;0;0;0;0
Junin_Aero;875480;2013;01;11;25.2;8;16.3;8;1014.5;8;1005.2;8;13.5;8;6.4;8;8.2;999.9;33.2;17.6;0.0;999.9;0;0;0;0;0;0
Junin_Aero;875480;2013;01;12;23.9;8;15.4;8;1010.8;8;1001.5;8;13.2;8;5.4;8;8.2;999.9;32.6;16.5;0.0;999.9;0;0;0;0;0;0
Junin_Aero;875480;2013;01;13;24.0;8;15.6;8;1014.1;8;1004.7;8;13.5;8;3.3;8;6.2;999.9;30.8;15.5;0.0;999.9;0;0;0;0;0;0
Junin_Aero;875480;2013;01;14;24.7;8;16.0;8;1014.9;8;1005.6;8;12.1;8;2.1;8;6.2;999.9;31.5;16.8;0.0;999.9;0;0;0;0;0;0
Junin_Aero;875480;2013;01;15;25.2;8;16.8;8;1011.5;8;1002.2;8;14.0;8;4.0;8;6.2;999.9;32.3;16.0;0.0;999.9;0;0;0;0;0;0
Junin_Aero;875480;2013;01;16;23.8;8;18.1;8;1006.9;8;997.6;8;12.1;8;3.5;8;4.6;999.9;32.2;18.7;0.0;999.9;0;0;0;0;0;0
Junin_Aero;875480;2013;01;17;23.0;8;18.6;8;1011.3;8;1001.9;8;11.4;8;4.4;8;5.7;999.9;30.0;18.5;13.0;999.9;0;1;0;0;1;0
Junin_Aero;875480;2013;01;18;22.9;8;18.7;8;1015.6;8;1006.2;8;8.5;8;3.2;8;4.1;999.9;29.9;18.5;0.0;999.9;0;0;0;0;0;0
Junin_Aero;875480;2013;01;19;20.8;8;15.0;8;1018.4;8;1008.9;8;12.1;8;5.3;8;7.2;999.9;27.0;15.8;0.0;999.9;0;0;0;0;0;0
Junin_Aero;875480;2013;01;20;20.9;8;14.1;8;1021.3;8;1011.8;8;12.7;8;4.6;8;6.2;999.9;26.0;14.2;0.0;999.9;0;0;0;0;0;0
Junin_Aero;875480;2013;01;21;21.5;8;14.2;8;1019.8;8;1010.2;8;13.5;8;4.6;8;7.7;999.9;28.5;13.6;0.0;999.9;0;0;0;0;0;0
Junin_Aero;875480;2013;01;22;22.8;8;16.1;8;1016.4;8;1007.0;8;11.4;8;4.4;8;6.2;999.9;29.2;16.0;0.0;999.9;0;0;0;0;0;0
Junin_Aero;875480;2013;01;23;25.2;8;18.0;8;1010.5;8;1001.2;8;11.3;8;3.4;8;4.6;999.9;32.4;17.0;999.9;999.9;0;1;0;0;0;0
Junin_Aero;875480;2013;01;24;26.6;8;19.4;8;1001.9;8;992.7;8;11.7;8;4.3;8;12.3;999.9;36.6;17.4;0.0;999.9;0;0;0;0;0;0
Junin_Aero;875480;2013;01;25;18.9;8;9.7;8;1011.3;8;1001.8;8;10.9;8;5.4;8;8.2;999.9;23.7;13.5;0.0;999.9;0;0;0;0;0;0
Junin_Aero;875480;2013;01;26;17.6;8;6.8;8;1015.4;8;1005.8;8;14.0;8;2.5;8;5.1;999.9;26.7;6.5;0.0;999.9;0;0;0;0;0;0
Junin_Aero;875480;2013;01;27;21.5;8;14.0;8;1011.8;8;1002.4;8;12.4;8;4.0;8;10.3;999.9;31.8;12.0;0.0;999.9;0;0;0;0;0;0
Junin_Aero;875480;2013;01;28;24.9;8;17.1;8;1013.0;8;1003.7;8;10.9;8;2.6;8;3.6;999.9;32.8;16.0;0.0;999.9;0;0;0;0;0;0
Junin_Aero;875480;2013;01;29;24.2;8;18.6;8;1013.8;8;1004.4;8;9.8;8;2.0;8;5.7;999.9;33.8;18.0;0.0;999.9;0;0;0;0;0;0
Junin_Aero;875480;2013;01;30;25.2;8;17.8;8;1011.2;8;1001.8;8;11.6;8;2.3;8;8.2;999.9;33.4;17.0;0.0;999.9;0;0;0;0;0;0
Junin_Aero;875480;2013;01;31;25.1;8;18.4;8;1009.6;8;1000.3;8;13.2;8;3.5;8;6.2;999.9;34.0;20.0;0.0;999.9;0;0;0;0;0;0
Junin_Aero;875480;2013;02;01;26.1;8;20.7;8;1005.2;8;996.0;8;10.8;8;3.3;8;5.1;999.9;35.6;17.5;0.0;999.9;0;0;0;0;0;0
Junin_Aero;875480;2013;02;02;25.7;8;17.3;8;1009.3;8;1000.0;8;10.8;8;4.0;8;6.2;999.9;36.4;18.0;0.0;999.9;0;0;0;0;0;0
Junin_Aero;875480;2013;02;03;21.3;8;10.7;8;1017.8;8;1008.3;8;13.0;8;4.2;8;6.7;999.9;30.2;12.4;0.0;999.9;0;0;0;0;0;0
Junin_Aero;875480;2013;02;04;19.4;8;10.2;8;1014.0;8;1004.4;8;11.6;8;5.5;8;9.8;999.9;28.0;10.8;0.0;999.9;0;0;0;0;0;0
Junin_Aero;875480;2013;02;05;21.8;8;12.2;8;1014.1;8;1004.6;8;14.3;8;4.1;8;6.7;999.9;30.0;11.0;0.0;999.9;0;0;0;0;0;0
Junin_Aero;875480;2013;02;06;22.5;8;13.9;8;1015.7;8;1006.3;8;12.4;8;4.6;8;6.7;999.9;30.8;12.5;0.0;999.9;0;0;0;0;0;0
Junin_Aero;875480;2013;02;07;22.7;8;14.1;8;1016.1;8;1006.7;8;10.9;8;3.0;8;5.7;999.9;31.0;13.0;0.0;999.9;0;0;0;0;0;0
Junin_Aero;875480;2013;02;08;24.3;8;16.1;8;1012.4;8;1003.0;8;12.1;8;3.8;8;6.7;999.9;32.0;16.5;0.0;999.9;0;0;0;0;0;0
Junin_Aero;875480;2013;02;09;24.6;7;16.7;7;1010.0;7;1000.7;7;11.6;7;4.8;7;7.2;999.9;33.2;17.8;0.0;999.9;0;0;0;0;0;0
Junin_Aero;875480;2013;02;10;26.7;8;19.1;8;1007.2;8;998.0;8;14.6;8;2.4;8;3.6;999.9;34.0;18.7;0.0;999.9;0;0;0;0;0;0
Junin_Aero;875480;2013;02;11;25.6;8;17.4;8;1006.8;8;997.5;8;12.1;8;2.8;8;4.6;999.9;34.3;17.6;10.9;999.9;0;1;0;0;1;0
Junin_Aero;875480;2013;02;12;24.8;8;19.2;8;1003.6;8;994.4;8;10.9;8;2.3;8;5.1;999.9;34.0;17.5;0.0;999.9;0;1;0;0;0;0
Junin_Aero;875480;2013;02;13;23.2;8;18.7;8;1006.9;8;997.5;8;10.9;8;2.9;8;6.2;999.9;33.0;17.2;0.0;999.9;0;0;0;0;0;0
Junin_Aero;875480;2013;02;14;23.2;7;16.8;7;1009.7;7;1000.4;7;9.8;7;1.9;7;3.6;999.9;31.2;17.2;0.0;999.9;0;0;0;0;0;0
Junin_Aero;875480;2013;02;15;25.1;8;17.7;8;1010.4;8;1001.1;8;13.2;8;2.8;8;7.2;999.9;33.6;16.5;0.0;999.9;0;0;0;0;0;0
Junin_Aero;875480;2013;02;16;23.6;8;18.6;8;1004.9;8;995.6;8;10.5;8;5.5;8;8.7;999.9;34.4;17.5;999.9;999.9;0;1;0;0;1;0
Junin_Aero;875480;2013;02;17;21.8;8;16.2;8;1005.8;8;996.4;8;10.8;8;3.7;8;6.2;999.9;32.4;18.0;3.0;999.9;0;0;0;0;0;0
Junin_Aero;875480;2013;02;18;18.7;7;9.2;7;1016.7;7;1007.2;7;10.0;7;3.4;7;5.7;999.9;25.8;11.6;0.0;999.9;0;0;0;0;0;0
Junin_Aero;875480;2013;02;19;17.6;8;10.5;8;1019.5;8;1009.9;8;10.9;8;3.8;8;6.2;999.9;25.4;13.0;0.0;999.9;0;1;0;0;0;0
Junin_Aero;875480;2013;02;20;18.0;8;13.9;8;1017.3;8;1007.7;8;11.6;8;3.1;8;5.1;999.9;23.0;13.0;0.0;999.9;0;1;0;0;0;0
Junin_Aero;875480;2013;02;21;20.3;8;15.4;8;1014.7;8;1005.1;8;10.3;8;2.9;8;5.1;999.9;25.8;14.0;119.9;999.9;0;1;0;0;1;0
Junin_Aero;875480;2013;02;22;20.4;8;15.3;8;1016.9;8;1007.3;8;10.9;8;4.9;8;8.7;999.9;27.2;12.5;0.0;999.9;0;0;0;0;0;0
Junin_Aero;875480;2013;02;23;21.7;8;18.4;8;1010.7;8;1001.2;8;10.9;8;6.8;8;9.3;999.9;28.0;18.4;0.0;999.9;0;0;0;0;0;0
Junin_Aero;875480;2013;02;24;22.9;8;17.2;8;1007.0;8;997.7;8;9.8;8;3.4;8;6.2;999.9;27.6;17.5;25.9;999.9;0;1;0;0;1;0
Junin_Aero;875480;2013;02;25;18.6;8;10.1;8;1013.8;8;1004.2;8;13.5;8;5.1;8;7.2;999.9;28.8;12.5;0.0;999.9;0;0;0;0;0;0
Junin_Aero;875480;2013;02;26;16.1;8;7.1;8;1016.7;8;1007.0;8;11.6;8;2.6;8;4.6;999.9;23.1;6.5;0.0;999.9;0;0;0;0;0;0
Junin_Aero;875480;2013;02;27;17.2;8;10.2;8;1015.9;8;1006.2;8;11.7;8;3.0;8;7.2;999.9;25.4;8.0;0.0;999.9;0;0;0;0;0;0
Junin_Aero;875480;2013;02;28;19.7;8;12.6;8;1013.5;8;1003.9;8;11.3;8;6.5;8;11.3;999.9;27.2;12.2;0.0;999.9;0;0;0;0;0;0
Junin_Aero;875480;2013;03;01;20.9;8;15.3;8;1007.7;8;998.3;8;10.3;8;6.5;8;11.3;999.9;27.6;15.6;0.0;999.9;0;0;0;0;0;0
Junin_Aero;875480;2013;03;02;20.8;8;16.7;8;1002.6;7;993.2;7;8.5;8;6.5;8;10.3;999.9;27.6;16.0;23.9;999.9;0;1;0;0;1;0
Junin_Aero;875480;2013;03;03;17.9;8;12.3;8;1014.9;8;1005.3;8;11.4;8;4.6;8;6.7;999.9;25.2;13.5;0.0;999.9;0;1;0;0;0;0
Junin_Aero;875480;2013;03;04;16.9;8;9.2;8;1018.5;8;1008.8;8;10.9;8;2.9;8;4.1;999.9;23.4;7.2;0.0;999.9;0;0;0;0;0;0
Junin_Aero;875480;2013;03;05;17.0;8;10.9;8;1014.0;8;1004.4;8;12.6;8;1.5;8;4.1;999.9;24.6;7.0;0.0;999.9;0;0;0;0;0;0
Junin_Aero;875480;2013;03;06;20.3;8;13.6;8;1007.8;8;998.2;8;11.1;8;3.6;8;6.2;999.9;29.6;12.2;0.0;999.9;0;0;0;0;0;0
Junin_Aero;875480;2013;03;07;21.2;8;11.2;8;1011.5;8;1002.0;8;13.2;8;4.1;8;5.7;999.9;30.6;14.2;0.0;999.9;0;0;0;0;0;0
Junin_Aero;875480;2013;03;08;20.9;8;15.9;8;1012.3;8;1002.9;8;9.8;8;4.9;8;7.2;999.9;28.8;14.0;0.0;999.9;0;0;0;0;0;0
Junin_Aero;875480;2013;03;09;22.9;9;18.5;9;1007.6;8;998.2;8;9.0;9;3.9;9;7.7;22.1;31.0;14.5;999.9;999.9;0;1;0;0;1;0
Junin_Aero;875480;2013;03;10;20.4;7;13.2;7;1008.1;7;998.7;7;12.7;7;4.1;7;6.2;999.9;31.2;13.4;59.9;999.9;0;0;0;0;0;0
Junin_Aero;875480;2013;03;11;15.1;7;11.1;7;1007.9;7;998.4;7;11.6;7;1.0;7;1.5;999.9;24.7;8.6;0.0;999.9;0;0;0;0;0;0
Junin_Aero;875480;2013;03;12;17.2;8;11.3;8;1010.6;8;1001.1;8;11.4;8;3.6;8;5.7;999.9;22.8;13.2;0.5;999.9;0;0;0;0;0;0
Junin_Aero;875480;2013;03;13;14.5;8;9.8;8;1016.8;8;1007.1;8;9.8;8;3.6;8;5.7;999.9;23.6;12.0;1.0;999.9;0;1;0;0;0;0
Junin_Aero;875480;2013;03;14;12.4;8;7.1;8;1021.6;8;1011.8;8;10.0;8;2.1;8;3.6;999.9;18.2;5.0;0.0;999.9;0;0;0;0;0;0
Junin_Aero;875480;2013;03;15;13.2;8;7.6;8;1023.3;8;1013.5;8;11.9;8;3.3;8;5.1;999.9;19.4;8.4;0.0;999.9;0;0;0;0;0;0
Junin_Aero;875480;2013;03;16;12.0;8;5.8;8;1025.7;8;1015.8;8;9.8;8;2.5;8;5.1;999.9;19.4;3.8;0.0;999.9;1;0;0;0;0;0
Junin_Aero;875480;2013;03;17;13.7;8;7.5;8;1026.5;8;1016.6;8;13.2;8;3.8;8;7.7;999.9;20.6;6.2;0.0;999.9;0;0;0;0;0;0
Junin_Aero;875480;2013;03;18;16.1;8;9.4;8;1023.8;8;1014.1;8;10.3;8;4.3;8;7.2;999.9;21.4;10.0;0.0;999.9;0;0;0;0;0;0
Junin_Aero;875480;2013;03;19;16.9;8;11.9;8;1019.2;8;1009.5;8;9.8;8;4.1;8;7.2;999.9;23.0;10.0;0.0;999.9;0;0;0;0;0;0
Junin_Aero;875480;2013;03;20;19.4;8;15.8;8;1012.1;8;1002.6;8;8.5;8;2.8;8;5.7;999.9;24.8;12.9;0.0;999.9;1;1;0;0;0;0
Junin_Aero;875480;2013;03;21;19.6;8;14.3;8;1010.6;8;1001.1;8;9.7;8;3.8;8;7.2;999.9;26.4;13.8;0.0;999.9;1;0;0;0;0;0
Junin_Aero;875480;2013;03;22;18.2;8;7.8;8;1015.6;8;1006.1;8;11.7;8;1.8;8;2.6;999.9;26.7;9.0;0.0;999.9;0;0;0;0;0;0
Junin_Aero;875480;2013;03;23;19.3;8;14.3;8;1016.4;8;1006.9;8;10.5;8;2.6;8;4.6;999.9;26.7;14.5;2.0;999.9;0;1;0;0;1;0
Junin_Aero;875480;2013;03;24;19.4;8;15.0;8;1012.7;8;1003.1;8;9.8;8;5.1;8;11.3;999.9;28.2;12.8;0.0;999.9;0;0;0;0;0;0
Junin_Aero;875480;2013;03;25;19.2;9;13.8;9;1011.5;8;1002.0;8;9.7;9;3.0;9;5.1;999.9;29.6;13.8;24.9;999.9;0;1;0;0;1;0
Junin_Aero;875480;2013;03;26;18.2;8;9.2;8;1018.9;8;1009.2;8;12.4;8;2.8;8;3.6;999.9;25.6;10.3;0.0;999.9;0;0;0;0;0;0
Junin_Aero;875480;2013;03;27;17.8;7;9.4;7;1020.0;7;1010.3;7;12.4;7;2.9;7;5.1;999.9;25.0;7.8;0.0;999.9;0;0;0;0;0;0
Junin_Aero;875480;2013;03;28;17.2;8;9.6;8;1019.7;8;1010.0;8;11.7;8;3.6;8;5.7;999.9;26.3;7.6;0.0;999.9;0;0;0;0;0;0
Junin_Aero;875480;2013;03;29;18.3;8;11.5;8;1017.1;8;1007.5;8;11.7;8;5.1;8;10.3;999.9;27.4;8.9;0.0;999.9;0;0;0;0;0;0
Junin_Aero;875480;2013;03;30;20.1;8;13.7;8;1013.5;8;1004.0;8;13.2;8;3.8;8;5.7;999.9;28.2;10.4;0.0;999.9;0;0;0;0;0;0
Junin_Aero;875480;2013;03;31;19.2;8;16.7;8;1014.1;8;1004.7;8;9.3;8;4.7;8;7.7;999.9;28.6;16.4;10.9;999.9;0;1;0;0;1;0
Junin_Aero;875480;2013;04;01;17.9;7;16.9;7;1015.3;7;1005.7;7;7.1;7;3.7;7;7.2;999.9;21.8;16.9;0.0;999.9;0;1;0;0;1;0
Junin_Aero;875480;2013;04;02;17.8;8;16.2;8;1014.9;8;1005.3;8;9.5;8;2.6;8;3.6;999.9;20.6;15.0;10.9;999.9;1;1;0;0;0;0
Junin_Aero;875480;2013;04;03;16.8;8;14.9;8;1015.1;8;1005.4;8;9.8;8;3.7;8;4.6;999.9;21.2;14.6;0.0;999.9;0;1;0;0;0;0
Junin_Aero;875480;2013;04;04;16.0;8;12.1;8;1010.2;8;1000.6;8;10.6;8;3.4;8;8.7;999.9;22.4;8.2;0.0;999.9;1;0;0;0;0;0
Junin_Aero;875480;2013;04;05;17.7;8;11.3;8;1006.1;8;996.5;8;12.1;8;3.5;8;7.2;999.9;25.0;9.0;0.0;999.9;0;0;0;0;0;0
Junin_Aero;875480;2013;04;06;15.5;8;7.6;8;1009.3;8;999.8;8;12.1;8;3.6;8;7.7;999.9;26.5;9.0;0.0;999.9;0;0;0;0;0;0
Junin_Aero;875480;2013;04;07;11.7;8;4.6;8;1017.5;8;1007.6;8;11.1;8;1.3;8;2.1;999.9;21.2;2.3;0.0;999.9;0;0;0;0;0;0
Junin_Aero;875480;2013;04;08;14.8;8;6.6;8;1018.1;8;1008.4;8;10.9;8;1.5;8;3.1;999.9;25.0;6.0;0.0;999.9;0;0;0;0;0;0
Junin_Aero;875480;2013;04;09;16.0;8;7.2;8;1017.2;8;1007.6;8;11.6;8;4.3;8;8.2;999.9;26.2;7.5;0.0;999.9;0;0;0;0;0;0
Junin_Aero;875480;2013;04;10;16.4;8;10.4;8;1013.8;8;1004.2;8;11.3;8;6.8;8;11.3;999.9;25.5;12.0;0.0;999.9;0;0;0;0;0;0
Junin_Aero;875480;2013;04;11;16.8;9;15.4;9;1008.4;8;998.9;8;9.0;9;4.6;9;9.3;999.9;23.2;14.0;15.0;999.9;0;1;0;0;1;0
Junin_Aero;875480;2013;04;12;15.5;8;8.9;8;1013.7;8;1004.0;8;10.8;8;5.1;8;6.2;999.9;19.5;12.0;0.0;999.9;0;0;0;0;0;0
Junin_Aero;875480;2013;04;13;10.4;8;2.3;8;1019.1;8;1009.3;8;11.4;8;2.5;8;4.6;999.9;19.0;2.0;0.0;999.9;0;0;0;0;0;0
Junin_Aero;875480;2013;04;14;15.6;8;6.2;8;1014.3;8;1004.5;8;10.9;8;3.9;8;10.3;999.9;25.0;7.2;0.0;999.9;0;0;0;0;0;0
Junin_Aero;875480;2013;04;15;18.7;8;11.0;8;1014.6;8;1005.1;8;10.1;8;2.4;8;4.6;999.9;27.0;9.8;0.0;999.9;0;0;0;0;0;0
Junin_Aero;875480;2013;04;16;17.2;8;11.0;8;1018.4;8;1008.8;8;12.1;8;3.3;8;5.7;999.9;27.2;9.8;0.0;999.9;0;0;0;0;0;0
Junin_Aero;875480;2013;04;17;17.1;8;11.2;8;1017.4;8;1007.7;8;10.6;8;3.8;8;6.7;999.9;26.8;7.0;0.0;999.9;0;0;0;0;0;0
Junin_Aero;875480;2013;04;18;18.8;8;12.3;8;1015.7;8;1006.1;8;10.6;8;3.3;8;5.7;999.9;29.0;10.0;0.0;999.9;0;0;0;0;0;0
Junin_Aero;875480;2013;04;19;18.8;8;9.7;8;1016.0;8;1006.4;8;10.5;8;2.9;8;5.1;999.9;29.4;9.3;0.0;999.9;0;0;0;0;0;0
Junin_Aero;875480;2013;04;20;18.0;8;10.0;8;1017.8;8;1008.1;8;11.4;8;4.3;8;8.2;999.9;30.4;9.4;0.0;999.9;0;0;0;0;0;0
Junin_Aero;875480;2013;04;21;19.4;8;11.6;8;1018.3;8;1008.7;8;11.7;8;4.3;8;6.7;999.9;28.5;9.5;0.0;999.9;0;0;0;0;0;0
Junin_Aero;875480;2013;04;22;19.2;8;11.7;8;1018.7;8;1009.2;8;11.7;8;4.2;8;6.2;999.9;28.4;10.2;0.0;999.9;0;0;0;0;0;0
Junin_Aero;875480;2013;04;23;19.1;8;13.1;8;1019.3;8;1009.7;8;10.3;8;3.3;8;4.6;999.9;28.4;12.0;0.0;999.9;0;0;0;0;0;0
Junin_Aero;875480;2013;04;24;19.8;8;13.7;8;1017.4;8;1007.9;8;9.7;8;4.3;8;6.7;999.9;27.6;12.0;0.0;999.9;0;0;0;0;0;0
Junin_Aero;875480;2013;04;25;19.3;8;13.3;8;1014.6;8;1005.1;8;9.8;8;3.8;8;6.2;999.9;28.4;11.0;0.0;999.9;0;0;0;0;0;0
Junin_Aero;875480;2013;04;26;19.3;8;12.7;8;1013.7;8;1004.2;8;11.3;8;3.4;8;5.7;999.9;28.9;11.6;0.0;999.9;0;0;0;0;0;0
Junin_Aero;875480;2013;04;27;17.2;8;14.3;8;1012.3;8;1002.8;8;9.8;8;5.0;8;9.8;999.9;27.8;14.5;9.9;999.9;0;1;0;0;0;0
Junin_Aero;875480;2013;04;28;16.4;8;14.4;8;1010.8;8;1001.2;8;7.1;8;3.0;8;4.6;999.9;18.4;13.6;24.9;999.9;0;1;0;0;1;0
Junin_Aero;875480;2013;04;29;15.3;9;12.9;9;1012.4;8;1002.7;8;8.2;9;2.8;9;4.1;999.9;20.4;11.8;0.0;999.9;1;0;0;0;0;0
Junin_Aero;875480;2013;04;30;15.3;8;12.2;8;1015.0;8;1005.3;8;6.8;8;2.4;8;6.2;999.9;22.5;8.5;0.0;999.9;1;0;0;0;0;0
Junin_Aero;875480;2013;05;01;17.4;8;14.6;8;1012.5;8;1002.9;8;10.3;8;5.1;8;7.2;999.9;23.2;12.4;0.0;999.9;0;0;0;0;0;0
Junin_Aero;875480;2013;05;02;18.9;8;17.3;8;1011.3;8;1001.7;8;7.2;8;3.4;8;6.2;999.9;21.9;15.2;0.0;999.9;1;0;0;0;0;0
Junin_Aero;875480;2013;05;03;16.4;8;15.3;8;1010.6;8;1001.1;8;6.9;8;4.7;8;7.7;999.9;21.2;13.0;79.0;999.9;1;1;0;0;1;0
Junin_Aero;875480;2013;05;04;12.8;10;10.9;10;1015.5;8;1005.8;8;6.8;10;2.0;10;3.6;999.9;18.8;9.0;10.9;999.9;1;0;0;0;0;0
Junin_Aero;875480;2013;05;05;14.5;8;10.3;8;1019.0;8;1009.3;8;9.7;8;1.9;8;4.6;999.9;21.2;7.3;0.0;999.9;0;0;0;0;0;0
Junin_Aero;875480;2013;05;06;14.4;8;9.4;8;1015.2;8;1005.4;8;11.7;8;3.6;8;8.2;999.9;22.0;7.6;0.0;999.9;0;0;0;0;0;0
Junin_Aero;875480;2013;05;07;11.1;8;3.0;8;1021.5;8;1011.6;8;11.4;8;3.4;8;6.7;999.9;21.8;1.0;0.0;999.9;0;0;0;0;0;0
Junin_Aero;875480;2013;05;08;13.1;8;5.4;8;1013.0;8;1003.2;8;10.6;8;3.8;8;6.2;999.9;25.0;4.4;0.0;999.9;0;0;0;0;0;0
Junin_Aero;875480;2013;05;09;16.1;8;11.6;8;1012.9;8;1003.3;8;10.5;8;3.3;8;5.7;999.9;25.6;7.2;0.0;999.9;0;0;0;0;0;0
Junin_Aero;875480;2013;05;10;17.6;8;13.2;8;1009.7;8;1000.1;8;9.8;8;4.5;8;8.2;999.9;24.9;10.5;0.0;999.9;0;0;0;0;0;0
Junin_Aero;875480;2013;05;11;18.2;9;11.3;9;1013.3;8;1003.7;8;11.1;9;4.0;9;7.2;999.9;24.5;12.5;0.0;999.9;0;0;0;0;0;0
Junin_Aero;875480;2013;05;12;12.6;8;7.0;8;1015.7;8;1006.0;8;10.3;8;1.8;8;3.6;999.9;21.2;3.2;0.0;999.9;0;0;0;0;0;0
Junin_Aero;875480;2013;05;13;13.3;8;9.7;8;1014.6;8;1004.9;8;9.2;8;1.0;8;2.1;999.9;21.6;7.1;0.0;999.9;0;0;0;0;0;0
Junin_Aero;875480;2013;05;14;14.6;9;11.3;9;1012.6;8;1003.0;8;9.5;9;2.1;9;4.1;999.9;21.4;9.3;0.0;999.9;0;1;0;0;1;0
Junin_Aero;875480;2013;05;15;8.0;8;0.9;8;1018.5;8;1008.6;8;10.1;8;5.3;8;7.7;999.9;19.6;2.6;17.0;999.9;0;1;0;0;0;0
Junin_Aero;875480;2013;05;16;6.3;8;-0.6;8;1024.1;8;1014.1;8;10.5;8;2.6;8;4.1;999.9;12.2;-0.5;0.0;999.9;0;0;0;0;0;0
Junin_Aero;875480;2013;05;17;6.6;8;0.6;8;1024.6;8;1014.5;8;11.9;8;2.5;8;5.1;999.9;15.2;-1.3;0.0;999.9;0;0;0;0;0;0
Junin_Aero;875480;2013;05;18;7.6;7;4.9;7;1023.4;7;1013.4;7;8.4;7;3.6;7;5.1;999.9;16.0;1.8;0.0;999.9;0;1;0;0;0;0
Junin_Aero;875480;2013;05;19;9.5;9;8.4;9;1023.0;8;1013.1;8;6.9;9;1.9;9;4.6;999.9;11.8;7.8;18.0;999.9;1;1;0;0;0;0
Junin_Aero;875480;2013;05;20;10.8;8;7.6;8;1021.8;8;1011.8;8;7.6;8;1.5;8;2.6;999.9;14.4;2.7;0.0;999.9;1;0;0;0;0;0
Junin_Aero;875480;2013;05;21;9.3;8;6.8;8;1018.7;8;1008.8;8;6.6;8;1.3;8;2.6;999.9;15.2;1.7;0.0;999.9;1;0;0;0;0;0
Junin_Aero;875480;2013;05;22;8.4;8;6.4;8;1020.5;8;1010.6;8;4.5;8;1.1;8;2.1;999.9;16.0;0.0;0.0;999.9;1;0;0;0;0;0
Junin_Aero;875480;2013;05;23;9.0;8;6.1;8;1019.7;8;1009.7;8;3.5;8;1.6;8;4.1;999.9;17.4;1.5;0.0;999.9;1;0;0;0;0;0
Junin_Aero;875480;2013;05;24;10.1;8;6.8;8;1019.1;8;1009.2;8;9.2;8;2.3;8;4.6;999.9;18.4;3.2;0.0;999.9;0;0;0;0;0;0
Junin_Aero;875480;2013;05;25;11.7;8;9.1;8;1018.5;7;1008.7;7;7.6;8;4.4;8;6.7;999.9;20.0;5.5;0.0;999.9;1;0;0;0;0;0
Junin_Aero;875480;2013;05;26;12.8;8;9.7;8;1013.6;8;1003.8;8;6.8;8;3.9;8;6.2;999.9;20.6;7.2;0.0;999.9;1;0;0;0;0;0
Junin_Aero;875480;2013;05;27;11.8;8;8.9;8;1009.9;8;1000.2;8;8.5;8;4.1;8;8.2;999.9;21.0;3.7;0.0;999.9;1;0;0;0;0;0
Junin_Aero;875480;2013;05;28;16.2;8;13.6;8;1000.3;8;990.7;8;9.8;8;4.4;8;6.2;999.9;20.6;8.0;1.0;999.9;0;0;0;0;1;0
Junin_Aero;875480;2013;05;29;12.9;8;7.0;8;1006.3;8;996.7;8;10.3;8;4.0;8;10.3;999.9;20.8;6.5;0.0;999.9;0;0;0;0;0;0
Junin_Aero;875480;2013;05;30;11.3;8;3.2;8;1011.3;8;1001.5;8;11.7;8;4.2;8;5.1;999.9;19.2;1.5;0.0;999.9;0;0;0;0;0;0
Junin_Aero;875480;2013;05;31;14.6;8;5.8;8;1005.8;8;996.1;8;10.8;8;6.7;8;12.9;999.9;20.4;6.4;0.0;999.9;0;0;0;0;0;0
Junin_Aero;875480;2013;06;01;10.6;8;5.4;8;1009.7;8;1000.0;8;11.4;8;2.6;8;8.2;999.9;21.9;2.8;0.0;999.9;0;0;0;0;0;0
Junin_Aero;875480;2013;06;02;11.9;8;2.9;8;1015.8;8;1006.1;8;11.7;8;3.7;8;5.1;999.9;22.8;4.6;0.0;999.9;0;0;0;0;0;0
Junin_Aero;875480;2013;06;03;10.7;8;4.0;8;1018.4;8;1008.5;8;10.8;8;3.4;8;5.1;999.9;20.6;3.8;0.0;999.9;0;0;0;0;0;0
Junin_Aero;875480;2013;06;04;13.4;8;6.2;8;1013.8;8;1004.0;8;10.8;8;3.4;8;5.1;999.9;21.0;7.0;0.0;999.9;0;0;0;0;0;0
Junin_Aero;875480;2013;06;05;12.1;8;6.3;8;1010.7;8;1001.0;8;9.8;8;2.9;8;7.2;999.9;22.2;5.7;0.0;999.9;0;0;0;0;0;0
Junin_Aero;875480;2013;06;06;9.6;8;3.1;8;1020.0;8;1010.2;8;11.3;8;3.0;8;4.6;999.9;23.1;3.0;0.0;999.9;0;0;0;0;0;0
Junin_Aero;875480;2013;06;07;8.5;8;4.7;8;1017.4;8;1007.4;8;11.7;8;3.9;8;6.7;999.9;15.4;3.0;0.0;999.9;0;0;0;0;0;0
Junin_Aero;875480;2013;06;08;9.8;7;2.1;7;1024.3;7;1014.3;7;10.0;7;4.3;7;8.2;999.9;17.6;4.0;0.0;999.9;0;0;0;0;0;0
Junin_Aero;875480;2013;06;09;12.2;8;9.3;8;1018.5;8;1008.7;8;9.8;8;3.0;8;4.6;999.9;17.2;4.6;8.9;999.9;0;1;0;0;0;0
Junin_Aero;875480;2013;06;10;11.9;8;10.8;8;1017.3;8;1007.5;8;2.7;8;2.1;8;3.6;999.9;17.0;8.2;0.0;999.9;1;0;0;0;0;0
Junin_Aero;875480;2013;06;11;13.2;8;12.3;8;1018.2;8;1008.5;8;2.7;8;3.3;8;6.2;999.9;18.3;8.0;0.0;999.9;1;0;0;0;0;0
Junin_Aero;875480;2013;06;12;16.8;8;13.8;8;1015.8;8;1006.0;8;6.9;8;3.3;8;5.7;999.9;25.3;10.0;0.0;999.9;0;0;0;0;0;0
Junin_Aero;875480;2013;06;13;17.8;8;15.1;8;1013.9;8;1004.3;8;7.6;8;2.8;8;5.7;999.9;25.4;11.0;0.0;999.9;1;0;0;0;0;0
Junin_Aero;875480;2013;06;14;12.1;8;6.5;8;1021.6;8;1011.8;8;11.3;8;4.8;8;7.7;999.9;25.2;9.0;0.0;999.9;0;0;0;0;0;0
Junin_Aero;875480;2013;06;15;8.5;8;5.1;8;1019.2;8;1009.2;8;10.5;8;6.1;8;10.8;999.9;14.4;4.3;0.0;999.9;0;0;0;0;0;0
Junin_Aero;875480;2013;06;16;11.1;8;8.3;8;1015.2;8;1005.4;8;8.4;8;4.7;8;7.7;999.9;16.0;4.9;8.9;999.9;0;1;0;0;0;0
Junin_Aero;875480;2013;06;17;5.6;8;2.2;8;1019.6;8;1009.6;8;10.9;8;2.1;8;5.1;999.9;13.1;-1.5;0.0;999.9;0;0;0;0;0;0
Junin_Aero;875480;2013;06;18;8.9;8;3.9;8;1015.4;8;1005.5;8;10.3;8;3.9;8;6.2;999.9;14.0;-0.3;0.0;999.9;0;0;0;0;0;0
Junin_Aero;875480;2013;06;19;4.8;8;-4.1;8;1025.4;8;1015.3;8;10.5;8;2.1;8;4.1;999.9;14.8;-1.6;0.0;999.9;0;0;0;0;0;0
Junin_Aero;875480;2013;06;20;3.6;8;-3.2;8;1025.2;8;1015.0;8;10.8;8;2.1;8;4.6;999.9;13.3;-3.6;0.0;999.9;0;0;0;0;0;0
Junin_Aero;875480;2013;06;21;3.4;7;-2.5;7;1014.8;7;1004.7;7;11.4;7;2.3;7;5.1;999.9;16.3;-4.0;0.0;999.9;0;0;0;0;0;0
Junin_Aero;875480;2013;06;22;9.1;8;2.3;8;1012.6;8;1002.7;8;12.1;8;3.6;8;5.1;999.9;16.5;-1.6;0.0;999.9;0;0;0;0;0;0
Junin_Aero;875480;2013;06;23;6.2;8;2.6;8;1022.1;8;1012.0;8;9.7;8;1.7;8;2.6;999.9;12.8;1.0;0.0;999.9;0;0;0;0;0;0
Junin_Aero;875480;2013;06;24;6.7;8;2.8;8;1023.4;8;1013.3;8;10.5;8;2.6;8;6.2;999.9;14.0;0.6;0.0;999.9;0;0;0;0;0;0
Junin_Aero;875480;2013;06;25;5.6;8;2.7;8;1018.8;8;1008.7;8;6.3;8;1.4;8;3.1;999.9;15.0;-2.3;0.0;999.9;1;0;0;0;0;0
Junin_Aero;875480;2013;06;26;7.5;8;3.4;8;1015.9;8;1006.0;8;8.9;8;3.3;8;5.1;999.9;18.6;-1.5;0.0;999.9;0;0;0;0;0;0
Junin_Aero;875480;2013;06;27;9.1;8;5.3;8;1013.8;8;1003.9;8;9.7;8;5.6;8;10.8;999.9;19.0;1.2;0.0;999.9;0;0;0;0;0;0
Junin_Aero;875480;2013;06;28;11.3;8;8.6;8;1009.2;8;999.5;8;9.7;8;3.9;8;5.1;999.9;17.4;4.4;0.0;999.9;0;0;0;0;0;0
Junin_Aero;875480;2013;06;29;11.3;8;4.0;8;1013.9;8;1004.1;8;8.9;8;2.8;8;5.7;999.9;18.0;2.3;0.0;999.9;0;0;0;0;0;0
Junin_Aero;875480;2013;06;30;8.1;8;1.6;8;1020.2;8;1010.2;8;10.9;8;2.7;8;6.7;999.9;17.5;2.6;0.0;999.9;0;1;0;0;0;0
Junin_Aero;875480;2013;07;01;10.9;8;4.5;8;1021.8;8;1011.9;8;10.1;8;2.8;8;4.1;999.9;18.9;3.8;0.0;999.9;0;0;0;0;0;0
Junin_Aero;875480;2013;07;02;11.0;8;4.0;8;1014.3;8;1004.5;8;11.7;8;7.1;8;15.9;999.9;20.0;4.6;0.0;999.9;0;0;0;0;0;0
Junin_Aero;875480;2013;07;03;12.7;8;7.3;8;1008.9;8;999.2;8;11.1;8;7.1;8;11.8;999.9;23.0;4.6;0.0;999.9;0;0;0;0;0;0
Junin_Aero;875480;2013;07;04;17.0;8;14.8;8;1012.0;8;1002.4;8;9.2;8;3.1;8;6.2;999.9;23.4;7.8;0.0;999.9;0;0;0;0;0;0
Junin_Aero;875480;2013;07;05;14.3;8;13.6;8;1013.4;8;1003.7;8;2.3;8;4.0;8;7.2;999.9;21.2;12.2;0.0;999.9;1;0;0;0;0;0
Junin_Aero;875480;2013;07;06;12.6;8;10.7;8;1014.0;8;1004.3;8;6.8;8;4.6;8;6.7;999.9;16.0;10.2;0.0;999.9;1;1;0;0;0;0
Junin_Aero;875480;2013;07;07;8.1;8;4.3;8;1025.5;8;1015.5;8;10.9;8;2.5;8;3.1;999.9;12.4;4.0;0.0;999.9;0;0;0;0;0;0
Junin_Aero;875480;2013;07;08;4.6;8;0.7;8;1030.1;8;1019.9;8;5.6;8;2.9;8;6.7;999.9;12.6;-2.0;0.0;999.9;1;0;0;0;0;0
Junin_Aero;875480;2013;07;09;7.7;9;5.0;9;1021.1;8;1011.1;8;8.5;9;5.4;9;7.7;999.9;13.4;-2.0;11.9;999.9;0;1;0;0;1;0
Junin_Aero;875480;2013;07;10;10.9;9;10.4;9;1016.3;8;1006.8;8;3.1;9;2.9;9;5.1;999.9;14.2;7.6;0.3;999.9;1;1;0;0;0;0
Junin_Aero;875480;2013;07;11;12.9;12;12.4;12;1014.3;12;1004.6;12;2.6;12;3.1;12;4.6;999.9;14.4;9.6;9.9;999.9;1;1;0;0;0;0
Junin_Aero;875480;2013;07;12;10.7;12;9.4;12;1020.9;12;1011.1;12;6.3;12;2.6;12;5.1;999.9;13.8;8.2;18.0;999.9;1;1;0;0;0;0
Junin_Aero;875480;2013;07;13;10.1;8;8.0;8;1016.7;8;1006.9;8;5.1;8;4.2;8;6.2;999.9;16.2;5.2;0.0;999.9;1;0;0;0;0;0
Junin_Aero;875480;2013;07;14;10.2;8;4.8;8;1018.0;8;1008.2;8;10.3;8;4.3;8;6.2;999.9;17.3;5.6;0.0;999.9;0;1;0;0;0;0
Junin_Aero;875480;2013;07;15;7.1;8;1.1;8;1020.9;8;1010.9;8;12.4;8;2.5;8;5.1;999.9;17.3;-0.8;0.0;999.9;0;0;0;0;0;0
Junin_Aero;875480;2013;07;16;12.0;8;5.9;8;1014.7;8;1004.9;8;12.1;8;3.0;8;4.6;999.9;21.5;1.0;0.0;999.9;0;0;0;0;0;0
Junin_Aero;875480;2013;07;17;12.3;8;7.3;8;1009.3;8;999.6;8;9.7;8;2.4;8;5.7;999.9;23.3;3.5;0.0;999.9;0;0;0;0;0;0
Junin_Aero;875480;2013;07;18;9.9;9;3.1;9;1015.5;8;1005.7;8;10.9;9;5.7;9;9.3;19.5;23.6;4.4;0.0;999.9;0;1;0;0;0;0
Junin_Aero;875480;2013;07;19;4.4;8;-0.2;8;1024.4;8;1014.3;8;10.1;8;1.8;8;3.1;999.9;9.8;-0.3;0.0;999.9;0;0;0;0;0;0
Junin_Aero;875480;2013;07;20;4.9;8;-0.2;8;1011.0;8;1001.0;8;11.4;8;5.5;8;10.8;999.9;10.6;0.0;0.0;999.9;0;0;0;0;0;0
Junin_Aero;875480;2013;07;21;3.3;9;-1.1;9;1015.8;8;1005.8;8;10.8;9;6.8;9;11.8;999.9;11.4;-1.0;0.0;999.9;0;1;0;0;0;0
Junin_Aero;875480;2013;07;22;4.4;8;0.8;8;1022.5;8;1012.3;8;10.9;8;6.5;8;7.7;999.9;7.3;0.0;0.0;999.9;0;0;0;0;0;0
Junin_Aero;875480;2013;07;23;2.7;8;-3.2;8;1025.0;8;1014.9;8;12.1;8;3.1;8;6.7;999.9;8.8;-6.0;0.0;999.9;0;0;0;0;0;0
Junin_Aero;875480;2013;07;24;3.9;8;-1.2;8;1025.9;8;1015.8;8;10.5;8;1.8;8;3.1;999.9;11.9;-5.3;0.0;999.9;0;0;0;0;0;0
Junin_Aero;875480;2013;07;25;5.8;8;-1.4;8;1023.4;8;1013.2;8;11.4;8;6.0;8;11.3;999.9;16.6;-2.2;0.0;999.9;0;0;0;0;0;0
Junin_Aero;875480;2013;07;26;8.1;8;1.3;8;1021.7;8;1011.7;8;10.8;8;7.5;8;11.3;999.9;18.2;0.6;0.0;999.9;0;0;0;0;0;0
Junin_Aero;875480;2013;07;27;10.6;8;4.8;8;1020.6;8;1010.6;8;8.4;8;2.7;8;5.7;999.9;19.0;3.2;0.0;999.9;0;0;0;0;0;0
Junin_Aero;875480;2013;07;28;9.9;8;5.4;8;1021.1;8;1011.2;8;7.9;8;1.8;8;3.1;999.9;20.4;1.3;0.0;999.9;1;0;0;0;0;0
Junin_Aero;875480;2013;07;29;12.0;8;7.0;8;1021.1;8;1011.2;8;7.2;8;2.6;8;3.6;999.9;21.2;3.2;0.0;999.9;0;0;0;0;0;0
Junin_Aero;875480;2013;07;30;13.3;8;9.4;8;1017.1;8;1007.3;8;9.0;8;4.7;8;7.7;999.9;21.6;6.9;0.0;999.9;0;0;0;0;0;0
Junin_Aero;875480;2013;07;31;15.7;8;12.4;8;1011.3;8;1001.7;8;7.9;8;4.3;8;6.7;999.9;21.6;11.0;0.0;999.9;0;0;0;0;0;0
Junin_Aero;875480;2013;08;01;10.9;8;8.3;8;1015.7;8;1005.9;8;9.3;8;4.6;8;5.7;999.9;17.4;8.6;0.0;999.9;0;0;0;0;0;0
Junin_Aero;875480;2013;08;02;8.0;8;4.6;8;1020.2;8;1010.3;8;7.4;8;2.4;8;3.6;999.9;13.0;1.4;0.0;999.9;0;0;0;0;0;0
Junin_Aero;875480;2013;08;03;5.8;8;3.3;8;1017.4;8;1007.4;8;7.9;8;3.3;8;7.2;999.9;14.0;-0.2;0.0;999.9;1;0;0;0;0;0
Junin_Aero;875480;2013;08;04;8.6;8;4.0;8;1017.8;8;1007.8;8;7.4;8;2.9;8;5.1;999.9;18.3;-1.3;0.0;999.9;1;0;0;0;0;0
Junin_Aero;875480;2013;08;05;12.6;8;3.2;8;1013.2;8;1003.5;8;10.1;8;6.7;8;10.3;999.9;21.4;0.1;0.0;999.9;0;0;0;0;0;0
Junin_Aero;875480;2013;08;06;9.8;8;-0.9;8;1017.5;8;1007.7;8;10.5;8;4.3;8;10.3;999.9;21.5;-0.3;0.0;999.9;0;0;0;0;0;0
Junin_Aero;875480;2013;08;07;12.6;8;4.3;8;1004.5;8;994.8;8;9.8;8;6.9;8;9.8;999.9;21.0;2.2;0.0;999.9;0;0;0;0;0;0
Junin_Aero;875480;2013;08;08;12.0;8;-0.9;8;1012.6;8;1002.9;8;10.9;8;5.8;8;7.7;999.9;20.0;8.6;0.0;999.9;0;0;0;0;0;0
Junin_Aero;875480;2013;08;09;7.6;8;-2.9;8;1025.6;8;1015.5;8;11.1;8;2.8;8;3.6;999.9;14.8;-1.5;0.0;999.9;0;0;0;0;0;0
Junin_Aero;875480;2013;08;10;6.0;8;-4.3;8;1024.8;8;1014.8;8;11.7;8;3.2;8;6.2;999.9;16.6;-3.2;0.0;999.9;0;0;0;0;0;0
Junin_Aero;875480;2013;08;11;8.9;8;-0.8;8;1013.5;8;1003.6;8;9.7;8;5.2;8;7.7;999.9;17.4;-0.3;0.0;999.9;0;0;0;0;0;0
Junin_Aero;875480;2013;08;12;9.2;8;4.4;8;1013.2;8;1003.4;8;10.0;8;4.3;8;8.2;999.9;17.8;5.0;0.0;999.9;0;0;0;0;0;0
Junin_Aero;875480;2013;08;13;5.2;8;-1.2;8;1026.7;8;1016.6;8;10.8;8;3.2;8;4.6;999.9;14.2;-1.6;0.0;999.9;0;0;0;0;0;0
Junin_Aero;875480;2013;08;14;4.4;8;-3.9;8;1031.2;8;1020.9;8;10.9;8;4.8;8;10.3;999.9;14.0;-4.2;0.0;999.9;0;0;0;0;0;0
Junin_Aero;875480;2013;08;15;7.6;8;-2.5;8;1021.1;8;1011.1;8;10.9;8;9.8;8;14.9;999.9;16.4;1.5;0.0;999.9;0;0;0;0;0;0
Junin_Aero;875480;2013;08;16;9.6;7;-1.6;7;1022.0;7;1012.0;7;9.8;7;4.1;7;6.2;999.9;17.2;-0.5;0.0;999.9;0;0;0;0;0;0
Junin_Aero;875480;2013;08;17;8.1;8;-3.0;8;1027.2;8;1017.2;8;10.5;8;5.6;8;9.8;999.9;17.6;-1.5;0.0;999.9;0;0;0;0;0;0
Junin_Aero;875480;2013;08;18;10.3;8;2.7;8;1020.4;8;1010.4;8;10.8;8;6.8;8;9.8;999.9;20.2;1.6;0.0;999.9;0;0;0;0;0;0
Junin_Aero;875480;2013;08;19;14.2;8;7.7;8;1014.4;8;1004.6;8;10.5;8;4.6;8;8.2;999.9;25.6;5.3;0.0;999.9;0;0;0;0;0;0
Junin_Aero;875480;2013;08;20;17.3;8;10.0;8;1014.0;8;1004.3;8;9.7;8;4.4;8;7.7;999.9;26.0;8.8;0.0;999.9;0;0;0;0;0;0
Junin_Aero;875480;2013;08;21;16.9;8;12.5;8;1008.0;8;998.4;8;6.9;8;2.2;8;3.1;999.9;26.8;8.4;0.0;999.9;1;0;0;0;1;0
Junin_Aero;875480;2013;08;22;9.6;8;-1.8;8;1015.3;8;1005.6;8;9.8;8;8.0;8;10.3;999.9;23.6;4.0;0.0;999.9;0;0;0;0;0;0
Junin_Aero;875480;2013;08;23;4.4;7;-6.0;7;1025.4;7;1015.3;7;10.9;7;3.1;7;5.1;999.9;9.2;-2.3;0.0;999.9;0;0;0;0;0;0
Junin_Aero;875480;2013;08;24;5.3;8;-2.8;8;1030.1;8;1019.9;8;12.4;8;2.9;8;4.1;999.9;12.4;-0.4;0.0;999.9;0;0;0;0;0;0
Junin_Aero;875480;2013;08;25;6.1;8;-3.6;8;1033.5;8;1023.4;8;12.7;8;4.2;8;5.1;999.9;12.8;0.5;0.0;999.9;0;0;0;0;0;0
Junin_Aero;875480;2013;08;26;3.9;8;-4.9;8;1034.6;8;1024.4;8;11.4;8;2.9;8;3.6;999.9;11.0;-2.8;0.0;999.9;0;0;0;0;0;0
Junin_Aero;875480;2013;08;27;5.3;8;-5.3;8;1025.9;8;1015.7;8;10.0;8;5.2;8;10.8;999.9;17.4;-4.5;0.0;999.9;0;0;0;0;0;0
Junin_Aero;875480;2013;08;28;14.4;8;0.6;8;1019.0;8;1009.2;8;10.6;8;5.5;8;8.8;999.9;27.6;1.2;0.0;999.9;0;0;0;0;0;0
Junin_Aero;875480;2013;08;29;16.2;8;0.8;8;1014.3;8;1004.7;8;11.3;8;6.6;8;11.3;999.9;29.3;4.0;0.0;999.9;0;0;0;0;0;0
Junin_Aero;875480;2013;08;30;16.8;8;3.2;8;1011.1;8;1001.5;8;10.3;8;6.2;8;9.3;999.9;29.6;6.5;0.0;999.9;0;0;0;0;0;0
Junin_Aero;875480;2013;08;31;16.7;8;6.3;8;1010.4;8;1000.9;8;9.8;8;2.8;8;4.1;999.9;29.2;7.6;0.0;999.9;0;0;0;0;0;0
Junin_Aero;875480;2013;09;01;16.7;8;7.8;8;1010.7;8;1001.1;8;9.5;8;2.4;8;4.6;999.9;28.4;5.0;0.0;999.9;0;0;0;0;0;0
Junin_Aero;875480;2013;09;02;16.5;8;7.1;8;1012.4;8;1002.8;8;9.8;8;6.3;8;9.8;999.9;28.4;11.0;0.0;999.9;0;0;0;0;0;0
Junin_Aero;875480;2013;09;03;11.4;8;2.5;8;1023.4;8;1013.6;8;11.7;8;4.0;8;5.1;999.9;20.2;5.0;0.0;999.9;0;0;0;0;0;0
Junin_Aero;875480;2013;09;04;9.4;7;1.5;7;1024.6;7;1014.6;7;10.8;7;5.5;7;10.3;999.9;16.6;3.8;0.0;999.9;0;0;0;0;0;0
Junin_Aero;875480;2013;09;05;13.9;8;3.6;8;1017.5;8;1007.7;8;11.1;8;7.6;8;9.8;999.9;19.2;7.7;0.0;999.9;0;0;0;0;0;0
Junin_Aero;875480;2013;09;06;16.0;8;7.7;8;1015.2;8;1005.5;8;10.0;8;4.6;8;8.2;999.9;27.0;7.8;0.0;999.9;0;0;0;0;0;0
Junin_Aero;875480;2013;09;07;18.6;8;15.0;8;1008.8;8;999.4;8;9.5;8;6.2;8;11.3;999.9;28.4;11.0;2.0;999.9;0;1;0;0;1;0
Junin_Aero;875480;2013;09;08;16.6;8;10.8;8;1014.2;8;1004.5;8;6.1;8;2.6;8;5.1;999.9;25.4;7.5;3.0;999.9;1;0;0;0;0;0
Junin_Aero;875480;2013;09;09;19.8;8;13.3;8;1011.3;8;1001.9;8;12.4;8;6.3;8;10.8;999.9;31.0;11.7;0.0;999.9;0;0;0;0;0;0
Junin_Aero;875480;2013;09;10;27.6;8;16.4;8;1004.3;8;995.0;8;11.9;8;10.5;8;12.9;999.9;36.9;16.4;0.0;999.9;0;0;0;0;0;0
Junin_Aero;875480;2013;09;11;20.8;8;12.3;8;1005.0;8;995.7;8;10.8;8;7.1;8;8.8;999.9;37.0;13.5;0.0;999.9;0;0;0;0;0;0
Junin_Aero;875480;2013;09;12;14.1;8;12.5;8;1005.8;8;996.3;8;6.0;8;5.7;8;7.2;999.9;27.4;11.2;0.3;999.9;0;1;0;0;0;0
Junin_Aero;875480;2013;09;13;10.4;8;7.1;8;1019.3;8;1009.5;8;7.9;8;6.4;8;8.2;999.9;14.8;7.6;2.0;999.9;0;1;0;0;0;0
Junin_Aero;875480;2013;09;14;7.6;8;2.6;8;1024.1;8;1014.1;8;10.9;8;6.2;8;7.2;999.9;12.4;4.3;0.0;999.9;0;0;0;0;0;0
Junin_Aero;875480;2013;09;15;7.8;8;2.1;8;1022.6;8;1012.5;8;11.6;8;6.4;8;7.7;999.9;12.1;4.0;0.0;999.9;0;0;0;0;0;0
Junin_Aero;875480;2013;09;16;7.8;8;5.9;8;1019.5;8;1009.5;8;8.2;8;5.4;8;7.2;999.9;11.8;5.0;2.0;999.9;0;1;0;0;0;0
Junin_Aero;875480;2013;09;17;7.6;8;1.6;8;1020.6;8;1010.6;8;10.9;8;4.5;8;7.7;999.9;13.2;3.4;2.0;999.9;0;0;0;0;0;0
Junin_Aero;875480;2013;09;18;8.6;8;-3.2;8;1018.9;8;1008.9;8;14.3;8;5.7;8;11.8;999.9;18.6;0.4;0.3;999.9;0;0;0;0;0;0
Junin_Aero;875480;2013;09;19;11.9;8;-2.3;8;1019.4;8;1009.5;8;12.1;8;4.4;8;8.7;999.9;23.2;0.5;0.0;999.9;0;0;0;0;0;0
Junin_Aero;875480;2013;09;20;13.8;8;2.8;8;1011.8;8;1002.1;8;10.0;8;5.2;8;7.2;999.9;23.8;6.5;0.0;999.9;0;0;0;0;0;0
Junin_Aero;875480;2013;09;21;11.2;7;2.8;7;1013.8;7;1004.1;7;10.1;7;2.9;7;3.6;999.9;23.0;6.4;0.3;999.9;0;1;0;0;0;0
Junin_Aero;875480;2013;09;22;8.9;8;1.7;8;1023.5;8;1013.5;8;10.0;8;3.6;8;7.7;999.9;15.2;2.8;0.0;999.9;0;0;0;0;0;0
Junin_Aero;875480;2013;09;23;8.3;8;2.3;8;1029.9;8;1019.9;8;10.3;8;2.1;8;4.6;999.9;15.8;-0.4;999.9;999.9;0;1;0;0;0;0
Junin_Aero;875480;2013;09;24;8.4;8;2.0;8;1031.1;8;1021.0;8;7.9;8;1.9;8;3.6;999.9;16.0;-2.0;0.0;999.9;1;0;0;0;0;0
Junin_Aero;875480;2013;09;25;9.9;8;1.8;8;1027.0;8;1017.1;8;10.0;8;5.5;8;8.2;999.9;17.5;2.5;0.0;999.9;0;0;0;0;0;0
Junin_Aero;875480;2013;09;26;12.7;8;4.9;8;1020.3;8;1010.4;8;12.1;8;7.7;8;10.8;999.9;19.4;5.6;0.0;999.9;0;0;0;0;0;0
Junin_Aero;875480;2013;09;27;13.9;8;6.2;8;1018.2;8;1008.4;8;10.8;8;4.4;8;7.2;999.9;22.1;6.4;0.0;999.9;0;0;0;0;0;0
Junin_Aero;875480;2013;09;28;12.4;8;9.5;8;1017.8;8;1008.1;8;8.7;8;4.9;8;6.7;999.9;22.8;8.9;0.3;999.9;0;1;0;0;0;0
Junin_Aero;875480;2013;09;29;7.5;8;3.9;8;1019.8;8;1009.8;8;10.0;8;6.5;8;10.3;999.9;14.4;1.8;9.9;999.9;0;0;0;0;0;0
Junin_Aero;875480;2013;09;30;11.3;7;6.6;7;1016.4;7;1006.6;7;9.8;7;4.5;7;7.2;999.9;15.9;3.6;0.0;999.9;0;1;0;0;0;0
Junin_Aero;875480;2013;10;01;12.2;8;7.7;8;1016.3;8;1006.5;8;10.8;8;4.3;8;5.1;999.9;16.6;8.4;0.0;999.9;0;0;0;0;0;0
Junin_Aero;875480;2013;10;02;12.3;8;9.0;8;1018.2;8;1008.4;8;8.2;8;3.6;8;6.2;999.9;19.2;7.8;0.0;999.9;1;0;0;0;0;0
Junin_Aero;875480;2013;10;03;12.7;8;9.8;8;1018.6;8;1008.8;8;9.5;8;3.7;8;5.1;999.9;20.6;9.0;0.0;999.9;0;1;0;0;1;0
Junin_Aero;875480;2013;10;04;14.2;8;9.9;8;1021.8;8;1011.9;8;10.0;8;4.3;8;6.2;999.9;19.8;9.0;26.9;999.9;0;1;0;0;0;0
Junin_Aero;875480;2013;10;05;14.0;8;7.2;8;1021.9;8;1012.1;8;10.0;8;3.8;8;5.7;999.9;21.4;5.0;0.0;999.9;0;0;0;0;0;0
Junin_Aero;875480;2013;10;06;15.5;8;7.1;8;1022.8;8;1013.0;8;12.1;8;4.9;8;6.7;999.9;24.4;5.0;0.0;999.9;0;0;0;0;0;0
Junin_Aero;875480;2013;10;07;17.1;8;7.3;8;1023.1;8;1013.4;8;10.9;8;6.5;8;9.3;999.9;25.0;9.0;0.0;999.9;0;0;0;0;0;0
Junin_Aero;875480;2013;10;08;17.9;8;8.2;8;1018.1;8;1008.5;8;12.9;8;7.6;8;13.9;999.9;26.6;9.8;0.0;999.9;0;0;0;0;0;0
Junin_Aero;875480;2013;10;09;19.7;9;13.1;9;1012.3;8;1002.8;8;10.5;9;6.2;9;8.2;14.9;27.4;14.4;999.9;999.9;0;1;0;0;1;0
Junin_Aero;875480;2013;10;10;17.4;8;14.9;8;1017.2;8;1007.6;8;5.5;8;3.7;8;6.2;999.9;26.0;10.6;5.1;999.9;1;0;0;0;0;0
Junin_Aero;875480;2013;10;11;17.8;8;13.3;8;1018.7;8;1009.0;8;11.1;8;6.3;8;9.8;999.9;24.3;10.5;0.0;999.9;0;0;0;0;0;0
Junin_Aero;875480;2013;10;12;17.1;7;12.7;7;1018.4;7;1008.7;7;10.0;7;6.5;7;9.3;999.9;24.1;13.6;0.0;999.9;0;0;0;0;0;0
Junin_Aero;875480;2013;10;13;18.4;8;15.3;8;1015.7;8;1006.1;8;9.5;8;3.6;8;5.1;999.9;23.2;14.6;999.9;999.9;0;1;0;0;0;0
Junin_Aero;875480;2013;10;14;19.2;8;14.4;8;1016.2;8;1006.7;8;10.0;8;2.6;8;7.2;999.9;26.0;11.5;8.9;999.9;0;0;0;0;1;0
Junin_Aero;875480;2013;10;15;21.0;8;13.9;8;1017.4;8;1007.8;8;10.9;8;3.5;8;7.2;999.9;29.2;12.0;0.0;999.9;0;0;0;0;0;0
Junin_Aero;875480;2013;10;16;21.9;8;14.3;8;1016.2;8;1006.8;8;11.1;8;4.9;8;6.7;999.9;30.9;13.9;0.0;999.9;0;1;0;0;1;0
Junin_Aero;875480;2013;10;17;20.7;8;15.4;8;1015.4;8;1005.9;8;9.8;8;2.9;8;4.1;999.9;30.4;16.7;0.0;999.9;0;1;0;0;0;0
Junin_Aero;875480;2013;10;18;19.6;9;12.8;9;1012.9;8;1003.4;8;10.5;9;1.3;8;3.6;999.9;28.0;11.0;0.0;999.9;1;0;0;0;0;0
Junin_Aero;875480;2013;10;19;22.3;8;12.6;8;1008.0;8;998.5;8;10.3;8;5.1;8;9.8;999.9;32.0;12.0;0.0;999.9;0;0;0;0;0;0
Junin_Aero;875480;2013;10;20;21.8;8;12.7;8;1000.9;8;991.6;8;9.7;8;7.2;8;13.9;999.9;32.4;17.5;5.1;999.9;0;1;0;0;1;0
Junin_Aero;875480;2013;10;21;15.9;8;7.4;8;1013.2;8;1003.6;8;12.4;8;4.0;8;7.7;999.9;32.2;10.2;0.0;999.9;0;0;0;0;0;0
Junin_Aero;875480;2013;10;22;15.2;8;7.6;8;1012.1;8;1002.4;8;10.9;8;6.9;8;11.8;999.9;24.9;7.2;0.0;999.9;0;0;0;0;0;0
Junin_Aero;875480;2013;10;23;17.5;8;12.1;8;1009.3;8;999.8;8;11.4;8;5.9;8;7.7;999.9;25.6;15.0;1.0;999.9;0;1;0;0;1;0
Junin_Aero;875480;2013;10;24;13.8;8;5.0;8;1023.5;8;1013.7;8;10.9;8;5.3;8;8.2;999.9;19.3;8.0;0.0;999.9;0;0;0;0;0;0
Junin_Aero;875480;2013;10;25;10.0;8;6.1;8;1023.7;8;1013.8;8;9.5;8;4.6;8;9.3;999.9;18.8;4.8;0.0;999.9;0;1;0;0;0;0
Junin_Aero;875480;2013;10;26;16.3;8;8.9;8;1015.2;8;1005.4;8;9.8;8;2.9;8;5.1;999.9;26.7;8.5;0.0;999.9;0;0;0;0;0;0
Junin_Aero;875480;2013;10;27;18.5;8;4.8;8;1018.6;8;1009.0;8;11.6;8;3.9;8;6.7;999.9;27.3;11.2;0.0;999.9;0;0;0;0;0;0
Junin_Aero;875480;2013;10;28;17.7;8;5.3;8;1017.0;8;1007.3;8;13.2;8;7.8;8;11.3;999.9;26.6;9.3;0.0;999.9;0;0;0;0;0;0
Junin_Aero;875480;2013;10;29;20.5;8;7.4;8;1013.1;8;1003.6;8;10.9;8;5.8;8;11.3;999.9;27.6;14.0;0.0;999.9;0;0;0;0;0;0
Junin_Aero;875480;2013;10;30;19.7;8;8.7;8;1012.8;8;1003.3;8;10.0;8;6.3;8;9.8;999.9;27.8;10.5;0.0;999.9;0;0;0;0;0;0
Junin_Aero;875480;2013;10;31;19.0;8;13.6;8;1009.1;8;999.7;8;9.5;8;7.5;8;10.3;999.9;28.2;15.0;0.0;999.9;0;1;0;0;1;0
Junin_Aero;875480;2013;11;01;18.9;8;17.5;8;1009.2;8;999.6;8;7.9;8;4.6;8;7.2;999.9;22.0;15.5;54.1;999.9;0;1;0;0;1;0
Junin_Aero;875480;2013;11;02;17.6;8;11.7;8;1014.1;8;1004.4;8;12.9;8;5.1;8;6.7;999.9;22.4;12.6;15.0;999.9;0;0;0;0;0;0
Junin_Aero;875480;2013;11;03;18.4;8;10.2;8;1017.5;8;1007.8;8;11.4;8;2.8;8;4.6;999.9;25.2;9.0;0.0;999.9;0;0;0;0;0;0
Junin_Aero;875480;2013;11;04;18.7;8;12.9;8;1017.8;8;1008.2;8;11.9;8;3.2;8;5.1;999.9;26.6;12.0;0.0;999.9;0;0;0;0;0;0
Junin_Aero;875480;2013;11;05;18.9;8;11.8;8;1018.4;8;1008.8;8;10.9;8;6.3;8;9.3;999.9;26.8;11.5;0.0;999.9;0;0;0;0;0;0
Junin_Aero;875480;2013;11;06;20.4;8;11.3;8;1014.5;8;1005.0;8;13.5;8;8.9;8;13.4;999.9;28.5;12.5;0.0;999.9;0;0;0;0;0;0
Junin_Aero;875480;2013;11;07;18.1;8;13.3;8;1013.6;8;1004.0;8;10.5;8;5.3;8;8.2;999.9;29.0;13.5;7.9;999.9;0;1;0;0;1;0
Junin_Aero;875480;2013;11;08;16.9;8;13.6;8;1012.6;8;1003.0;8;7.6;8;3.0;8;5.1;999.9;23.0;10.2;2.0;999.9;1;0;0;0;0;0
Junin_Aero;875480;2013;11;09;19.2;8;15.9;8;1008.6;8;999.1;8;9.8;8;4.6;8;7.7;999.9;23.9;13.5;0.0;999.9;0;0;0;0;0;0
Junin_Aero;875480;2013;11;10;19.3;9;17.4;9;1005.6;8;996.2;8;6.9;9;4.7;9;7.2;999.9;24.6;17.0;0.0;999.9;0;1;0;0;0;0
Junin_Aero;875480;2013;11;11;18.8;8;12.4;8;1006.7;8;997.2;8;10.3;8;4.3;8;5.1;999.9;25.4;14.0;0.0;999.9;0;0;0;0;0;0
Junin_Aero;875480;2013;11;12;20.1;8;7.1;8;1009.2;8;999.7;8;14.6;8;3.3;8;6.7;999.9;26.3;12.5;0.0;999.9;0;0;0;0;0;0
Junin_Aero;875480;2013;11;13;21.1;8;9.1;8;1013.8;8;1004.3;8;11.1;8;8.7;8;15.4;999.9;30.2;12.0;0.0;999.9;0;0;0;0;0;0
