La_Plata;875930;2013;01;01;17.0;6;8.3;6;1016.4;6;1013.6;6;10.0;6;5.5;6;10.3;999.9;30.0;9.2;0.0;999.9;0;0;0;0;0;0
La_Plata;875930;2013;01;02;17.1;6;8.1;6;1021.1;6;1018.4;6;9.5;6;2.7;6;4.1;999.9;22.1;7.6;0.0;999.9;0;0;0;0;0;0
La_Plata;875930;2013;01;03;20.4;6;13.1;6;1018.9;6;1016.2;6;9.7;6;4.5;6;6.2;999.9;24.2;13.4;0.0;999.9;0;0;0;0;0;0
La_Plata;875930;2013;01;04;23.6;6;18.0;6;1014.6;6;1011.9;6;9.8;6;4.3;6;6.7;999.9;28.3;16.0;0.0;999.9;0;0;0;0;0;0
La_Plata;875930;2013;01;05;26.2;6;20.7;6;1007.8;6;1005.1;6;10.0;6;4.4;6;5.7;999.9;29.4;18.5;45.0;999.9;0;0;0;0;1;0
La_Plata;875930;2013;01;06;24.7;6;19.6;6;1006.6;6;1004.0;6;9.5;6;2.3;6;3.6;999.9;29.4;18.2;0.0;999.9;0;0;0;0;0;0
La_Plata;875930;2013;01;07;27.6;6;21.1;6;1003.5;6;1000.8;6;9.8;6;3.2;6;5.1;999.9;31.4;21.6;0.0;999.9;0;0;0;0;0;0
La_Plata;875930;2013;01;08;23.9;6;19.7;6;1009.4;6;1006.7;6;9.8;6;2.8;6;3.6;999.9;31.7;15.2;0.0;999.9;0;0;0;0;0;0
La_Plata;875930;2013;01;09;24.4;6;17.3;6;1016.7;6;1014.0;6;10.0;6;5.0;6;6.7;999.9;28.6;18.3;0.0;999.9;0;0;0;0;0;0
La_Plata;875930;2013;01;10;25.3;6;16.8;6;1019.1;6;1016.4;6;10.0;6;3.3;6;5.1;999.9;29.5;19.7;0.0;999.9;0;0;0;0;0;0
La_Plata;875930;2013;01;11;25.7;6;17.3;6;1016.4;6;1013.7;6;10.0;6;3.9;6;5.1;999.9;29.6;20.2;0.0;999.9;0;0;0;0;0;0
La_Plata;875930;2013;01;12;25.2;6;17.1;6;1014.1;6;1011.4;6;10.0;6;3.5;6;4.1;999.9;29.9;20.6;0.0;999.9;0;0;0;0;0;0
La_Plata;875930;2013;01;13;25.7;6;17.6;6;1015.8;6;1013.1;6;9.2;6;3.5;6;5.1;999.9;28.8;18.5;0.0;999.9;0;0;0;0;0;0
La_Plata;875930;2013;01;14;25.3;6;17.4;6;1016.3;6;1013.6;6;10.0;6;2.8;6;3.6;999.9;29.5;21.2;0.0;999.9;0;0;0;0;0;0
La_Plata;875930;2013;01;15;25.1;6;17.3;6;1013.5;6;1010.8;6;10.0;6;4.2;6;5.7;999.9;27.9;20.2;0.0;999.9;0;0;0;0;0;0
La_Plata;875930;2013;01;16;26.1;6;18.6;6;1009.5;6;1006.9;6;10.0;6;4.1;6;6.2;999.9;29.4;20.0;0.0;999.9;0;0;0;0;0;0
La_Plata;875930;2013;01;17;25.2;6;18.6;6;1012.2;6;1009.5;6;9.7;6;4.8;6;6.7;999.9;30.4;18.8;11.9;999.9;0;1;0;0;0;0
La_Plata;875930;2013;01;18;22.8;6;17.6;6;1015.9;6;1013.2;6;9.3;6;4.8;6;6.7;999.9;30.2;16.5;0.0;999.9;0;0;0;0;0;0
La_Plata;875930;2013;01;19;21.1;6;16.4;6;1018.4;6;1015.6;6;8.0;6;6.4;6;7.7;999.9;27.5;18.0;11.9;999.9;0;1;0;0;0;0
La_Plata;875930;2013;01;20;20.1;6;15.7;6;1022.9;6;1020.1;6;9.3;6;3.9;6;6.2;999.9;24.8;14.0;4.1;999.9;0;1;0;0;0;0
La_Plata;875930;2013;01;21;22.3;6;14.8;6;1022.5;6;1019.8;6;10.0;6;4.5;6;6.2;999.9;25.2;16.2;0.5;999.9;0;0;0;0;0;0
La_Plata;875930;2013;01;22;23.9;6;17.1;6;1018.7;6;1015.9;6;10.0;6;4.4;6;5.1;999.9;27.6;19.6;0.0;999.9;0;0;0;0;0;0
La_Plata;875930;2013;01;23;25.9;6;19.7;6;1011.9;6;1009.2;6;8.4;6;3.2;6;4.1;999.9;30.6;17.5;0.0;999.9;1;0;0;0;1;0
La_Plata;875930;2013;01;24;27.8;5;21.9;5;1002.8;5;1000.2;5;8.4;5;3.0;5;5.1;999.9;32.4;21.6;0.0;999.9;0;1;0;0;0;0
La_Plata;875930;2013;01;25;18.5;6;9.4;6;1010.3;6;1007.6;6;10.0;6;7.1;6;7.7;999.9;21.4;12.8;0.0;999.9;0;0;0;0;0;0
La_Plata;875930;2013;01;26;20.3;6;7.7;6;1014.9;6;1012.1;6;9.0;6;2.9;6;5.1;999.9;27.4;8.8;0.0;999.9;0;0;0;0;0;0
La_Plata;875930;2013;01;27;24.2;6;12.8;6;1013.8;6;1011.1;6;9.5;6;4.0;6;8.2;999.9;29.3;14.8;0.0;999.9;0;0;0;0;0;0
La_Plata;875930;2013;01;28;27.5;6;17.9;6;1014.3;6;1011.6;6;10.0;6;3.8;6;5.1;999.9;31.0;22.8;0.0;999.9;0;0;0;0;0;0
La_Plata;875930;2013;01;29;27.7;6;20.6;6;1014.9;6;1012.2;6;9.5;6;3.2;6;6.7;999.9;32.0;21.0;0.0;999.9;0;0;0;0;0;0
La_Plata;875930;2013;01;30;26.6;6;20.1;6;1012.2;6;1009.5;6;9.5;6;2.6;6;5.7;999.9;33.5;20.6;0.0;999.9;0;0;0;0;0;0
La_Plata;875930;2013;01;31;26.4;6;20.8;6;1010.2;6;1007.5;6;8.4;6;2.3;6;3.6;999.9;32.2;18.4;0.0;999.9;1;0;0;0;0;0
La_Plata;875930;2013;02;01;28.9;6;20.9;6;1006.5;6;1003.8;6;9.3;6;3.9;6;6.7;999.9;33.4;22.0;0.0;999.9;0;0;0;0;0;0
La_Plata;875930;2013;02;02;24.9;6;17.9;6;1011.1;6;1008.5;6;9.3;6;5.7;6;8.7;999.9;33.6;19.0;0.0;999.9;0;0;0;0;0;0
La_Plata;875930;2013;02;03;19.2;6;8.6;6;1019.1;6;1016.4;6;10.0;6;5.6;6;7.7;999.9;31.0;8.1;0.0;999.9;0;0;0;0;0;0
La_Plata;875930;2013;02;04;20.4;6;7.9;6;1016.2;6;1013.5;6;9.7;6;3.9;6;5.7;999.9;24.5;13.2;0.0;999.9;0;0;0;0;0;0
La_Plata;875930;2013;02;05;22.8;6;12.4;6;1016.0;6;1013.3;6;9.3;6;3.0;6;4.6;999.9;27.7;14.2;0.0;999.9;0;0;0;0;0;0
La_Plata;875930;2013;02;06;24.6;6;14.0;6;1018.0;6;1015.3;6;9.8;6;4.0;6;5.1;999.9;28.6;17.5;0.0;999.9;0;0;0;0;0;0
La_Plata;875930;2013;02;07;24.1;6;16.5;6;1017.7;6;1015.0;6;9.7;6;4.1;6;6.2;999.9;29.0;17.1;0.0;999.9;0;0;0;0;0;0
La_Plata;875930;2013;02;08;25.2;6;15.8;6;1014.9;6;1012.2;6;9.7;6;3.9;6;5.7;999.9;29.3;20.0;0.0;999.9;0;0;0;0;0;0
La_Plata;875930;2013;02;09;25.4;5;18.9;5;1012.2;5;1009.6;5;10.0;5;4.5;5;6.7;999.9;30.5;19.5;0.0;999.9;0;0;0;0;0;0
La_Plata;875930;2013;02;10;26.7;6;20.8;6;1009.4;6;1006.8;6;9.5;6;5.1;6;7.7;999.9;31.5;22.8;0.0;999.9;0;0;0;0;0;0
La_Plata;875930;2013;02;11;24.9;6;19.7;6;1007.5;6;1004.9;6;8.7;6;3.2;6;4.6;999.9;32.2;19.5;4.1;999.9;0;1;0;0;1;0
La_Plata;875930;2013;02;12;28.6;6;18.7;6;1004.3;6;1001.7;6;9.3;6;3.2;6;5.1;999.9;33.9;21.0;0.0;999.9;0;0;0;0;0;0
La_Plata;875930;2013;02;13;26.5;6;17.5;6;1008.0;6;1005.4;6;9.7;6;2.2;6;4.1;999.9;34.6;19.0;0.8;999.9;0;0;0;0;0;0
La_Plata;875930;2013;02;14;25.2;6;19.1;6;1010.9;6;1008.2;6;9.3;6;2.1;6;3.6;999.9;33.6;18.6;0.0;999.9;0;0;0;0;1;0
La_Plata;875930;2013;02;15;25.9;6;18.2;6;1012.0;6;1009.3;6;10.0;6;2.6;6;4.1;999.9;30.6;18.5;7.9;999.9;0;0;0;0;0;0
La_Plata;875930;2013;02;16;26.9;5;20.7;5;1007.1;5;1004.5;5;9.7;5;3.8;5;5.7;999.9;31.9;22.8;0.0;999.9;0;0;0;0;0;0
La_Plata;875930;2013;02;17;25.9;6;19.6;6;1005.8;6;1003.2;6;9.5;6;4.9;6;7.7;999.9;32.4;22.8;999.9;999.9;0;1;0;0;1;0
La_Plata;875930;2013;02;18;21.3;6;7.6;6;1017.9;6;1015.2;6;10.0;6;6.7;6;9.8;999.9;31.0;12.0;0.0;999.9;0;0;0;0;0;0
La_Plata;875930;2013;02;19;16.7;6;13.4;6;1020.1;6;1017.4;6;8.2;6;2.8;6;5.7;999.9;26.0;14.7;0.0;999.9;0;1;0;0;0;0
La_Plata;875930;2013;02;20;19.3;6;15.2;6;1017.3;6;1014.5;6;8.7;6;5.7;6;8.7;999.9;23.1;14.3;0.0;999.9;0;1;0;0;0;0
La_Plata;875930;2013;02;21;20.7;6;17.4;6;1015.0;6;1012.3;6;8.2;6;3.9;6;5.1;999.9;23.5;17.2;26.9;999.9;0;1;0;0;0;0
La_Plata;875930;2013;02;22;21.4;6;16.1;6;1019.2;6;1016.5;6;9.7;6;4.5;6;6.7;999.9;24.9;14.6;0.0;999.9;0;0;0;0;0;0
La_Plata;875930;2013;02;23;23.0;6;16.9;6;1013.8;6;1011.1;6;10.0;6;5.0;6;8.2;999.9;26.7;19.2;0.0;999.9;0;0;0;0;0;0
La_Plata;875930;2013;02;24;24.1;6;19.7;6;1006.7;6;1004.0;6;8.4;6;3.2;6;4.6;999.9;27.6;19.4;35.1;999.9;0;1;0;0;1;0
La_Plata;875930;2013;02;25;19.8;6;10.6;6;1011.9;6;1009.3;6;9.8;6;4.9;6;6.7;999.9;28.8;13.0;0.0;999.9;0;1;0;0;0;0
La_Plata;875930;2013;02;26;17.1;6;8.2;6;1015.1;6;1012.4;6;10.0;6;4.2;6;6.2;999.9;23.6;8.4;0.0;999.9;0;0;0;0;0;0
La_Plata;875930;2013;02;27;18.2;6;10.4;6;1016.7;6;1013.9;6;10.0;6;2.0;6;3.6;999.9;24.6;8.2;0.0;999.9;0;0;0;0;0;0
La_Plata;875930;2013;02;28;19.3;6;14.0;6;1016.5;6;1013.8;6;10.0;6;4.8;6;8.2;999.9;25.5;11.5;0.0;999.9;0;0;0;0;0;0
La_Plata;875930;2013;03;01;21.1;6;15.7;6;1012.2;6;1009.5;6;10.0;6;6.4;6;9.8;999.9;25.2;15.2;0.0;999.9;0;0;0;0;0;0
La_Plata;875930;2013;03;02;22.6;6;17.5;6;1003.8;6;1001.1;6;9.7;6;6.5;6;9.3;999.9;25.7;19.4;82.0;999.9;0;1;0;0;1;0
La_Plata;875930;2013;03;03;19.1;6;13.6;6;1013.3;6;1010.6;6;10.0;6;3.6;6;5.1;999.9;25.3;13.9;0.0;999.9;0;0;0;0;0;0
La_Plata;875930;2013;03;04;17.2;6;10.8;6;1017.0;6;1014.2;6;10.0;6;3.6;6;6.2;999.9;24.1;9.7;0.0;999.9;0;0;0;0;0;0
La_Plata;875930;2013;03;05;19.2;6;11.7;6;1013.9;6;1011.1;6;10.0;6;2.2;6;3.1;999.9;23.7;11.4;0.0;999.9;0;0;0;0;0;0
La_Plata;875930;2013;03;06;21.4;6;14.4;6;1009.8;6;1007.1;6;10.0;6;4.2;6;6.2;999.9;25.2;13.0;0.0;999.9;0;0;0;0;0;0
La_Plata;875930;2013;03;07;22.2;6;17.9;6;1012.8;6;1010.1;6;10.0;6;2.9;6;4.1;999.9;26.1;15.8;0.0;999.9;0;0;0;0;0;0
La_Plata;875930;2013;03;08;23.2;6;17.8;6;1014.1;6;1011.4;6;10.0;6;4.0;6;5.1;999.9;27.8;15.5;0.0;999.9;0;0;0;0;0;0
La_Plata;875930;2013;03;09;23.7;6;21.4;6;1008.9;6;1006.2;6;8.9;6;3.3;6;5.1;999.9;28.6;19.0;5.1;999.9;0;1;0;0;1;0
La_Plata;875930;2013;03;10;21.8;6;13.3;6;1007.7;6;1005.0;6;10.0;6;4.5;6;8.2;999.9;27.6;18.4;0.0;999.9;0;0;0;0;0;0
La_Plata;875930;2013;03;11;17.4;5;11.8;5;1008.3;5;1005.6;5;10.0;5;2.0;5;2.6;999.9;25.4;9.0;0.0;999.9;0;0;0;0;0;0
La_Plata;875930;2013;03;12;17.7;6;9.0;6;1012.2;6;1009.5;6;9.8;6;4.8;6;8.2;999.9;25.0;13.1;0.0;999.9;0;0;0;0;0;0
La_Plata;875930;2013;03;13;14.2;6;9.2;6;1018.0;6;1015.2;6;10.0;6;3.8;6;5.1;999.9;21.5;8.5;0.0;999.9;0;0;0;0;0;0
La_Plata;875930;2013;03;14;13.6;6;6.2;6;1022.0;6;1019.1;6;10.0;6;2.8;6;5.1;999.9;18.7;5.6;0.0;999.9;0;0;0;0;0;0
La_Plata;875930;2013;03;15;12.8;6;8.4;6;1023.9;6;1021.1;6;9.5;6;3.0;6;5.1;999.9;19.0;8.5;1.0;999.9;0;1;0;0;0;0
La_Plata;875930;2013;03;16;12.6;6;6.5;6;1026.7;6;1023.9;6;10.0;6;3.6;6;5.1;999.9;19.4;3.0;0.0;999.9;0;0;0;0;0;0
La_Plata;875930;2013;03;17;13.6;6;6.7;6;1028.1;6;1025.2;6;10.0;6;4.6;6;7.7;999.9;19.6;5.3;0.0;999.9;0;0;0;0;0;0
La_Plata;875930;2013;03;18;16.2;6;10.3;6;1025.6;6;1022.8;6;9.5;6;4.2;6;7.2;999.9;21.3;9.0;0.0;999.9;0;0;0;0;0;0
La_Plata;875930;2013;03;19;18.4;6;15.2;6;1021.0;6;1018.3;6;10.0;6;6.1;6;8.7;999.9;22.0;10.0;2.0;999.9;0;1;0;0;0;0
La_Plata;875930;2013;03;20;19.2;6;16.8;6;1013.3;6;1010.6;6;9.7;6;5.9;6;7.2;999.9;22.7;15.6;0.0;999.9;0;1;0;0;0;0
La_Plata;875930;2013;03;21;21.1;6;16.6;6;1009.5;6;1006.8;6;9.7;6;5.8;6;6.7;999.9;25.4;17.1;5.1;999.9;0;1;0;0;0;0
La_Plata;875930;2013;03;22;17.2;6;8.1;6;1016.3;6;1013.5;6;9.5;6;3.0;6;4.6;999.9;26.4;6.9;0.0;999.9;0;0;0;0;0;0
La_Plata;875930;2013;03;23;18.1;6;12.7;6;1018.0;6;1015.3;6;9.5;6;1.8;6;2.6;999.9;24.7;11.4;0.0;999.9;0;1;0;0;0;0
La_Plata;875930;2013;03;24;18.8;6;14.5;6;1014.9;6;1012.2;6;7.7;6;2.8;6;4.6;999.9;25.5;10.7;0.5;999.9;1;0;0;0;0;0
La_Plata;875930;2013;03;25;19.9;6;16.0;6;1012.9;6;1010.2;6;9.8;6;2.1;6;3.6;999.9;24.3;15.4;0.0;999.9;0;1;0;0;0;0
La_Plata;875930;2013;03;26;17.7;6;13.6;6;1019.0;6;1016.3;6;7.7;6;3.9;6;5.1;999.9;23.7;11.4;5.1;999.9;1;1;0;0;1;0
La_Plata;875930;2013;03;27;17.4;6;12.3;6;1021.4;6;1018.6;6;6.4;6;1.5;6;3.1;999.9;23.5;8.5;0.0;999.9;1;0;0;0;0;0
La_Plata;875930;2013;03;28;18.5;6;12.7;6;1021.2;6;1018.5;6;9.3;6;2.2;6;3.6;999.9;23.8;8.5;0.0;999.9;0;0;0;0;0;0
La_Plata;875930;2013;03;29;19.3;5;15.1;5;1019.7;5;1017.0;5;10.0;5;2.4;5;4.1;999.9;24.4;10.8;0.0;999.9;0;0;0;0;0;0
La_Plata;875930;2013;03;30;21.7;6;16.7;6;1016.1;6;1013.5;6;9.5;6;3.1;6;4.1;999.9;26.3;15.2;0.0;999.9;0;0;0;0;0;0
La_Plata;875930;2013;03;31;22.0;6;18.6;6;1015.9;6;1013.2;6;10.0;6;2.7;6;7.7;999.9;27.7;15.7;0.0;999.9;0;0;0;0;0;0
La_Plata;875930;2013;04;01;21.2;6;19.0;6;1016.6;6;1013.9;6;10.0;6;6.9;6;9.3;999.9;28.3;19.0;0.0;999.9;0;0;0;0;0;0
La_Plata;875930;2013;04;02;20.8;6;19.3;6;1015.0;6;1012.3;6;8.0;6;7.1;6;11.3;999.9;23.2;19.4;15.0;999.9;0;1;0;0;1;0
La_Plata;875930;2013;04;03;19.9;6;18.0;6;1014.2;6;1011.5;6;6.6;6;3.0;6;6.2;999.9;23.0;16.3;181.1;999.9;0;1;0;0;1;0
La_Plata;875930;2013;04;04;19.0;6;15.3;6;1010.4;6;1007.8;6;8.9;6;2.1;6;3.1;999.9;23.1;13.2;0.0;999.9;1;0;0;0;0;0
La_Plata;875930;2013;04;05;20.1;6;14.6;6;1004.2;6;1001.6;6;9.7;6;2.4;6;4.1;999.9;25.6;13.4;0.0;999.9;0;0;0;0;0;0
La_Plata;875930;2013;04;06;16.7;6;8.0;6;1010.0;6;1007.3;6;9.8;6;4.1;6;6.7;999.9;26.2;13.6;0.0;999.9;0;1;0;0;0;0
La_Plata;875930;2013;04;07;13.7;6;4.3;6;1017.6;6;1014.8;6;9.7;6;2.0;6;2.6;999.9;20.2;5.0;0.0;999.9;0;0;0;0;0;0
La_Plata;875930;2013;04;08;16.4;6;8.1;6;1019.2;6;1016.5;6;8.5;6;2.0;6;3.6;999.9;22.8;8.2;0.0;999.9;0;0;0;0;0;0
La_Plata;875930;2013;04;09;17.2;5;11.2;5;1019.9;5;1017.1;5;10.0;5;2.9;5;5.1;999.9;23.6;9.8;0.0;999.9;0;0;0;0;0;0
La_Plata;875930;2013;04;10;17.2;6;13.6;6;1017.3;6;1014.5;6;10.0;6;4.4;6;7.7;999.9;22.6;14.2;0.0;999.9;0;0;0;0;0;0
La_Plata;875930;2013;04;11;18.4;6;16.0;6;1009.5;6;1006.7;6;8.5;6;5.1;6;9.3;999.9;20.0;10.6;8.9;999.9;0;1;0;0;1;0
La_Plata;875930;2013;04;12;16.5;6;10.0;6;1011.9;6;1009.2;6;10.0;6;4.7;6;6.7;999.9;19.5;12.4;7.9;999.9;0;0;0;0;0;0
La_Plata;875930;2013;04;13;12.1;6;2.7;6;1017.6;6;1014.8;6;10.0;6;2.7;6;4.6;999.9;18.8;4.2;0.0;999.9;0;0;0;0;0;0
La_Plata;875930;2013;04;14;17.3;6;6.1;6;1013.5;6;1010.7;6;10.0;6;4.2;6;6.7;999.9;23.5;8.5;0.0;999.9;0;0;0;0;0;0
La_Plata;875930;2013;04;15;18.3;6;9.1;6;1014.6;6;1011.9;6;10.0;6;4.2;6;7.7;999.9;24.4;10.5;0.0;999.9;0;0;0;0;0;0
La_Plata;875930;2013;04;16;13.3;6;9.5;6;1019.6;6;1016.8;6;10.0;6;2.7;6;5.1;999.9;23.8;6.2;0.0;999.9;0;0;0;0;0;0
La_Plata;875930;2013;04;17;14.3;6;10.4;6;1019.5;6;1016.7;6;7.9;6;1.5;6;4.6;999.9;20.0;5.5;0.0;999.9;1;0;0;0;0;0
La_Plata;875930;2013;04;18;18.3;6;12.8;6;1017.1;6;1014.4;6;7.1;6;1.9;6;3.1;999.9;24.1;8.2;0.0;999.9;1;0;0;0;0;0
La_Plata;875930;2013;04;19;20.1;5;15.0;5;1018.3;5;1015.5;5;9.3;5;2.2;5;3.6;999.9;25.8;11.0;0.0;999.9;1;0;0;0;0;0
La_Plata;875930;2013;04;20;19.7;6;13.8;6;1020.3;6;1017.5;6;8.5;6;1.4;6;2.6;999.9;27.5;11.0;0.0;999.9;1;0;0;0;0;0
La_Plata;875930;2013;04;21;19.6;6;14.7;6;1021.3;6;1018.6;6;8.4;6;2.5;6;4.6;999.9;26.9;10.6;0.0;999.9;1;0;0;0;0;0
La_Plata;875930;2013;04;22;18.6;5;16.2;5;1021.8;5;1019.0;5;9.7;5;3.0;5;4.1;999.9;25.5;12.6;0.0;999.9;1;0;0;0;0;0
La_Plata;875930;2013;04;23;18.2;6;15.6;6;1021.0;6;1018.3;6;6.6;6;1.4;6;2.6;999.9;25.5;8.9;0.0;999.9;1;0;0;0;0;0
La_Plata;875930;2013;04;24;18.9;6;14.6;6;1020.0;6;1017.2;6;7.7;6;2.2;6;3.6;999.9;25.8;10.8;0.0;999.9;1;0;0;0;0;0
La_Plata;875930;2013;04;25;19.2;6;15.3;6;1016.9;6;1014.1;6;7.6;6;2.0;6;3.6;999.9;25.6;11.2;0.0;999.9;1;0;0;0;0;0
La_Plata;875930;2013;04;26;19.6;6;14.6;6;1015.9;6;1013.2;6;5.3;6;1.9;6;5.1;999.9;26.0;10.7;0.0;999.9;1;0;0;0;0;0
La_Plata;875930;2013;04;27;20.3;5;16.6;5;1015.5;5;1012.7;5;9.2;5;4.0;5;5.1;999.9;26.1;14.4;0.0;999.9;0;0;0;0;0;0
La_Plata;875930;2013;04;28;19.3;6;17.6;6;1010.6;6;1007.9;6;6.8;6;3.1;6;5.7;999.9;23.5;18.1;23.9;999.9;0;1;0;0;1;0
La_Plata;875930;2013;04;29;16.7;6;13.3;6;1012.3;6;1009.6;6;10.0;6;3.9;6;9.3;999.9;22.0;11.8;0.3;999.9;0;0;0;0;0;0
La_Plata;875930;2013;04;30;15.9;6;13.4;6;1016.6;6;1013.8;6;6.8;6;1.4;6;3.6;999.9;21.0;9.0;0.0;999.9;1;0;0;0;0;0
La_Plata;875930;2013;05;01;16.4;6;14.9;6;1015.6;6;1012.9;6;10.0;6;3.4;6;6.2;999.9;21.6;11.3;999.9;999.9;0;1;0;0;0;0
La_Plata;875930;2013;05;02;18.7;5;17.8;5;1013.4;5;1010.6;5;7.1;5;2.9;5;3.1;999.9;20.5;16.0;4.1;999.9;1;1;0;0;0;0
La_Plata;875930;2013;05;03;16.3;5;15.9;5;1011.2;5;1008.5;5;5.8;5;5.7;5;6.7;999.9;20.5;15.8;9.9;999.9;0;1;0;0;0;0
La_Plata;875930;2013;05;04;13.3;6;9.3;6;1015.6;6;1012.8;6;9.5;6;2.9;6;7.2;999.9;18.8;7.4;0.0;999.9;0;0;0;0;0;0
La_Plata;875930;2013;05;05;14.4;6;10.3;6;1019.1;6;1016.4;6;10.0;6;2.2;6;3.6;999.9;19.2;9.0;0.0;999.9;0;0;0;0;0;0
La_Plata;875930;2013;05;06;17.1;6;11.9;6;1014.0;6;1011.2;6;9.2;6;3.7;6;5.7;999.9;22.7;11.2;0.0;999.9;0;0;0;0;0;0
La_Plata;875930;2013;05;07;12.3;6;5.9;6;1020.0;6;1017.3;6;10.0;6;3.1;6;6.2;999.9;23.5;5.4;0.0;999.9;0;0;0;0;0;0
La_Plata;875930;2013;05;08;16.2;6;7.7;6;1013.4;6;1010.7;6;10.0;6;5.3;6;6.7;999.9;22.0;7.8;0.0;999.9;0;0;0;0;0;0
La_Plata;875930;2013;05;09;18.2;6;12.6;6;1015.0;6;1012.2;6;8.5;6;3.0;5;5.1;999.9;22.2;13.6;0.0;999.9;0;0;0;0;0;0
La_Plata;875930;2013;05;10;17.2;6;13.4;6;1013.0;6;1010.3;6;9.8;6;3.2;6;5.1;999.9;22.0;12.5;0.0;999.9;0;0;0;0;0;0
La_Plata;875930;2013;05;11;18.2;6;14.4;6;1014.5;6;1011.8;6;8.4;6;1.9;6;3.6;999.9;22.0;15.0;71.9;999.9;1;0;0;0;0;0
La_Plata;875930;2013;05;12;13.6;5;10.7;5;1016.4;5;1013.7;5;6.0;5;1.6;5;2.6;999.9;21.9;7.7;0.0;999.9;1;0;0;0;0;0
La_Plata;875930;2013;05;13;13.9;6;13.1;6;1015.8;6;1013.0;6;4.5;6;1.2;6;3.1;999.9;20.2;8.0;0.0;999.9;1;0;0;0;0;0
La_Plata;875930;2013;05;14;16.4;6;14.2;6;1013.3;6;1010.6;6;5.3;6;2.2;6;3.6;999.9;19.7;11.3;0.0;999.9;0;0;0;0;0;0
La_Plata;875930;2013;05;15;9.8;6;3.4;6;1016.0;6;1013.1;6;9.0;6;3.9;6;6.2;999.9;20.5;6.6;17.0;999.9;0;1;0;0;0;0
La_Plata;875930;2013;05;16;7.2;6;1.2;6;1023.2;6;1020.3;6;10.0;6;3.0;6;4.1;999.9;12.2;1.8;0.0;999.9;0;0;0;0;0;0
La_Plata;875930;2013;05;17;8.8;6;3.8;6;1025.8;6;1022.9;6;9.8;6;2.1;6;3.1;999.9;13.9;2.3;0.0;999.9;0;0;0;0;0;0
La_Plata;875930;2013;05;18;9.6;6;6.1;6;1025.4;6;1022.6;6;9.5;6;2.2;6;4.1;999.9;14.6;2.6;999.9;999.9;0;1;0;0;0;0
La_Plata;875930;2013;05;19;10.9;6;9.0;6;1023.8;6;1021.0;6;10.0;6;1.1;6;2.6;999.9;13.5;8.6;2.0;999.9;0;0;0;0;0;0
La_Plata;875930;2013;05;20;10.3;6;9.1;6;1021.2;6;1018.4;6;6.3;6;2.8;6;3.6;999.9;13.5;8.0;0.0;999.9;1;1;0;0;0;0
La_Plata;875930;2013;05;21;11.2;6;9.0;6;1018.8;6;1016.0;6;10.0;6;2.3;6;4.6;999.9;15.7;5.8;0.0;999.9;0;0;0;0;0;0
La_Plata;875930;2013;05;22;14.4;6;12.8;6;1020.1;6;1017.3;6;9.0;6;1.9;6;2.6;999.9;16.6;7.0;0.8;999.9;0;1;0;0;0;0
La_Plata;875930;2013;05;23;13.0;5;12.3;5;1019.9;5;1017.1;5;3.7;5;1.6;5;2.6;999.9;15.3;8.9;0.0;999.9;1;0;0;0;0;0
La_Plata;875930;2013;05;24;12.8;6;10.2;6;1019.5;6;1016.7;6;8.2;6;2.7;6;4.1;999.9;16.8;8.5;0.0;999.9;1;0;0;0;0;0
La_Plata;875930;2013;05;25;11.4;6;8.9;6;1020.5;6;1017.7;6;7.6;6;2.1;6;4.6;999.9;17.0;4.9;0.0;999.9;1;0;0;0;0;0
La_Plata;875930;2013;05;26;14.4;6;12.4;6;1015.6;6;1012.8;6;9.3;6;3.6;6;5.1;999.9;17.6;6.8;0.0;999.9;0;0;0;0;0;0
La_Plata;875930;2013;05;27;13.1;6;9.7;6;1011.7;6;1008.9;6;6.8;6;2.0;6;3.6;999.9;18.2;6.0;0.0;999.9;1;0;0;0;0;0
La_Plata;875930;2013;05;28;14.6;6;13.7;6;1001.8;6;999.0;6;9.3;6;3.3;6;4.1;999.9;19.2;7.4;21.1;999.9;0;1;0;0;1;0
La_Plata;875930;2013;05;29;12.7;6;8.7;6;1005.8;6;1003.0;6;8.4;6;2.3;6;3.6;999.9;17.1;8.8;0.0;999.9;1;1;0;0;0;0
La_Plata;875930;2013;05;30;12.4;6;4.6;6;1010.1;6;1007.4;6;10.0;6;4.4;6;8.7;999.9;17.8;6.0;0.0;999.9;0;0;0;0;0;0
La_Plata;875930;2013;05;31;15.7;6;8.3;6;1008.3;6;1005.6;6;10.0;6;6.3;6;8.2;999.9;18.2;7.6;0.0;999.9;0;0;0;0;0;0
La_Plata;875930;2013;06;01;14.8;6;8.7;6;1011.1;6;1008.3;6;9.2;6;3.1;6;5.7;999.9;19.5;8.3;0.0;999.9;0;0;0;0;0;0
La_Plata;875930;2013;06;02;12.7;6;6.0;6;1015.1;6;1012.3;6;10.0;6;3.0;6;4.1;999.9;19.9;7.4;0.0;999.9;0;0;0;0;0;0
La_Plata;875930;2013;06;03;14.7;5;5.6;5;1017.2;5;1014.4;5;10.0;5;3.2;5;5.1;999.9;19.0;6.9;0.0;999.9;0;0;0;0;0;0
La_Plata;875930;2013;06;04;16.0;6;7.8;6;1013.1;6;1010.4;6;10.0;6;4.0;6;6.2;999.9;19.7;12.5;0.0;999.9;0;0;0;0;0;0
La_Plata;875930;2013;06;05;16.3;5;10.2;5;1009.8;5;1007.1;5;8.4;5;4.3;5;7.2;999.9;21.8;6.4;0.0;999.9;1;0;0;0;0;0
La_Plata;875930;2013;06;06;10.4;6;5.2;6;1018.8;6;1016.0;6;10.0;6;2.7;6;4.1;999.9;22.0;5.3;0.0;999.9;0;0;0;0;0;0
La_Plata;875930;2013;06;07;12.4;6;7.2;6;1018.3;6;1015.4;6;9.3;6;4.0;6;7.7;999.9;18.0;5.2;0.0;999.9;0;0;0;0;0;0
La_Plata;875930;2013;06;08;8.6;6;4.0;6;1025.7;6;1022.8;6;10.0;6;1.8;6;2.6;999.9;18.4;0.1;0.0;999.9;0;0;0;0;0;0
La_Plata;875930;2013;06;09;10.7;6;9.6;6;1020.1;6;1017.3;6;8.9;6;1.8;6;3.1;999.9;13.8;3.3;1.0;999.9;0;1;0;0;0;0
La_Plata;875930;2013;06;10;14.9;6;12.3;6;1017.6;6;1014.9;6;8.0;6;2.1;6;3.1;999.9;19.1;10.5;3.0;999.9;0;0;0;0;0;0
La_Plata;875930;2013;06;11;13.4;6;12.6;6;1018.9;6;1016.1;6;2.1;6;1.4;6;2.1;999.9;19.1;5.6;0.0;999.9;1;0;0;0;0;0
La_Plata;875930;2013;06;12;17.2;6;14.1;6;1017.2;6;1014.4;6;8.4;6;3.2;6;4.6;999.9;21.0;9.2;0.0;999.9;1;0;0;0;0;0
La_Plata;875930;2013;06;13;19.1;6;16.5;6;1014.3;6;1011.5;6;8.9;6;2.8;6;4.1;999.9;22.6;16.0;0.0;999.9;0;0;0;0;0;0
La_Plata;875930;2013;06;14;11.1;6;6.7;6;1022.7;6;1019.9;6;9.7;6;4.7;6;6.7;999.9;23.1;7.7;0.0;999.9;0;0;0;0;0;0
La_Plata;875930;2013;06;15;9.8;6;4.3;6;1020.7;6;1017.8;6;10.0;6;3.9;6;6.7;999.9;14.0;2.4;0.0;999.9;0;0;0;0;0;0
La_Plata;875930;2013;06;16;10.7;6;9.6;6;1015.8;6;1013.1;6;9.5;6;2.1;6;4.1;999.9;14.0;8.6;6.1;999.9;0;1;0;0;0;0
La_Plata;875930;2013;06;17;7.2;6;4.5;6;1019.7;6;1016.9;6;10.0;6;2.1;6;2.6;999.9;12.7;0.2;3.0;999.9;0;0;0;0;0;0
La_Plata;875930;2013;06;18;10.2;5;7.7;5;1016.3;5;1013.5;5;10.0;5;2.3;5;3.1;999.9;14.1;1.8;0.0;999.9;0;1;0;0;0;0
La_Plata;875930;2013;06;19;5.6;6;-1.3;6;1025.0;6;1022.1;6;10.0;6;3.2;6;5.1;999.9;15.2;-0.8;0.0;999.9;0;0;0;0;0;0
La_Plata;875930;2013;06;20;5.3;6;-1.0;6;1024.9;6;1022.0;6;8.9;6;1.4;6;2.1;999.9;11.7;-2.0;0.0;999.9;0;0;0;0;0;0
La_Plata;875930;2013;06;21;6.1;5;2.2;5;1014.7;5;1011.8;5;9.0;5;1.4;5;2.1;999.9;14.2;-1.9;0.0;999.9;0;0;0;0;0;0
La_Plata;875930;2013;06;22;9.6;6;2.6;6;1013.6;6;1010.8;6;9.7;6;4.1;6;7.7;999.9;14.5;-0.5;0.0;999.9;0;0;0;0;0;0
La_Plata;875930;2013;06;23;6.3;5;3.6;5;1022.8;5;1020.0;5;10.0;5;0.8;5;1.5;999.9;12.5;1.7;0.0;999.9;0;0;0;0;0;0
La_Plata;875930;2013;06;24;6.3;6;3.6;6;1023.8;6;1021.0;6;7.4;6;2.1;6;3.6;999.9;12.5;-0.8;0.0;999.9;1;0;0;0;0;0
La_Plata;875930;2013;06;25;7.9;6;6.6;6;1018.5;6;1015.6;6;7.9;6;2.3;6;2.6;999.9;13.1;1.4;0.0;999.9;1;0;0;0;0;0
La_Plata;875930;2013;06;26;7.9;7;6.3;7;1016.5;6;1013.7;6;3.5;7;2.8;7;5.1;999.9;13.9;1.1;0.0;999.9;1;0;0;0;0;0
La_Plata;875930;2013;06;27;12.6;6;8.7;6;1015.9;6;1013.1;6;9.3;6;3.0;6;4.6;999.9;16.0;2.7;0.0;999.9;0;0;0;0;0;0
La_Plata;875930;2013;06;28;12.5;6;10.4;6;1011.3;6;1008.5;6;9.7;6;2.6;6;3.1;999.9;16.5;10.0;0.0;999.9;0;0;0;0;0;0
La_Plata;875930;2013;06;29;11.5;6;4.4;6;1013.4;6;1010.6;6;9.5;6;3.1;6;6.2;999.9;17.0;5.2;0.0;999.9;0;1;0;0;0;0
La_Plata;875930;2013;06;30;8.8;6;3.3;6;1020.6;6;1017.7;6;9.7;6;2.2;6;3.1;999.9;17.4;0.8;0.5;999.9;0;1;0;0;0;0
La_Plata;875930;2013;07;01;7.5;6;3.6;6;1023.2;6;1020.4;6;9.7;6;1.6;6;3.6;999.9;15.4;-0.4;0.0;999.9;0;0;0;0;0;0
La_Plata;875930;2013;07;02;13.5;6;5.9;6;1017.5;6;1014.7;6;10.0;6;4.6;6;6.7;999.9;18.5;0.7;0.0;999.9;0;0;0;0;0;0
La_Plata;875930;2013;07;03;14.9;6;9.2;6;1013.7;6;1010.9;6;10.0;6;4.0;6;5.1;999.9;19.4;10.7;0.0;999.9;0;0;0;0;0;0
La_Plata;875930;2013;07;04;13.5;6;13.1;6;1014.7;6;1011.9;6;6.1;6;2.2;6;3.6;999.9;20.0;9.6;2.0;999.9;0;1;0;0;0;0
La_Plata;875930;2013;07;05;13.5;6;13.4;6;1014.9;6;1012.1;6;1.8;6;2.2;6;4.1;999.9;15.9;12.0;0.3;999.9;1;1;0;0;0;0
La_Plata;875930;2013;07;06;13.3;6;11.9;6;1013.7;6;1010.9;6;5.0;6;4.0;6;6.2;999.9;15.7;12.0;0.0;999.9;1;1;0;0;0;0
La_Plata;875930;2013;07;07;7.7;6;4.7;6;1024.5;6;1021.7;6;10.0;6;3.9;6;6.7;999.9;16.7;3.0;0.5;999.9;0;0;0;0;0;0
La_Plata;875930;2013;07;08;6.1;6;3.1;6;1031.1;6;1028.2;6;9.8;6;2.2;6;5.1;999.9;11.4;-1.2;0.0;999.9;0;0;0;0;0;0
La_Plata;875930;2013;07;09;7.4;6;6.6;6;1023.5;6;1020.6;6;8.2;6;3.6;6;7.2;999.9;11.6;0.5;2.0;999.9;0;1;0;0;0;0
La_Plata;875930;2013;07;10;11.4;6;10.9;6;1018.6;6;1015.8;6;4.8;6;2.1;6;4.1;999.9;12.8;8.0;20.1;999.9;1;1;0;0;0;0
La_Plata;875930;2013;07;11;15.1;6;15.0;6;1014.9;6;1012.2;6;5.1;6;3.4;6;5.1;999.9;18.3;10.2;39.1;999.9;0;1;0;0;1;0
La_Plata;875930;2013;07;12;10.8;6;10.2;6;1020.4;6;1017.5;6;6.9;6;2.2;6;3.6;999.9;16.6;9.8;13.0;999.9;0;1;0;0;0;0
La_Plata;875930;2013;07;13;11.4;6;9.4;6;1017.1;6;1014.3;6;8.0;6;2.5;6;5.1;999.9;14.2;5.7;0.0;999.9;0;0;0;0;0;0
La_Plata;875930;2013;07;14;10.9;6;6.1;6;1017.7;6;1014.9;6;10.0;6;2.6;6;4.1;999.9;15.0;8.4;0.0;999.9;0;0;0;0;0;0
La_Plata;875930;2013;07;15;9.2;6;2.5;6;1020.7;6;1017.9;6;10.0;6;2.7;6;4.1;999.9;15.1;1.8;0.0;999.9;0;0;0;0;0;0
La_Plata;875930;2013;07;16;14.7;6;6.3;6;1014.2;6;1011.4;6;10.0;6;3.5;6;6.2;999.9;20.7;3.7;0.0;999.9;0;0;0;0;0;0
La_Plata;875930;2013;07;17;15.8;6;11.2;6;1008.9;6;1006.1;6;9.2;6;3.0;6;5.1;999.9;21.3;10.6;0.0;999.9;0;0;0;0;0;0
La_Plata;875930;2013;07;18;7.0;5;2.7;5;1017.9;5;1015.1;5;9.0;5;8.3;5;11.8;999.9;18.0;5.0;0.5;999.9;0;1;0;0;0;0
La_Plata;875930;2013;07;19;4.4;6;0.3;6;1023.0;6;1020.0;6;10.0;6;3.0;6;5.1;999.9;10.0;-1.0;0.0;999.9;0;0;0;0;0;0
La_Plata;875930;2013;07;20;8.7;6;2.3;6;1011.4;6;1008.5;6;10.0;6;4.0;6;6.2;999.9;11.4;0.4;0.0;999.9;0;0;0;0;0;0
La_Plata;875930;2013;07;21;3.2;6;0.5;6;1013.9;6;1011.0;6;10.0;6;4.0;6;5.7;999.9;11.7;-0.2;0.0;999.9;0;0;0;0;0;0
La_Plata;875930;2013;07;22;4.5;6;2.4;6;1018.6;6;1015.7;6;9.8;6;5.4;6;6.7;999.9;6.8;0.5;0.0;999.9;0;1;0;0;0;0
La_Plata;875930;2013;07;23;6.3;6;-0.3;6;1023.3;6;1020.4;6;10.0;6;3.6;6;5.7;999.9;9.1;0.9;0.0;999.9;0;0;0;0;0;0
La_Plata;875930;2013;07;24;7.1;6;1.7;6;1025.5;6;1022.7;6;9.8;6;2.1;6;3.1;999.9;11.2;1.4;0.0;999.9;0;0;0;0;0;0
La_Plata;875930;2013;07;25;8.7;6;2.7;6;1025.9;6;1023.0;6;9.7;6;3.8;6;8.2;999.9;13.2;1.0;0.0;999.9;0;0;0;0;0;0
La_Plata;875930;2013;07;26;10.3;6;4.4;6;1025.4;6;1022.6;6;10.0;6;4.4;6;6.7;999.9;13.8;5.3;0.0;999.9;0;0;0;0;0;0
La_Plata;875930;2013;07;27;13.3;6;8.5;6;1022.3;6;1019.5;6;9.8;6;2.5;6;3.6;999.9;17.7;7.4;0.0;999.9;0;0;0;0;0;0
La_Plata;875930;2013;07;28;9.1;7;7.1;7;1022.2;6;1019.4;6;5.1;7;1.8;7;4.1;999.9;18.2;1.4;0.0;999.9;1;0;0;0;0;0
La_Plata;875930;2013;07;29;9.9;6;8.4;6;1022.9;6;1020.1;6;3.9;6;1.7;6;2.6;999.9;17.8;2.6;0.0;999.9;1;0;0;0;0;0
La_Plata;875930;2013;07;30;10.9;6;9.6;6;1020.1;6;1017.4;6;5.1;6;3.0;6;5.7;999.9;18.3;5.1;0.0;999.9;1;0;0;0;0;0
La_Plata;875930;2013;07;31;15.8;6;13.4;6;1012.9;6;1010.1;6;9.5;6;2.9;6;5.7;999.9;19.2;8.6;0.0;999.9;0;0;0;0;0;0
La_Plata;875930;2013;08;01;10.0;5;9.3;5;1015.7;5;1012.9;5;7.6;5;4.1;5;5.1;999.9;15.5;9.2;1.0;999.9;1;1;0;0;0;0
La_Plata;875930;2013;08;02;9.1;6;6.5;6;1019.6;6;1016.8;6;10.0;6;3.6;6;4.6;999.9;10.8;8.0;0.0;999.9;0;0;0;0;0;0
La_Plata;875930;2013;08;03;8.6;6;5.8;6;1018.6;6;1015.8;6;9.0;6;2.1;6;4.1;999.9;12.0;3.4;0.0;999.9;0;0;0;0;0;0
La_Plata;875930;2013;08;04;11.4;6;7.2;6;1018.5;6;1015.7;6;9.3;6;2.5;6;3.6;999.9;17.2;4.8;0.0;999.9;0;0;0;0;0;0
La_Plata;875930;2013;08;05;14.5;6;6.8;6;1014.1;6;1011.3;6;9.7;6;5.4;6;7.2;999.9;18.9;7.6;0.0;999.9;0;0;0;0;0;0
La_Plata;875930;2013;08;06;12.2;6;0.8;6;1018.1;6;1015.3;6;9.7;6;2.6;6;4.6;999.9;19.7;5.0;0.0;999.9;0;0;0;0;0;0
La_Plata;875930;2013;08;07;15.3;6;9.5;6;1005.0;6;1002.3;6;9.8;6;4.4;6;5.7;999.9;20.0;6.4;0.0;999.9;0;0;0;0;0;0
La_Plata;875930;2013;08;08;11.8;6;4.1;6;1012.2;6;1009.4;6;10.0;6;3.9;6;6.2;999.9;20.6;7.1;0.0;999.9;0;0;0;0;0;0
La_Plata;875930;2013;08;09;7.9;6;0.7;6;1025.5;6;1022.6;6;10.0;6;2.5;6;5.1;999.9;15.2;0.4;0.0;999.9;0;0;0;0;0;0
La_Plata;875930;2013;08;10;8.0;6;0.7;6;1024.4;6;1021.5;6;9.5;6;3.4;6;6.2;999.9;13.3;-1.2;0.0;999.9;0;0;0;0;0;0
La_Plata;875930;2013;08;11;11.9;6;1.2;6;1014.1;6;1011.3;6;10.0;6;5.1;6;7.2;999.9;15.2;4.9;0.0;999.9;0;0;0;0;0;0
La_Plata;875930;2013;08;12;11.1;6;4.7;6;1012.8;6;1010.0;6;10.0;6;3.7;6;9.8;999.9;16.6;5.5;0.0;999.9;0;0;0;0;0;0
La_Plata;875930;2013;08;13;5.1;6;-1.7;6;1026.3;6;1023.4;6;10.0;6;6.2;6;8.7;999.9;15.5;-1.8;0.0;999.9;0;0;0;0;0;0
La_Plata;875930;2013;08;14;6.7;6;-2.1;6;1031.3;6;1028.4;6;9.8;6;3.1;6;5.1;999.9;12.8;-0.6;0.0;999.9;0;0;0;0;0;0
La_Plata;875930;2013;08;15;9.9;6;0.6;6;1023.2;6;1020.4;6;10.0;6;7.1;6;10.8;999.9;13.2;2.7;0.0;999.9;0;0;0;0;0;0
La_Plata;875930;2013;08;16;12.2;6;1.1;6;1022.9;6;1020.1;6;9.8;6;4.3;6;5.7;999.9;16.1;7.9;0.0;999.9;0;0;0;0;0;0
La_Plata;875930;2013;08;17;7.1;6;2.9;5;1029.3;6;1026.4;6;9.2;6;2.9;6;6.2;999.9;16.6;1.3;0.0;999.9;0;0;0;0;0;0
La_Plata;875930;2013;08;18;9.7;4;6.6;4;1023.9;4;1021.1;4;10.0;4;2.7;4;3.6;999.9;16.0;2.3;0.0;999.9;0;0;0;0;0;0
La_Plata;875930;2013;08;19;15.6;6;10.6;6;1017.3;6;1014.6;6;10.0;6;3.5;6;6.2;999.9;21.2;9.0;0.0;999.9;0;0;0;0;0;0
La_Plata;875930;2013;08;20;16.0;6;11.9;6;1016.1;6;1013.3;6;8.2;6;2.5;6;4.1;999.9;22.6;7.1;0.0;999.9;1;0;0;0;0;0
La_Plata;875930;2013;08;21;16.1;6;14.2;5;1009.2;6;1006.4;6;8.5;6;3.5;6;6.7;999.9;23.2;11.6;5.1;999.9;1;1;0;0;0;0
La_Plata;875930;2013;08;22;9.2;6;1.1;6;1013.4;6;1010.6;6;10.0;6;6.7;6;9.8;999.9;18.7;4.6;0.0;999.9;0;0;0;0;0;0
La_Plata;875930;2013;08;23;4.9;5;-1.8;4;1025.1;5;1022.2;5;10.0;5;3.8;5;7.2;999.9;8.9;-1.8;0.0;999.9;0;0;0;0;0;0
La_Plata;875930;2013;08;24;4.8;5;0.7;5;1029.9;5;1027.0;5;9.3;5;2.9;5;4.6;999.9;10.7;-0.5;0.0;999.9;0;0;0;0;0;0
La_Plata;875930;2013;08;25;5.1;6;-1.1;5;1033.4;6;1030.5;6;10.0;6;4.0;6;5.7;999.9;11.6;-1.4;0.0;999.9;0;0;0;0;0;0
La_Plata;875930;2013;08;26;4.0;5;-1.5;5;1034.0;5;1031.0;5;10.0;5;5.5;5;8.2;999.9;10.0;-2.6;0.0;999.9;0;0;0;0;0;0
La_Plata;875930;2013;08;27;7.1;5;2.3;5;1026.4;5;1023.5;5;7.6;5;3.5;5;6.7;999.9;11.9;-1.8;0.0;999.9;1;0;0;0;0;0
La_Plata;875930;2013;08;28;13.8;5;3.2;5;1020.2;4;1017.4;5;9.7;5;6.9;5;7.2;999.9;20.4;1.1;0.0;999.9;0;0;0;0;0;0
La_Plata;875930;2013;08;29;17.5;6;5.3;6;1016.4;6;1013.6;6;9.5;6;6.8;6;8.2;999.9;21.4;11.0;0.0;999.9;0;0;0;0;0;0
La_Plata;875930;2013;08;30;18.2;6;8.6;6;1013.9;6;1011.2;6;9.2;6;5.3;6;6.2;999.9;22.6;12.4;0.0;999.9;0;0;0;0;0;0
La_Plata;875930;2013;08;31;16.4;6;10.2;6;1013.4;6;1010.6;6;10.0;6;2.4;6;4.1;999.9;23.8;6.8;0.0;999.9;0;0;0;0;0;0
La_Plata;875930;2013;09;01;16.1;6;11.5;6;1012.7;6;1009.9;6;8.9;6;2.4;6;4.6;999.9;24.6;6.2;0.0;999.9;1;0;0;0;0;0
La_Plata;875930;2013;09;02;14.4;6;7.3;6;1013.5;6;1010.7;6;10.0;6;6.2;6;11.3;999.9;25.0;8.3;0.0;999.9;0;0;0;0;0;0
La_Plata;875930;2013;09;03;9.5;6;2.8;6;1022.9;6;1020.1;6;10.0;6;4.6;6;6.2;999.9;19.0;4.5;0.0;999.9;0;0;0;0;0;0
La_Plata;875930;2013;09;04;7.7;6;2.8;6;1026.9;6;1024.0;6;10.0;6;2.8;6;4.1;999.9;14.1;-0.8;0.0;999.9;0;0;0;0;0;0
La_Plata;875930;2013;09;05;11.4;6;7.8;6;1021.1;6;1018.3;6;10.0;6;4.6;6;5.7;999.9;13.4;6.6;0.0;999.9;0;0;0;0;0;0
La_Plata;875930;2013;09;06;15.3;6;11.6;5;1017.8;6;1015.0;6;8.5;6;3.1;6;5.1;999.9;21.6;7.0;0.0;999.9;1;0;0;0;0;0
La_Plata;875930;2013;09;07;16.2;8;15.6;8;1011.8;6;1009.0;6;6.1;7;5.3;8;7.7;999.9;22.8;12.7;47.0;999.9;1;1;0;0;1;0
La_Plata;875930;2013;09;08;17.5;6;10.7;6;1014.9;6;1012.2;6;8.4;6;2.7;6;4.1;999.9;22.2;12.4;30.0;999.9;1;0;0;0;0;0
La_Plata;875930;2013;09;09;19.4;6;15.5;6;1013.9;6;1011.2;6;10.0;6;4.1;6;6.2;999.9;25.3;12.0;0.0;999.9;0;0;0;0;0;0
La_Plata;875930;2013;09;10;25.4;6;17.6;6;1009.3;6;1006.6;6;10.0;6;7.2;6;10.8;999.9;29.8;17.8;0.0;999.9;0;0;0;0;0;0
La_Plata;875930;2013;09;11;20.4;6;17.2;6;1008.1;6;1005.5;6;11.6;6;4.4;6;5.7;999.9;31.0;14.6;0.0;999.9;0;0;0;0;0;0
La_Plata;875930;2013;09;12;14.8;7;14.2;7;1005.5;6;1002.8;6;4.0;7;5.4;7;6.2;999.9;24.5;13.4;0.0;999.9;1;1;0;0;1;0
La_Plata;875930;2013;09;13;10.2;6;9.0;6;1018.2;6;1015.4;6;8.9;6;9.0;6;10.8;999.9;16.5;8.5;7.1;999.9;0;1;0;0;0;0
La_Plata;875930;2013;09;14;8.2;6;5.8;5;1023.5;5;1020.7;5;9.3;6;6.7;6;8.2;999.9;11.4;5.2;0.0;999.9;0;1;0;0;0;0
La_Plata;875930;2013;09;15;8.9;6;7.7;6;1019.9;6;1017.1;6;5.1;6;8.3;6;9.8;999.9;11.2;5.8;0.3;999.9;0;1;0;0;0;0
La_Plata;875930;2013;09;16;8.3;6;8.2;6;1015.9;6;1013.0;6;5.1;6;9.7;6;11.3;999.9;11.6;6.9;21.1;999.9;0;1;0;0;0;0
La_Plata;875930;2013;09;17;7.3;6;3.2;6;1015.9;6;1013.0;6;9.2;6;6.9;6;10.3;999.9;10.5;3.8;39.1;999.9;0;1;0;0;0;0
La_Plata;875930;2013;09;18;11.2;6;0.1;6;1017.3;6;1014.4;6;10.0;6;4.7;6;8.8;999.9;16.5;2.9;0.0;999.9;0;0;0;0;0;0
La_Plata;875930;2013;09;19;14.6;6;3.7;6;1020.6;5;1017.2;6;10.0;6;3.9;6;6.2;999.9;18.8;7.5;0.0;999.9;0;0;0;0;0;0
La_Plata;875930;2013;09;20;14.8;6;7.1;6;1013.8;4;1009.8;6;10.0;6;3.6;6;6.7;999.9;19.4;10.5;0.0;999.9;0;0;0;0;0;0
La_Plata;875930;2013;09;21;10.6;6;7.1;6;9999.9;0;1011.1;6;8.7;6;3.0;6;5.1;999.9;19.0;4.5;3.0;999.9;0;1;0;0;0;0
La_Plata;875930;2013;09;22;10.0;5;5.2;5;9999.9;0;1021.0;4;10.0;5;5.0;5;6.7;999.9;12.7;5.3;0.0;999.9;0;0;0;0;0;0
La_Plata;875930;2013;09;23;8.4;6;1.2;6;9999.9;0;1026.8;5;10.0;6;3.6;6;5.1;999.9;12.7;1.2;0.0;999.9;0;0;0;0;0;0
La_Plata;875930;2013;09;24;7.5;5;2.7;5;9999.9;0;1028.5;5;9.7;5;3.2;5;4.1;999.9;14.0;1.4;0.0;999.9;0;0;0;0;0;0
La_Plata;875930;2013;09;25;10.7;5;6.7;5;9999.9;0;1025.2;5;8.0;5;4.3;5;6.2;999.9;14.8;2.7;0.0;999.9;0;0;0;0;0;0
La_Plata;875930;2013;09;26;13.1;6;7.1;6;1023.5;4;1020.3;6;10.0;6;4.3;6;5.7;999.9;17.2;7.4;0.0;999.9;0;0;0;0;0;0
La_Plata;875930;2013;09;27;14.1;6;10.4;6;1020.8;4;1017.8;6;10.0;6;4.9;6;6.7;999.9;17.8;10.6;0.0;999.9;0;0;0;0;0;0
La_Plata;875930;2013;09;28;14.6;6;12.3;6;1018.4;6;1015.6;6;10.0;6;5.5;6;8.7;999.9;18.2;12.6;0.0;999.9;0;0;0;0;0;0
La_Plata;875930;2013;09;29;9.8;6;8.1;6;1019.1;6;1016.3;6;8.2;6;1.9;6;3.1;999.9;18.0;6.5;21.1;999.9;0;1;0;0;0;0
La_Plata;875930;2013;09;30;10.7;6;6.7;6;1015.1;6;1012.3;6;10.0;6;3.0;6;4.6;999.9;13.6;6.4;6.1;999.9;0;0;0;0;0;0
La_Plata;875930;2013;10;01;10.3;6;7.8;6;1014.7;6;1011.9;6;6.9;6;2.1;6;3.1;999.9;14.7;4.7;0.0;999.9;1;0;0;0;0;0
La_Plata;875930;2013;10;02;12.8;6;10.6;5;1018.9;6;1016.1;6;7.6;6;4.0;6;5.7;999.9;16.2;6.5;0.0;999.9;1;0;0;0;0;0
La_Plata;875930;2013;10;03;13.5;6;10.8;6;1019.4;6;1016.6;6;10.0;6;4.2;6;6.2;999.9;17.2;8.2;0.0;999.9;0;0;0;0;0;0
La_Plata;875930;2013;10;04;14.6;6;9.3;6;1021.0;6;1018.2;6;10.0;6;5.7;6;7.7;999.9;17.7;11.0;7.1;999.9;0;0;0;0;0;0
La_Plata;875930;2013;10;05;12.9;5;9.4;5;1023.1;5;1020.3;5;10.0;5;3.1;5;4.1;999.9;18.3;6.9;0.0;999.9;0;0;0;0;0;0
La_Plata;875930;2013;10;06;16.1;6;9.9;6;1024.0;6;1021.2;6;10.0;6;3.0;6;3.6;999.9;21.6;6.6;0.0;999.9;0;0;0;0;0;0
La_Plata;875930;2013;10;07;17.0;6;9.8;6;1025.3;6;1022.6;6;10.0;6;3.9;6;5.1;999.9;21.7;11.5;0.0;999.9;0;0;0;0;0;0
La_Plata;875930;2013;10;08;17.4;6;12.6;6;1020.5;6;1017.8;6;10.0;6;5.1;6;7.2;999.9;21.6;11.4;0.0;999.9;0;0;0;0;0;0
La_Plata;875930;2013;10;09;19.6;6;12.8;6;1015.7;6;1012.9;6;9.5;6;5.3;6;11.8;999.9;23.9;15.2;0.0;999.9;0;1;0;0;0;0
La_Plata;875930;2013;10;10;18.8;6;15.6;6;1017.4;6;1014.6;6;8.5;6;4.0;6;5.7;999.9;25.5;13.6;8.9;999.9;0;1;0;0;1;0
La_Plata;875930;2013;10;11;16.2;6;12.4;6;1020.7;6;1018.0;6;10.0;6;7.5;6;10.3;999.9;22.8;13.0;0.0;999.9;0;0;0;0;0;0
La_Plata;875930;2013;10;12;16.9;5;14.6;5;1019.5;5;1016.7;5;10.0;5;6.8;5;8.2;999.9;19.3;14.0;0.0;999.9;0;0;0;0;0;0
La_Plata;875930;2013;10;13;18.0;6;16.1;6;1016.2;6;1013.5;6;9.5;6;4.3;6;7.7;999.9;20.4;15.9;0.3;999.9;0;1;0;0;0;0
La_Plata;875930;2013;10;14;19.4;6;15.6;6;1016.6;6;1013.9;6;9.8;6;2.3;6;4.6;999.9;24.2;13.2;0.0;999.9;0;0;0;0;0;0
La_Plata;875930;2013;10;15;20.3;5;14.0;5;1018.1;5;1015.3;5;7.7;5;2.3;5;999.9;999.9;25.9;12.5;0.0;999.9;0;0;0;0;0;0
La_Plata;875930;2013;10;16;21.3;6;15.5;6;1017.4;6;1014.7;6;10.0;6;2.4;6;3.6;999.9;26.3;17.1;0.0;999.9;0;0;0;0;0;0
La_Plata;875930;2013;10;17;20.2;6;16.2;6;1014.4;6;1011.6;6;10.0;6;2.9;6;4.6;999.9;26.0;14.4;0.0;999.9;0;0;0;0;0;0
La_Plata;875930;2013;10;18;19.0;6;14.2;6;1012.8;6;1010.0;6;9.3;6;2.1;6;3.1;999.9;26.4;13.4;0.0;999.9;0;1;0;0;0;0
La_Plata;875930;2013;10;19;20.6;6;14.3;5;1009.5;6;1006.8;6;8.4;6;3.1;6;5.7;999.9;25.5;12.8;0.0;999.9;1;0;0;0;0;0
La_Plata;875930;2013;10;20;20.4;6;16.7;6;1003.6;6;1001.0;6;9.2;6;1.9;6;3.6;999.9;25.8;16.6;10.9;999.9;0;1;0;0;1;0
La_Plata;875930;2013;10;21;14.4;6;9.8;6;1013.5;6;1010.7;6;10.0;6;5.3;6;9.8;999.9;24.4;9.2;3.0;999.9;0;0;0;0;0;0
La_Plata;875930;2013;10;22;14.9;6;8.4;6;1014.6;6;1011.9;6;10.0;6;5.0;6;6.7;999.9;18.8;9.0;0.0;999.9;0;0;0;0;0;0
La_Plata;875930;2013;10;23;17.4;6;14.1;6;1010.6;6;1007.9;6;10.0;6;4.3;6;8.8;999.9;20.4;14.2;999.9;999.9;0;1;0;0;0;0
La_Plata;875930;2013;10;24;12.4;6;6.0;6;1023.1;6;1020.3;6;10.0;6;5.3;6;8.2;999.9;21.6;6.0;0.0;999.9;0;0;0;0;0;0
La_Plata;875930;2013;10;25;11.8;6;6.7;6;1024.3;6;1021.5;6;10.0;6;3.7;6;6.2;999.9;16.5;5.2;0.0;999.9;0;0;0;0;0;0
La_Plata;875930;2013;10;26;18.0;6;12.9;6;1015.4;6;1012.7;6;9.5;6;2.1;6;4.6;999.9;23.1;12.5;0.0;999.9;0;1;0;0;0;0
La_Plata;875930;2013;10;27;16.1;6;6.9;6;1019.9;6;1017.1;6;10.0;6;5.3;6;7.2;999.9;24.3;8.4;0.0;999.9;0;0;0;0;0;0
La_Plata;875930;2013;10;28;16.1;6;3.9;6;1019.9;6;1017.1;6;10.0;6;3.9;6;5.1;999.9;20.5;8.6;0.0;999.9;0;0;0;0;0;0
La_Plata;875930;2013;10;29;17.8;6;11.6;6;1016.3;6;1013.6;6;10.0;6;4.0;6;6.2;999.9;21.8;12.6;0.0;999.9;0;0;0;0;0;0
La_Plata;875930;2013;10;30;17.9;6;13.3;6;1015.7;6;1013.0;6;10.0;6;5.5;6;7.2;999.9;23.1;12.3;0.0;999.9;0;0;0;0;0;0
La_Plata;875930;2013;10;31;18.8;6;15.7;6;1012.8;6;1010.1;6;10.0;6;5.8;6;8.2;999.9;22.8;16.7;999.9;999.9;0;1;0;0;0;0
La_Plata;875930;2013;11;01;18.3;5;17.7;5;1010.3;5;1007.6;5;6.6;5;3.8;5;6.2;999.9;21.4;17.3;0.5;999.9;0;1;0;0;0;0
La_Plata;875930;2013;11;02;17.2;6;15.1;6;1011.5;6;1008.9;6;9.3;6;6.4;6;8.2;999.9;19.4;14.6;47.0;999.9;0;1;0;0;0;0
La_Plata;875930;2013;11;03;16.5;6;11.1;6;1016.4;6;1013.7;6;10.0;6;3.6;6;5.1;999.9;21.5;10.8;0.0;999.9;0;0;0;0;0;0
La_Plata;875930;2013;11;04;15.2;6;11.1;6;1019.4;6;1016.6;6;10.0;6;4.0;6;5.7;999.9;22.3;7.5;0.0;999.9;0;0;0;0;0;0
La_Plata;875930;2013;11;05;17.1;6;11.4;6;1020.9;6;1018.1;6;10.0;6;3.5;6;4.6;999.9;21.0;10.2;0.0;999.9;0;0;0;0;0;0
La_Plata;875930;2013;11;06;19.9;6;12.7;6;1018.2;6;1015.5;6;10.0;6;6.5;6;9.3;999.9;24.8;14.8;0.0;999.9;0;0;0;0;0;0
La_Plata;875930;2013;11;07;17.7;7;14.2;7;1015.2;6;1012.5;6;9.2;6;3.8;7;5.7;999.9;25.4;14.6;5.1;999.9;0;1;0;0;1;0
La_Plata;875930;2013;11;08;17.9;6;17.0;5;1013.4;6;1010.7;6;9.5;6;2.0;6;3.1;999.9;22.5;12.2;3.0;999.9;0;0;0;0;0;0
La_Plata;875930;2013;11;09;19.8;6;17.3;6;1011.2;6;1008.5;6;9.0;6;5.3;6;8.2;999.9;22.2;14.0;0.0;999.9;0;0;0;0;0;0
La_Plata;875930;2013;11;10;21.2;6;18.3;6;1005.8;6;1003.2;6;10.0;6;4.9;6;7.2;999.9;24.9;17.7;0.0;999.9;0;0;0;0;0;0
La_Plata;875930;2013;11;11;18.3;7;15.7;7;1004.5;6;1001.8;6;9.7;7;4.8;7;8.0;999.9;25.1;15.0;0.0;999.9;0;1;0;0;0;0
La_Plata;875930;2013;11;12;21.2;6;11.4;6;1008.1;6;1005.4;6;8.9;6;3.6;6;6.7;999.9;26.6;12.0;0.0;999.9;0;0;0;0;0;0
La_Plata;875930;2013;11;13;20.1;6;11.8;6;1016.3;6;1013.5;6;9.8;6;5.0;6;6.7;999.9;27.2;10.7;0.0;999.9;0;1;0;0;0;0
