La_Quiaca;870070;2013;01;01;12,8;8;0,7;8;9999,9;0;673,7;8;20,9;8;3,3;8;6,7;999,9;22,5;6,7;0,0;999,9;0;1;0;0;0;0
La_Quiaca;870070;2013;01;02;11,8;8;4,0;8;9999,9;0;674,4;8;18,2;8;2,6;8;4,1;999,9;19,8;6,9;3,0;999,9;0;1;0;0;0;0
La_Quiaca;870070;2013;01;03;14,4;8;2,1;8;9999,9;0;674,0;8;22,9;8;1,2;8;2,6;999,9;23,3;7,3;1,0;999,9;0;1;0;0;1;0
La_Quiaca;870070;2013;01;04;17,3;8;0,4;8;9999,9;0;674,0;8;24,9;8;1,3;8;4,1;999,9;24,9;9,5;0,0;999,9;0;0;0;0;0;0
La_Quiaca;870070;2013;01;05;17,6;8;-4,2;8;9999,9;0;673,5;8;25,9;8;3,4;8;19,0;999,9;27,0;9,8;0,0;999,9;0;1;0;0;1;0
La_Quiaca;870070;2013;01;06;15,6;8;3,7;8;9999,9;0;671,5;8;23,2;8;2,4;8;4,1;999,9;25,9;10,5;0,0;999,9;0;0;0;0;0;0
La_Quiaca;870070;2013;01;07;14,3;8;-4,0;8;9999,9;0;670,5;8;23,8;8;1,9;8;6,7;999,9;22,4;8,8;0,0;999,9;0;0;0;0;0;0
La_Quiaca;870070;2013;01;08;15,3;8;-5,3;8;9999,9;0;672,9;8;24,9;8;1,2;8;4,1;999,9;23,3;7,6;0,0;999,9;0;0;0;0;0;0
La_Quiaca;870070;2013;01;09;13,2;8;4,1;8;9999,9;0;675,3;8;17,7;8;3,0;8;6,7;999,9;24,2;8,9;999,9;999,9;0;1;0;0;1;0
La_Quiaca;870070;2013;01;10;12,7;8;7,0;8;9999,9;0;676,8;8;22,5;8;1,5;8;4,1;999,9;21,5;8,8;11,9;999,9;0;0;0;0;0;0
La_Quiaca;870070;2013;01;11;13,7;8;3,0;8;9999,9;0;675,1;8;24,9;8;1,4;8;2,6;999,9;20,0;7,8;0,8;999,9;0;0;0;0;0;0
La_Quiaca;870070;2013;01;12;13,0;8;4,2;8;9999,9;0;672,8;8;23,8;8;2,1;8;4,1;999,9;21,8;7,3;0,0;999,9;0;0;0;0;0;0
La_Quiaca;870070;2013;01;13;11,9;8;6,4;8;9999,9;0;674,5;8;14,3;8;2,2;8;6,7;999,9;22,5;7,4;8,9;999,9;0;1;0;0;0;0
La_Quiaca;870070;2013;01;14;11,6;8;7,1;8;9999,9;0;675,0;8;9,7;8;1,1;8;4,1;999,9;20,2;7,2;16,0;999,9;0;1;0;0;0;0
La_Quiaca;870070;2013;01;15;10,9;8;6,4;8;9999,9;0;673,9;8;13,2;8;2,3;8;4,1;999,9;17,5;6,9;7,9;999,9;0;1;0;0;0;0
La_Quiaca;870070;2013;01;16;12,4;8;6,1;8;9999,9;0;672,2;8;24,9;8;1,2;8;2,6;999,9;18,4;8,0;0,0;999,9;0;0;0;0;0;0
La_Quiaca;870070;2013;01;17;11,8;8;5,4;8;9999,9;0;673,7;8;17,5;8;2,2;8;4,1;999,9;20,7;8,0;0,0;999,9;0;1;0;0;0;0
La_Quiaca;870070;2013;01;18;10,8;8;6,9;8;9999,9;0;675,5;8;7,6;8;2,3;8;4,1;999,9;17,2;7,6;21,1;999,9;0;1;0;0;0;0
La_Quiaca;870070;2013;01;19;9,2;8;7,2;8;9999,9;0;675,5;8;8,4;8;1,4;8;2,6;999,9;14,7;6,8;16,0;999,9;0;1;0;0;0;0
La_Quiaca;870070;2013;01;20;8,6;8;5,2;8;9999,9;0;675,1;8;6,9;8;1,3;8;2,6;999,9;13,1;5,7;14,0;999,9;0;1;0;0;0;0
La_Quiaca;870070;2013;01;21;9,2;7;4,7;7;9999,9;0;674,1;7;15,9;7;2,4;7;4,1;999,9;16,2;4,0;24,9;999,9;0;1;0;0;0;0
La_Quiaca;870070;2013;01;22;9,8;8;4,3;8;9999,9;0;675,1;8;20,9;8;2,5;8;6,7;999,9;17,6;2,5;11,9;999,9;0;1;0;0;1;0
La_Quiaca;870070;2013;01;23;12,3;8;5,9;8;9999,9;0;675,3;8;18,7;8;2,3;8;6,7;999,9;18,6;6,7;0,0;999,9;0;0;0;0;1;0
La_Quiaca;870070;2013;01;24;10,4;8;3,1;8;9999,9;0;675,0;8;18,0;8;1,6;8;2,6;999,9;19,5;5,4;11,9;999,9;0;1;0;0;0;0
La_Quiaca;870070;2013;01;25;13,4;8;-3,1;8;9999,9;0;673,6;8;24,9;8;2,3;8;4,1;999,9;19,9;4,8;0,0;999,9;0;0;0;0;0;0
La_Quiaca;870070;2013;01;26;11,7;8;5,6;8;9999,9;0;674,5;8;22,7;8;2,9;8;6,7;999,9;20,7;7,9;0,0;999,9;0;0;0;0;1;0
La_Quiaca;870070;2013;01;27;11,2;8;3,8;8;9999,9;0;675,2;8;22,5;8;0,5;8;1,0;999,9;19,5;4,4;21,1;999,9;0;0;0;0;0;0
La_Quiaca;870070;2013;01;28;12,6;8;4,2;8;9999,9;0;676,1;8;24,9;8;2,3;8;6,7;999,9;21,5;5,8;0,0;999,9;0;0;0;0;0;0
La_Quiaca;870070;2013;01;29;11,7;8;3,7;8;9999,9;0;677,3;8;19,0;8;3,4;8;6,7;999,9;22,5;6,5;4,1;999,9;0;1;0;0;1;0
La_Quiaca;870070;2013;01;30;10,5;8;4,2;8;9999,9;0;676,6;8;15,8;8;1,5;8;2,6;999,9;19,3;5,4;13,0;999,9;0;1;0;0;0;0
La_Quiaca;870070;2013;01;31;10,3;7;4,8;7;9999,9;0;674,3;7;19,5;7;1,7;7;2,6;999,9;18,8;5,3;14,0;999,9;0;1;0;0;0;0
La_Quiaca;870070;2013;02;03;12,6;8;5,8;8;9999,9;0;676,7;8;20,0;8;1,6;8;4,1;999,9;21,2;7,0;9,9;999,9;0;0;0;0;0;0
La_Quiaca;870070;2013;02;04;12,7;8;4,6;8;9999,9;0;675,0;8;18,8;8;1,0;8;2,6;999,9;20,4;5,4;0,0;999,9;0;0;0;0;0;0
La_Quiaca;870070;2013;02;05;13,2;8;4,7;8;9999,9;0;674,4;8;22,7;8;1,8;8;2,6;999,9;21,5;8,2;0,0;999,9;0;0;0;0;0;0
La_Quiaca;870070;2013;02;06;11,1;6;6,2;6;9999,9;0;675,1;6;15,0;6;1,3;6;4,1;999,9;19,5;7,1;6,1;999,9;0;1;0;0;0;0
La_Quiaca;870070;2013;02;07;9,6;8;6,3;8;9999,9;0;674,8;8;11,7;8;1,7;8;2,6;999,9;15,6;7,4;8,9;999,9;0;1;0;0;0;0
La_Quiaca;870070;2013;02;08;9,9;8;5,3;8;9999,9;0;673,8;8;10,3;8;0,5;8;2,6;999,9;15,8;6,6;8,9;999,9;1;1;0;1;1;0
La_Quiaca;870070;2013;02;09;10,9;7;5,3;7;9999,9;0;672,8;7;12,7;7;1,6;7;4,1;999,9;18,5;5,9;7,1;999,9;0;0;0;0;0;0
La_Quiaca;870070;2013;02;10;12,2;8;4,0;8;9999,9;0;672,2;8;19,3;8;1,8;8;4,1;999,9;18,9;7,5;14,0;999,9;0;1;0;0;0;0
La_Quiaca;870070;2013;02;11;11,3;8;4,6;8;9999,9;0;672,1;8;17,7;8;2,2;8;4,1;999,9;20,0;6,3;0,0;999,9;0;0;0;0;1;0
La_Quiaca;870070;2013;02;12;9,9;8;4,2;8;9999,9;0;671,8;8;13,5;8;1,0;8;2,6;999,9;17,2;3,8;3,0;999,9;1;0;0;0;0;0
La_Quiaca;870070;2013;02;13;12,7;8;3,7;8;9999,9;0;671,8;8;23,0;8;1,4;8;4,1;999,9;19,5;5,8;0,0;999,9;1;0;0;0;1;0
La_Quiaca;870070;2013;02;14;11,3;8;5,3;8;9999,9;0;673,7;8;13,8;8;1,5;8;6,7;999,9;21,0;6,3;7,9;999,9;0;1;0;0;1;0
La_Quiaca;870070;2013;02;15;11,3;8;5,7;8;9999,9;0;674,3;8;14,0;8;1,9;8;4,1;999,9;19,0;7,0;5,1;999,9;0;1;0;0;1;0
La_Quiaca;870070;2013;02;16;12,8;7;5,6;7;9999,9;0;672,4;7;17,2;7;0,8;7;2,6;999,9;20,0;5,2;8,9;999,9;1;0;0;0;0;0
La_Quiaca;870070;2013;02;17;14,5;8;5,6;8;9999,9;0;672,1;8;23,8;8;1,3;8;2,6;999,9;21,2;7,3;0,0;999,9;0;0;0;0;0;0
La_Quiaca;870070;2013;02;18;14,1;6;6,6;6;9999,9;0;673,3;6;10,9;6;1,1;6;2,6;999,9;22,8;9,3;0,0;999,9;0;0;0;0;1;0
La_Quiaca;870070;2013;02;19;12,1;8;6,5;8;9999,9;0;673,1;8;16,9;8;1,3;8;2,6;999,9;18,2;8,4;3,0;999,9;0;0;0;0;0;0
La_Quiaca;870070;2013;02;20;14,6;8;8,1;8;9999,9;0;672,1;8;23,3;8;1,3;8;4,1;999,9;20,0;8,5;0,0;999,9;0;0;0;0;0;0
La_Quiaca;870070;2013;02;21;13,3;8;7,8;8;9999,9;0;673,4;8;12,9;8;3,3;8;9,3;999,9;21,9;7,1;8,9;999,9;0;1;0;0;1;0
La_Quiaca;870070;2013;02;22;14,0;8;7,3;8;9999,9;0;675,1;8;20,0;8;2,2;8;4,1;999,9;20,7;8,2;0,0;999,9;0;0;0;0;0;0
La_Quiaca;870070;2013;02;23;15,4;8;4,6;8;9999,9;0;674,5;8;20,0;8;1,4;8;2,6;999,9;21,8;9,5;0,0;999,9;0;0;0;0;0;0
La_Quiaca;870070;2013;02;24;16,4;8;4,3;8;9999,9;0;672,6;8;20,0;8;1,1;8;2,6;999,9;23,1;8,2;0,0;999,9;0;0;0;0;0;0
La_Quiaca;870070;2013;02;25;14,5;8;7,4;8;9999,9;0;672,6;8;21,4;8;1,4;8;6,7;999,9;24,8;8,7;0,0;999,9;0;0;0;0;0;0
La_Quiaca;870070;2013;02;26;13,8;8;7,2;8;9999,9;0;672,9;8;20,9;8;1,8;8;4,1;999,9;21,3;8,8;0,0;999,9;0;0;0;0;0;0
La_Quiaca;870070;2013;02;27;12,5;8;6,2;8;9999,9;0;674,3;8;16,1;8;2,1;8;4,1;999,9;21,5;6,9;3,0;999,9;0;1;0;0;1;0
La_Quiaca;870070;2013;02;28;12,3;8;6,3;8;9999,9;0;674,7;8;26,7;8;2,3;8;9,3;999,9;22,0;6,3;5,1;999,9;0;0;0;0;0;0
La_Quiaca;870070;2013;03;01;14,3;8;4,1;8;9999,9;0;673,4;8;22,0;8;1,1;8;2,6;999,9;21,4;6,7;0,0;999,9;0;0;0;0;0;0
La_Quiaca;870070;2013;03;02;15,6;7;-0,3;7;9999,9;0;672,7;7;27,4;7;0,7;7;2,6;999,9;23,4;6,3;0,0;999,9;0;0;0;0;0;0
La_Quiaca;870070;2013;03;03;15,4;8;6,3;8;9999,9;0;674,9;8;18,5;8;3,0;8;6,7;999,9;25,0;9,0;0,0;999,9;0;0;0;0;0;0
La_Quiaca;870070;2013;03;04;16,7;8;6,8;8;9999,9;0;673,7;8;17,5;8;2,6;8;4,1;999,9;23,6;11,5;0,0;999,9;0;0;0;0;0;0
La_Quiaca;870070;2013;03;05;15,5;8;5,6;8;9999,9;0;673,0;8;20,0;8;2,0;8;6,7;999,9;24,6;7,6;0,0;999,9;0;0;0;0;0;0
La_Quiaca;870070;2013;03;06;15,7;8;3,8;8;9999,9;0;672,2;8;17,7;8;0,8;8;2,6;999,9;24,5;7,9;2,0;999,9;0;0;0;0;1;0
La_Quiaca;870070;2013;03;07;16,8;8;5,2;8;9999,9;0;672,6;8;21,9;8;2,6;8;4,1;999,9;25,4;8,3;0,0;999,9;0;0;0;0;0;0
La_Quiaca;870070;2013;03;08;15,6;8;4,7;8;9999,9;0;674,7;8;15,6;8;3,2;8;12,3;999,9;25,2;10,8;0,0;999,9;0;0;0;0;0;0
La_Quiaca;870070;2013;03;09;12,4;8;6,7;8;9999,9;0;675,2;8;15,8;8;1,4;8;2,6;999,9;21,8;7,8;24,9;999,9;0;1;0;0;1;0
La_Quiaca;870070;2013;03;10;13,3;8;6,3;8;9999,9;0;674,2;8;16,9;8;2,5;8;4,1;999,9;19,6;8,0;2,0;999,9;0;1;0;0;1;0
La_Quiaca;870070;2013;03;11;13,9;7;6,4;7;9999,9;0;671,9;7;14,6;7;2,0;7;2,6;999,9;21,4;9,7;4,1;999,9;0;1;0;0;0;0
La_Quiaca;870070;2013;03;12;14,1;8;-4,5;8;9999,9;0;671,2;8;26,2;8;2,8;8;6,7;999,9;22,5;5,7;0,0;999,9;0;0;0;0;0;0
La_Quiaca;870070;2013;03;13;13,6;8;0,9;8;9999,9;0;671,5;8;20,0;8;2,6;8;4,1;999,9;22,1;6,2;0,0;999,9;0;0;0;0;0;0
La_Quiaca;870070;2013;03;14;13,7;8;3,9;8;9999,9;0;671,8;8;20,1;8;1,2;8;2,6;999,9;21,3;8,2;0,0;999,9;0;0;0;0;0;0
La_Quiaca;870070;2013;03;15;13,0;8;5,2;8;9999,9;0;672,4;8;24,9;8;4,1;8;6,7;999,9;21,0;8,2;0,0;999,9;0;0;0;0;0;0
La_Quiaca;870070;2013;03;16;13,4;8;6,6;8;9999,9;0;673,7;8;24,9;8;2,0;8;4,1;999,9;20,9;7,9;0,0;999,9;0;0;0;0;0;0
La_Quiaca;870070;2013;03;17;13,6;8;6,6;8;9999,9;0;674,1;8;16,3;8;1,3;8;2,6;999,9;21,9;8,0;0,0;999,9;0;1;0;0;0;0
La_Quiaca;870070;2013;03;18;14,3;8;4,4;8;9999,9;0;672,7;8;29,1;8;2,3;8;4,1;999,9;22,6;8,3;0,0;999,9;0;0;0;0;0;0
La_Quiaca;870070;2013;03;19;14,0;8;-3,4;8;9999,9;0;670,6;8;20,6;8;2,9;8;6,7;999,9;22,8;7,7;0,0;999,9;0;0;0;0;0;0
La_Quiaca;870070;2013;03;20;12,8;7;-16,2;7;9999,9;0;671,0;7;22,9;7;3,5;7;6,7;999,9;23,1;2,0;0,0;999,9;0;0;0;0;0;0
La_Quiaca;870070;2013;03;21;11,7;8;-4,2;8;9999,9;0;671,8;8;24,9;8;2,1;8;6,7;999,9;21,0;2,3;0,0;999,9;0;0;0;0;0;0
La_Quiaca;870070;2013;03;22;11,5;8;0,9;8;9999,9;0;673,3;8;23,8;8;2,6;8;6,7;999,9;20,4;6,0;0,0;999,9;0;0;0;0;0;0
La_Quiaca;870070;2013;03;23;12,7;8;-0,5;8;9999,9;0;672,9;8;20,0;8;2,2;8;6,7;999,9;21,5;7,3;0,0;999,9;0;0;0;0;0;0
La_Quiaca;870070;2013;03;24;12,4;8;2,4;8;9999,9;0;671,8;8;27,8;8;2,0;8;4,1;999,9;22,4;7,6;0,0;999,9;0;0;0;0;0;0
La_Quiaca;870070;2013;03;25;10,9;8;-0,8;8;9999,9;0;671,7;8;17,5;8;2,4;8;6,7;999,9;20,5;4,9;0,0;999,9;0;0;0;0;0;0
La_Quiaca;870070;2013;03;26;9,7;8;0,8;8;9999,9;0;675,6;8;22,4;8;2,3;8;6,7;999,9;19,0;2,8;0,0;999,9;0;0;0;0;1;0
La_Quiaca;870070;2013;03;27;9,6;8;1,5;8;9999,9;0;675,8;8;21,9;8;0,9;8;2,6;999,9;17,2;3,2;0,0;999,9;0;0;0;0;0;0
La_Quiaca;870070;2013;03;28;9,8;8;1,1;8;9999,9;0;675,2;8;22,5;8;2,1;8;4,1;999,9;19,0;4,0;3,0;999,9;0;1;0;0;0;0
La_Quiaca;870070;2013;03;29;11,4;8;1,5;8;9999,9;0;673,9;8;20,0;8;2,5;8;6,7;999,9;19,0;4,3;0,0;999,9;0;0;0;0;1;0
La_Quiaca;870070;2013;03;30;11,7;8;-1,7;8;9999,9;0;674,0;8;26,6;8;1,3;8;6,7;999,9;20,0;5,5;0,0;999,9;0;0;0;0;0;0
La_Quiaca;870070;2013;03;31;12,2;8;-2,8;8;9999,9;0;672,8;8;36,2;8;2,3;8;6,7;999,9;20,6;3,8;0,0;999,9;0;0;0;0;0;0
La_Quiaca;870070;2013;04;01;12,4;8;-9,2;8;9999,9;0;672,9;8;25,6;8;2,2;8;6,7;999,9;22,5;2,6;0,0;999,9;0;0;0;0;0;0
La_Quiaca;870070;2013;04;02;12,3;8;-8,1;8;9999,9;0;673,1;8;21,2;8;2,0;8;6,7;999,9;22,7;1,0;0,0;999,9;0;0;0;0;0;0
La_Quiaca;870070;2013;04;03;14,0;8;-3,8;8;9999,9;0;672,2;8;24,9;8;2,6;8;6,7;999,9;22,5;4,4;0,0;999,9;0;0;0;0;0;0
La_Quiaca;870070;2013;04;04;11,4;8;-7,0;8;9999,9;0;671,6;8;16,9;8;1,9;8;4,1;999,9;22,8;3,2;0,0;999,9;0;0;0;0;0;0
La_Quiaca;870070;2013;04;05;10,5;8;-27,5;8;9999,9;0;672,8;8;35,2;8;1,9;8;6,7;999,9;21,7;-2,5;0,0;999,9;0;0;0;0;0;0
La_Quiaca;870070;2013;04;06;11,6;8;-18,1;8;9999,9;0;673,1;8;28,2;8;2,1;8;4,1;999,9;21,2;-0,3;0,0;999,9;0;0;0;0;0;0
La_Quiaca;870070;2013;04;07;11,8;8;-9,6;7;9999,9;0;673,1;8;19,3;8;1,3;8;6,7;999,9;22,5;1,8;0,0;999,9;0;0;0;0;0;0
La_Quiaca;870070;2013;04;08;12,4;8;-0,1;8;9999,9;0;673,0;8;29,9;8;2,0;8;6,7;999,9;22,1;6,5;0,0;999,9;0;0;0;0;0;0
La_Quiaca;870070;2013;04;09;11,2;8;-2,8;8;9999,9;0;673,4;8;20,0;8;2,1;8;4,1;999,9;20,8;5,5;0,0;999,9;0;0;0;0;0;0
La_Quiaca;870070;2013;04;10;9,6;8;-12,6;8;9999,9;0;672,2;8;22,5;8;0,4;8;1,0;999,9;20,5;-1,7;0,0;999,9;0;0;0;0;0;0
La_Quiaca;870070;2013;04;11;11,7;8;-20,8;8;9999,9;0;670,6;8;31,9;8;1,2;8;4,1;999,9;21,7;-1,6;0,0;999,9;0;0;0;0;0;0
La_Quiaca;870070;2013;04;12;10,9;8;-17,7;8;9999,9;0;671,6;8;19,3;8;3,0;8;9,3;999,9;22,7;1,2;0,0;999,9;0;0;0;0;0;0
La_Quiaca;870070;2013;04;13;8,9;8;-17,2;8;9999,9;0;673,8;8;18,2;8;1,0;8;2,6;999,9;19,3;-3,2;0,0;999,9;0;0;0;0;0;0
La_Quiaca;870070;2013;04;14;9,7;8;-9,2;8;9999,9;0;673,5;8;24,0;8;0,7;8;2,6;999,9;19,3;-2,0;0,0;999,9;0;0;0;0;0;0
La_Quiaca;870070;2013;04;15;10,5;8;-10,1;8;9999,9;0;675,1;8;20,6;8;1,1;8;2,6;999,9;21,5;1,4;0,0;999,9;0;0;0;0;0;0
La_Quiaca;870070;2013;04;16;9,4;8;-5,4;8;9999,9;0;676,1;8;22,5;8;1,1;8;2,6;999,9;19,7;-0,7;0,0;999,9;0;0;0;0;0;0
La_Quiaca;870070;2013;04;17;9,4;8;-7,4;8;9999,9;0;675,7;8;28,8;8;1,0;8;4,1;999,9;18,7;-0,5;0,0;999,9;0;0;0;0;0;0
La_Quiaca;870070;2013;04;18;9,2;8;-6,1;8;9999,9;0;675,4;8;16,6;8;0,8;8;2,6;999,9;18,7;-0,9;0,0;999,9;0;0;0;0;0;0
La_Quiaca;870070;2013;04;19;9,8;8;-4,9;8;9999,9;0;675,2;8;18,2;8;0,7;8;2,6;999,9;19,5;-0,5;0,0;999,9;0;0;0;0;0;0
La_Quiaca;870070;2013;04;20;10,1;8;-6,1;8;9999,9;0;675,9;8;29,9;8;0,9;8;2,6;999,9;19,3;-0,6;0,0;999,9;0;0;0;0;0;0
La_Quiaca;870070;2013;04;21;10,2;8;-5,7;8;9999,9;0;675,9;8;24,9;8;0,7;8;2,6;999,9;20,1;0,1;0,0;999,9;0;0;0;0;0;0
La_Quiaca;870070;2013;04;22;9,2;8;-5,4;8;9999,9;0;676,5;8;17,2;8;1,3;8;2,6;999,9;20,5;-1,8;0,0;999,9;0;0;0;0;0;0
La_Quiaca;870070;2013;04;23;8,2;8;-10,0;8;9999,9;0;676,9;8;27,2;8;1,0;8;2,6;999,9;19,4;-3,0;0,0;999,9;0;0;0;0;0;0
La_Quiaca;870070;2013;04;24;7,1;8;-10,8;8;9999,9;0;676,8;8;19,8;8;1,0;8;4,1;999,9;18,7;-5,0;0,0;999,9;0;0;0;0;0;0
La_Quiaca;870070;2013;04;25;8,1;8;-10,9;8;9999,9;0;675,0;8;15,0;8;0,9;8;2,6;999,9;19,9;-3,7;0,0;999,9;0;0;0;0;0;0
La_Quiaca;870070;2013;04;26;9,6;8;-8,9;8;9999,9;0;673,6;8;21,2;8;0,8;8;2,6;999,9;21,7;-2,4;0,0;999,9;0;0;0;0;0;0
La_Quiaca;870070;2013;04;27;11,3;8;-11,3;8;9999,9;0;672,2;8;16,3;8;2,3;8;4,1;999,9;22,5;1,2;0,0;999,9;0;0;0;0;0;0
La_Quiaca;870070;2013;04;28;9,0;8;-9,1;8;9999,9;0;672,4;8;19,3;8;0,8;8;2,6;999,9;21,4;-2,3;0,0;999,9;0;0;0;0;0;0
La_Quiaca;870070;2013;04;29;11,3;8;-2,4;8;9999,9;0;673,3;8;20,3;8;0,8;8;2,6;999,9;20,5;1,2;0,0;999,9;0;0;0;0;0;0
La_Quiaca;870070;2013;04;30;12,8;8;4,7;6;9999,9;0;673,8;8;16,9;8;1,6;8;6,7;999,9;21,6;5,1;0,0;999,9;0;0;0;0;0;0
La_Quiaca;870070;2013;05;01;12,3;8;-8,7;8;9999,9;0;674,3;8;16,4;8;1,2;8;4,1;999,9;22,5;2,8;0,0;999,9;0;0;0;0;0;0
La_Quiaca;870070;2013;05;02;11,3;8;-5,2;8;9999,9;0;674,2;8;27,5;8;1,7;8;2,6;999,9;22,0;1,4;0,0;999,9;0;0;0;0;0;0
La_Quiaca;870070;2013;05;03;10,0;8;-11,7;8;9999,9;0;674,3;8;22,5;8;1,1;8;2,6;999,9;21,2;-1,0;0,0;999,9;0;0;0;0;0;0
La_Quiaca;870070;2013;05;04;9,9;8;-0,9;8;9999,9;0;673,5;8;21,2;8;0,7;8;2,6;999,9;20,7;0,9;0,0;999,9;0;0;0;0;0;0
La_Quiaca;870070;2013;05;05;10,8;8;-8,7;8;9999,9;0;675,8;8;22,4;8;1,9;8;4,1;999,9;20,5;3,0;0,0;999,9;0;0;0;0;0;0
La_Quiaca;870070;2013;05;06;7,6;8;-10,4;7;9999,9;0;676,8;8;17,2;8;0,9;8;2,6;999,9;18,4;-3,8;0,0;999,9;0;0;0;0;0;0
La_Quiaca;870070;2013;05;07;8,2;8;-7,6;8;9999,9;0;677,1;8;14,8;8;0,7;8;2,6;999,9;20,5;-1,0;0,0;999,9;0;0;0;0;0;0
La_Quiaca;870070;2013;05;08;8,7;8;-3,2;8;9999,9;0;676,3;8;15,4;8;0,5;8;1,0;999,9;19,4;-2,6;0,0;999,9;0;0;0;0;0;0
La_Quiaca;870070;2013;05;09;9,4;8;-12,7;8;9999,9;0;674,9;8;17,2;8;0,8;8;2,6;999,9;21,1;-2,6;0,0;999,9;0;0;0;0;0;0
La_Quiaca;870070;2013;05;10;8,9;8;-13,3;8;9999,9;0;673,9;8;19,5;8;0,8;8;2,6;999,9;21,8;-1,8;0,0;999,9;0;0;0;0;0;0
La_Quiaca;870070;2013;05;11;10,6;7;-8,5;7;9999,9;0;673,1;7;28,8;7;2,1;7;6,7;999,9;18,2;-0,2;0,0;999,9;0;0;0;0;0;0
La_Quiaca;870070;2013;05;12;8,6;8;-9,3;8;9999,9;0;672,8;8;23,8;8;2,1;8;4,1;999,9;20,8;-1,7;0,0;999,9;0;0;0;0;0;0
La_Quiaca;870070;2013;05;13;8,9;8;-4,8;8;9999,9;0;672,2;8;13,7;8;0,9;8;4,1;999,9;18,3;0,4;0,0;999,9;0;0;0;0;0;0
La_Quiaca;870070;2013;05;14;8,5;8;-18,6;8;9999,9;0;672,4;8;21,9;8;1,9;8;4,1;999,9;19,9;-2,3;0,0;999,9;0;0;0;0;0;0
La_Quiaca;870070;2013;05;15;8,7;8;-18,8;8;9999,9;0;672,4;8;15,9;8;1,4;8;2,6;999,9;20,3;-4,3;0,0;999,9;0;0;0;0;0;0
La_Quiaca;870070;2013;05;16;8,3;8;-7,8;8;9999,9;0;674,0;8;13,8;8;1,8;8;4,1;999,9;21,0;-1,0;0,0;999,9;0;0;0;0;0;0
La_Quiaca;870070;2013;05;17;9,4;8;3,5;8;9999,9;0;673,9;8;20,0;8;1,0;8;2,6;999,9;17,6;2,2;0,0;999,9;0;0;0;0;0;0
La_Quiaca;870070;2013;05;18;9,6;8;0,5;8;9999,9;0;674,1;8;21,9;8;1,8;8;6,7;999,9;16,6;4,5;0,0;999,9;0;0;0;0;0;0
La_Quiaca;870070;2013;05;19;10,1;8;-7,9;8;9999,9;0;675,5;8;16,6;8;1,3;8;2,6;999,9;17,4;2,7;0,0;999,9;0;0;0;0;0;0
La_Quiaca;870070;2013;05;20;11,1;8;-5,8;8;9999,9;0;674,2;8;20,9;8;1,3;8;4,1;999,9;19,1;0,7;0,0;999,9;0;0;0;0;0;0
La_Quiaca;870070;2013;05;21;10,6;8;-6,3;8;9999,9;0;672,9;8;18,2;8;2,3;8;9,3;999,9;20,6;0,7;0,0;999,9;0;0;0;0;0;0
La_Quiaca;870070;2013;05;22;9,5;8;-6,1;8;9999,9;0;672,2;8;20,8;8;1,0;8;2,6;999,9;20,2;-1,5;0,0;999,9;0;0;0;0;0;0
La_Quiaca;870070;2013;05;23;8,9;8;-11,3;8;9999,9;0;671,9;8;18,0;8;0,8;8;2,6;999,9;19,5;-0,7;0,0;999,9;0;0;0;0;0;0
La_Quiaca;870070;2013;05;24;7,7;8;-12,8;8;9999,9;0;674,2;8;18,2;8;2,5;8;4,1;999,9;17,6;0,5;0,0;999,9;0;0;0;0;0;0
La_Quiaca;870070;2013;05;25;6,7;8;-9,8;8;9999,9;0;673,7;8;19,3;8;3,3;8;12,3;999,9;17,3;-4,3;0,0;999,9;0;0;0;0;0;0
La_Quiaca;870070;2013;05;26;8,8;8;-13,9;8;9999,9;0;672,2;8;20,6;8;2,8;8;6,7;999,9;18,6;-0,2;0,0;999,9;0;0;0;0;0;0
La_Quiaca;870070;2013;05;27;6,9;8;-17,8;8;9999,9;0;672,3;8;17,7;8;2,2;8;6,7;999,9;17,6;-3,9;0,0;999,9;0;0;0;0;0;0
La_Quiaca;870070;2013;05;28;6,0;8;-14,4;8;9999,9;0;671,6;8;17,5;8;2,0;8;2,6;999,9;17,2;-6,5;0,0;999,9;0;0;0;0;0;0
La_Quiaca;870070;2013;05;29;6,1;8;-19,6;8;9999,9;0;671,6;8;21,6;8;1,7;8;2,6;999,9;15,5;-4,6;0,0;999,9;0;0;0;0;0;0
La_Quiaca;870070;2013;05;30;3,4;7;-19,9;6;9999,9;0;673,0;7;19,5;7;1,4;7;2,6;999,9;14,6;-7,5;0,0;999,9;0;0;0;0;0;0
La_Quiaca;870070;2013;05;31;5,4;8;-20,4;8;9999,9;0;671,8;7;15,1;8;0,6;8;1,0;999,9;16,2;-5,4;0,0;999,9;0;0;0;0;0;0
La_Quiaca;870070;2013;06;01;5,4;8;-25,3;8;9999,9;0;673,5;8;33,5;8;1,1;8;4,1;999,9;16,5;-7,4;0,0;999,9;0;0;0;0;0;0
La_Quiaca;870070;2013;06;02;4,2;8;-22,1;8;9999,9;0;674,8;8;17,2;8;1,6;8;2,6;999,9;15,8;-6,3;0,0;999,9;0;0;0;0;0;0
La_Quiaca;870070;2013;06;03;2,8;8;-19,7;8;9999,9;0;676,8;8;11,6;8;1,1;8;4,1;999,9;14,5;-8,3;0,0;999,9;0;0;0;0;0;0
La_Quiaca;870070;2013;06;04;2,2;7;-17,3;7;9999,9;0;675,5;7;20,4;7;0,2;7;1,0;999,9;15,5;-7,9;0,0;999,9;0;0;0;0;0;0
La_Quiaca;870070;2013;06;05;4,3;8;-16,9;8;9999,9;0;674,2;8;17,4;8;0,6;8;2,6;999,9;17,3;-5,9;0,0;999,9;0;0;0;0;0;0
La_Quiaca;870070;2013;06;06;4,6;8;-19,6;8;9999,9;0;675,4;8;14,8;8;0,8;8;2,6;999,9;17,7;-7,3;0,0;999,9;0;0;0;0;0;0
La_Quiaca;870070;2013;06;07;5,0;8;-10,0;8;9999,9;0;675,6;8;16,3;8;0,6;8;1,0;999,9;16,4;-5,7;0,0;999,9;0;0;0;0;0;0
La_Quiaca;870070;2013;06;08;6,3;8;-8,2;8;9999,9;0;675,9;8;15,4;8;1,0;8;2,6;999,9;18,7;-2,6;0,0;999,9;0;0;0;0;0;0
La_Quiaca;870070;2013;06;09;7,0;8;-1,3;8;9999,9;0;675,0;8;23,8;8;0,7;8;2,6;999,9;14,4;-1,5;0,0;999,9;0;1;0;0;0;0
La_Quiaca;870070;2013;06;10;5,7;8;-7,6;8;9999,9;0;674,7;8;22,2;8;0,7;8;2,6;999,9;16,5;-4,4;0,0;999,9;0;0;0;0;0;0
La_Quiaca;870070;2013;06;11;6,8;8;-10,8;8;9999,9;0;674,7;8;21,9;8;1,4;8;4,1;999,9;16,2;-3,0;0,0;999,9;0;0;0;0;0;0
La_Quiaca;870070;2013;06;12;6,8;8;-3,3;8;9999,9;0;675,7;8;19,3;8;0,7;8;2,6;999,9;15,5;-1,4;0,0;999,9;0;0;0;0;0;0
La_Quiaca;870070;2013;06;13;6,2;8;-1,5;8;9999,9;0;675,8;8;22,0;8;1,4;8;4,1;999,9;15,1;0,3;0,0;999,9;0;0;0;0;0;0
La_Quiaca;870070;2013;06;14;5,2;8;-1,1;8;9999,9;0;674,8;8;16,9;8;2,5;8;6,7;999,9;13,6;-0,9;0,3;999,9;1;1;0;0;0;0
La_Quiaca;870070;2013;06;15;6,5;8;-11,9;8;9999,9;0;672,0;8;16,6;8;4,1;8;9,3;999,9;14,0;-0,2;0,0;999,9;0;0;0;0;0;0
La_Quiaca;870070;2013;06;16;2,2;7;-21,3;7;9999,9;0;673,2;7;30,7;7;0,7;7;4,1;999,9;13,8;-7,8;0,0;999,9;0;0;0;0;0;0
La_Quiaca;870070;2013;06;17;3,9;8;-23,3;8;9999,9;0;672,2;8;20,0;8;1,0;8;4,1;999,9;16,3;-7,1;0,0;999,9;0;0;0;0;0;0
La_Quiaca;870070;2013;06;18;4,8;8;-24,2;8;9999,9;0;671,1;8;14,5;8;1,5;8;4,1;999,9;17,7;-7,6;0,0;999,9;0;0;0;0;0;0
La_Quiaca;870070;2013;06;19;6,1;8;-18,4;8;9999,9;0;670,8;8;15,8;8;3,4;8;12,3;999,9;16,2;-5,6;0,0;999,9;0;0;0;0;0;0
La_Quiaca;870070;2013;06;20;8,4;8;-10,2;8;9999,9;0;669,0;8;14,2;8;7,7;8;22,6;999,9;14,2;0,9;0,0;999,9;0;0;0;0;0;0
La_Quiaca;870070;2013;06;21;4,7;7;-19,8;7;9999,9;0;670,0;7;17,2;7;4,1;7;6,7;999,9;14,5;-4,2;0,0;999,9;0;0;0;0;0;0
La_Quiaca;870070;2013;06;22;4,8;8;-25,3;7;9999,9;0;671,4;8;17,2;8;2,3;8;6,7;999,9;15,3;-7,3;0,0;999,9;0;0;0;0;0;0
La_Quiaca;870070;2013;06;23;5,3;8;-19,7;8;9999,9;0;672,1;8;16,7;8;3,1;8;12,3;999,9;14,7;-5,3;0,0;999,9;0;0;0;0;0;0
La_Quiaca;870070;2013;06;24;5,3;8;-5,4;8;9999,9;0;672,5;8;13,4;8;2,1;8;6,7;999,9;13,6;-3,7;0,0;999,9;0;0;0;0;0;0
La_Quiaca;870070;2013;06;25;5,9;8;-3,9;8;9999,9;0;672,0;8;23,8;8;3,3;8;6,7;999,9;14,0;-2,8;0,0;999,9;0;0;0;0;0;0
La_Quiaca;870070;2013;06;26;4,3;8;-13,2;8;9999,9;0;672,5;8;18,2;8;2,3;8;4,1;999,9;12,4;-5,0;0,0;999,9;0;0;0;0;0;0
La_Quiaca;870070;2013;06;27;5,1;8;-14,4;8;9999,9;0;674,0;8;17,7;8;1,4;8;4,1;999,9;13,9;-6,1;0,0;999,9;0;0;0;0;0;0
La_Quiaca;870070;2013;06;28;4,9;8;-18,7;8;9999,9;0;674,5;8;18,0;8;1,2;8;2,6;999,9;16,4;-7,9;0,0;999,9;0;0;0;0;0;0
La_Quiaca;870070;2013;06;29;5,5;8;-21,9;8;9999,9;0;674,0;8;20,0;8;1,8;8;4,1;999,9;17,7;-7,6;0,0;999,9;0;0;0;0;0;0
La_Quiaca;870070;2013;06;30;5,7;8;-20,3;8;9999,9;0;673,0;8;15,0;8;0,6;8;2,6;999,9;17,4;-7,2;0,0;999,9;0;0;0;0;0;0
La_Quiaca;870070;2013;07;01;4,2;8;-23,6;8;9999,9;0;674,7;8;23,2;8;1,9;8;4,1;999,9;17,0;-6,5;0,0;999,9;0;0;0;0;0;0
La_Quiaca;870070;2013;07;02;1,6;7;-26,2;7;9999,9;0;674,7;7;21,2;7;0,4;7;1,0;999,9;13,1;-11,5;0,0;999,9;0;0;0;0;0;0
La_Quiaca;870070;2013;07;03;2,7;8;-27,7;8;9999,9;0;671,5;8;14,3;8;2,7;8;6,7;999,9;14,5;-10,2;0,0;999,9;0;0;0;0;0;0
La_Quiaca;870070;2013;07;04;4,6;8;-27,4;8;9999,9;0;672,4;8;18,2;8;1,8;8;2,6;999,9;15,8;-6,8;0,0;999,9;0;0;0;0;0;0
La_Quiaca;870070;2013;07;05;5,4;8;-14,9;8;9999,9;0;673,9;8;21,2;8;1,3;8;4,1;999,9;16,1;-6,4;0,0;999,9;0;0;0;0;0;0
La_Quiaca;870070;2013;07;06;8,1;6;-11,8;6;9999,9;0;674,5;6;24,9;6;1,3;6;2,6;999,9;18,5;-3,4;0,0;999,9;0;0;0;0;0;0
La_Quiaca;870070;2013;07;07;6,7;8;-11,2;8;9999,9;0;674,0;8;18,5;8;1,6;8;2,6;999,9;17,9;-5,4;0,0;999,9;0;0;0;0;0;0
La_Quiaca;870070;2013;07;08;9,0;8;-7,2;8;9999,9;0;675,1;8;20,0;8;1,5;8;2,6;999,9;19,7;-2,6;0,0;999,9;0;0;0;0;0;0
La_Quiaca;870070;2013;07;09;9,9;8;-2,6;8;9999,9;0;674,8;8;19,3;8;2,8;8;9,3;999,9;18,2;-0,4;0,0;999,9;0;0;0;0;0;0
La_Quiaca;870070;2013;07;10;7,8;8;-12,6;8;9999,9;0;675,1;8;18,8;8;0,8;8;2,6;999,9;19,5;-3,7;0,0;999,9;0;0;0;0;0;0
La_Quiaca;870070;2013;07;11;6,5;8;-13,4;8;9999,9;0;674,0;8;14,5;8;0,5;8;1,0;999,9;18,3;-3,6;0,0;999,9;0;0;0;0;0;0
La_Quiaca;870070;2013;07;12;5,4;8;-13,6;8;9999,9;0;673,3;8;20,4;8;1,3;8;4,1;999,9;19,6;-6,5;0,0;999,9;0;0;0;0;0;0
La_Quiaca;870070;2013;07;13;5,2;8;-10,7;8;9999,9;0;673,2;8;15,3;8;0,9;8;2,6;999,9;16,6;-4,8;0,0;999,9;1;0;0;0;0;0
La_Quiaca;870070;2013;07;14;3,2;8;-25,3;8;9999,9;0;675,2;8;23,8;8;1,1;8;2,6;999,9;14,9;-8,9;0,0;999,9;0;0;0;0;0;0
La_Quiaca;870070;2013;07;15;3,5;8;-22,3;8;9999,9;0;675,3;8;17,5;8;0,5;8;1,0;999,9;16,1;-8,8;0,0;999,9;0;0;0;0;0;0
La_Quiaca;870070;2013;07;16;4,4;8;-20,5;8;9999,9;0;674,7;8;21,1;8;0,8;8;2,6;999,9;17,2;-7,2;0,0;999,9;0;0;0;0;0;0
La_Quiaca;870070;2013;07;17;6,5;8;-17,2;8;9999,9;0;674,2;8;27,2;8;0,7;8;2,6;999,9;17,6;-5,3;0,0;999,9;0;0;0;0;0;0
La_Quiaca;870070;2013;07;18;8,8;8;-13,1;8;9999,9;0;673,6;8;23,0;8;2,4;8;4,1;999,9;17,9;-2,3;0,0;999,9;0;0;0;0;0;0
La_Quiaca;870070;2013;07;19;8,2;8;-9,3;8;9999,9;0;671,8;8;18,2;8;2,3;8;6,7;999,9;18,0;-0,9;0,0;999,9;0;0;0;0;0;0
La_Quiaca;870070;2013;07;20;7,3;8;-5,2;8;9999,9;0;669,4;8;18,8;8;4,9;8;12,3;999,9;16,1;0,7;0,0;999,9;0;0;0;0;0;0
La_Quiaca;870070;2013;07;21;5,3;8;-6,9;8;9999,9;0;669,6;8;18,8;8;5,3;8;15,4;999,9;12,8;-2,4;0,0;999,9;0;0;0;0;0;0
La_Quiaca;870070;2013;07;22;7,2;8;-13,8;8;9999,9;0;668,0;8;15,4;8;5,7;8;12,3;999,9;15,4;1,0;0,0;999,9;0;0;0;0;0;0
La_Quiaca;870070;2013;07;23;4,3;8;-20,3;8;9999,9;0;670,3;8;18,8;8;1,6;8;4,1;999,9;16,2;-11,2;0,0;999,9;0;0;0;0;0;0
La_Quiaca;870070;2013;07;24;3,6;8;-27,6;8;9999,9;0;672,7;8;16,6;8;1,3;8;2,6;999,9;15,4;-10,0;0,0;999,9;0;0;0;0;0;0
La_Quiaca;870070;2013;07;25;1,6;7;-21,7;7;9999,9;0;675,7;7;15,6;7;0,9;7;2,6;999,9;12,6;-9,7;0,0;999,9;0;0;0;0;0;0
La_Quiaca;870070;2013;07;26;5,4;8;-14,9;8;9999,9;0;674,7;8;17,7;8;0,6;8;2,6;999,9;18,4;-7,2;0,0;999,9;0;0;0;0;0;0
La_Quiaca;870070;2013;07;27;9,4;8;-1,1;8;9999,9;0;675,6;8;15,0;8;1,3;8;2,6;999,9;19,9;-1,8;0,0;999,9;0;0;0;0;0;0
La_Quiaca;870070;2013;07;28;9,3;8;-5,9;8;9999,9;0;676,0;8;21,4;8;0,7;8;2,6;999,9;19,8;-2,0;0,0;999,9;0;0;0;0;0;0
La_Quiaca;870070;2013;07;29;8,7;8;-13,0;8;9999,9;0;676,6;8;17,9;8;1,0;8;4,1;999,9;20,2;-2,6;0,0;999,9;0;0;0;0;0;0
La_Quiaca;870070;2013;07;30;8,4;8;-15,3;8;9999,9;0;675,6;8;24,9;8;1,0;8;2,6;999,9;20,3;-4,0;0,0;999,9;0;0;0;0;0;0
La_Quiaca;870070;2013;07;31;9,8;8;-15,1;8;9999,9;0;674,1;8;17,1;8;0,9;8;2,6;999,9;21,0;-2,3;0,0;999,9;0;0;0;0;0;0
La_Quiaca;870070;2013;08;02;7,4;4;-15,4;4;9999,9;0;673,2;4;18,8;4;1,1;4;2,6;999,9;20,0;-2,3;0,0;999,9;0;0;0;0;0;0
La_Quiaca;870070;2013;08;03;5,7;4;-26,2;4;9999,9;0;672,6;4;9,0;4;3,8;4;12,4;999,9;16,7;-7,0;0,0;999,9;0;0;0;0;0;0
La_Quiaca;870070;2013;08;04;3,3;4;-37,1;4;9999,9;0;676,2;4;17,5;4;0,8;4;1,0;999,9;17,4;-9,2;0,0;999,9;0;0;0;0;0;0
La_Quiaca;870070;2013;08;05;3,9;4;-24,8;4;9999,9;0;674,2;4;14,3;4;0,8;4;1,0;999,9;16,8;-8,6;0,0;999,9;0;0;0;0;0;0
La_Quiaca;870070;2013;08;06;4,9;4;-22,4;4;9999,9;0;674,3;4;14,8;4;0,9;4;2,6;999,9;18,5;-6,9;0,0;999,9;0;0;0;0;0;0
La_Quiaca;870070;2013;08;07;5,9;4;-30,7;4;9999,9;0;672,4;4;13,0;4;1,0;4;1,0;999,9;19,8;-7,1;0,0;999,9;0;0;0;0;0;0
La_Quiaca;870070;2013;08;08;5,6;4;-28,4;4;9999,9;0;670,9;4;12,7;4;1,3;4;4,1;999,9;20,6;-7,2;0,0;999,9;0;0;0;0;0;0
La_Quiaca;870070;2013;08;09;8,7;4;-28,3;4;9999,9;0;670,2;4;17,2;4;3,6;4;9,3;999,9;18,8;-4,3;0,0;999,9;0;0;0;0;0;0
La_Quiaca;870070;2013;08;10;3,8;4;-26,1;4;9999,9;0;673,3;4;19,5;4;2,2;4;6,7;999,9;18,0;-8,8;0,0;999,9;0;0;0;0;0;0
La_Quiaca;870070;2013;08;11;3,8;4;-26,1;4;9999,9;0;673,4;4;12,6;4;0,5;4;1,0;999,9;16,3;-7,8;0,0;999,9;0;0;0;0;0;0
La_Quiaca;870070;2013;08;12;7,0;4;-24,4;4;9999,9;0;671,6;4;15,0;4;0,8;4;1,0;999,9;18,6;-4,5;0,0;999,9;0;0;0;0;0;0
La_Quiaca;870070;2013;08;13;5,1;5;-27,0;5;9999,9;0;670,5;5;17,4;5;0,8;5;1,0;999,9;20,0;-7,0;0,0;999,9;0;0;0;0;0;0
La_Quiaca;870070;2013;08;14;5,3;6;-11,6;6;9999,9;0;674,1;6;18,0;6;0,9;6;2,6;999,9;19,8;-8,7;0,0;999,9;0;0;0;0;0;0
La_Quiaca;870070;2013;08;15;3,7;4;-11,0;4;9999,9;0;674,3;4;20,3;4;0,5;4;1,0;999,9;15,7;-8,1;0,0;999,9;0;0;0;0;0;0
La_Quiaca;870070;2013;08;16;7,0;5;-15,6;5;9999,9;0;674,0;5;15,9;5;1,2;5;4,1;999,9;18,0;-5,6;0,0;999,9;0;0;0;0;0;0
La_Quiaca;870070;2013;08;17;5,5;4;-14,7;4;9999,9;0;673,8;4;20,0;4;0,4;4;1,0;999,9;18,2;-8,3;0,0;999,9;0;0;0;0;0;0
La_Quiaca;870070;2013;08;18;6,7;4;-13,0;4;9999,9;0;673,3;4;15,0;4;0,8;4;1,0;999,9;19,5;-6,4;0,0;999,9;0;0;0;0;0;0
La_Quiaca;870070;2013;08;19;7,8;4;-16,4;4;9999,9;0;673,1;4;16,3;4;1,0;4;1,0;999,9;20,8;-6,4;0,0;999,9;0;0;0;0;0;0
La_Quiaca;870070;2013;08;20;8,3;4;-14,6;4;9999,9;0;672,5;4;16,3;4;1,5;4;2,6;999,9;22,8;-4,6;0,0;999,9;0;0;0;0;0;0
La_Quiaca;870070;2013;08;21;9,8;4;-12,8;4;9999,9;0;672,0;4;21,7;4;0,9;4;2,6;999,9;23,0;-2,4;0,0;999,9;0;0;0;0;0;0
La_Quiaca;870070;2013;08;22;9,6;4;-13,8;4;9999,9;0;671,4;4;18,0;4;1,5;4;2,6;999,9;22,2;-2,1;0,0;999,9;0;0;0;0;0;0
La_Quiaca;870070;2013;08;23;9,9;4;-2,8;4;9999,9;0;669,7;4;17,1;4;4,1;4;12,4;999,9;20,4;-0,1;0,0;999,9;0;0;0;0;0;0
La_Quiaca;870070;2013;08;24;9,6;4;-2,9;4;9999,9;0;669,6;4;17,5;4;2,9;4;9,3;999,9;18,5;3,2;0,0;999,9;0;0;0;0;0;0
La_Quiaca;870070;2013;08;25;5,2;4;-1,9;4;9999,9;0;670,8;4;14,8;4;6,5;4;15,4;999,9;14,9;2,5;0,0;999,9;0;0;0;0;0;0
La_Quiaca;870070;2013;08;26;6,2;4;-13,5;4;9999,9;0;671,4;4;10,3;4;9,4;4;15,4;999,9;15,3;-6,5;0,0;999,9;0;0;0;0;0;0
La_Quiaca;870070;2013;08;27;3,1;4;-22,1;4;9999,9;0;675,1;4;21,7;4;0,9;4;2,6;999,9;14,8;-8,6;0,0;999,9;0;0;0;0;0;0
La_Quiaca;870070;2013;08;28;4,9;4;-12,6;4;9999,9;0;676,7;4;17,5;4;1,3;4;2,6;999,9;15,9;-5,7;0,0;999,9;0;0;0;0;0;0
La_Quiaca;870070;2013;08;29;5,9;4;-10,5;4;9999,9;0;676,3;4;23,8;4;1,9;4;4,1;999,9;15,8;-4,8;0,0;999,9;0;0;0;0;0;0
La_Quiaca;870070;2013;08;30;8,1;4;-1,4;4;9999,9;0;674,5;4;20,0;4;2,8;4;9,3;999,9;16,5;0,2;0,0;999,9;0;0;0;0;0;0
La_Quiaca;870070;2013;08;31;7,2;4;-11,8;4;9999,9;0;674,0;4;15,3;4;1,1;4;2,6;999,9;17,0;-4,3;0,0;999,9;0;0;0;0;0;0
La_Quiaca;870070;2013;09;01;7,2;4;-15,7;4;9999,9;0;673,1;4;17,5;4;1,4;4;2,6;999,9;18,4;-2,4;0,0;999,9;0;0;0;0;0;0
La_Quiaca;870070;2013;09;02;7,7;4;-11,9;4;9999,9;0;673,2;4;13,7;4;3,2;4;6,7;999,9;17,6;-3,6;0,0;999,9;0;0;0;0;0;0
La_Quiaca;870070;2013;09;03;6,7;4;-8,9;4;9999,9;0;673,2;4;12,6;4;0,9;4;2,6;999,9;16,5;-4,5;0,0;999,9;0;0;0;0;0;0
La_Quiaca;870070;2013;09;04;9,0;4;-2,9;4;9999,9;0;674,8;4;9,2;4;1,5;4;2,6;999,9;18,5;-1,6;0,0;999,9;0;0;0;0;0;0
La_Quiaca;870070;2013;09;05;10,1;4;-10,2;4;9999,9;0;675,3;4;17,5;4;1,4;4;2,6;999,9;19,5;-0,4;0,0;999,9;0;0;0;0;0;0
La_Quiaca;870070;2013;09;06;9,8;4;-13,4;4;9999,9;0;675,0;4;15,0;4;2,6;4;2,6;999,9;20,2;-3,8;0,0;999,9;0;0;0;0;0;0
La_Quiaca;870070;2013;09;08;11,8;4;-1,0;4;9999,9;0;676,0;4;10,0;4;1,5;4;2,6;999,9;21,7;1,8;0,0;999,9;0;0;0;0;0;0
La_Quiaca;870070;2013;09;09;9,3;4;-1,3;4;9999,9;0;677,8;4;10,0;4;1,9;4;4,1;999,9;19,5;-0,5;0,0;999,9;0;0;0;0;0;0
La_Quiaca;870070;2013;09;10;7,9;4;-11,3;4;9999,9;0;676,0;4;18,8;4;1,5;4;2,6;999,9;19,8;-5,7;0,0;999,9;0;0;0;0;0;0
La_Quiaca;870070;2013;09;11;10,4;4;-3,0;4;9999,9;0;672,9;4;21,2;4;1,8;4;4,1;999,9;20,7;-0,4;0,0;999,9;0;0;0;0;0;0
La_Quiaca;870070;2013;09;14;10,0;4;-2,7;4;9999,9;0;670,2;4;11,3;4;3,5;4;9,3;999,9;17,6;3,0;2,0;999,9;0;0;0;0;0;0
La_Quiaca;870070;2013;09;15;9,8;4;-31,8;4;9999,9;0;670,2;4;17,7;4;2,6;4;6,7;999,9;19,8;0,4;0,0;999,9;0;0;0;0;0;0
La_Quiaca;870070;2013;09;17;10,8;4;-24,3;4;9999,9;0;669,1;4;22,5;4;5,3;4;9,3;999,9;20,0;1,7;0,0;999,9;0;0;0;0;0;0
La_Quiaca;870070;2013;09;18;9,8;4;-25,5;4;9999,9;0;670,4;4;22,5;4;2,8;4;6,7;999,9;20,5;-1,5;0,0;999,9;0;0;0;0;0;0
La_Quiaca;870070;2013;09;19;8,3;4;-25,2;4;9999,9;0;672,2;4;20,0;4;2,2;4;6,7;999,9;20,5;-5,7;0,0;999,9;0;0;0;0;0;0
La_Quiaca;870070;2013;09;22;10,4;4;-23,6;4;9999,9;0;670,5;4;18,8;4;5,4;4;15,4;999,9;20,2;-1,7;0,0;999,9;0;0;0;0;0;0
La_Quiaca;870070;2013;09;23;11,3;4;9999,9;0;9999,9;0;671,2;4;16,7;4;5,0;4;15,4;999,9;22,5;-2,8;0,0;999,9;0;0;0;0;0;0
La_Quiaca;870070;2013;09;24;12,9;4;-20,0;4;9999,9;0;672,1;4;13,0;4;5,3;4;9,3;999,9;23,0;-1,1;0,0;999,9;0;0;0;0;0;0
La_Quiaca;870070;2013;09;25;13,4;4;-19,6;4;9999,9;0;671,9;4;15,0;4;2,3;4;4,1;999,9;24,3;2,5;0,0;999,9;0;0;0;0;0;0
La_Quiaca;870070;2013;09;26;15,0;6;-13,9;6;9999,9;0;671,7;5;17,5;6;2,6;6;4,1;999,9;24,2;2,2;0,0;999,9;0;0;0;0;0;0
La_Quiaca;870070;2013;09;27;15,0;4;-5,8;4;9999,9;0;670,6;4;14,8;4;4,0;4;12,4;999,9;24,2;4,0;0,0;999,9;0;0;0;0;0;0
La_Quiaca;870070;2013;09;28;10,7;4;-13,5;4;9999,9;0;672,5;4;20,0;4;2,2;4;6,7;999,9;22,1;0,6;0,0;999,9;0;0;0;0;0;0
La_Quiaca;870070;2013;09;29;10,6;4;-7,1;4;9999,9;0;672,5;4;7,1;4;4,0;4;12,4;999,9;21,1;-0,2;0,0;999,9;1;0;0;0;0;0
La_Quiaca;870070;2013;09;30;10,7;4;-19,5;4;9999,9;0;671,5;4;17,5;4;3,9;4;9,3;999,9;21,3;0,4;0,0;999,9;0;0;0;0;0;0
La_Quiaca;870070;2013;10;01;11,4;4;-15,3;4;9999,9;0;670,2;4;24,9;4;2,6;4;4,1;999,9;21,0;0,0;0,0;999,9;0;0;0;0;0;0
La_Quiaca;870070;2013;10;02;10,2;4;-17,3;4;9999,9;0;670,8;4;24,9;4;2,9;4;6,7;999,9;21,0;-2,0;0,0;999,9;0;0;0;0;0;0
La_Quiaca;870070;2013;10;03;12,2;5;-15,3;5;9999,9;0;671,5;5;29,0;5;4,7;5;9,3;999,9;20,5;-1,5;0,0;999,9;0;0;0;0;0;0
La_Quiaca;870070;2013;10;04;10,7;4;-0,1;4;9999,9;0;672,9;4;11,4;4;2,7;4;4,1;999,9;20,2;1,3;0,0;999,9;0;0;0;0;0;0
La_Quiaca;870070;2013;10;05;9,9;4;2,1;4;9999,9;0;672,7;4;22,5;4;2,9;4;6,7;999,9;21,1;3,3;0,0;999,9;0;0;0;0;0;0
La_Quiaca;870070;2013;10;07;8,2;4;2,1;4;9999,9;0;673,6;4;20,0;4;3,5;4;9,3;999,9;20,7;3,0;0,0;999,9;0;0;0;0;0;0
La_Quiaca;870070;2013;10;08;8,8;4;3,8;4;9999,9;0;674,2;4;15,0;4;2,6;4;6,7;999,9;19,5;-0,5;0,0;999,9;0;0;0;0;0;0
La_Quiaca;870070;2013;10;09;11,5;4;4,7;4;9999,9;0;672,5;4;20,0;4;2,6;4;6,7;999,9;20,9;0,6;0,0;999,9;0;0;0;0;0;0
La_Quiaca;870070;2013;10;10;13,2;4;6,8;4;9999,9;0;672,5;4;15,6;4;2,6;4;6,7;999,9;22,7;5,6;0,0;999,9;0;0;0;0;0;0
La_Quiaca;870070;2013;10;11;13,6;4;7,2;4;9999,9;0;671,5;4;8,0;4;2,9;4;4,1;999,9;23,2;7,3;0,0;999,9;0;0;0;0;0;0
La_Quiaca;870070;2013;10;13;11,9;4;4,8;4;9999,9;0;672,6;4;14,3;4;2,7;4;6,7;999,9;21,9;3,9;0,0;999,9;0;0;0;0;0;0
La_Quiaca;870070;2013;10;14;13,5;4;8,3;4;9999,9;0;672,2;4;17,7;4;2,6;4;4,1;999,9;22,0;8,8;0,0;999,9;0;0;0;0;0;0
La_Quiaca;870070;2013;10;15;9,7;4;7,9;4;9999,9;0;673,2;4;15,4;4;2,2;4;2,6;999,9;18,7;6,0;0,3;999,9;0;0;0;0;0;0
La_Quiaca;870070;2013;10;16;10,3;4;3,8;4;9999,9;0;673,3;4;23,0;4;1,5;4;4,1;999,9;17,8;4,1;0,0;999,9;0;0;0;0;0;0
La_Quiaca;870070;2013;10;17;11,7;4;5,5;4;9999,9;0;672,6;4;26,2;4;1,8;4;2,6;999,9;20,1;3,1;0,0;999,9;0;0;0;0;0;0
La_Quiaca;870070;2013;10;18;11,6;4;4,8;4;9999,9;0;673,3;4;20,4;4;1,8;4;4,1;999,9;21,7;2,6;0,0;999,9;0;0;0;0;0;0
La_Quiaca;870070;2013;10;20;14,8;4;5,8;4;9999,9;0;669,9;4;21,2;4;1,4;4;2,6;999,9;24,3;3,6;0,0;999,9;0;0;0;0;0;0
La_Quiaca;870070;2013;10;21;14,3;4;-1,7;4;9999,9;0;671,3;4;20,4;4;2,2;4;4,1;999,9;26,9;0,4;0,0;999,9;0;0;0;0;0;0
La_Quiaca;870070;2013;10;22;13,6;4;3,1;4;9999,9;0;671,0;4;14,5;4;2,3;4;6,7;999,9;24,7;7,2;0,0;999,9;0;0;0;0;0;0
La_Quiaca;870070;2013;10;23;16,7;4;-15,1;4;9999,9;0;670,5;4;23,0;4;2,0;4;2,6;999,9;25,7;6,8;0,0;999,9;0;0;0;0;0;0
La_Quiaca;870070;2013;10;24;14,0;4;0,5;4;9999,9;0;672,4;4;14,8;4;2,6;4;4,1;999,9;25,1;6,9;0,0;999,9;0;0;0;0;0;0
La_Quiaca;870070;2013;10;25;11,2;4;7,1;4;9999,9;0;673,5;4;20,8;4;2,6;4;2,6;999,9;18,3;7,2;4,1;999,9;0;0;0;0;1;0
La_Quiaca;870070;2013;10;26;12,3;4;9999,9;0;9999,9;0;673,8;4;16,7;4;1,1;4;2,6;999,9;21,2;3,1;8,9;999,9;0;1;0;0;1;0
La_Quiaca;870070;2013;10;27;13,8;4;1,1;4;9999,9;0;673,2;4;20,0;4;1,8;4;2,6;999,9;22,4;6,2;0,0;999,9;0;0;0;0;0;0
La_Quiaca;870070;2013;10;28;12,8;4;5,7;4;9999,9;0;673,0;4;16,3;4;0,9;4;2,6;999,9;21,5;7,8;0,0;999,9;0;0;0;0;1;0
La_Quiaca;870070;2013;10;29;14,1;4;1,1;4;9999,9;0;672,5;4;13,7;4;2,3;4;4,1;999,9;22,6;6,5;1,0;999,9;0;0;0;0;0;0
La_Quiaca;870070;2013;10;30;14,4;4;3,5;4;9999,9;0;671,7;4;21,2;4;1,9;4;4,1;999,9;23,5;5,7;0,0;999,9;0;0;0;0;0;0
La_Quiaca;870070;2013;11;01;14,1;5;-0,9;5;9999,9;0;669,0;5;20,0;5;3,1;5;6,7;999,9;22,4;7,3;0,0;999,9;0;0;0;0;0;0
La_Quiaca;870070;2013;11;02;14,9;7;-0,8;7;9999,9;0;670,7;7;16,6;7;3,5;7;6,7;999,9;24,3;8,0;0,0;999,9;0;0;0;0;0;0
La_Quiaca;870070;2013;11;03;11,7;8;5,4;8;9999,9;0;673,1;8;17,7;8;3,1;8;6,7;999,9;23,5;6,7;0,0;999,9;0;0;0;0;0;0
La_Quiaca;870070;2013;11;04;11,0;8;0,5;8;9999,9;0;673,4;8;14,6;8;1,4;8;4,1;999,9;19,8;3,6;0,0;999,9;0;0;0;0;0;0
La_Quiaca;870070;2013;11;05;11,9;7;-0,3;7;9999,9;0;673,8;7;24,9;7;2,4;7;4,1;999,9;21,7;4,1;0,0;999,9;0;0;0;0;0;0
La_Quiaca;870070;2013;11;06;12,4;4;-0,3;4;9999,9;0;673,4;4;20,0;4;2,3;4;4,1;999,9;22,0;3,0;0,0;999,9;0;0;0;0;0;0
La_Quiaca;870070;2013;11;07;14,8;4;2,4;4;9999,9;0;672,3;4;20,4;4;1,0;4;1,0;999,9;23,4;2,8;0,3;999,9;0;0;0;0;0;0
La_Quiaca;870070;2013;11;08;14,3;4;3,9;4;9999,9;0;672,0;4;16,3;4;1,9;4;4,1;999,9;25,0;5,5;6,1;999,9;0;1;0;0;1;0
La_Quiaca;870070;2013;11;09;16,4;4;-1,0;4;9999,9;0;669,3;4;25,4;4;4,0;4;6,7;999,9;26,2;6,3;0,0;999,9;0;0;0;0;0;0
La_Quiaca;870070;2013;11;10;16,8;4;-7,0;4;9999,9;0;668,1;4;15,0;4;2,8;4;6,7;999,9;27,0;6,2;0,0;999,9;0;0;0;0;0;0
La_Quiaca;870070;2013;11;11;14,8;4;-19,3;4;9999,9;0;669,5;4;22,5;4;2,9;4;4,1;999,9;26,8;2,5;0,0;999,9;0;0;0;0;0;0
La_Quiaca;870070;2013;11;12;12,9;4;-9,7;4;9999,9;0;671,9;4;20,0;4;1,9;4;4,1;999,9;25,3;0,3;0,0;999,9;0;0;0;0;0;0
La_Quiaca;870070;2013;11;13;12,2;4;2,3;4;9999,9;0;673,4;4;20,4;4;3,0;4;6,7;999,9;22,2;4,8;0,0;999,9;0;0;0;0;0;0
