La_Rioja_Aero;872170;2013;01;01;23.1;4;13.8;4;1017.5;4;969.1;4;18.5;4;3.9;4;6.2;999.9;29.8;19.2;3.0;999.9;0;0;0;0;0;0
La_Rioja_Aero;872170;2013;01;02;27.2;5;10.1;5;1011.4;5;963.3;5;20.0;5;2.7;5;5.1;999.9;33.0;15.2;0.0;999.9;0;0;0;0;0;0
La_Rioja_Aero;872170;2013;01;03;28.7;4;10.2;4;1006.7;4;959.1;4;20.0;4;4.1;4;5.1;999.9;35.4;20.8;0.0;999.9;0;0;0;0;0;0
La_Rioja_Aero;872170;2013;01;04;33.4;5;13.4;5;1002.7;5;955.9;5;19.2;5;3.8;5;7.2;999.9;38.4;20.8;0.0;999.9;0;0;0;0;0;0
La_Rioja_Aero;872170;2013;01;05;29.1;5;17.3;5;1004.0;5;957.2;5;20.0;5;2.3;5;5.1;999.9;39.6;25.2;0.0;999.9;0;0;0;0;0;0
La_Rioja_Aero;872170;2013;01;06;27.8;5;18.3;5;1004.1;5;956.8;5;18.8;5;3.7;5;5.1;999.9;31.6;21.2;8.9;999.9;0;0;0;0;0;0
La_Rioja_Aero;872170;2013;01;07;31.7;5;16.6;5;998.3;5;951.5;5;20.0;5;2.9;5;5.1;999.9;39.2;20.0;0.0;999.9;0;0;0;0;0;0
La_Rioja_Aero;872170;2013;01;08;32.6;5;19.2;5;1001.8;5;954.9;5;20.0;5;3.7;5;6.2;999.9;40.8;23.6;0.0;999.9;0;0;0;0;0;0
La_Rioja_Aero;872170;2013;01;09;26.7;5;19.7;5;1012.3;5;964.4;5;17.4;5;2.3;5;4.1;999.9;36.0;20.2;8.9;999.9;0;1;0;0;0;0
La_Rioja_Aero;872170;2013;01;10;33.2;5;19.3;5;1008.9;5;961.8;5;19.6;5;2.6;5;4.6;999.9;37.0;23.0;0.0;999.9;0;0;0;0;0;0
La_Rioja_Aero;872170;2013;01;11;34.1;5;17.4;5;1004.1;5;957.5;5;20.0;5;4.3;5;5.1;999.9;38.6;25.8;0.0;999.9;0;0;0;0;0;0
La_Rioja_Aero;872170;2013;01;12;31.0;5;17.2;5;1004.4;5;957.5;5;20.0;5;3.1;5;5.1;999.9;39.2;25.4;2.0;999.9;0;0;0;0;0;0
La_Rioja_Aero;872170;2013;01;13;33.9;5;15.9;5;1005.9;5;959.2;5;20.0;5;3.3;5;4.1;999.9;37.9;23.1;0.0;999.9;0;0;0;0;0;0
La_Rioja_Aero;872170;2013;01;14;32.8;5;15.9;5;1007.4;5;960.6;5;20.0;5;3.7;5;5.1;999.9;39.4;26.2;0.0;999.9;0;0;0;0;0;0
La_Rioja_Aero;872170;2013;01;15;33.8;5;13.5;5;1003.4;5;956.8;5;20.0;5;2.7;5;5.1;999.9;38.6;25.0;0.0;999.9;0;0;0;0;0;0
La_Rioja_Aero;872170;2013;01;16;31.7;5;16.4;5;1003.4;5;956.9;5;15.9;5;4.0;5;7.2;999.9;40.5;23.5;0.0;999.9;0;0;0;0;0;0
La_Rioja_Aero;872170;2013;01;17;28.9;5;18.7;5;1010.0;5;962.5;5;18.0;5;2.4;5;4.1;999.9;36.8;21.1;37.1;999.9;0;1;0;0;0;0
La_Rioja_Aero;872170;2013;01;18;30.0;5;18.4;5;1010.6;5;963.0;5;20.0;5;2.9;5;4.1;999.9;33.5;23.0;0.0;999.9;0;0;0;0;0;0
La_Rioja_Aero;872170;2013;01;19;30.6;5;16.4;5;1012.1;4;964.7;4;18.7;5;2.5;5;4.1;999.9;33.8;23.0;0.0;999.9;0;0;0;0;0;0
La_Rioja_Aero;872170;2013;01;20;26.4;5;16.3;5;1013.5;5;965.6;5;15.9;5;3.3;5;5.1;999.9;34.4;22.6;5.1;999.9;0;1;0;0;0;0
La_Rioja_Aero;872170;2013;01;21;23.7;5;18.3;5;1013.3;5;965.1;5;14.6;5;1.6;5;3.1;999.9;30.4;21.0;0.5;999.9;0;1;0;0;0;0
La_Rioja_Aero;872170;2013;01;22;28.5;5;17.5;5;1009.7;5;962.1;5;19.6;5;2.3;5;4.1;999.9;33.0;21.0;0.0;999.9;0;0;0;0;0;0
La_Rioja_Aero;872170;2013;01;23;31.9;4;16.5;4;1006.1;4;959.2;4;20.0;4;1.8;4;4.1;999.9;36.0;23.8;0.0;999.9;0;0;0;0;0;0
La_Rioja_Aero;872170;2013;01;24;34.7;5;14.8;5;1000.5;5;954.1;5;20.0;5;3.1;5;3.1;999.9;40.0;25.8;0.0;999.9;0;0;0;0;0;0
La_Rioja_Aero;872170;2013;01;25;30.8;5;14.2;5;1008.6;5;960.1;5;20.0;5;2.5;5;4.1;999.9;41.0;23.4;0.3;999.9;0;0;0;0;0;0
La_Rioja_Aero;872170;2013;01;26;30.1;4;13.8;4;1007.3;4;960.0;4;20.0;4;2.6;4;5.1;999.9;34.0;21.2;0.0;999.9;0;0;0;0;0;0
La_Rioja_Aero;872170;2013;01;27;31.4;5;14.7;5;1005.7;5;958.7;5;20.0;5;3.1;5;6.2;999.9;35.5;23.6;0.0;999.9;0;0;0;0;0;0
La_Rioja_Aero;872170;2013;01;28;31.4;5;15.8;5;1007.8;5;960.9;5;20.0;5;4.1;5;5.1;999.9;36.5;25.2;0.0;999.9;0;0;0;0;0;0
La_Rioja_Aero;872170;2013;01;29;31.8;5;14.7;5;1008.2;5;961.2;5;20.0;5;2.3;5;4.1;999.9;36.3;24.6;0.0;999.9;0;0;0;0;0;0
La_Rioja_Aero;872170;2013;01;30;34.3;5;15.2;5;1003.8;5;957.2;5;18.7;5;2.8;5;5.1;999.9;38.4;26.8;0.0;999.9;0;0;0;0;0;0
La_Rioja_Aero;872170;2013;01;31;30.1;4;16.2;4;1005.6;4;958.8;4;19.5;4;3.9;4;5.1;999.9;39.5;24.0;0.0;999.9;0;0;0;0;0;0
La_Rioja_Aero;872170;2013;02;01;35.6;4;18.2;4;999.8;4;953.5;4;16.7;4;3.0;4;4.6;999.9;42.3;24.2;0.0;999.9;0;0;0;0;0;0
La_Rioja_Aero;872170;2013;02;02;31.2;5;18.7;5;1007.1;5;960.3;5;16.7;5;2.3;5;4.1;999.9;43.0;26.6;0.0;999.9;0;0;0;0;0;0
La_Rioja_Aero;872170;2013;02;03;30.4;5;17.0;5;1010.9;5;963.6;5;19.6;5;2.4;5;4.1;999.9;35.0;22.4;0.0;999.9;0;0;0;0;0;0
La_Rioja_Aero;872170;2013;02;04;31.2;5;17.4;5;1005.8;5;958.7;5;20.0;5;2.9;5;4.1;999.9;36.8;22.0;0.0;999.9;0;0;0;0;0;0
La_Rioja_Aero;872170;2013;02;05;33.1;5;17.2;5;1004.8;5;958.0;5;20.0;5;3.5;5;5.1;999.9;37.8;24.1;0.0;999.9;0;0;0;0;0;0
La_Rioja_Aero;872170;2013;02;06;32.3;5;15.5;5;1007.3;5;960.3;5;19.6;5;3.7;5;5.1;999.9;40.0;23.5;0.0;999.9;0;0;0;0;0;0
La_Rioja_Aero;872170;2013;02;07;32.2;5;13.7;5;1008.2;5;961.2;5;20.0;5;2.7;5;4.1;999.9;37.9;21.5;0.0;999.9;0;0;0;0;0;0
La_Rioja_Aero;872170;2013;02;08;32.3;5;12.8;5;1004.6;5;957.9;5;20.0;5;3.1;5;4.1;999.9;37.8;22.0;0.0;999.9;0;0;0;0;0;0
La_Rioja_Aero;872170;2013;02;09;33.4;4;14.1;4;1001.2;4;954.7;4;20.0;4;2.8;4;4.1;999.9;38.8;24.3;0.0;999.9;0;0;0;0;0;0
La_Rioja_Aero;872170;2013;02;10;32.2;5;15.4;5;1002.8;5;956.2;5;20.0;5;4.5;5;8.2;999.9;39.4;25.0;0.0;999.9;0;0;0;0;0;0
La_Rioja_Aero;872170;2013;02;11;30.2;4;15.1;4;1006.1;4;959.0;4;20.0;4;3.1;4;5.1;999.9;34.7;18.0;5.1;999.9;0;0;0;0;0;0
La_Rioja_Aero;872170;2013;02;12;34.3;4;15.0;4;998.7;4;952.2;4;20.0;4;3.6;4;5.1;999.9;39.6;21.5;0.0;999.9;0;0;0;0;0;0
La_Rioja_Aero;872170;2013;02;13;33.7;4;15.1;4;998.7;4;952.3;4;20.0;4;4.6;4;5.1;999.9;40.7;24.8;0.0;999.9;0;0;0;0;0;0
La_Rioja_Aero;872170;2013;02;14;27.8;6;18.9;6;1006.3;6;959.0;6;15.4;6;3.8;6;8.2;999.9;41.1;20.0;13.0;999.9;0;1;0;0;0;0
La_Rioja_Aero;872170;2013;02;15;31.4;5;19.3;5;1004.7;5;957.6;5;20.0;5;2.7;5;4.1;999.9;37.4;21.3;0.0;999.9;0;0;0;0;0;0
La_Rioja_Aero;872170;2013;02;16;32.7;5;20.4;5;998.3;5;951.8;5;20.0;5;3.7;5;6.2;999.9;38.5;23.2;0.0;999.9;0;0;0;0;0;0
La_Rioja_Aero;872170;2013;02;17;30.8;5;16.5;5;1001.0;5;954.4;5;17.4;5;3.9;5;6.2;999.9;39.2;26.6;0.0;999.9;0;0;0;0;0;0
La_Rioja_Aero;872170;2013;02;18;20.8;5;13.9;5;1014.4;5;965.8;5;17.1;5;1.9;5;4.1;999.9;33.6;15.7;2.0;999.9;0;0;0;0;0;0
La_Rioja_Aero;872170;2013;02;19;22.0;5;11.9;5;1013.4;5;964.6;5;20.0;5;1.9;5;6.2;999.9;26.3;15.2;0.0;999.9;0;0;0;0;0;0
La_Rioja_Aero;872170;2013;02;20;25.4;4;14.7;4;1010.2;4;961.8;4;20.0;4;2.4;4;3.1;999.9;30.8;16.2;0.0;999.9;0;0;0;0;0;0
La_Rioja_Aero;872170;2013;02;21;27.7;5;16.4;5;1010.0;5;962.1;5;20.0;5;4.1;5;6.2;999.9;33.4;17.5;0.0;999.9;0;0;0;0;0;0
La_Rioja_Aero;872170;2013;02;22;28.2;4;16.5;4;1008.1;4;960.7;4;20.0;4;4.6;4;7.2;999.9;34.0;18.0;0.0;999.9;0;0;0;0;0;0
La_Rioja_Aero;872170;2013;02;23;30.6;4;19.4;4;1001.7;4;9999.9;0;20.0;4;2.6;4;3.1;999.9;35.5;21.5;0.0;999.9;0;0;0;0;0;0
La_Rioja_Aero;872170;2013;02;24;30.7;5;18.3;5;1003.9;5;956.9;5;19.0;5;4.1;5;6.2;999.9;36.0;23.8;0.0;999.9;0;0;0;0;0;0
La_Rioja_Aero;872170;2013;02;25;27.3;5;15.2;5;1010.0;5;962.5;5;20.0;5;2.5;5;3.1;999.9;34.6;21.0;0.0;999.9;0;0;0;0;0;0
La_Rioja_Aero;872170;2013;02;26;26.5;5;12.9;5;1010.6;5;962.7;5;20.0;5;3.9;5;5.1;999.9;31.5;17.2;0.0;999.9;0;0;0;0;0;0
La_Rioja_Aero;872170;2013;02;27;29.2;5;13.8;5;1007.7;5;959.8;5;20.0;5;3.3;5;4.1;999.9;36.7;17.2;0.0;999.9;0;0;0;0;0;0
La_Rioja_Aero;872170;2013;02;28;31.3;4;16.9;4;1001.1;4;954.1;4;20.0;4;1.8;4;3.1;999.9;37.3;20.6;0.0;999.9;0;0;0;0;0;0
La_Rioja_Aero;872170;2013;03;01;33.0;5;15.7;5;996.2;5;949.9;5;19.0;5;2.7;5;5.1;999.9;39.3;23.0;0.0;999.9;0;0;0;0;0;0
La_Rioja_Aero;872170;2013;03;02;27.3;5;8.4;5;1007.5;5;960.1;5;19.0;5;4.4;5;6.2;999.9;39.4;20.0;0.0;999.9;0;0;0;0;0;0
La_Rioja_Aero;872170;2013;03;03;26.4;5;10.0;5;1013.0;5;965.0;5;20.0;5;1.2;5;2.1;999.9;30.3;20.8;0.0;999.9;0;0;0;0;0;0
La_Rioja_Aero;872170;2013;03;04;24.7;5;12.1;5;1013.2;5;964.9;5;20.0;5;3.3;5;6.2;999.9;30.5;18.0;0.0;999.9;0;0;0;0;0;0
La_Rioja_Aero;872170;2013;03;05;26.7;5;11.8;5;1008.4;5;960.4;5;20.0;5;3.1;5;4.1;999.9;33.5;15.5;0.0;999.9;0;0;0;0;0;0
La_Rioja_Aero;872170;2013;03;06;29.3;5;12.8;5;1002.5;5;955.1;5;20.0;5;2.9;5;5.1;999.9;35.5;18.3;0.0;999.9;0;0;0;0;0;0
La_Rioja_Aero;872170;2013;03;07;30.6;5;15.5;5;1003.2;5;956.2;5;19.0;5;3.7;5;5.1;999.9;36.0;21.0;0.0;999.9;0;0;0;0;0;0
La_Rioja_Aero;872170;2013;03;10;29.0;5;18.2;5;1006.1;5;959.0;5;19.0;5;3.3;5;5.1;999.9;40.0;17.9;5.1;999.9;0;0;0;0;0;0
La_Rioja_Aero;872170;2013;03;11;26.1;4;16.1;4;1002.9;4;955.2;4;20.0;4;2.8;4;4.1;999.9;33.4;17.5;0.0;999.9;0;0;0;0;0;0
La_Rioja_Aero;872170;2013;03;12;26.4;4;14.3;4;1006.2;4;958.8;4;20.0;4;3.9;4;6.2;999.9;34.2;17.5;0.0;999.9;0;0;0;0;0;0
La_Rioja_Aero;872170;2013;03;13;23.6;5;15.7;5;1010.2;5;962.0;5;16.6;5;3.9;5;7.2;999.9;31.9;17.5;999.9;999.9;0;1;0;0;0;0
La_Rioja_Aero;872170;2013;03;14;13.8;6;13.1;6;1017.7;4;967.9;4;5.1;6;2.1;6;4.1;999.9;28.1;12.0;29.0;999.9;0;1;0;0;0;0
La_Rioja_Aero;872170;2013;03;15;15.4;5;13.2;5;1020.6;5;970.7;5;14.0;5;1.9;5;3.1;999.9;17.6;12.4;1.0;999.9;0;1;0;0;0;0
La_Rioja_Aero;872170;2013;03;16;18.9;4;13.8;4;1018.5;4;969.0;4;17.5;4;1.0;4;2.1;999.9;21.4;12.3;1.0;999.9;0;0;0;0;0;0
La_Rioja_Aero;872170;2013;03;17;19.7;4;14.3;4;1018.4;4;969.2;4;20.0;4;2.8;4;4.1;999.9;21.2;15.2;0.0;999.9;0;0;0;0;0;0
La_Rioja_Aero;872170;2013;03;18;19.6;5;12.6;5;1016.5;5;967.3;5;18.8;5;2.3;5;4.1;999.9;21.6;16.2;0.0;999.9;0;0;0;0;0;0
La_Rioja_Aero;872170;2013;03;19;21.1;4;13.2;4;1014.0;4;965.0;4;19.5;4;1.6;4;2.1;999.9;24.0;16.4;0.0;999.9;0;0;0;0;0;0
La_Rioja_Aero;872170;2013;03;20;23.7;5;13.7;5;1008.8;5;960.2;5;20.0;5;1.7;5;2.1;999.9;28.0;12.5;0.0;999.9;0;0;0;0;0;0
La_Rioja_Aero;872170;2013;03;21;25.2;5;14.1;5;1010.2;5;961.8;5;20.0;5;3.5;5;4.1;999.9;31.3;16.0;0.0;999.9;0;0;0;0;0;0
La_Rioja_Aero;872170;2013;03;22;26.7;4;14.6;4;1009.9;4;961.9;4;20.0;4;3.1;4;4.1;999.9;31.5;18.2;0.0;999.9;0;0;0;0;0;0
La_Rioja_Aero;872170;2013;03;23;26.2;4;15.3;4;1011.3;4;963.3;4;20.0;4;4.4;4;8.2;999.9;31.6;18.5;8.9;999.9;0;0;0;0;0;0
La_Rioja_Aero;872170;2013;03;27;26.8;5;12.8;5;1014.1;5;965.9;5;20.0;5;2.9;5;4.1;999.9;31.3;19.8;0.0;999.9;0;0;0;0;0;0
La_Rioja_Aero;872170;2013;03;28;26.4;5;13.4;5;1013.3;5;965.1;5;20.0;5;2.3;5;4.1;999.9;31.5;18.2;0.0;999.9;0;0;0;0;0;0
La_Rioja_Aero;872170;2013;03;29;26.2;5;12.9;5;1009.9;4;961.8;4;20.0;5;3.1;5;4.1;999.9;31.1;18.2;0.0;999.9;0;0;0;0;0;0
La_Rioja_Aero;872170;2013;03;30;26.8;5;13.9;5;1006.9;5;959.0;5;20.0;5;2.9;5;3.1;999.9;33.0;17.0;0.0;999.9;0;0;0;0;0;0
La_Rioja_Aero;872170;2013;03;31;25.7;5;13.2;5;1007.4;5;959.6;5;18.0;5;4.9;5;7.2;999.9;33.5;19.0;0.0;999.9;0;0;0;0;0;0
La_Rioja_Aero;872170;2013;04;01;21.1;5;12.3;5;1012.9;5;964.3;5;20.0;5;3.9;5;6.2;999.9;29.2;15.2;0.0;999.9;0;0;0;0;0;0
La_Rioja_Aero;872170;2013;04;02;20.8;4;10.1;4;1016.3;4;967.3;4;17.5;4;2.8;4;4.1;999.9;24.1;15.2;0.0;999.9;0;0;0;0;0;0
La_Rioja_Aero;872170;2013;04;03;20.4;5;9.8;5;1015.9;5;966.9;5;20.0;5;2.7;5;4.1;999.9;24.6;11.7;0.0;999.9;0;0;0;0;0;0
La_Rioja_Aero;872170;2013;04;04;23.3;5;9.9;5;1009.6;5;960.9;5;20.0;5;1.9;5;3.1;999.9;29.3;12.4;0.0;999.9;0;0;0;0;0;0
La_Rioja_Aero;872170;2013;04;05;25.8;5;10.8;5;1004.2;5;956.0;5;20.0;5;1.2;5;2.1;999.9;32.7;10.4;0.0;999.9;0;0;0;0;0;0
La_Rioja_Aero;872170;2013;04;06;26.6;5;9.7;5;1006.5;5;958.5;5;20.0;5;2.6;5;3.1;999.9;33.1;13.5;0.0;999.9;0;0;0;0;0;0
La_Rioja_Aero;872170;2013;04;07;23.2;4;10.8;4;1012.6;4;964.0;4;17.5;4;3.6;4;5.1;999.9;27.4;13.5;0.0;999.9;0;0;0;0;0;0
La_Rioja_Aero;872170;2013;04;08;21.7;4;11.1;4;1014.0;4;965.4;4;20.0;4;2.4;4;3.1;999.9;28.3;14.2;0.0;999.9;0;0;0;0;0;0
La_Rioja_Aero;872170;2013;04;09;24.7;5;11.3;5;1008.9;5;960.6;5;16.6;5;3.9;5;5.1;999.9;29.4;16.5;0.0;999.9;0;0;0;0;0;0
La_Rioja_Aero;872170;2013;04;10;24.1;5;11.7;5;1005.0;5;956.9;5;17.1;5;3.1;5;4.1;999.9;30.3;15.5;0.0;999.9;0;0;0;0;0;0
La_Rioja_Aero;872170;2013;04;11;26.7;5;14.0;5;1001.7;5;954.1;5;17.9;5;2.9;5;3.1;999.9;31.0;17.6;0.0;999.9;0;0;0;0;0;0
La_Rioja_Aero;872170;2013;04;12;18.9;5;12.3;5;1015.4;5;966.3;5;17.9;5;2.7;5;5.1;999.9;32.0;15.9;0.5;999.9;0;1;0;0;0;0
La_Rioja_Aero;872170;2013;04;13;19.5;5;12.9;5;1015.7;5;966.5;5;19.6;5;1.2;5;3.1;999.9;25.1;15.2;0.0;999.9;0;0;0;0;0;0
La_Rioja_Aero;872170;2013;04;14;23.4;5;12.7;5;1013.8;5;965.2;5;20.0;5;2.9;5;4.1;999.9;27.2;15.6;0.0;999.9;0;0;0;0;0;0
La_Rioja_Aero;872170;2013;04;15;24.2;5;12.5;5;1014.4;5;965.8;5;20.0;5;1.4;5;3.1;999.9;30.5;12.0;0.0;999.9;0;0;0;0;0;0
La_Rioja_Aero;872170;2013;04;16;26.1;5;13.0;5;1012.8;5;964.4;5;20.0;5;1.2;5;3.1;999.9;31.4;14.1;0.0;999.9;0;0;0;0;0;0
La_Rioja_Aero;872170;2013;04;17;25.9;5;12.3;5;1012.0;5;963.7;5;20.0;5;2.1;5;3.1;999.9;32.0;17.3;0.0;999.9;0;0;0;0;0;0
La_Rioja_Aero;872170;2013;04;18;26.6;4;11.4;4;1010.7;4;962.7;4;18.8;4;1.8;4;3.1;999.9;31.6;17.0;0.0;999.9;0;0;0;0;0;0
La_Rioja_Aero;872170;2013;04;19;25.7;5;11.2;5;1011.0;5;962.8;5;18.0;5;3.1;5;4.1;999.9;32.1;16.2;0.0;999.9;0;0;0;0;0;0
La_Rioja_Aero;872170;2013;04;20;25.2;5;10.1;5;1011.0;5;962.7;5;19.0;5;2.9;5;4.1;999.9;31.5;15.0;0.0;999.9;0;0;0;0;0;0
La_Rioja_Aero;872170;2013;04;21;25.7;5;11.5;5;1011.6;5;963.3;5;20.0;5;2.7;5;4.1;999.9;32.5;16.5;0.0;999.9;0;0;0;0;0;0
La_Rioja_Aero;872170;2013;04;22;26.6;4;12.6;4;1011.6;4;963.6;4;20.0;4;2.3;4;4.1;999.9;30.4;18.0;0.0;999.9;0;0;0;0;0;0
La_Rioja_Aero;872170;2013;04;23;26.3;5;14.0;5;1012.4;5;964.4;4;20.0;5;2.1;5;3.1;999.9;32.4;17.7;0.0;999.9;0;0;0;0;0;0
La_Rioja_Aero;872170;2013;04;24;25.9;5;13.5;5;1010.4;5;962.3;5;18.0;5;2.1;5;3.1;999.9;31.9;18.0;0.0;999.9;0;0;0;0;0;0
La_Rioja_Aero;872170;2013;04;25;25.6;5;12.7;5;1008.1;5;960.1;5;17.1;5;1.9;5;4.1;999.9;31.3;18.5;0.0;999.9;0;0;0;0;0;0
La_Rioja_Aero;872170;2013;04;26;25.5;5;12.6;5;1003.1;5;955.3;5;19.0;5;2.7;5;5.1;999.9;31.1;14.8;0.0;999.9;0;0;0;0;0;0
La_Rioja_Aero;872170;2013;04;27;20.6;5;11.8;5;1008.9;5;960.4;5;18.0;5;2.5;5;5.1;999.9;31.2;14.0;0.0;999.9;0;0;0;0;0;0
La_Rioja_Aero;872170;2013;04;28;21.6;5;9.3;5;1011.6;5;962.7;5;20.0;5;2.3;5;4.1;999.9;26.4;10.0;0.0;999.9;0;0;0;0;0;0
La_Rioja_Aero;872170;2013;04;29;22.9;5;10.7;5;1011.1;5;962.3;5;20.0;5;1.9;5;3.1;999.9;27.4;12.5;0.0;999.9;0;0;0;0;0;0
La_Rioja_Aero;872170;2013;04;30;23.9;4;13.1;4;1009.0;4;960.7;4;20.0;4;1.8;4;4.1;999.9;28.0;13.2;0.0;999.9;0;0;0;0;0;0
La_Rioja_Aero;872170;2013;05;01;22.8;5;15.4;5;1006.5;5;958.3;5;20.0;5;1.9;5;3.1;999.9;28.0;14.2;0.0;999.9;0;0;0;0;0;0
La_Rioja_Aero;872170;2013;05;02;24.8;4;16.6;4;1006.6;4;958.4;4;17.7;4;2.1;4;3.1;999.9;27.7;16.3;0.0;999.9;0;0;0;0;0;0
La_Rioja_Aero;872170;2013;05;03;23.7;5;13.8;5;1008.9;5;960.6;5;19.0;5;2.1;5;3.1;999.9;28.8;16.4;0.0;999.9;0;0;0;0;0;0
La_Rioja_Aero;872170;2013;05;04;21.6;5;13.3;5;1012.8;5;964.0;5;20.0;5;4.1;5;6.2;999.9;28.5;15.0;0.0;999.9;0;0;0;0;0;0
La_Rioja_Aero;872170;2013;05;05;22.2;5;13.3;5;1018.2;5;969.0;5;20.0;5;2.1;5;4.1;999.9;27.4;11.0;0.0;999.9;0;0;0;0;0;0
La_Rioja_Aero;872170;2013;05;06;22.3;5;12.6;5;1014.9;5;966.0;5;20.0;5;2.7;5;3.1;999.9;28.2;12.2;0.0;999.9;0;0;0;0;0;0
La_Rioja_Aero;872170;2013;05;07;23.5;4;6.8;4;1017.5;4;968.8;4;20.0;4;2.8;4;3.1;999.9;28.4;15.2;0.0;999.9;0;0;0;0;0;0
La_Rioja_Aero;872170;2013;05;08;21.1;5;7.0;5;1010.0;5;961.2;5;20.0;5;1.0;5;3.1;999.9;27.4;8.5;0.0;999.9;0;0;0;0;0;0
La_Rioja_Aero;872170;2013;05;09;22.2;5;9.8;5;1008.2;5;959.0;5;15.9;5;1.4;5;3.1;999.9;28.5;11.2;0.0;999.9;0;0;0;0;0;0
La_Rioja_Aero;872170;2013;05;10;23.3;5;9.4;5;1005.8;5;957.2;5;15.0;5;2.5;5;4.1;999.9;28.8;13.0;0.0;999.9;0;0;0;0;0;0
La_Rioja_Aero;872170;2013;05;11;22.4;5;10.7;5;1012.6;5;963.8;5;19.0;5;2.9;5;5.1;999.9;25.8;14.5;0.0;999.9;0;0;0;0;0;0
La_Rioja_Aero;872170;2013;05;12;21.3;4;7.4;4;1012.1;4;963.1;4;20.0;4;2.2;4;3.1;999.9;26.0;11.0;0.0;999.9;0;0;0;0;0;0
La_Rioja_Aero;872170;2013;05;13;21.7;4;13.1;4;1010.1;4;961.6;4;20.0;4;2.8;4;4.1;999.9;24.0;16.2;0.0;999.9;0;0;0;0;0;0
La_Rioja_Aero;872170;2013;05;14;21.8;4;17.2;4;1007.7;4;959.0;4;20.0;4;2.3;4;3.1;999.9;25.0;14.2;0.0;999.9;0;0;0;0;0;0
La_Rioja_Aero;872170;2013;05;15;15.7;4;9.6;4;1018.2;4;968.5;4;17.5;4;2.6;4;3.1;999.9;26.0;13.0;0.0;999.9;0;0;0;0;0;0
La_Rioja_Aero;872170;2013;05;16;14.1;5;8.2;4;1022.4;5;971.8;5;20.0;5;1.1;5;2.1;999.9;18.9;1.2;0.0;999.9;0;0;0;0;0;0
La_Rioja_Aero;872170;2013;05;17;13.2;5;6.7;5;1018.5;5;968.0;5;18.8;5;2.7;5;5.1;999.9;19.7;6.2;0.0;999.9;0;0;0;0;0;0
La_Rioja_Aero;872170;2013;05;18;15.2;5;7.6;5;1016.1;5;964.6;5;20.0;5;2.2;5;4.6;999.9;18.5;5.0;0.0;999.9;0;0;0;0;0;0
La_Rioja_Aero;872170;2013;05;19;15.2;5;8.8;5;1020.7;5;970.2;5;20.0;5;1.3;5;2.6;999.9;20.8;3.0;0.0;999.9;0;0;0;0;0;0
La_Rioja_Aero;872170;2013;05;20;15.7;5;5.8;5;1017.2;5;966.8;5;20.0;5;1.2;5;2.1;999.9;21.6;6.0;0.0;999.9;0;0;0;0;0;0
La_Rioja_Aero;872170;2013;05;21;13.7;5;7.4;5;1014.9;5;964.7;5;20.0;5;1.8;5;3.1;999.9;21.8;7.7;0.0;999.9;0;0;0;0;0;0
La_Rioja_Aero;872170;2013;05;22;15.8;5;7.4;5;1018.5;5;968.1;5;20.0;5;1.2;5;3.1;999.9;22.1;4.5;0.0;999.9;0;0;0;0;0;0
La_Rioja_Aero;872170;2013;05;23;16.1;5;8.3;5;1017.1;5;967.0;5;20.0;5;1.0;5;2.1;999.9;23.1;6.0;0.0;999.9;0;0;0;0;0;0
La_Rioja_Aero;872170;2013;05;24;16.7;5;8.6;5;1019.4;5;969.3;5;20.0;5;0.8;5;1.5;999.9;22.4;6.0;0.0;999.9;0;0;0;0;0;0
La_Rioja_Aero;872170;2013;05;25;16.9;5;7.2;5;1013.6;5;963.8;5;20.0;5;1.4;5;2.1;999.9;23.5;7.8;0.0;999.9;0;0;0;0;0;0
La_Rioja_Aero;872170;2013;05;26;15.9;5;6.8;5;1010.0;5;960.3;5;20.0;5;1.2;5;2.1;999.9;22.7;4.0;0.0;999.9;0;0;0;0;0;0
La_Rioja_Aero;872170;2013;05;27;17.2;5;7.1;5;1004.2;5;954.9;5;20.0;5;2.0;5;3.1;999.9;24.0;5.2;0.0;999.9;0;0;0;0;0;0
La_Rioja_Aero;872170;2013;05;28;20.0;5;8.2;5;997.8;5;949.1;5;15.4;5;1.0;5;2.1;999.9;26.6;6.6;0.0;999.9;0;0;0;0;0;0
La_Rioja_Aero;872170;2013;05;29;17.3;5;4.4;5;1010.3;5;960.7;5;17.5;5;1.0;5;1.5;999.9;28.0;7.0;0.0;999.9;0;0;0;0;0;0
La_Rioja_Aero;872170;2013;05;30;17.3;5;5.2;5;1011.9;5;962.1;5;20.0;5;1.0;5;2.1;999.9;23.0;5.1;0.0;999.9;0;0;0;0;0;0
La_Rioja_Aero;872170;2013;05;31;16.9;4;6.9;4;1004.0;4;954.7;4;17.5;4;1.8;4;3.1;999.9;25.1;8.1;0.0;999.9;0;0;0;0;0;0
La_Rioja_Aero;872170;2013;06;01;19.4;5;7.7;5;1009.4;5;960.0;5;14.0;5;1.1;5;2.1;999.9;26.6;6.0;0.0;999.9;0;0;0;0;0;0
La_Rioja_Aero;872170;2013;06;02;18.2;5;6.0;5;1014.9;5;965.2;5;17.1;5;1.5;5;3.1;999.9;28.2;5.0;0.0;999.9;0;0;0;0;0;0
La_Rioja_Aero;872170;2013;06;03;17.3;5;3.3;5;1017.1;5;967.3;5;15.9;5;1.3;5;2.1;999.9;24.7;8.0;0.0;999.9;0;0;0;0;0;0
La_Rioja_Aero;872170;2013;06;04;18.2;5;6.2;5;1015.1;5;965.3;5;18.0;5;2.3;5;3.1;999.9;24.4;6.7;0.0;999.9;0;0;0;0;0;0
La_Rioja_Aero;872170;2013;06;05;19.2;4;4.5;4;1009.3;4;959.9;4;17.5;4;2.1;4;3.1;999.9;24.8;5.2;0.0;999.9;0;0;0;0;0;0
La_Rioja_Aero;872170;2013;06;06;19.4;4;0.7;4;1016.7;4;967.2;4;16.3;4;1.0;4;2.1;999.9;23.2;8.1;0.0;999.9;0;0;0;0;0;0
La_Rioja_Aero;872170;2013;06;07;15.5;5;-0.6;5;1014.3;5;964.3;5;14.3;5;1.3;5;3.6;999.9;24.2;5.8;0.0;999.9;0;0;0;0;0;0
La_Rioja_Aero;872170;2013;06;08;16.7;5;2.4;5;1018.3;5;968.1;5;15.9;5;1.4;5;3.1;999.9;21.7;6.0;0.0;999.9;0;0;0;0;0;0
La_Rioja_Aero;872170;2013;06;09;16.9;4;7.4;4;1015.8;4;965.8;4;17.5;4;1.1;4;1.5;999.9;22.4;5.0;0.0;999.9;0;0;0;0;0;0
La_Rioja_Aero;872170;2013;06;10;17.4;5;7.4;5;1016.0;5;966.2;5;19.0;5;1.1;5;1.5;999.9;23.2;7.8;0.0;999.9;0;0;0;0;0;0
La_Rioja_Aero;872170;2013;06;12;20.2;5;11.4;5;1014.2;5;964.7;5;15.0;5;1.8;5;2.6;999.9;26.2;10.0;0.0;999.9;0;0;0;0;0;0
La_Rioja_Aero;872170;2013;06;13;21.1;5;12.5;5;1012.9;5;963.8;5;15.9;5;1.0;5;1.0;999.9;27.3;9.8;0.0;999.9;0;0;0;0;0;0
La_Rioja_Aero;872170;2013;06;14;19.7;5;14.8;5;1015.6;5;966.5;5;12.6;5;2.0;5;4.6;999.9;27.7;13.9;0.0;999.9;0;1;0;0;0;0
La_Rioja_Aero;872170;2013;06;15;17.1;6;14.8;6;1012.3;5;963.0;5;7.1;6;1.0;6;2.1;999.9;24.8;13.0;0.0;999.9;1;0;0;0;0;0
La_Rioja_Aero;872170;2013;06;16;14.3;6;13.1;6;1014.7;5;964.9;5;11.6;6;0.9;6;2.6;999.9;20.5;11.0;0.8;999.9;0;1;0;0;0;0
La_Rioja_Aero;872170;2013;06;17;13.5;5;7.8;5;1014.8;5;964.7;5;19.0;5;1.3;5;4.1;999.9;17.4;8.5;3.0;999.9;0;0;0;0;0;0
La_Rioja_Aero;872170;2013;06;18;11.7;5;8.9;5;1013.5;5;963.3;5;18.3;5;1.1;5;2.1;999.9;17.2;8.2;0.0;999.9;0;0;0;0;0;0
La_Rioja_Aero;872170;2013;06;19;9.6;5;6.1;5;1021.7;5;970.9;5;11.6;5;1.3;5;2.1;999.9;12.4;8.0;10.9;999.9;0;0;0;0;0;0
La_Rioja_Aero;872170;2013;06;20;10.7;5;2.2;5;1021.8;5;970.8;5;18.0;5;1.1;5;2.1;999.9;13.6;5.9;0.0;999.9;0;0;0;0;0;0
La_Rioja_Aero;872170;2013;06;21;9.2;4;2.8;4;1015.0;4;964.0;4;20.0;4;1.0;4;1.5;999.9;17.6;0.2;0.0;999.9;0;0;0;0;0;0
La_Rioja_Aero;872170;2013;06;22;12.8;5;3.2;5;1011.9;5;961.6;5;20.0;5;1.9;5;2.6;999.9;20.3;1.0;0.0;999.9;0;0;0;0;0;0
La_Rioja_Aero;872170;2013;06;23;13.0;4;2.9;4;1016.3;4;967.6;4;20.0;4;1.8;4;2.1;999.9;17.0;2.0;0.0;999.9;0;0;0;0;0;0
La_Rioja_Aero;872170;2013;06;24;14.4;4;6.4;4;1018.0;4;967.8;4;20.0;4;1.8;4;3.1;999.9;17.0;8.7;0.0;999.9;0;0;0;0;0;0
La_Rioja_Aero;872170;2013;06;25;13.7;5;5.9;5;1016.8;5;966.3;5;20.0;5;1.0;5;3.1;999.9;18.0;3.2;0.0;999.9;0;0;0;0;0;0
La_Rioja_Aero;872170;2013;06;26;12.1;5;5.3;5;1014.8;4;964.4;4;15.9;5;1.5;5;2.1;999.9;18.7;2.0;0.0;999.9;0;0;0;0;0;0
La_Rioja_Aero;872170;2013;06;27;9.4;4;9999.9;0;1008.5;4;958.3;4;18.2;4;1.3;4;2.1;999.9;19.5;2.0;0.0;999.9;0;0;0;0;0;0
La_Rioja_Aero;872170;2013;06;28;14.2;4;6.6;4;1007.8;4;957.7;4;16.3;4;1.9;4;2.6;999.9;22.1;3.3;0.0;999.9;0;0;0;0;0;0
La_Rioja_Aero;872170;2013;06;29;16.0;5;4.3;5;1012.4;5;962.5;5;19.0;5;1.0;5;1.5;999.9;23.5;7.2;0.0;999.9;0;0;0;0;0;0
La_Rioja_Aero;872170;2013;06;30;14.7;5;4.2;5;1015.5;5;965.3;5;19.0;5;1.4;5;3.1;999.9;22.3;4.2;0.0;999.9;0;0;0;0;0;0
La_Rioja_Aero;872170;2013;07;01;14.3;5;6.5;5;1018.7;5;968.3;5;17.1;5;2.2;5;3.1;999.9;20.8;5.1;0.0;999.9;0;0;0;0;0;0
La_Rioja_Aero;872170;2013;07;02;15.2;5;5.7;5;1009.1;5;959.2;5;17.9;5;1.5;5;2.6;999.9;21.0;4.6;0.0;999.9;0;0;0;0;0;0
La_Rioja_Aero;872170;2013;07;03;15.4;5;3.5;5;1004.6;5;955.0;5;17.9;5;1.2;5;2.1;999.9;22.8;4.3;0.0;999.9;0;0;0;0;0;0
La_Rioja_Aero;872170;2013;07;04;15.8;5;3.8;5;1010.9;5;961.2;5;15.9;5;1.4;5;2.6;999.9;22.4;5.5;0.0;999.9;0;0;0;0;0;0
La_Rioja_Aero;872170;2013;07;05;14.4;5;3.5;5;1010.1;5;960.0;5;15.0;5;1.1;5;2.1;999.9;22.3;5.0;0.0;999.9;0;0;0;0;0;0
La_Rioja_Aero;872170;2013;07;06;12.9;5;1.9;5;1016.7;5;966.1;5;19.0;5;2.1;5;2.6;999.9;19.5;3.5;0.0;999.9;0;0;0;0;0;0
La_Rioja_Aero;872170;2013;07;07;9.5;5;3.7;5;1024.1;5;972.8;5;20.0;5;1.5;5;3.1;999.9;18.1;4.0;0.0;999.9;0;0;0;0;0;0
La_Rioja_Aero;872170;2013;07;08;10.8;4;6.6;4;1022.2;4;971.2;4;17.5;4;0.6;4;1.5;999.9;13.3;5.7;0.0;999.9;0;0;0;0;0;0
La_Rioja_Aero;872170;2013;07;09;11.9;5;5.2;5;1015.0;5;964.5;5;17.1;5;1.3;5;2.1;999.9;17.0;4.2;0.0;999.9;0;0;0;0;0;0
La_Rioja_Aero;872170;2013;07;10;14.0;5;7.2;5;1011.0;5;960.9;5;15.0;5;1.2;5;2.1;999.9;18.0;5.2;0.0;999.9;0;0;0;0;0;0
La_Rioja_Aero;872170;2013;07;11;14.7;5;8.1;5;1013.5;5;963.4;5;15.0;5;1.0;5;1.5;999.9;20.6;5.8;0.0;999.9;0;0;0;0;0;0
La_Rioja_Aero;872170;2013;07;12;17.2;5;7.6;5;1017.9;5;967.8;5;19.0;5;0.9;5;2.1;999.9;22.5;6.8;0.0;999.9;0;0;0;0;0;0
La_Rioja_Aero;872170;2013;07;13;15.3;5;6.6;5;1014.4;5;964.4;5;20.0;5;1.8;5;3.1;999.9;23.2;4.0;0.0;999.9;0;0;0;0;0;0
La_Rioja_Aero;872170;2013;07;14;14.5;4;6.3;4;1019.7;4;969.2;4;20.0;4;2.8;4;4.1;999.9;19.7;3.0;0.0;999.9;0;0;0;0;0;0
La_Rioja_Aero;872170;2013;07;16;16.5;5;6.4;5;1014.0;5;964.0;5;20.0;5;0.5;5;1.5;999.9;23.4;4.2;0.0;999.9;0;0;0;0;0;0
La_Rioja_Aero;872170;2013;07;17;19.6;5;5.3;5;1007.9;5;958.6;5;17.1;5;1.4;5;2.1;999.9;27.8;6.2;0.0;999.9;0;0;0;0;0;0
La_Rioja_Aero;872170;2013;07;18;14.3;4;-0.2;4;1019.0;4;969.0;4;13.2;4;4.2;4;9.3;999.9;16.1;10.2;0.0;999.9;0;0;0;0;0;0
La_Rioja_Aero;872170;2013;07;19;8.5;5;0.2;5;1020.5;5;969.6;5;15.0;5;2.4;5;3.6;999.9;15.8;7.0;0.0;999.9;0;0;0;0;0;0
La_Rioja_Aero;872170;2013;07;20;10.2;5;-0.2;5;1011.5;5;960.9;5;19.0;5;1.3;5;2.6;999.9;15.5;0.5;0.0;999.9;0;0;0;0;0;0
La_Rioja_Aero;872170;2013;07;21;7.1;5;-6.8;5;1024.3;5;972.5;5;19.0;5;4.3;5;6.2;999.9;16.7;-1.2;0.0;999.9;0;0;0;0;0;0
La_Rioja_Aero;872170;2013;07;22;6.9;4;-6.1;4;1028.2;4;975.8;4;20.0;4;1.1;4;2.1;999.9;11.3;-3.0;0.0;999.9;0;0;0;0;0;0
La_Rioja_Aero;872170;2013;07;23;6.3;5;-7.7;5;1026.6;5;974.3;5;17.1;5;0.6;5;1.5;999.9;13.0;-4.8;0.0;999.9;0;0;0;0;0;0
La_Rioja_Aero;872170;2013;07;24;10.7;5;-6.8;5;1025.8;5;974.0;5;19.0;5;1.5;5;4.1;999.9;17.8;-3.6;0.0;999.9;0;0;0;0;0;0
La_Rioja_Aero;872170;2013;07;25;10.6;5;-5.2;5;1018.8;5;967.7;5;18.0;5;1.8;5;4.1;999.9;18.5;-3.3;0.0;999.9;0;0;0;0;0;0
La_Rioja_Aero;872170;2013;07;26;11.5;5;-5.9;5;1014.0;5;963.2;5;15.0;5;2.2;5;5.1;999.9;18.3;-0.8;0.0;999.9;0;0;0;0;0;0
La_Rioja_Aero;872170;2013;07;27;14.1;5;-3.8;5;1018.9;5;968.8;5;14.8;5;1.5;5;4.1;999.9;20.8;2.8;0.0;999.9;0;0;0;0;0;0
La_Rioja_Aero;872170;2013;07;28;14.8;5;-3.8;5;1018.0;5;967.4;5;16.4;5;2.2;5;3.1;999.9;22.2;1.8;0.0;999.9;0;0;0;0;0;0
La_Rioja_Aero;872170;2013;07;30;20.1;5;6.4;5;1006.9;5;957.9;5;15.0;5;1.5;5;2.1;999.9;26.0;7.8;0.0;999.9;0;0;0;0;0;0
La_Rioja_Aero;872170;2013;07;31;18.8;5;6.6;5;1010.2;5;961.0;5;15.0;5;1.9;5;3.1;999.9;27.0;9.8;0.0;999.9;0;0;0;0;0;0
La_Rioja_Aero;872170;2013;08;01;17.8;4;0.7;4;1013.5;4;964.1;4;15.0;4;0.9;4;1.5;999.9;20.7;10.6;0.0;999.9;0;0;0;0;0;0
La_Rioja_Aero;872170;2013;08;02;16.4;5;-0.5;5;1016.6;5;966.8;5;16.6;5;1.7;5;3.1;999.9;21.6;5.2;0.0;999.9;0;0;0;0;0;0
La_Rioja_Aero;872170;2013;08;03;15.3;5;1.6;5;1011.5;5;961.5;5;18.0;5;1.1;5;1.5;999.9;22.6;5.0;0.0;999.9;0;0;0;0;0;0
La_Rioja_Aero;872170;2013;08;04;15.7;4;3.3;4;1015.8;4;965.6;4;17.5;4;1.8;4;3.1;999.9;22.9;3.7;0.0;999.9;0;0;0;0;0;0
La_Rioja_Aero;872170;2013;08;05;18.1;4;4.6;4;1011.9;4;962.3;4;16.3;4;0.9;4;1.5;999.9;24.0;5.0;0.0;999.9;0;0;0;0;0;0
La_Rioja_Aero;872170;2013;08;06;18.3;5;4.4;5;1011.4;5;961.9;5;13.8;5;1.1;5;2.1;999.9;25.0;7.8;0.0;999.9;0;0;0;0;0;0
La_Rioja_Aero;872170;2013;08;07;24.6;4;5.8;4;998.1;4;949.6;4;10.5;4;2.0;4;2.6;999.9;30.1;17.4;0.0;999.9;0;0;0;0;0;0
La_Rioja_Aero;872170;2013;08;08;15.4;5;0.7;5;1013.9;5;964.3;5;9.0;5;2.0;5;3.6;999.9;31.5;0.0;0.0;999.9;0;0;0;0;0;0
La_Rioja_Aero;872170;2013;08;09;10.4;5;1.2;5;1028.8;5;977.6;5;15.6;5;1.0;5;2.1;999.9;15.6;4.5;2.0;999.9;0;0;0;0;0;0
La_Rioja_Aero;872170;2013;08;10;11.1;5;-1.1;5;1022.7;5;971.2;5;20.0;5;2.0;5;3.1;999.9;18.5;-2.0;0.0;999.9;0;0;0;0;0;0
La_Rioja_Aero;872170;2013;08;11;13.9;5;-1.1;5;1010.6;5;960.2;5;20.0;5;1.9;5;3.6;999.9;23.5;1.1;0.0;999.9;0;0;0;0;0;0
La_Rioja_Aero;872170;2013;08;12;16.3;4;3.3;4;1013.2;4;963.2;4;17.5;4;2.5;4;3.1;999.9;20.4;3.2;0.0;999.9;0;0;0;0;0;0
La_Rioja_Aero;872170;2013;08;13;10.1;4;6.0;4;1030.0;4;978.8;4;12.6;4;1.8;4;2.6;999.9;13.7;5.0;5.1;999.9;0;1;0;0;0;0
La_Rioja_Aero;872170;2013;08;14;11.8;5;5.2;5;1028.5;5;977.2;5;15.9;5;1.5;5;2.6;999.9;17.9;2.2;1.0;999.9;0;0;0;0;0;0
La_Rioja_Aero;872170;2013;08;15;12.4;5;4.3;5;1017.3;5;966.5;5;18.3;5;1.0;5;1.5;999.9;19.2;1.4;0.0;999.9;0;0;0;0;0;0
La_Rioja_Aero;872170;2013;08;16;16.5;5;3.1;5;1021.8;5;971.2;5;15.6;5;1.8;5;3.1;999.9;22.2;3.5;0.0;999.9;0;0;0;0;0;0
La_Rioja_Aero;872170;2013;08;17;15.3;5;4.3;5;1020.8;5;970.3;5;11.3;5;2.0;5;2.6;999.9;22.8;3.0;0.0;999.9;0;0;0;0;0;0
La_Rioja_Aero;872170;2013;08;18;16.3;5;3.7;5;1014.1;5;964.1;5;9.8;5;2.0;5;2.6;999.9;23.0;3.2;0.0;999.9;0;0;0;0;0;0
La_Rioja_Aero;872170;2013;08;19;17.3;4;4.6;4;1010.9;4;961.1;4;13.7;4;1.5;4;3.6;999.9;26.0;4.2;0.0;999.9;0;0;0;0;0;0
La_Rioja_Aero;872170;2013;08;20;23.3;4;4.2;4;1007.8;4;958.9;4;10.0;4;1.4;4;2.6;999.9;28.5;9.7;0.0;999.9;0;0;0;0;0;0
La_Rioja_Aero;872170;2013;08;21;22.2;5;3.6;5;1006.3;5;958.2;5;14.0;5;1.2;5;2.1;999.9;29.5;10.0;0.0;999.9;0;0;0;0;0;0
La_Rioja_Aero;872170;2013;08;22;14.4;5;-6.0;5;1015.8;5;966.1;5;15.0;5;1.3;5;2.6;999.9;28.6;9.2;0.0;999.9;0;0;0;0;0;0
La_Rioja_Aero;872170;2013;08;23;12.3;5;-6.5;5;1018.8;5;968.1;5;13.0;5;2.5;5;4.1;999.9;16.8;4.2;0.0;999.9;0;0;0;0;0;0
La_Rioja_Aero;872170;2013;08;24;10.6;4;-5.4;4;1025.5;4;974.2;4;15.0;4;2.2;4;4.1;999.9;14.0;0.6;0.0;999.9;0;0;0;0;0;0
La_Rioja_Aero;872170;2013;08;25;11.8;4;-5.3;4;1028.6;4;977.2;4;15.0;4;2.5;4;2.6;999.9;15.4;1.8;0.0;999.9;0;0;0;0;0;0
La_Rioja_Aero;872170;2013;08;26;11.9;5;-4.5;5;1029.3;5;977.8;5;18.0;5;1.4;4;1.5;999.9;16.9;0.2;0.0;999.9;0;0;0;0;0;0
La_Rioja_Aero;872170;2013;08;27;14.2;5;-1.8;5;1022.5;4;972.4;5;17.1;5;1.5;5;2.1;999.9;22.7;0.5;0.0;999.9;0;0;0;0;0;0
La_Rioja_Aero;872170;2013;08;28;18.9;5;-0.7;5;1018.8;5;968.7;5;17.4;5;1.0;5;2.1;999.9;27.9;3.5;0.0;999.9;0;0;0;0;0;0
La_Rioja_Aero;872170;2013;08;29;21.0;5;-0.4;5;1011.0;5;961.7;5;15.9;5;0.8;5;1.5;999.9;29.4;5.4;0.0;999.9;0;0;0;0;0;0
La_Rioja_Aero;872170;2013;08;30;23.5;4;1.3;4;1006.5;4;958.2;4;15.0;4;1.6;4;2.1;999.9;29.7;8.9;0.0;999.9;0;0;0;0;0;0
La_Rioja_Aero;872170;2013;08;31;23.8;5;3.1;5;1006.5;5;958.0;5;17.1;5;1.9;5;2.1;999.9;31.7;9.0;0.0;999.9;0;0;0;0;0;0
La_Rioja_Aero;872170;2013;09;01;22.8;5;2.2;5;1007.7;5;959.2;5;15.0;5;1.8;5;2.6;999.9;32.5;11.5;0.0;999.9;0;0;0;0;0;0
La_Rioja_Aero;872170;2013;09;02;23.3;5;3.7;5;1008.5;5;959.9;5;15.9;5;1.8;5;2.6;999.9;28.9;13.0;0.0;999.9;0;0;0;0;0;0
La_Rioja_Aero;872170;2013;09;03;20.3;5;5.7;5;1018.1;5;968.9;5;15.9;5;1.4;5;2.6;999.9;29.5;11.2;0.0;999.9;0;0;0;0;0;0
La_Rioja_Aero;872170;2013;09;04;18.2;5;4.5;5;1015.5;5;965.9;5;13.2;5;2.0;5;2.6;999.9;23.7;8.2;0.0;999.9;0;0;0;0;0;0
La_Rioja_Aero;872170;2013;09;05;20.3;4;5.4;4;1010.4;4;961.3;4;14.3;4;1.2;4;1.5;999.9;27.4;8.3;0.0;999.9;0;0;0;0;0;0
La_Rioja_Aero;872170;2013;09;06;24.0;4;7.7;4;1007.9;4;959.6;4;15.0;4;1.1;4;2.1;999.9;30.8;12.0;0.0;999.9;0;0;0;0;0;0
La_Rioja_Aero;872170;2013;09;07;30.1;4;9.8;4;1005.6;4;958.0;4;17.5;4;1.8;4;3.1;999.9;34.3;16.0;0.0;999.9;0;0;0;0;0;0
La_Rioja_Aero;872170;2013;09;08;27.8;5;11.7;5;1010.9;5;962.9;5;15.4;5;2.1;5;3.6;999.9;35.9;16.8;0.0;999.9;0;0;0;0;0;0
La_Rioja_Aero;872170;2013;09;09;29.0;4;9.4;4;1006.6;4;959.0;4;13.7;4;1.4;4;1.5;999.9;37.1;15.2;0.0;999.9;0;0;0;0;0;0
La_Rioja_Aero;872170;2013;09;11;28.7;4;8.9;4;1001.8;4;954.9;4;6.4;4;2.2;4;3.1;999.9;31.9;21.4;0.0;999.9;0;0;0;0;0;0
La_Rioja_Aero;872170;2013;09;12;25.1;5;4.5;5;1004.0;5;956.2;5;10.0;5;2.9;5;4.6;999.9;32.5;18.8;0.0;999.9;0;0;0;0;0;0
La_Rioja_Aero;872170;2013;09;13;14.4;5;1.7;5;1018.2;5;968.3;5;14.8;5;1.8;5;3.6;999.9;28.7;9.8;0.0;999.9;0;0;0;0;0;0
La_Rioja_Aero;872170;2013;09;14;13.3;5;5.3;5;1017.4;5;967.2;5;17.5;5;1.5;5;3.1;999.9;15.4;11.0;0.0;999.9;0;0;0;0;0;0
La_Rioja_Aero;872170;2013;09;15;9.0;4;7.2;4;1019.0;4;968.2;4;8.0;4;2.1;4;3.1;999.9;14.7;6.0;1.0;999.9;0;1;0;0;0;0
La_Rioja_Aero;872170;2013;09;16;9.3;4;2.6;4;1019.4;4;968.3;4;16.3;4;1.7;4;3.1;999.9;11.9;6.0;0.0;999.9;0;0;0;0;0;0
La_Rioja_Aero;872170;2013;09;19;17.4;5;2.6;5;1012.3;5;964.4;5;20.0;5;1.3;5;2.1;999.9;23.2;3.3;0.0;999.9;0;0;0;0;0;0
La_Rioja_Aero;872170;2013;09;20;21.9;5;1.8;5;1005.2;5;956.5;5;18.0;5;2.4;5;3.6;999.9;27.7;8.6;0.0;999.9;0;0;0;0;0;0
La_Rioja_Aero;872170;2013;09;21;16.8;5;-0.4;5;1010.3;5;960.9;5;14.6;5;3.8;5;6.2;999.9;28.7;11.5;0.0;999.9;0;0;0;0;0;0
La_Rioja_Aero;872170;2013;09;22;14.2;5;-0.4;5;1023.7;4;973.0;4;18.0;5;2.4;5;3.6;999.9;19.5;3.5;0.0;999.9;0;0;0;0;0;0
La_Rioja_Aero;872170;2013;09;23;14.7;4;-0.9;4;1028.1;4;977.4;4;20.0;4;1.4;4;1.5;999.9;19.6;6.8;0.0;999.9;0;0;0;0;0;0
La_Rioja_Aero;872170;2013;09;24;17.1;4;0.2;4;1022.9;4;972.5;4;20.0;4;2.5;4;3.1;999.9;21.5;5.4;0.0;999.9;0;0;0;0;0;0
La_Rioja_Aero;872170;2013;09;25;18.2;5;1.0;5;1015.6;5;965.9;5;15.9;5;2.1;5;3.1;999.9;23.2;8.0;0.0;999.9;0;0;0;0;0;0
La_Rioja_Aero;872170;2013;09;26;19.8;5;1.2;5;1009.7;5;960.6;5;15.0;5;2.0;5;3.1;999.9;25.2;9.8;0.0;999.9;0;0;0;0;0;0
La_Rioja_Aero;872170;2013;09;27;22.8;5;3.5;5;1008.3;5;959.6;5;14.3;5;2.5;5;2.6;999.9;27.7;13.0;0.0;999.9;0;0;0;0;0;0
La_Rioja_Aero;872170;2013;09;28;12.8;5;0.9;5;1019.8;5;969.6;5;11.4;5;3.4;5;5.7;999.9;28.4;4.2;0.0;999.9;0;0;0;0;0;0
La_Rioja_Aero;872170;2013;09;29;13.4;5;-1.0;5;1021.9;5;971.1;5;19.0;5;2.1;5;4.1;999.9;17.2;5.8;0.0;999.9;0;0;0;0;0;0
La_Rioja_Aero;872170;2013;09;30;17.3;5;0.2;5;1018.5;5;968.3;5;20.0;5;1.6;5;2.1;999.9;22.2;3.2;0.0;999.9;0;0;0;0;0;0
La_Rioja_Aero;872170;2013;10;01;19.6;5;0.2;4;1014.1;4;964.3;4;20.0;5;1.5;5;2.1;999.9;25.5;5.7;0.0;999.9;0;0;0;0;0;0
La_Rioja_Aero;872170;2013;10;02;21.8;5;4.3;5;1008.0;5;959.2;5;18.0;5;2.3;5;3.6;999.9;27.2;13.1;0.0;999.9;0;0;0;0;0;0
La_Rioja_Aero;872170;2013;10;03;21.8;5;8.9;5;1014.3;5;965.4;5;13.2;5;2.3;5;3.1;999.9;27.5;13.2;0.0;999.9;0;0;0;0;0;0
La_Rioja_Aero;872170;2013;10;04;21.4;5;7.2;5;1019.2;5;970.0;5;15.9;5;2.4;5;3.1;999.9;25.4;13.8;0.0;999.9;0;0;0;0;0;0
La_Rioja_Aero;872170;2013;10;05;22.7;5;10.3;5;1013.6;5;964.7;5;18.0;5;2.7;5;3.6;999.9;28.5;8.5;0.0;999.9;0;0;0;0;0;0
La_Rioja_Aero;872170;2013;10;06;24.9;5;11.1;5;1014.1;5;965.5;5;17.1;5;2.6;5;4.1;999.9;29.9;14.2;0.0;999.9;0;0;0;0;0;0
La_Rioja_Aero;872170;2013;10;07;25.7;4;9999.9;0;9999.9;0;9999.9;0;20.0;4;3.0;4;999.9;999.9;30.2;18.8;0.0;999.9;0;0;0;0;0;0
La_Rioja_Aero;872170;2013;10;08;27.4;5;5.2;5;1006.3;5;958.5;5;17.1;5;1.5;5;2.1;999.9;33.7;15.6;0.0;999.9;0;0;0;0;0;0
La_Rioja_Aero;872170;2013;10;09;29.4;5;6.7;5;1005.5;5;958.2;5;9.3;5;2.9;5;6.7;999.9;34.3;17.5;0.0;999.9;0;0;0;0;0;0
La_Rioja_Aero;872170;2013;10;11;26.9;5;15.6;5;1008.5;5;960.6;5;12.2;5;2.0;5;5.1;999.9;31.2;18.6;0.0;999.9;0;0;0;0;0;0
La_Rioja_Aero;872170;2013;10;13;25.6;5;14.8;5;1008.3;5;960.2;5;20.0;5;2.3;5;4.1;999.9;30.7;15.6;0.0;999.9;0;0;0;0;0;0
La_Rioja_Aero;872170;2013;10;14;28.0;5;14.6;5;1009.7;5;961.9;5;19.0;5;2.0;5;3.1;999.9;32.5;18.2;0.0;999.9;0;0;0;0;0;0
La_Rioja_Aero;872170;2013;10;15;27.7;4;16.0;4;1010.1;4;962.3;4;20.0;4;1.9;4;2.6;999.9;29.9;18.9;0.0;999.9;0;0;0;0;0;0
La_Rioja_Aero;872170;2013;10;16;28.0;4;14.5;4;1008.3;4;960.5;4;20.0;4;2.3;4;3.6;999.9;32.5;14.4;0.0;999.9;0;0;0;0;1;0
La_Rioja_Aero;872170;2013;10;17;26.6;5;15.1;5;1011.2;5;963.0;5;22.0;5;2.6;5;4.1;999.9;31.6;15.5;13.0;999.9;0;0;0;0;0;0
La_Rioja_Aero;872170;2013;10;18;30.7;4;12.3;4;1006.6;4;959.1;4;20.0;4;2.6;4;3.1;999.9;35.2;16.8;0.0;999.9;0;0;0;0;0;0
La_Rioja_Aero;872170;2013;10;19;32.0;4;10.8;4;998.1;4;951.3;4;20.0;4;2.6;4;3.6;999.9;37.7;18.9;0.0;999.9;0;0;0;0;0;0
La_Rioja_Aero;872170;2013;10;21;28.2;5;4.0;5;1007.7;5;960.2;5;15.0;5;2.8;5;5.1;999.9;39.4;14.2;0.0;999.9;0;0;0;0;0;0
La_Rioja_Aero;872170;2013;10;22;27.2;5;5.2;5;1000.9;5;953.3;5;15.9;5;2.1;5;3.1;999.9;33.2;16.2;0.0;999.9;0;0;0;0;0;0
La_Rioja_Aero;872170;2013;10;23;30.1;5;3.2;5;1001.8;5;954.6;5;15.0;5;3.4;5;4.6;999.9;33.7;20.6;0.0;999.9;0;0;0;0;0;0
La_Rioja_Aero;872170;2013;10;24;23.7;5;4.6;5;1016.3;5;967.9;5;15.0;5;3.5;5;5.1;999.9;33.6;15.9;0.0;999.9;0;0;0;0;0;0
La_Rioja_Aero;872170;2013;10;25;24.5;5;8.3;5;1010.7;5;962.3;5;15.0;5;2.8;5;3.6;999.9;28.7;18.0;0.0;999.9;0;0;0;0;0;0
La_Rioja_Aero;872170;2013;10;26;25.3;5;12.8;5;1010.9;5;962.5;5;20.0;5;2.4;5;3.1;999.9;30.9;13.1;0.0;999.9;0;0;0;0;0;0
La_Rioja_Aero;872170;2013;10;27;28.6;5;10.2;5;1010.3;5;962.4;5;18.3;5;3.0;5;5.7;999.9;33.4;16.0;0.0;999.9;0;0;0;0;0;0
La_Rioja_Aero;872170;2013;10;28;29.9;5;10.8;5;1003.2;5;956.0;5;17.4;5;2.3;5;3.6;999.9;36.0;19.2;0.0;999.9;0;0;0;0;0;0
La_Rioja_Aero;872170;2013;10;29;29.6;4;12.7;4;1003.9;4;956.7;4;18.8;4;2.2;4;2.6;999.9;36.2;20.2;0.0;999.9;0;0;0;0;0;0
La_Rioja_Aero;872170;2013;10;30;34.4;4;16.0;4;997.7;4;951.4;4;16.3;4;999.9;0;999.9;999.9;38.7;25.2;0.0;999.9;0;0;0;0;0;0
La_Rioja_Aero;872170;2013;10;31;33.1;5;19.2;5;993.5;5;947.3;5;18.0;5;2.0;5;2.6;999.9;39.7;22.5;0.0;999.9;0;0;0;0;0;0
La_Rioja_Aero;872170;2013;11;01;23.6;5;13.1;5;1007.5;5;959.6;5;10.5;5;3.3;5;5.1;999.9;39.2;18.5;1.0;999.9;0;0;0;0;0;0
La_Rioja_Aero;872170;2013;11;02;24.7;5;9.9;5;1014.7;5;966.2;5;20.0;5;1.6;5;3.1;999.9;28.9;17.0;0.0;999.9;0;1;0;0;0;0
La_Rioja_Aero;872170;2013;11;03;27.8;5;9.1;5;1013.6;5;965.4;5;20.0;5;1.8;5;2.6;999.9;33.1;14.0;0.0;999.9;0;0;0;0;0;0
La_Rioja_Aero;872170;2013;11;04;28.3;5;7.6;5;1009.5;5;961.5;5;20.0;5;1.8;5;3.6;999.9;34.2;20.2;0.0;999.9;0;0;0;0;0;0
La_Rioja_Aero;872170;2013;11;05;29.3;5;9.2;5;1008.7;5;960.0;4;20.0;5;2.6;5;3.1;999.9;34.8;18.2;0.0;999.9;0;0;0;0;0;0
La_Rioja_Aero;872170;2013;11;06;31.8;4;10.0;4;1001.3;4;954.4;4;18.8;4;2.7;4;3.6;999.9;36.9;20.6;0.0;999.9;0;0;0;0;0;0
La_Rioja_Aero;872170;2013;11;07;31.6;5;9.9;5;1003.8;5;956.9;5;14.3;5;3.3;5;5.7;999.9;37.5;21.5;0.0;999.9;0;0;0;0;0;0
La_Rioja_Aero;872170;2013;11;08;30.5;5;15.3;5;1000.9;5;953.9;5;17.1;5;3.3;5;4.6;999.9;35.7;21.1;0.0;999.9;0;0;0;0;0;0
La_Rioja_Aero;872170;2013;11;09;28.7;5;16.4;5;997.7;5;950.7;5;19.0;5;2.4;5;3.6;999.9;34.7;20.0;0.0;999.9;0;0;0;0;0;0
La_Rioja_Aero;872170;2013;11;10;17.5;4;10.3;4;1008.5;4;959.8;4;16.3;4;3.6;4;4.1;999.9;28.7;13.0;0.0;999.9;0;1;0;0;0;0
La_Rioja_Aero;872170;2013;11;11;28.6;4;3.5;4;1008.8;4;960.5;4;20.0;4;2.5;4;3.6;999.9;31.4;23.0;0.0;999.9;0;0;0;0;0;0
La_Rioja_Aero;872170;2013;11;12;32.3;5;2.3;5;1004.9;5;957.5;5;20.0;5;3.5;5;5.1;999.9;37.2;25.3;0.0;999.9;0;0;0;0;0;0
La_Rioja_Aero;872170;2013;11;13;31.8;5;7.2;5;1000.9;4;954.0;4;19.0;5;3.9;5;7.2;999.9;38.5;23.8;0.0;999.9;0;0;0;0;0;0
