Laboulaye_Aero;875340;20130101;16.7;8;5.7;8;1020.5;8;1004.3;8;10.0;8;3.2;8;7.2;999.9;27.0;9.9;0.3;999.9;0;0;0;0;0;0
Laboulaye_Aero;875340;20130102;17.6;8;7.4;8;1019.4;8;1003.2;8;10.0;8;3.6;8;7.2;999.9;26.5;9.0;0.0;999.9;0;0;0;0;0;0
Laboulaye_Aero;875340;20130103;21.9;8;11.8;8;1013.5;8;997.6;8;9.2;8;7.2;8;9.8;999.9;29.3;14.4;0.0;999.9;0;0;0;0;0;0
Laboulaye_Aero;875340;20130104;21.9;8;15.4;8;1010.6;8;994.7;8;9.8;8;2.8;8;7.2;999.9;29.9;15.8;0.8;999.9;0;1;0;0;1;0
Laboulaye_Aero;875340;20130105;23.2;8;16.7;8;1008.8;8;993.0;8;10.0;8;1.2;8;3.1;999.9;30.6;16.6;0.0;999.9;0;0;0;0;0;0
Laboulaye_Aero;875340;20130106;25.3;8;16.9;8;1006.7;8;991.0;8;9.8;8;1.3;8;5.1;999.9;32.8;17.2;0.0;999.9;0;0;0;0;0;0
Laboulaye_Aero;875340;20130107;25.4;8;17.3;8;1001.9;8;986.4;8;10.0;8;4.1;8;8.2;999.9;33.2;20.0;0.0;999.9;0;0;0;0;0;0
Laboulaye_Aero;875340;20130108;22.3;8;14.8;8;1008.9;8;993.1;8;9.8;8;1.8;8;7.2;999.9;32.0;18.5;0.0;999.9;0;1;0;0;1;0
Laboulaye_Aero;875340;20130109;23.8;8;16.1;8;1015.4;8;999.5;8;9.8;8;0.8;8;2.1;999.9;31.7;13.8;0.0;999.9;0;0;0;0;0;0
Laboulaye_Aero;875340;20130110;25.9;8;18.4;8;1014.8;8;999.1;8;10.0;8;3.9;8;8.2;999.9;34.3;17.5;0.0;999.9;0;0;0;0;0;0
Laboulaye_Aero;875340;20130111;27.2;8;18.3;8;1011.5;8;995.9;8;9.8;8;6.8;8;10.8;999.9;35.5;20.8;0.0;999.9;0;0;0;0;0;0
Laboulaye_Aero;875340;20130112;26.4;8;17.3;8;1008.8;8;993.2;8;10.0;8;3.6;8;7.2;999.9;33.0;20.0;0.0;999.9;0;0;0;0;0;0
Laboulaye_Aero;875340;20130113;25.3;8;16.2;8;1013.2;8;997.4;8;10.0;8;1.8;8;4.1;999.9;32.6;18.0;0.0;999.9;0;0;0;0;0;0
Laboulaye_Aero;875340;20130114;25.7;8;15.5;8;1014.5;8;998.8;8;10.0;8;3.9;8;8.2;999.9;32.5;18.7;0.0;999.9;0;0;0;0;0;0
Laboulaye_Aero;875340;20130115;25.4;8;16.1;8;1010.2;8;994.5;8;10.0;8;4.1;8;8.2;999.9;32.7;16.8;0.0;999.9;0;0;0;0;0;0
Laboulaye_Aero;875340;20130116;26.8;8;17.7;8;1006.1;8;990.5;8;10.5;8;0.9;8;3.1;999.9;33.9;21.0;0.0;999.9;0;0;0;0;0;0
Laboulaye_Aero;875340;20130117;25.2;8;18.3;8;1012.2;8;996.5;8;9.5;8;3.8;8;7.2;999.9;33.5;18.6;0.0;999.9;0;0;0;0;0;0
Laboulaye_Aero;875340;20130118;24.2;8;18.1;8;1015.8;8;1000.0;8;8.0;8;0.5;8;2.1;999.9;31.8;17.0;0.0;999.9;0;0;0;0;0;0
Laboulaye_Aero;875340;20130119;22.4;8;15.3;8;1018.7;8;1002.7;8;9.5;8;2.7;8;8.2;999.9;32.0;15.4;0.0;999.9;0;0;0;0;0;0
Laboulaye_Aero;875340;20130120;20.8;8;13.0;8;1021.0;8;1004.9;8;10.0;8;2.4;8;5.1;999.9;28.7;14.1;0.0;999.9;0;0;0;0;0;0
Laboulaye_Aero;875340;20130121;23.1;8;13.8;8;1018.4;8;1002.5;8;10.0;8;4.4;8;8.2;999.9;30.1;16.4;0.0;999.9;0;0;0;0;0;0
Laboulaye_Aero;875340;20130122;23.9;8;14.2;8;1015.6;8;999.8;8;10.0;8;2.9;8;8.2;999.9;31.9;16.2;0.0;999.9;0;0;0;0;0;0
Laboulaye_Aero;875340;20130123;26.5;8;16.8;8;1010.0;8;994.3;8;10.0;8;0.5;8;2.1;999.9;35.8;19.4;0.0;999.9;0;0;0;0;0;0
Laboulaye_Aero;875340;20130124;27.5;8;15.7;8;1003.1;8;987.6;8;10.0;8;3.0;8;9.8;999.9;36.0;19.7;0.5;999.9;0;0;0;0;1;0
Laboulaye_Aero;875340;20130125;20.4;8;8.6;8;1013.6;8;997.7;8;10.0;8;3.7;8;6.2;999.9;35.2;13.8;0.0;999.9;0;0;0;0;0;0
Laboulaye_Aero;875340;20130126;19.2;8;5.6;8;1015.0;8;998.9;8;10.0;8;2.2;8;5.1;999.9;29.7;8.9;0.0;999.9;0;0;0;0;0;0
Laboulaye_Aero;875340;20130127;25.6;8;14.3;8;1010.3;8;994.6;8;10.0;8;3.6;8;7.2;999.9;35.9;17.7;0.0;999.9;0;0;0;0;0;0
Laboulaye_Aero;875340;20130128;25.4;8;16.8;8;1012.8;8;997.2;8;10.0;8;2.4;8;7.2;999.9;36.7;21.8;0.0;999.9;0;0;0;0;0;0
Laboulaye_Aero;875340;20130129;25.3;8;16.6;8;1013.9;8;998.2;8;10.0;8;2.8;8;8.7;999.9;33.7;18.3;0.8;999.9;0;0;0;0;1;0
Laboulaye_Aero;875340;20130130;26.8;8;17.3;8;1010.9;8;995.3;8;10.0;8;0.9;8;2.1;999.9;35.5;17.5;0.0;999.9;0;0;0;0;0;0
Laboulaye_Aero;875340;20130131;24.8;8;18.1;8;1009.1;8;993.5;8;10.0;8;4.7;8;8.2;999.9;36.5;19.9;3.0;999.9;0;0;0;0;1;0
Laboulaye_Aero;875340;20130201;27.3;8;20.7;8;1004.8;8;989.3;8;9.2;8;1.9;8;4.1;999.9;36.2;20.5;0.0;999.9;0;0;0;0;0;0
Laboulaye_Aero;875340;20130202;26.1;8;13.2;8;1010.5;8;994.9;8;10.0;8;2.0;8;5.1;999.9;36.5;18.1;0.0;999.9;0;0;0;0;0;0
Laboulaye_Aero;875340;20130203;22.6;8;12.4;8;1017.6;8;1001.7;8;10.0;8;4.1;8;8.2;999.9;33.5;14.2;0.0;999.9;0;0;0;0;0;0
Laboulaye_Aero;875340;20130204;22.9;8;11.2;8;1012.2;8;996.3;8;9.8;8;7.6;8;11.8;999.9;30.6;15.3;0.0;999.9;0;0;0;0;0;0
Laboulaye_Aero;875340;20130205;23.7;8;14.4;8;1012.2;8;996.4;8;10.0;8;3.2;8;6.2;999.9;31.7;15.9;0.0;999.9;0;0;0;0;0;0
Laboulaye_Aero;875340;20130206;24.6;8;14.0;8;1013.8;8;998.0;8;9.8;8;5.4;8;15.4;999.9;32.7;16.1;0.0;999.9;0;0;0;0;0;0
Laboulaye_Aero;875340;20130207;24.2;8;13.4;8;1014.5;8;998.8;8;10.0;8;2.9;8;8.2;999.9;32.7;14.9;0.0;999.9;0;0;0;0;0;0
Laboulaye_Aero;875340;20130208;24.7;8;13.9;8;1011.1;8;995.3;8;10.3;8;3.7;8;8.7;999.9;33.1;15.0;0.0;999.9;0;0;0;0;0;0
Laboulaye_Aero;875340;20130209;26.2;7;17.2;7;1008.0;7;992.4;7;10.0;7;4.4;7;7.2;999.9;34.9;18.3;0.0;999.9;0;0;0;0;0;0
Laboulaye_Aero;875340;20130210;26.0;8;17.2;8;1006.8;8;991.3;8;10.0;8;3.7;8;9.8;999.9;35.8;20.4;0.0;999.9;0;0;0;0;0;0
Laboulaye_Aero;875340;20130211;25.7;8;15.4;8;1007.6;8;991.9;8;9.8;8;0.9;8;4.1;999.9;34.2;16.7;0.0;999.9;0;0;0;0;0;0
Laboulaye_Aero;875340;20130212;26.1;8;15.8;8;1003.4;8;987.8;8;10.0;8;2.8;8;7.2;999.9;35.0;19.5;0.0;999.9;0;0;0;0;0;0
Laboulaye_Aero;875340;20130213;22.0;8;17.6;8;1007.4;8;991.7;8;9.8;8;0.7;8;2.1;999.9;33.2;19.0;16.0;999.9;0;1;0;0;1;0
Laboulaye_Aero;875340;20130214;22.9;8;16.6;8;1010.8;8;995.0;8;7.9;8;0.8;8;2.1;999.9;31.6;14.9;0.0;999.9;1;0;0;0;0;0
Laboulaye_Aero;875340;20130215;25.5;7;18.8;7;1009.2;7;993.5;7;9.5;7;2.8;7;8.2;999.9;33.7;16.4;0.0;999.9;0;0;0;0;0;0
Laboulaye_Aero;875340;20130216;26.2;8;18.8;8;1003.5;8;987.9;8;10.0;8;1.4;8;4.1;999.9;34.6;20.5;0.0;999.9;0;1;0;0;0;0
Laboulaye_Aero;875340;20130217;21.6;8;13.1;8;1006.9;8;991.1;8;9.5;8;4.5;8;8.2;999.9;33.7;17.8;6.1;999.9;0;1;0;0;1;0
Laboulaye_Aero;875340;20130218;18.2;8;5.1;8;1018.2;8;1002.0;8;10.0;8;2.1;8;4.1;999.9;25.8;8.5;0.0;999.9;0;0;0;0;0;0
Laboulaye_Aero;875340;20130219;16.7;8;12.1;8;1019.6;8;1003.5;7;9.8;8;3.0;8;5.1;999.9;26.3;13.2;0.0;999.9;0;1;0;0;0;0
Laboulaye_Aero;875340;20130220;16.2;8;13.1;8;1017.2;8;1000.9;8;9.0;8;0.5;8;2.1;999.9;20.8;11.5;0.0;999.9;0;1;0;0;0;0
Laboulaye_Aero;875340;20130221;19.7;8;14.8;8;1015.9;8;999.8;8;6.0;8;0.8;8;2.1;999.9;27.1;13.3;0.5;999.9;1;0;0;0;0;0
Laboulaye_Aero;875340;20130222;21.3;8;14.6;8;1014.4;8;998.4;8;9.5;8;5.0;8;11.8;999.9;29.4;15.3;0.0;999.9;0;0;0;0;0;0
Laboulaye_Aero;875340;20130223;24.5;8;18.3;8;1008.4;8;992.7;8;10.0;8;4.9;8;8.2;999.9;30.2;19.9;0.0;999.9;0;0;0;0;0;0
Laboulaye_Aero;875340;20130224;23.0;8;14.9;8;1008.8;8;993.0;8;9.8;8;2.5;8;4.1;999.9;31.0;17.5;20.1;999.9;0;1;0;0;1;0
Laboulaye_Aero;875340;20130225;17.9;8;8.8;8;1016.0;8;1000.0;8;10.6;8;3.3;8;7.2;999.9;28.9;10.3;0.0;999.9;0;0;0;0;0;0
Laboulaye_Aero;875340;20130226;17.3;8;8.5;8;1017.3;8;1001.1;8;11.4;8;0.0;8;999.9;999.9;25.9;8.1;0.0;999.9;0;0;0;0;0;0
Laboulaye_Aero;875340;20130227;19.8;8;12.2;8;1013.9;8;997.8;8;9.5;8;4.7;8;11.8;999.9;27.9;13.0;0.0;999.9;0;0;0;0;0;0
Laboulaye_Aero;875340;20130228;22.6;8;13.7;8;1010.0;8;994.2;8;9.8;8;6.1;8;10.8;999.9;29.4;16.2;0.0;999.9;0;0;0;0;0;0
Laboulaye_Aero;875340;20130301;24.3;8;15.2;8;1004.0;8;988.3;8;9.3;8;7.3;8;11.8;999.9;31.5;17.3;0.0;999.9;0;0;0;0;0;0
Laboulaye_Aero;875340;20130302;20.1;8;14.4;8;1007.8;8;992.0;8;10.0;8;5.0;8;8.2;999.9;32.7;16.2;1.0;999.9;0;0;0;0;1;0
Laboulaye_Aero;875340;20130303;17.5;8;10.6;8;1017.6;8;1001.5;8;10.8;8;2.7;8;5.1;999.9;23.9;11.3;0.0;999.9;0;0;0;0;0;0
Laboulaye_Aero;875340;20130304;16.7;8;8.9;8;1019.1;8;1002.8;8;9.8;8;0.3;8;2.1;999.9;24.7;7.5;0.0;999.9;0;0;0;0;0;0
Laboulaye_Aero;875340;20130305;19.0;8;11.6;8;1013.5;8;997.5;8;9.8;8;3.0;8;7.2;999.9;27.7;10.4;0.0;999.9;0;0;0;0;0;0
Laboulaye_Aero;875340;20130306;21.7;8;14.2;8;1006.9;8;991.1;8;10.0;8;2.8;8;5.1;999.9;29.1;14.8;0.0;999.9;0;0;0;0;0;0
Laboulaye_Aero;875340;20130307;20.9;8;10.6;8;1011.0;8;995.2;8;9.8;8;3.3;8;8.2;999.9;29.7;12.3;0.0;999.9;0;0;0;0;1;0
Laboulaye_Aero;875340;20130308;23.1;8;14.8;8;1011.1;8;995.3;8;9.8;8;2.6;8;7.2;999.9;31.4;15.5;0.0;999.9;0;0;0;0;0;0
Laboulaye_Aero;875340;20130309;24.1;8;18.1;8;1007.2;8;991.5;8;10.0;8;1.9;8;6.2;999.9;31.6;18.6;0.0;999.9;0;0;0;0;1;0
Laboulaye_Aero;875340;20130310;21.6;8;13.4;8;1009.5;8;993.7;8;9.8;8;2.7;8;7.2;999.9;33.0;17.8;7.9;999.9;0;0;0;0;0;0
Laboulaye_Aero;875340;20130311;15.6;7;11.6;7;1008.2;7;992.1;7;8.9;7;1.2;7;6.2;999.9;28.0;10.8;1.0;999.9;0;1;0;0;1;0
Laboulaye_Aero;875340;20130312;19.1;8;14.4;8;1010.6;8;994.5;8;8.0;8;0.9;8;4.1;999.9;25.3;13.6;7.9;999.9;1;0;0;0;0;0
Laboulaye_Aero;875340;20130313;15.8;8;11.8;8;1017.1;8;1000.9;8;9.0;8;2.3;8;7.2;999.9;25.8;12.6;22.1;999.9;0;1;0;0;1;0
Laboulaye_Aero;875340;20130314;12.2;8;9.8;8;1022.5;8;1006.0;8;9.2;8;0.9;8;4.1;999.9;18.5;10.3;0.0;999.9;0;1;0;0;0;0
Laboulaye_Aero;875340;20130315;13.3;8;9.1;8;1024.1;8;1007.5;8;10.0;8;1.5;8;7.2;999.9;17.1;10.0;6.1;999.9;0;0;0;0;0;0
Laboulaye_Aero;875340;20130316;14.9;8;8.8;8;1025.2;8;1008.7;8;10.0;8;3.3;8;7.2;999.9;20.1;10.7;0.0;999.9;0;0;0;0;0;0
Laboulaye_Aero;875340;20130317;15.0;8;9.6;8;1025.3;8;1008.9;8;9.5;8;3.1;8;5.1;999.9;21.3;12.9;4.1;999.9;0;1;0;0;0;0
Laboulaye_Aero;875340;20130318;16.6;8;10.5;8;1022.7;8;1006.2;8;10.0;8;2.7;8;7.2;999.9;22.2;12.8;2.0;999.9;0;0;0;0;0;0
Laboulaye_Aero;875340;20130319;17.3;8;11.1;8;1018.5;8;1002.2;8;10.0;8;1.5;8;5.1;999.9;24.2;11.6;0.0;999.9;0;0;0;0;0;0
Laboulaye_Aero;875340;20130320;17.5;8;12.7;8;1012.3;8;996.2;8;7.6;8;0.3;8;2.1;999.9;25.4;10.8;0.0;999.9;1;0;0;0;0;0
Laboulaye_Aero;875340;20130321;19.4;8;13.2;8;1012.2;8;996.1;8;9.0;8;0.9;8;3.1;999.9;27.0;12.1;0.0;999.9;0;0;0;0;0;0
Laboulaye_Aero;875340;20130322;18.1;8;8.1;8;1015.8;8;999.7;8;10.0;8;1.0;8;2.1;999.9;27.3;10.8;0.0;999.9;0;0;0;0;0;0
Laboulaye_Aero;875340;20130323;21.3;8;14.5;8;1015.7;8;999.7;8;9.8;8;2.9;8;8.2;999.9;28.2;14.6;0.0;999.9;0;0;0;0;0;0
Laboulaye_Aero;875340;20130324;19.9;8;13.1;8;1011.9;8;995.9;8;10.0;8;2.3;8;7.2;999.9;28.0;12.7;0.0;999.9;0;0;0;0;0;0
Laboulaye_Aero;875340;20130325;19.2;8;9.9;8;1013.0;8;997.0;8;9.0;8;3.7;8;8.2;999.9;29.0;13.8;18.0;999.9;0;1;0;0;1;0
Laboulaye_Aero;875340;20130326;17.4;8;7.1;8;1019.8;8;1003.5;8;10.0;8;0.3;8;1.0;999.9;26.0;8.3;0.0;999.9;0;0;0;0;0;0
Laboulaye_Aero;875340;20130327;18.2;8;9.1;8;1018.9;8;1002.6;8;10.0;8;3.3;8;8.2;999.9;27.8;10.3;0.0;999.9;0;0;0;0;0;0
Laboulaye_Aero;875340;20130328;18.8;8;9.6;8;1018.0;8;1001.8;8;10.0;8;2.8;8;7.2;999.9;28.7;9.1;0.0;999.9;0;0;0;0;0;0
Laboulaye_Aero;875340;20130329;18.9;8;10.9;8;1016.1;8;1000.0;8;10.0;8;4.0;8;8.7;999.9;29.5;10.7;0.0;999.9;0;0;0;0;0;0
Laboulaye_Aero;875340;20130330;21.2;8;13.9;8;1011.8;8;995.9;8;10.0;8;2.5;8;5.1;999.9;30.3;13.6;0.0;999.9;0;0;0;0;0;0
Laboulaye_Aero;875340;20130331;18.6;8;16.6;8;1013.6;8;997.6;8;9.0;8;2.4;8;7.2;999.9;30.7;16.7;10.9;999.9;0;1;0;0;1;0
Laboulaye_Aero;875340;20130401;18.3;8;15.8;8;1015.6;8;999.5;8;9.0;8;2.7;8;8.2;999.9;21.6;16.3;50.0;999.9;0;1;0;0;1;0
Laboulaye_Aero;875340;20130402;15.0;8;13.3;8;1017.3;8;1001.0;8;8.4;8;2.6;8;4.1;999.9;22.6;13.5;0.0;999.9;0;1;0;0;0;0
Laboulaye_Aero;875340;20130403;16.3;8;12.9;8;1017.5;8;1001.2;8;8.7;8;2.2;8;5.1;999.9;19.8;13.6;0.5;999.9;0;0;0;0;0;0
Laboulaye_Aero;875340;20130404;17.3;8;13.2;8;1010.9;8;994.7;8;10.0;8;1.5;8;3.1;999.9;23.1;12.8;0.0;999.9;0;0;0;0;0;0
Laboulaye_Aero;875340;20130405;19.6;8;11.2;8;1007.1;8;991.1;8;10.0;8;0.7;8;2.1;999.9;27.2;12.4;0.0;999.9;0;0;0;0;0;0
Laboulaye_Aero;875340;20130406;16.8;8;6.9;8;1011.3;8;995.2;8;10.0;8;3.9;8;8.7;999.9;27.9;13.3;0.0;999.9;0;0;0;0;0;0
Laboulaye_Aero;875340;20130407;13.5;8;6.7;8;1017.5;8;1001.1;8;9.7;8;0.5;8;3.1;999.9;22.8;5.2;0.0;999.9;0;0;0;0;0;0
Laboulaye_Aero;875340;20130408;16.2;8;8.6;8;1018.1;8;1001.8;8;10.0;8;1.5;8;4.1;999.9;25.9;7.7;0.0;999.9;0;0;0;0;0;0
Laboulaye_Aero;875340;20130409;16.9;8;7.7;8;1015.6;8;999.4;8;10.0;8;4.0;8;8.7;999.9;26.3;9.0;0.0;999.9;0;0;0;0;0;0
Laboulaye_Aero;875340;20130410;17.7;8;11.7;8;1011.2;8;995.1;8;10.0;8;3.5;8;7.2;999.9;26.9;12.9;0.0;999.9;0;0;0;0;0;0
Laboulaye_Aero;875340;20130411;16.6;8;14.3;8;1009.2;8;993.0;8;8.9;8;2.8;8;6.2;999.9;25.3;14.2;23.9;999.9;0;1;0;0;1;0
Laboulaye_Aero;875340;20130412;13.7;8;4.8;8;1017.1;8;1000.7;8;13.2;8;2.7;8;8.2;999.9;20.6;7.5;5.1;999.9;0;0;0;0;0;0
Laboulaye_Aero;875340;20130413;11.7;8;5.6;8;1020.4;8;1003.8;8;13.2;8;0.1;8;1.0;999.9;20.3;3.6;0.0;999.9;0;0;0;0;0;0
Laboulaye_Aero;875340;20130414;17.1;8;8.8;8;1015.3;8;999.0;8;10.0;8;0.4;8;2.1;999.9;26.7;7.1;0.0;999.9;0;0;0;0;0;0
Laboulaye_Aero;875340;20130415;20.1;8;11.4;8;1015.8;8;999.8;8;10.0;8;0.5;8;2.1;999.9;29.1;12.3;0.0;999.9;0;0;0;0;0;0
Laboulaye_Aero;875340;20130416;18.4;8;11.4;8;1016.8;8;1000.7;8;10.0;8;2.2;8;7.2;999.9;29.8;9.4;0.0;999.9;0;0;0;0;0;0
Laboulaye_Aero;875340;20130417;19.9;8;12.8;8;1015.8;8;999.7;8;9.8;8;3.1;8;7.2;999.9;29.1;12.0;0.0;999.9;0;0;0;0;0;0
Laboulaye_Aero;875340;20130418;20.5;8;13.4;8;1013.6;8;997.6;8;9.8;8;4.0;8;8.2;999.9;29.7;12.8;0.0;999.9;0;0;0;0;0;0
Laboulaye_Aero;875340;20130419;18.6;8;9.5;8;1015.2;8;999.1;8;9.8;8;2.8;8;6.2;999.9;30.2;10.5;0.0;999.9;0;0;0;0;0;0
Laboulaye_Aero;875340;20130420;17.8;8;9.3;8;1016.3;7;1000.1;7;10.3;8;2.4;7;6.2;999.9;29.9;9.0;0.0;999.9;0;0;0;0;0;0
Laboulaye_Aero;875340;20130421;19.1;8;12.5;8;1016.3;8;1000.2;8;10.0;8;3.6;8;7.2;999.9;27.6;10.6;0.0;999.9;0;0;0;0;0;0
Laboulaye_Aero;875340;20130422;18.7;8;13.0;8;1017.0;8;1000.8;8;9.8;8;2.6;8;6.2;999.9;28.3;10.6;0.0;999.9;0;0;0;0;0;0
Laboulaye_Aero;875340;20130423;19.5;8;13.8;8;1017.9;8;1001.7;8;9.8;8;2.8;8;7.2;999.9;28.6;12.5;0.0;999.9;0;0;0;0;0;0
Laboulaye_Aero;875340;20130424;21.3;8;15.3;8;1015.8;8;999.9;8;9.0;8;4.2;8;8.2;999.9;29.0;16.0;0.0;999.9;0;0;0;0;0;0
Laboulaye_Aero;875340;20130425;20.8;8;13.7;8;1013.3;8;997.3;8;9.7;8;3.2;8;8.2;999.9;30.5;13.3;0.0;999.9;0;0;0;0;0;0
Laboulaye_Aero;875340;20130426;20.8;8;13.5;8;1011.8;8;995.9;8;9.8;8;3.4;8;7.2;999.9;31.1;14.0;0.0;999.9;0;0;0;0;0;0
Laboulaye_Aero;875340;20130427;17.7;8;13.6;8;1011.7;8;995.7;8;9.3;8;1.9;8;5.1;999.9;28.2;14.6;5.1;999.9;0;1;0;0;0;0
Laboulaye_Aero;875340;20130428;15.4;8;11.3;8;1013.0;8;996.7;8;8.7;8;2.1;8;5.1;999.9;21.1;9.7;2.0;999.9;1;0;0;0;0;0
Laboulaye_Aero;875340;20130429;16.6;8;11.8;8;1014.0;8;997.7;8;11.1;8;0.4;8;2.1;999.9;23.3;10.5;0.0;999.9;0;0;0;0;0;0
Laboulaye_Aero;875340;20130430;16.1;8;11.9;8;1014.7;8;998.4;8;8.4;8;1.7;8;6.2;999.9;23.8;8.5;0.0;999.9;1;0;0;0;0;0
Laboulaye_Aero;875340;20130501;18.8;8;15.2;8;1011.2;8;995.1;8;9.7;8;4.5;8;6.2;999.9;24.5;9.5;0.0;999.9;0;0;0;0;0;0
Laboulaye_Aero;875340;20130502;18.1;8;16.3;8;1011.3;8;995.2;8;6.8;8;3.9;8;8.2;999.9;24.9;15.5;0.0;999.9;1;0;0;0;1;0
Laboulaye_Aero;875340;20130503;16.6;8;14.4;8;1011.0;8;994.9;8;7.7;8;4.7;8;11.8;999.9;20.3;13.5;6.1;999.9;0;1;0;0;1;0
Laboulaye_Aero;875340;20130504;14.6;8;11.1;8;1016.1;8;999.7;8;6.9;8;0.3;8;2.1;999.9;21.6;8.2;0.8;999.9;1;0;0;0;0;0
Laboulaye_Aero;875340;20130505;15.3;8;11.1;8;1020.9;8;1004.5;8;9.8;8;0.1;8;1.0;999.9;22.8;9.4;0.0;999.9;0;0;0;0;0;0
Laboulaye_Aero;875340;20130506;15.2;8;6.9;8;1016.6;8;1000.3;8;9.2;8;2.8;8;8.2;999.9;23.4;8.1;0.0;999.9;1;0;0;0;0;0
Laboulaye_Aero;875340;20130507;11.7;8;0.4;8;1022.5;8;1005.9;8;10.0;8;3.7;8;8.7;999.9;22.6;4.1;0.0;999.9;0;0;0;0;0;0
Laboulaye_Aero;875340;20130508;14.4;8;4.9;8;1011.8;8;995.5;8;10.0;8;2.7;8;6.2;999.9;24.8;5.7;0.0;999.9;0;0;0;0;0;0
Laboulaye_Aero;875340;20130509;15.3;8;10.4;8;1010.9;8;994.7;8;8.9;8;1.5;8;6.2;999.9;25.7;7.7;0.0;999.9;0;0;0;0;0;0
Laboulaye_Aero;875340;20130510;16.9;8;12.6;8;1008.6;8;992.5;8;9.8;8;1.8;8;4.1;999.9;25.0;10.1;0.0;999.9;0;0;0;0;0;0
Laboulaye_Aero;875340;20130511;16.4;8;8.4;8;1014.7;8;998.5;8;10.0;8;1.4;8;4.1;999.9;23.3;11.0;0.0;999.9;0;0;0;0;0;0
Laboulaye_Aero;875340;20130512;12.8;8;6.9;8;1015.0;8;998.5;8;10.0;8;0.3;8;2.1;999.9;21.9;5.6;0.0;999.9;0;0;0;0;0;0
Laboulaye_Aero;875340;20130513;14.4;8;9.1;8;1014.6;8;998.3;8;10.0;8;0.3;8;2.1;999.9;22.5;7.5;0.0;999.9;0;0;0;0;0;0
Laboulaye_Aero;875340;20130514;13.3;8;10.6;8;1013.2;8;996.9;8;5.8;8;2.7;8;7.2;999.9;22.8;9.4;7.1;999.9;1;1;0;0;1;0
Laboulaye_Aero;875340;20130515;7.6;8;-0.1;8;1021.5;8;1004.7;8;9.5;8;2.6;8;7.2;999.9;15.6;1.3;9.9;999.9;0;1;0;0;1;0
Laboulaye_Aero;875340;20130516;6.7;8;-2.1;8;1025.8;8;1008.7;8;10.3;8;0.0;8;999.9;999.9;15.5;0.0;0.0;999.9;0;0;0;0;0;0
Laboulaye_Aero;875340;20130517;6.5;8;-0.7;8;1024.0;8;1007.0;8;10.0;8;2.3;8;7.2;999.9;16.7;-1.0;0.0;999.9;0;0;0;0;0;0
Laboulaye_Aero;875340;20130518;9.2;7;5.1;7;1022.0;7;1005.2;7;10.0;7;5.4;7;7.2;999.9;16.9;-0.1;1.0;999.9;0;1;0;0;0;0
Laboulaye_Aero;875340;20130519;9.4;8;7.1;8;1023.0;8;1006.2;8;7.6;8;0.9;8;3.1;999.9;12.9;5.7;2.0;999.9;1;0;0;0;0;0
Laboulaye_Aero;875340;20130520;7.8;8;5.0;8;1021.5;8;1004.7;8;5.0;8;0.7;8;2.1;999.9;17.1;1.4;0.0;999.9;1;0;0;0;0;0
Laboulaye_Aero;875340;20130521;9.5;8;6.6;8;1018.0;8;1001.4;8;7.9;8;1.6;8;3.1;999.9;17.7;1.5;0.0;999.9;1;0;0;0;0;0
Laboulaye_Aero;875340;20130522;6.9;8;4.3;8;1021.2;8;1004.4;8;5.3;8;0.0;8;999.9;999.9;17.0;0.3;0.0;999.9;1;0;0;0;0;0
Laboulaye_Aero;875340;20130523;8.9;8;4.8;8;1019.5;8;1002.7;8;7.2;8;1.5;8;7.2;999.9;19.3;0.6;0.0;999.9;1;0;0;0;0;0
Laboulaye_Aero;875340;20130524;11.4;8;6.0;8;1020.3;8;1003.6;8;10.0;8;1.0;8;3.1;999.9;21.5;1.2;0.0;999.9;0;0;0;0;0;0
Laboulaye_Aero;875340;20130525;12.1;8;6.1;8;1017.4;8;1000.9;8;8.2;8;1.7;8;6.2;999.9;22.1;4.5;0.0;999.9;1;0;0;0;0;0
Laboulaye_Aero;875340;20130526;11.7;8;7.2;8;1012.5;8;996.1;8;8.0;8;1.0;8;4.1;999.9;22.5;3.5;0.0;999.9;1;0;0;0;0;0
Laboulaye_Aero;875340;20130527;11.6;8;8.2;8;1008.3;8;991.9;8;8.0;8;2.6;8;8.2;999.9;21.4;4.7;0.0;999.9;1;0;0;0;0;0
Laboulaye_Aero;875340;20130528;15.8;8;10.7;8;999.6;8;983.5;8;9.8;8;4.5;8;8.2;999.9;22.1;7.4;0.0;999.9;0;0;0;0;0;0
Laboulaye_Aero;875340;20130529;12.8;8;3.7;8;1009.4;8;993.0;8;10.0;8;3.1;8;9.8;999.9;18.9;7.4;0.0;999.9;0;0;0;0;0;0
Laboulaye_Aero;875340;20130530;12.4;8;0.7;8;1012.4;8;995.9;8;9.8;8;2.5;8;9.8;999.9;21.2;6.1;0.0;999.9;0;0;0;0;0;0
Laboulaye_Aero;875340;20130531;14.3;8;4.7;8;1004.9;8;988.8;8;10.0;8;2.3;8;6.2;999.9;22.5;6.6;0.0;999.9;0;0;0;0;0;0
Laboulaye_Aero;875340;20130601;12.9;8;3.3;8;1010.3;8;993.9;8;9.8;8;1.4;8;6.2;999.9;25.1;2.8;0.0;999.9;0;0;0;0;0;0
Laboulaye_Aero;875340;20130602;12.3;8;0.7;8;1018.3;8;1001.8;8;9.8;8;0.8;8;4.1;999.9;26.0;6.2;0.0;999.9;0;0;0;0;0;0
Laboulaye_Aero;875340;20130603;10.1;8;2.3;8;1019.5;8;1002.8;8;10.0;8;0.0;8;999.9;999.9;22.4;1.2;0.0;999.9;0;0;0;0;0;0
Laboulaye_Aero;875340;20130604;13.9;8;5.1;8;1015.2;8;998.8;8;10.0;8;1.3;8;4.1;999.9;24.0;1.6;0.0;999.9;0;0;0;0;0;0
Laboulaye_Aero;875340;20130605;14.3;8;5.7;8;1011.9;8;995.6;8;9.8;8;2.2;8;8.2;999.9;24.2;6.2;0.0;999.9;0;0;0;0;0;0
Laboulaye_Aero;875340;20130606;9.1;8;-1.0;8;1021.0;8;1004.4;8;10.0;8;1.5;8;3.1;999.9;24.0;0.1;0.0;999.9;0;0;0;0;0;0
Laboulaye_Aero;875340;20130607;10.5;8;2.1;8;1016.8;8;1000.2;8;10.0;8;4.1;8;7.2;999.9;20.7;0.1;0.0;999.9;0;0;0;0;0;0
Laboulaye_Aero;875340;20130608;8.6;7;1.9;7;1024.4;7;1007.6;7;10.0;7;2.6;7;8.2;999.9;16.6;-0.2;0.0;999.9;0;0;0;0;0;0
Laboulaye_Aero;875340;20130609;14.3;8;7.8;8;1017.5;8;1001.0;8;10.0;8;0.9;8;6.2;999.9;21.1;0.5;0.0;999.9;0;0;0;0;0;0
Laboulaye_Aero;875340;20130610;11.9;8;6.5;8;1017.4;8;1000.9;8;10.3;8;0.0;8;999.9;999.9;23.3;1.9;0.0;999.9;0;0;0;0;0;0
Laboulaye_Aero;875340;20130611;13.9;8;12.6;8;1017.4;8;1000.9;8;3.2;8;2.3;8;6.2;999.9;24.0;2.5;0.0;999.9;1;0;0;0;0;0
Laboulaye_Aero;875340;20130612;15.9;8;13.2;8;1016.0;8;999.7;8;6.1;8;0.3;8;1.0;999.9;23.9;9.2;0.0;999.9;1;0;0;0;0;0
Laboulaye_Aero;875340;20130613;16.3;8;12.1;8;1014.6;8;998.3;8;7.6;8;0.8;8;3.1;999.9;25.8;7.7;0.0;999.9;1;0;0;0;0;0
Laboulaye_Aero;875340;20130614;12.8;8;6.0;8;1021.5;8;1005.1;8;10.0;8;3.7;8;8.2;999.9;25.8;7.5;0.0;999.9;0;0;0;0;0;0
Laboulaye_Aero;875340;20130615;10.4;7;7.1;7;1016.8;7;1000.2;7;10.0;7;4.9;7;8.7;999.9;16.3;5.4;0.0;999.9;0;0;0;0;0;0
Laboulaye_Aero;875340;20130616;12.5;8;7.2;8;1015.8;8;999.4;8;9.2;8;2.9;8;7.2;999.9;17.7;7.1;1.0;999.9;0;1;0;0;0;0
Laboulaye_Aero;875340;20130617;5.3;8;-1.4;8;1020.1;8;1003.3;8;10.0;8;2.1;8;7.2;999.9;13.4;-1.3;0.3;999.9;0;0;0;0;0;0
Laboulaye_Aero;875340;20130618;6.3;8;-1.6;8;1016.1;8;999.2;8;9.8;8;3.3;8;9.8;999.9;14.4;-0.4;0.0;999.9;0;0;0;0;0;0
Laboulaye_Aero;875340;20130619;4.2;8;-7.9;8;1027.0;8;1010.0;8;10.0;8;0.3;8;1.0;999.9;15.1;-0.7;0.0;999.9;0;0;0;0;0;0
Laboulaye_Aero;875340;20130620;3.4;8;-6.6;8;1024.9;8;1007.7;8;10.0;8;1.1;8;5.1;999.9;14.8;-4.6;0.0;999.9;0;0;0;0;0;0
Laboulaye_Aero;875340;20130621;5.6;8;-3.9;8;1013.9;8;997.0;8;10.0;8;0.7;8;3.1;999.9;20.0;-4.2;0.0;999.9;0;0;0;0;0;0
Laboulaye_Aero;875340;20130622;9.2;8;0.9;8;1013.4;8;996.8;8;10.0;8;1.0;8;3.1;999.9;20.5;-2.6;0.0;999.9;0;0;0;0;0;0
Laboulaye_Aero;875340;20130623;7.7;8;2.6;8;1022.6;8;1005.8;8;10.0;8;0.1;8;1.0;999.9;12.7;2.3;0.0;999.9;0;0;0;0;0;0
Laboulaye_Aero;875340;20130624;8.1;8;2.2;8;1022.7;8;1005.8;8;9.8;8;0.6;8;3.1;999.9;15.7;2.5;0.0;999.9;0;0;0;0;0;0
Laboulaye_Aero;875340;20130625;7.1;8;2.0;8;1018.3;8;1001.5;8;6.6;8;0.0;8;999.9;999.9;18.6;-1.2;0.0;999.9;1;0;0;0;0;0
Laboulaye_Aero;875340;20130626;10.2;8;2.8;8;1015.8;8;999.2;8;10.0;8;0.1;8;1.0;999.9;21.3;-1.2;0.0;999.9;0;0;0;0;0;0
Laboulaye_Aero;875340;20130627;10.8;8;4.8;8;1011.2;8;994.7;8;9.2;8;5.1;8;9.8;999.9;22.1;2.0;0.0;999.9;0;0;0;0;0;0
Laboulaye_Aero;875340;20130628;11.6;8;6.2;8;1008.6;8;992.2;8;9.5;8;1.3;8;4.1;999.9;20.0;4.5;0.0;999.9;0;0;0;0;0;0
Laboulaye_Aero;875340;20130629;10.0;8;0.0;8;1015.7;8;999.1;8;10.0;8;0.9;8;4.1;999.9;20.0;1.5;0.0;999.9;0;0;0;0;0;0
Laboulaye_Aero;875340;20130630;8.2;7;1.5;7;1019.8;7;1003.1;7;10.0;7;1.6;7;3.1;999.9;18.2;1.9;0.0;999.9;0;0;0;0;0;0
Laboulaye_Aero;875340;20130701;9.4;8;4.3;8;1022.0;8;1005.2;8;10.0;8;0.6;8;3.1;999.9;18.8;0.9;0.0;999.9;0;0;0;0;0;0
Laboulaye_Aero;875340;20130702;11.1;8;2.3;8;1012.4;8;995.9;8;8.9;8;5.3;8;14.9;999.9;19.9;2.5;0.0;999.9;0;0;0;0;0;0
Laboulaye_Aero;875340;20130703;11.8;8;3.7;8;1007.3;8;990.9;8;9.8;8;2.9;8;7.2;999.9;20.5;3.0;0.0;999.9;0;0;0;0;0;0
Laboulaye_Aero;875340;20130704;9.4;8;6.2;8;1013.5;8;996.9;8;9.2;8;3.1;8;5.1;999.9;21.4;4.8;0.0;999.9;0;0;0;0;0;0
Laboulaye_Aero;875340;20130705;12.7;8;11.7;8;1013.9;8;997.4;8;2.6;8;0.1;8;1.0;999.9;15.5;5.4;2.0;999.9;1;1;0;0;0;0
Laboulaye_Aero;875340;20130706;9.6;8;8.1;8;1017.9;8;1001.3;8;8.4;8;3.0;8;5.1;999.9;13.4;8.6;4.1;999.9;0;1;0;0;0;0
Laboulaye_Aero;875340;20130707;7.1;8;3.3;8;1026.9;8;1010.0;8;9.8;8;0.6;8;2.1;999.9;11.2;1.2;0.0;999.9;0;0;0;0;0;0
Laboulaye_Aero;875340;20130708;5.0;8;1.3;8;1029.9;8;1012.7;8;8.5;8;3.3;8;9.8;999.9;11.4;-1.5;0.0;999.9;1;0;0;0;0;0
Laboulaye_Aero;875340;20130709;8.9;8;5.7;8;1019.6;8;1002.8;8;9.5;8;3.6;8;8.2;999.9;12.2;-1.3;4.1;999.9;0;1;0;0;1;0
Laboulaye_Aero;875340;20130710;10.1;8;9.4;8;1016.1;8;999.5;8;4.8;8;2.1;8;6.2;999.9;13.2;6.3;0.0;999.9;1;1;0;0;0;0
Laboulaye_Aero;875340;20130711;12.2;9;11.4;9;1015.8;9;999.3;9;2.1;9;1.8;9;6.2;999.9;13.5;9.5;3.0;999.9;1;1;0;0;0;0
Laboulaye_Aero;875340;20130712;10.1;9;7.2;9;1022.1;9;1005.5;9;5.6;9;0.2;9;1.0;999.9;18.6;3.3;0.3;999.9;1;1;0;0;0;0
Laboulaye_Aero;875340;20130713;9.4;8;6.3;8;1016.5;8;999.9;8;8.4;8;0.3;8;2.1;999.9;18.6;3.7;0.0;999.9;1;0;0;0;0;0
Laboulaye_Aero;875340;20130714;10.5;8;1.2;8;1020.2;8;1003.6;8;10.0;8;1.2;8;2.1;999.9;19.3;5.1;0.0;999.9;0;0;0;0;0;0
Laboulaye_Aero;875340;20130715;8.9;8;-0.6;8;1021.0;8;1004.3;8;10.0;8;1.5;8;6.2;999.9;20.6;-1.3;0.0;999.9;0;0;0;0;0;0
Laboulaye_Aero;875340;20130716;11.8;8;3.2;8;1015.5;8;998.9;8;10.0;8;0.4;8;3.1;999.9;23.5;0.2;0.0;999.9;0;0;0;0;0;0
Laboulaye_Aero;875340;20130717;14.4;8;5.4;8;1009.7;8;993.4;8;10.3;8;0.5;8;2.1;999.9;25.2;2.2;0.0;999.9;0;0;0;0;0;0
Laboulaye_Aero;875340;20130718;9.4;8;2.8;8;1018.5;8;1002.0;8;9.5;8;5.3;8;11.8;999.9;25.2;5.1;0.0;999.9;0;1;0;0;0;0
Laboulaye_Aero;875340;20130719;4.8;8;-0.8;8;1025.2;8;1008.1;8;10.0;8;0.8;8;3.1;999.9;10.0;1.4;0.0;999.9;0;0;0;0;0;0
Laboulaye_Aero;875340;20130720;5.3;8;-3.4;8;1012.7;8;995.9;8;9.8;8;3.9;8;9.8;999.9;11.7;-0.1;0.0;999.9;0;0;0;0;0;0
Laboulaye_Aero;875340;20130721;3.1;8;-4.0;8;1021.1;8;1004.1;8;10.3;8;4.9;8;11.8;999.9;12.6;-1.5;0.0;999.9;0;0;0;0;0;0
Laboulaye_Aero;875340;20130722;3.4;8;-4.6;8;1027.0;8;1009.8;8;11.9;8;6.3;8;8.2;999.9;8.6;-2.9;0.0;999.9;0;0;0;0;0;0
Laboulaye_Aero;875340;20130723;2.3;8;-7.3;8;1026.7;8;1009.5;8;10.0;8;1.5;8;7.2;999.9;11.8;-5.0;0.0;999.9;0;0;0;0;0;0
Laboulaye_Aero;875340;20130724;5.2;8;-4.3;8;1027.1;8;1010.0;8;10.0;8;0.6;8;2.1;999.9;14.4;-4.7;0.0;999.9;0;0;0;0;0;0
Laboulaye_Aero;875340;20130725;6.9;8;-4.3;8;1021.2;8;1004.3;8;8.7;8;4.9;8;10.8;999.9;19.8;-3.4;0.0;999.9;0;0;0;0;0;0
Laboulaye_Aero;875340;20130726;9.6;8;-1.8;8;1018.1;8;1001.5;8;7.6;8;8.7;8;14.9;999.9;20.2;-1.8;0.0;999.9;0;0;0;0;0;0
Laboulaye_Aero;875340;20130727;9.6;8;0.6;8;1020.6;8;1003.9;8;8.7;8;1.1;8;5.1;999.9;18.2;-0.4;0.0;999.9;0;0;0;0;0;0
Laboulaye_Aero;875340;20130728;9.7;8;2.0;8;1020.9;8;1004.2;8;9.5;8;0.4;8;3.1;999.9;20.3;-0.5;0.0;999.9;0;0;0;0;0;0
Laboulaye_Aero;875340;20130729;12.6;8;5.4;8;1019.8;8;1003.2;8;9.8;8;1.5;8;6.2;999.9;23.8;1.2;0.0;999.9;0;0;0;0;0;0
Laboulaye_Aero;875340;20130730;16.4;8;10.0;8;1014.8;8;998.5;8;9.7;8;3.7;8;8.7;999.9;25.5;5.7;0.0;999.9;0;0;0;0;0;0
Laboulaye_Aero;875340;20130731;15.0;8;11.0;8;1013.2;8;997.0;8;9.2;8;6.7;8;8.7;999.9;25.9;12.2;0.0;999.9;0;0;0;0;0;0
Laboulaye_Aero;875340;20130801;10.4;7;6.8;7;1017.9;7;1001.3;7;7.2;7;5.3;7;7.2;999.9;14.2;7.4;0.0;999.9;1;1;0;0;0;0
Laboulaye_Aero;875340;20130802;8.8;8;4.1;8;1020.9;8;1004.2;8;8.9;8;0.3;8;1.0;999.9;16.5;1.9;0.0;999.9;1;0;0;0;0;0
Laboulaye_Aero;875340;20130803;6.6;8;3.2;8;1016.6;8;999.8;8;9.8;8;0.9;8;2.1;999.9;17.0;1.4;0.0;999.9;0;0;0;0;0;0
Laboulaye_Aero;875340;20130804;8.2;8;0.4;8;1017.8;8;1001.0;8;6.4;8;2.5;8;8.8;999.9;21.7;-0.8;0.0;999.9;1;0;0;0;0;0
Laboulaye_Aero;875340;20130805;13.1;8;-0.4;8;1013.5;8;997.1;8;9.5;8;3.2;8;8.2;999.9;22.8;-0.2;0.0;999.9;0;0;0;0;0;0
Laboulaye_Aero;875340;20130806;11.6;8;-2.9;8;1016.7;8;1000.2;8;8.5;8;3.4;8;11.8;999.9;23.3;0.5;0.0;999.9;0;0;0;0;0;0
Laboulaye_Aero;875340;20130807;12.3;8;2.0;8;1004.1;8;987.9;8;8.4;8;5.6;8;12.9;999.9;22.6;2.0;0.0;999.9;0;0;0;0;0;0
Laboulaye_Aero;875340;20130808;12.3;8;-3.4;8;1016.0;8;999.5;8;9.7;8;5.7;8;8.8;999.9;21.5;5.5;0.0;999.9;0;0;0;0;0;0
Laboulaye_Aero;875340;20130809;6.8;8;-6.2;8;1027.8;8;1010.9;8;10.0;8;1.7;8;5.1;999.9;15.9;-2.1;0.0;999.9;0;0;0;0;0;0
Laboulaye_Aero;875340;20130810;7.3;8;-6.0;8;1024.5;8;1007.6;8;9.8;8;3.2;8;9.8;999.9;18.5;-5.8;0.0;999.9;0;0;0;0;0;0
Laboulaye_Aero;875340;20130811;9.1;8;-3.3;8;1013.2;8;996.6;8;10.0;8;2.9;8;8.2;999.9;19.9;-1.2;0.0;999.9;0;0;0;0;0;0
Laboulaye_Aero;875340;20130812;9.5;8;4.1;8;1016.3;8;999.7;8;10.0;8;4.0;8;8.8;999.9;20.1;3.1;0.0;999.9;0;0;0;0;0;0
Laboulaye_Aero;875340;20130813;4.4;8;-4.1;8;1029.3;8;1012.2;8;9.8;8;1.0;8;3.1;999.9;12.5;-4.2;0.0;999.9;0;0;0;0;0;0
Laboulaye_Aero;875340;20130814;5.2;8;-5.8;8;1031.5;8;1014.3;8;9.5;8;3.4;8;8.2;999.9;16.7;-6.6;0.0;999.9;0;0;0;0;0;0
Laboulaye_Aero;875340;20130815;8.4;8;-6.3;8;1019.1;8;1002.3;8;7.2;8;8.3;8;14.9;999.9;19.6;-2.7;0.0;999.9;0;0;0;0;0;0
Laboulaye_Aero;875340;20130816;10.9;7;-4.7;7;1023.6;7;1006.9;7;8.9;7;4.2;7;8.7;999.9;20.7;1.6;0.0;999.9;0;0;0;0;0;0
Laboulaye_Aero;875340;20130817;7.9;8;-2.5;8;1026.5;8;1009.7;8;9.2;8;3.1;8;9.8;999.9;19.3;-3.5;0.0;999.9;0;0;0;0;0;0
Laboulaye_Aero;875340;20130818;10.9;8;1.0;8;1018.2;8;1001.6;8;8.7;8;4.9;8;9.8;999.9;22.2;-0.2;0.0;999.9;0;0;0;0;0;0
Laboulaye_Aero;875340;20130819;13.2;8;3.4;8;1013.3;8;996.9;8;8.7;8;2.1;8;5.1;999.9;25.2;2.0;0.0;999.9;0;0;0;0;0;0
Laboulaye_Aero;875340;20130820;16.5;8;5.6;8;1013.6;8;997.3;8;9.2;8;4.9;8;8.8;999.9;27.3;4.7;0.0;999.9;0;0;0;0;0;0
Laboulaye_Aero;875340;20130821;15.5;8;7.0;8;1008.8;8;992.7;8;10.0;8;1.3;8;4.1;999.9;27.9;8.6;0.0;999.9;0;0;0;0;0;0
Laboulaye_Aero;875340;20130822;9.3;8;-4.2;8;1019.0;8;1002.5;8;9.2;8;6.4;8;8.7;999.9;23.9;4.1;0.0;999.9;0;0;0;0;0;0
Laboulaye_Aero;875340;20130823;3.8;7;-7.7;7;1026.5;7;1009.4;7;10.0;7;0.2;7;1.0;999.9;10.8;-3.1;0.0;999.9;0;0;0;0;0;0
Laboulaye_Aero;875340;20130824;5.7;8;-6.0;8;1030.5;8;1013.3;8;10.0;8;1.4;8;4.1;999.9;12.1;-1.2;0.0;999.9;0;0;0;0;0;0
Laboulaye_Aero;875340;20130825;4.9;8;-2.8;8;1033.9;8;1016.7;8;9.5;8;1.3;8;4.1;999.9;13.4;-1.9;0.0;999.9;0;0;0;0;0;0
Laboulaye_Aero;875340;20130826;5.4;8;-5.3;8;1034.2;8;1017.0;8;10.0;8;2.4;8;6.2;999.9;13.1;-3.6;0.0;999.9;0;0;0;0;0;0
Laboulaye_Aero;875340;20130827;8.2;8;-4.3;8;1024.8;8;1007.9;8;9.7;8;4.1;8;8.2;999.9;21.2;-0.5;0.0;999.9;0;0;0;0;0;0
Laboulaye_Aero;875340;20130828;15.2;8;-1.9;8;1018.6;8;1002.1;8;9.5;8;3.9;8;8.8;999.9;30.6;2.8;0.0;999.9;0;0;0;0;0;0
Laboulaye_Aero;875340;20130829;17.4;8;-0.2;8;1013.1;8;997.0;8;8.9;8;4.2;8;9.8;999.9;32.1;3.5;0.0;999.9;0;0;0;0;0;0
Laboulaye_Aero;875340;20130830;17.6;8;1.2;8;1009.2;8;993.1;8;9.0;8;2.8;8;7.2;999.9;32.6;4.5;0.0;999.9;0;0;0;0;0;0
Laboulaye_Aero;875340;20130831;16.8;8;2.8;8;1008.9;8;992.8;8;8.7;8;1.5;8;4.1;999.9;30.4;7.9;0.0;999.9;0;0;0;0;0;0
Laboulaye_Aero;875340;20130901;17.2;8;5.9;8;1011.6;8;995.4;8;9.2;8;0.5;8;2.1;999.9;29.8;9.3;0.0;999.9;0;0;0;0;0;0
Laboulaye_Aero;875340;20130902;16.1;8;4.6;8;1013.1;8;996.9;8;8.7;8;5.4;8;9.8;999.9;25.7;10.0;0.0;999.9;0;0;0;0;0;0
Laboulaye_Aero;875340;20130903;12.4;8;0.7;8;1025.0;8;1008.4;8;10.0;8;2.3;8;5.1;999.9;21.9;7.3;0.0;999.9;0;0;0;0;0;0
Laboulaye_Aero;875340;20130904;10.1;8;-1.1;8;1022.8;8;1006.1;8;8.2;8;4.9;8;11.8;999.9;18.3;2.8;0.0;999.9;0;0;0;0;0;0
Laboulaye_Aero;875340;20130905;14.1;8;2.4;8;1015.0;8;998.7;8;8.7;8;4.6;8;9.8;999.9;23.4;4.6;0.0;999.9;0;0;0;0;0;0
Laboulaye_Aero;875340;20130906;17.3;8;8.1;8;1013.9;8;997.7;8;9.8;8;3.4;8;8.8;999.9;29.2;6.7;0.0;999.9;0;0;0;0;0;0
Laboulaye_Aero;875340;20130907;20.1;8;13.3;8;1007.7;8;991.8;8;9.2;8;2.7;8;8.2;999.9;30.5;12.1;0.0;999.9;0;0;0;0;0;0
Laboulaye_Aero;875340;20130908;18.9;8;9.3;8;1015.0;8;998.8;8;8.7;8;2.8;8;8.2;999.9;29.5;6.5;0.0;999.9;0;0;0;0;0;0
Laboulaye_Aero;875340;20130909;22.0;8;11.7;8;1009.2;8;993.3;8;8.7;8;5.3;8;11.8;999.9;34.8;10.5;0.0;999.9;0;0;0;0;0;0
Laboulaye_Aero;875340;20130910;26.8;8;11.9;8;1002.7;8;987.2;8;6.9;8;6.1;8;9.8;999.9;35.4;16.6;0.0;999.9;0;0;0;0;0;0
Laboulaye_Aero;875340;20130911;19.5;8;5.8;8;1006.2;8;990.4;8;7.9;8;8.4;8;11.8;999.9;34.7;15.0;0.0;999.9;0;0;0;0;0;0
Laboulaye_Aero;875340;20130912;12.7;8;7.8;8;1009.9;8;993.7;8;8.5;8;5.7;8;9.8;999.9;23.6;10.0;0.0;999.9;0;1;0;0;0;0
Laboulaye_Aero;875340;20130913;9.6;8;2.7;8;1022.5;8;1005.8;8;10.0;8;7.5;8;12.9;999.9;14.8;5.1;0.3;999.9;0;0;0;0;0;0
Laboulaye_Aero;875340;20130914;9.1;8;0.3;8;1024.9;8;1008.1;8;10.0;8;5.8;8;7.2;999.9;14.1;5.9;0.0;999.9;0;0;0;0;0;0
Laboulaye_Aero;875340;20130915;8.4;8;-1.9;8;1023.6;8;1006.8;8;14.3;8;6.3;8;9.8;999.9;12.4;5.5;0.0;999.9;0;0;0;0;0;0
Laboulaye_Aero;875340;20130916;6.5;8;1.1;8;1022.9;8;1006.0;8;12.1;8;5.8;8;9.8;999.9;11.6;2.6;0.0;999.9;0;1;0;0;0;0
Laboulaye_Aero;875340;20130917;6.9;8;-4.2;8;1022.8;8;1005.8;8;14.3;8;4.2;8;7.2;999.9;14.9;-1.6;0.0;999.9;0;0;0;0;0;0
Laboulaye_Aero;875340;20130918;10.7;8;-7.1;8;1019.9;8;1003.2;8;10.0;8;3.2;8;8.2;999.9;20.6;1.4;0.0;999.9;0;0;0;0;0;0
Laboulaye_Aero;875340;20130919;12.2;8;-5.7;8;1018.1;8;1001.5;8;7.9;8;4.8;8;11.8;999.9;24.0;0.3;0.0;999.9;0;0;0;0;0;0
Laboulaye_Aero;875340;20130920;14.3;8;-4.4;8;1010.0;8;993.8;8;10.0;8;4.5;8;7.2;999.9;24.2;5.2;0.0;999.9;0;0;0;0;0;0
Laboulaye_Aero;875340;20130921;11.0;8;-2.6;8;1015.7;8;999.3;8;9.8;8;2.2;8;8.2;999.9;23.3;8.0;0.0;999.9;0;0;0;0;0;0
Laboulaye_Aero;875340;20130922;9.6;8;-4.2;8;1023.9;8;1007.1;8;12.7;8;1.4;8;6.2;999.9;17.1;-0.6;0.0;999.9;0;0;0;0;0;0
Laboulaye_Aero;875340;20130923;8.2;8;0.9;8;1031.1;8;1014.2;8;10.0;8;3.3;8;8.2;999.9;17.5;4.5;1.0;999.9;0;1;0;0;0;0
Laboulaye_Aero;875340;20130924;7.6;8;-1.2;8;1031.1;8;1014.0;8;10.0;8;2.2;8;6.2;999.9;17.3;-0.5;0.5;999.9;0;0;0;0;0;0
Laboulaye_Aero;875340;20130925;10.2;8;-1.7;8;1024.2;8;1007.4;8;10.6;8;6.6;8;13.9;999.9;20.4;-1.9;0.0;999.9;0;0;0;0;0;0
Laboulaye_Aero;875340;20130926;14.0;8;2.3;8;1017.3;8;1000.8;8;9.0;8;6.7;8;11.8;999.9;23.4;4.9;0.0;999.9;0;0;0;0;0;0
Laboulaye_Aero;875340;20130927;15.8;8;4.7;8;1015.5;8;999.2;8;10.0;8;3.9;8;8.2;999.9;24.6;5.6;0.0;999.9;0;0;0;0;0;0
Laboulaye_Aero;875340;20130928;9.6;8;5.2;8;1019.5;8;1003.1;8;8.4;8;6.4;8;11.8;999.9;25.8;5.0;13.0;999.9;0;1;0;0;1;0
Laboulaye_Aero;875340;20130929;8.2;8;2.1;8;1022.1;8;1005.2;8;9.8;8;7.3;8;12.9;999.9;13.8;3.4;0.3;999.9;0;0;0;0;0;0
Laboulaye_Aero;875340;20130930;12.4;8;6.3;8;1019.3;8;1002.7;8;10.0;8;6.4;8;10.8;999.9;15.5;7.4;0.0;999.9;0;0;0;0;0;0
Laboulaye_Aero;875340;20131001;11.8;8;5.6;8;1018.4;8;1001.8;8;10.9;8;2.0;8;3.1;999.9;17.0;5.4;0.0;999.9;0;0;0;0;0;0
Laboulaye_Aero;875340;20131002;13.1;8;5.6;8;1017.2;8;1000.7;8;9.5;8;3.3;8;8.7;999.9;23.7;4.6;0.0;999.9;0;0;0;0;0;0
Laboulaye_Aero;875340;20131003;13.4;8;8.4;8;1018.1;8;1001.8;8;9.2;8;4.1;8;8.7;999.9;24.6;11.0;3.0;999.9;0;1;0;0;0;0
Laboulaye_Aero;875340;20131004;13.1;8;7.1;8;1023.2;8;1006.5;8;10.0;8;1.2;8;4.1;999.9;20.5;6.3;0.0;999.9;0;0;0;0;0;0
Laboulaye_Aero;875340;20131005;15.2;8;6.5;8;1020.1;8;1003.6;8;9.8;8;4.7;8;8.7;999.9;25.6;4.5;0.0;999.9;0;0;0;0;0;0
Laboulaye_Aero;875340;20131006;17.7;8;7.2;8;1021.1;8;1004.8;8;10.0;8;4.8;8;9.8;999.9;27.3;5.2;0.0;999.9;0;0;0;0;0;0
Laboulaye_Aero;875340;20131007;17.8;8;7.9;8;1020.0;8;1003.8;8;8.7;8;5.9;8;11.8;999.9;28.0;7.6;0.0;999.9;0;0;0;0;0;0
Laboulaye_Aero;875340;20131008;20.8;8;6.9;8;1014.4;8;998.4;8;9.2;8;7.1;8;12.9;999.9;30.3;11.5;0.0;999.9;0;0;0;0;0;0
Laboulaye_Aero;875340;20131009;20.9;8;7.3;8;1011.5;8;995.7;8;7.7;8;8.2;8;14.9;999.9;31.1;16.5;0.0;999.9;0;0;0;0;0;0
Laboulaye_Aero;875340;20131010;16.1;8;7.3;8;1016.8;8;1000.5;8;6.9;8;1.8;8;6.2;999.9;27.0;6.4;0.0;999.9;1;0;0;0;0;0
Laboulaye_Aero;875340;20131011;19.3;8;13.4;8;1016.9;8;1000.9;8;8.5;8;6.9;8;9.8;999.9;28.4;12.9;999.9;999.9;0;1;0;0;1;0
Laboulaye_Aero;875340;20131012;17.0;7;13.6;7;1017.3;7;1001.0;7;7.9;7;3.3;7;8.2;999.9;24.8;12.9;80.0;999.9;1;0;0;0;0;0
Laboulaye_Aero;875340;20131013;18.8;8;15.0;8;1014.6;8;998.5;8;7.7;8;0.8;8;2.1;999.9;24.6;14.3;0.0;999.9;0;0;0;0;1;0
Laboulaye_Aero;875340;20131014;19.8;8;14.0;8;1015.9;8;999.8;8;7.2;8;0.4;8;3.1;999.9;28.2;10.9;0.0;999.9;1;0;0;0;0;0
Laboulaye_Aero;875340;20131015;23.1;8;15.1;8;1015.1;8;999.2;8;9.5;8;3.6;8;8.2;999.9;31.3;16.3;0.0;999.9;0;0;0;0;0;0
Laboulaye_Aero;875340;20131016;19.6;8;15.1;8;1014.9;8;999.0;8;8.2;8;2.0;8;7.2;999.9;31.8;16.9;2.0;999.9;0;1;0;0;1;0
Laboulaye_Aero;875340;20131017;19.6;8;14.3;8;1015.8;8;999.7;8;9.5;8;0.5;8;1.0;999.9;25.6;13.1;9.9;999.9;0;0;0;0;0;0
Laboulaye_Aero;875340;20131018;21.1;8;13.1;8;1012.6;8;996.6;8;9.8;8;0.8;8;2.1;999.9;29.1;12.4;0.0;999.9;0;0;0;0;0;0
Laboulaye_Aero;875340;20131019;22.8;8;14.5;8;1005.7;8;990.0;8;9.5;8;6.2;8;11.8;999.9;31.0;15.5;8.9;999.9;0;1;0;0;1;0
Laboulaye_Aero;875340;20131020;22.3;8;10.9;8;1000.1;8;984.5;8;10.8;8;7.8;8;9.8;999.9;31.8;16.5;4.1;999.9;0;0;0;0;1;0
Laboulaye_Aero;875340;20131021;16.4;8;6.9;8;1014.5;8;998.4;8;10.0;8;3.0;8;10.8;999.9;25.5;10.0;0.0;999.9;0;0;0;0;0;0
Laboulaye_Aero;875340;20131022;17.6;8;6.7;8;1008.9;8;992.8;8;9.2;8;6.4;8;11.8;999.9;28.2;8.8;0.0;999.9;0;0;0;0;0;0
Laboulaye_Aero;875340;20131023;19.6;8;7.8;8;1008.1;8;992.3;8;9.2;8;6.3;8;12.9;999.9;28.5;14.3;0.0;999.9;0;0;0;0;1;0
Laboulaye_Aero;875340;20131024;15.1;8;2.4;8;1023.2;8;1006.8;8;10.0;8;4.8;8;8.2;999.9;23.5;8.5;0.0;999.9;0;0;0;0;0;0
Laboulaye_Aero;875340;20131025;13.2;7;5.9;7;1020.6;7;1004.1;7;10.0;7;7.5;7;8.2;999.9;18.2;9.9;0.0;999.9;0;0;0;0;0;0
Laboulaye_Aero;875340;20131026;17.0;8;8.7;8;1015.2;8;998.8;8;10.0;8;1.0;8;4.1;999.9;27.7;6.6;0.0;999.9;0;0;0;0;0;0
Laboulaye_Aero;875340;20131027;19.7;8;2.9;8;1017.7;8;1001.6;8;9.8;8;4.5;8;9.8;999.9;28.2;9.9;0.0;999.9;0;0;0;0;0;0
Laboulaye_Aero;875340;20131028;21.1;8;6.9;8;1012.7;8;996.7;8;7.2;8;9.2;8;13.9;999.9;29.7;12.9;0.0;999.9;0;0;0;0;0;0
Laboulaye_Aero;875340;20131029;23.0;8;7.8;8;1009.7;8;993.9;8;9.3;8;7.3;8;10.8;999.9;30.7;16.8;0.0;999.9;0;0;0;0;1;0
Laboulaye_Aero;875340;20131030;19.1;8;11.2;8;1009.8;8;993.8;8;9.8;8;3.9;8;7.2;999.9;31.4;14.7;0.3;999.9;0;1;0;0;1;0
Laboulaye_Aero;875340;20131031;19.3;8;15.8;8;1006.5;8;990.6;8;8.0;8;8.0;8;13.9;999.9;23.6;16.7;21.1;999.9;0;1;0;0;1;0
Laboulaye_Aero;875340;20131101;18.9;8;14.9;8;1010.2;8;994.2;8;7.7;8;7.6;8;11.8;999.9;23.7;15.5;30.0;999.9;0;1;0;0;1;0
Laboulaye_Aero;875340;20131102;17.9;8;8.7;8;1016.2;8;1000.0;8;10.0;8;3.3;8;7.2;999.9;23.9;11.6;0.0;999.9;0;0;0;0;0;0
Laboulaye_Aero;875340;20131103;19.4;8;8.3;8;1017.4;8;1001.2;8;10.0;8;0.0;8;999.9;999.9;27.9;9.7;0.0;999.9;0;0;0;0;0;0
Laboulaye_Aero;875340;20131104;20.8;8;10.4;8;1015.5;8;999.5;8;11.3;8;5.5;8;11.8;999.9;28.7;12.8;0.0;999.9;0;0;0;0;0;0
Laboulaye_Aero;875340;20131105;21.6;8;12.1;8;1015.2;8;999.2;8;9.2;8;6.7;8;11.8;999.9;29.7;14.6;0.0;999.9;0;0;0;0;0;0
Laboulaye_Aero;875340;20131106;23.0;8;11.7;8;1010.4;8;994.6;8;7.6;8;10.0;8;14.9;999.9;31.0;15.3;0.0;999.9;0;0;0;0;0;0
Laboulaye_Aero;875340;20131107;21.0;8;11.2;8;1012.1;8;996.2;8;9.0;8;5.0;8;9.8;999.9;31.5;16.7;0.0;999.9;0;0;0;0;0;0
Laboulaye_Aero;875340;20131108;18.4;8;12.7;8;1011.6;8;995.5;8;10.0;8;2.5;8;6.2;999.9;24.7;12.3;0.0;999.9;0;0;0;0;0;0
Laboulaye_Aero;875340;20131109;18.9;8;16.2;8;1006.8;8;990.8;8;9.2;8;2.8;8;8.2;999.9;24.4;14.5;0.0;999.9;0;0;0;0;1;0
Laboulaye_Aero;875340;20131110;17.3;8;15.9;8;1006.0;8;990.0;8;9.0;8;2.8;8;7.2;999.9;23.6;15.3;29.0;999.9;0;1;0;0;1;0
Laboulaye_Aero;875340;20131111;19.4;8;11.5;8;1009.1;8;993.1;8;10.0;8;3.9;8;8.2;999.9;26.4;14.4;0.5;999.9;0;0;0;0;0;0
Laboulaye_Aero;875340;20131112;20.2;8;8.0;8;1009.7;8;993.8;8;10.0;8;1.9;8;7.2;999.9;27.0;11.0;0.0;999.9;0;0;0;0;0;0
Laboulaye_Aero;875340;20131113;22.6;8;9.1;8;1010.2;8;994.3;8;8.0;8;7.8;8;13.9;999.9;32.4;13.6;0.0;999.9;0;0;0;0;0;0
