Malargue_Aero;875060;20130101;14.4;6;3.0;6;9999.9;0;862.0;6;20.0;6;2.9;6;4.6;999.9;30.3;6.3;0.0;999.9;0;0;0;0;0;0
Malargue_Aero;875060;20130102;16.2;8;2.8;8;9999.9;0;858.5;8;20.0;8;2.5;8;3.6;999.9;27.8;4.7;0.0;999.9;0;0;0;0;0;0
Malargue_Aero;875060;20130103;21.6;8;4.2;8;9999.9;0;855.0;8;20.0;8;2.4;8;4.1;999.9;30.5;11.0;0.0;999.9;0;0;0;0;0;0
Malargue_Aero;875060;20130104;21.7;8;5.1;8;9999.9;0;855.9;8;18.3;8;3.4;8;6.2;999.9;31.8;11.5;0.0;999.9;0;0;0;0;0;0
Malargue_Aero;875060;20130105;20.5;8;8.5;8;9999.9;0;856.2;8;19.3;8;2.3;8;3.1;999.9;29.5;15.5;0.0;999.9;0;0;0;0;1;0
Malargue_Aero;875060;20130106;20.7;8;5.2;8;9999.9;0;853.6;8;20.0;8;2.5;8;8.2;999.9;30.8;9.8;0.5;999.9;0;0;0;0;0;0
Malargue_Aero;875060;20130107;24.0;8;-4.8;8;9999.9;0;850.4;8;20.0;8;3.7;8;5.1;999.9;33.3;16.6;0.0;999.9;0;0;0;0;0;0
Malargue_Aero;875060;20130108;20.9;8;1.9;8;9999.9;0;855.2;8;20.0;8;2.3;8;4.6;999.9;32.2;9.8;0.0;999.9;0;0;0;0;0;0
Malargue_Aero;875060;20130109;22.4;8;7.6;8;9999.9;0;859.5;8;20.0;8;2.7;8;4.1;999.9;31.6;12.6;0.0;999.9;0;0;0;0;0;0
Malargue_Aero;875060;20130110;25.3;8;13.6;8;9999.9;0;858.3;8;20.0;8;2.7;8;4.6;999.9;33.0;18.1;0.0;999.9;0;0;0;0;0;0
Malargue_Aero;875060;20130111;25.9;8;13.5;8;9999.9;0;855.2;8;19.3;8;3.5;8;10.3;999.9;35.1;18.0;6.1;999.9;0;0;0;0;1;0
Malargue_Aero;875060;20130112;24.4;8;12.4;8;9999.9;0;855.8;8;19.0;8;3.0;8;5.1;999.9;36.7;15.0;0.0;999.9;0;0;0;0;1;0
Malargue_Aero;875060;20130113;21.4;8;15.0;8;9999.9;0;859.1;8;18.2;8;4.4;8;10.3;999.9;34.8;14.5;0.8;999.9;0;0;0;0;1;0
Malargue_Aero;875060;20130114;19.8;7;17.3;7;9999.9;0;860.6;7;16.7;7;2.4;7;5.1;999.9;28.1;15.0;0.0;999.9;0;0;0;0;0;0
Malargue_Aero;875060;20130115;23.7;8;15.6;8;9999.9;0;855.6;8;19.0;8;2.7;8;11.3;999.9;29.5;16.6;0.0;999.9;0;0;0;0;0;0
Malargue_Aero;875060;20130116;21.3;7;12.0;7;9999.9;0;855.9;7;17.4;7;3.0;7;5.1;999.9;33.6;12.1;0.0;999.9;0;0;0;0;1;0
Malargue_Aero;875060;20130117;19.8;8;11.7;8;9999.9;0;860.2;8;18.5;8;4.2;8;14.9;999.9;30.0;12.8;999.9;999.9;0;1;0;0;1;0
Malargue_Aero;875060;20130118;19.9;6;9.1;6;9999.9;0;861.0;5;17.5;6;2.6;6;5.7;999.9;27.2;12.2;2.5;999.9;0;1;0;0;1;0
Malargue_Aero;875060;20130119;19.1;8;10.7;8;9999.9;0;862.5;8;20.0;8;3.5;8;6.7;999.9;29.1;10.7;0.0;999.9;0;0;0;0;0;0
Malargue_Aero;875060;20130120;14.8;7;12.5;6;9999.9;0;862.9;6;16.4;7;1.8;7;3.1;999.9;22.6;13.0;6.9;999.9;0;1;0;0;0;0
Malargue_Aero;875060;20130121;18.1;9;13.9;9;9999.9;0;859.7;9;18.2;9;1.1;9;4.1;999.9;24.2;13.0;0.5;999.9;0;1;0;0;0;0
Malargue_Aero;875060;20130122;19.9;8;10.9;8;9999.9;0;858.6;8;19.3;8;4.5;8;10.8;999.9;26.0;13.0;0.3;999.9;0;1;0;0;1;0
Malargue_Aero;875060;20130123;21.7;7;5.9;7;9999.9;0;857.9;7;20.0;7;2.8;7;5.1;999.9;30.4;13.1;0.0;999.9;0;0;0;0;0;0
Malargue_Aero;875060;20130124;24.3;8;-6.0;8;9999.9;0;854.8;8;20.0;8;6.4;8;10.8;999.9;32.5;13.4;0.0;999.9;0;0;0;0;0;0
Malargue_Aero;875060;20130125;16.8;8;6.2;8;9999.9;0;858.6;8;20.0;8;3.3;8;8.7;999.9;29.9;7.3;0.0;999.9;0;0;0;0;0;0
Malargue_Aero;875060;20130126;19.7;8;6.1;8;9999.9;0;857.3;8;20.0;8;2.3;8;7.2;999.9;29.4;9.0;0.0;999.9;0;0;0;0;0;0
Malargue_Aero;875060;20130127;21.7;8;3.5;8;9999.9;0;857.5;8;19.3;8;2.4;8;5.1;999.9;30.6;10.0;0.0;999.9;0;0;0;0;0;0
Malargue_Aero;875060;20130128;18.9;7;7.1;7;9999.9;0;860.3;7;17.9;7;2.8;7;7.2;999.9;24.0;11.5;0.0;999.9;0;1;0;0;1;0
Malargue_Aero;875060;20130129;16.1;8;8.0;8;9999.9;0;860.7;8;20.0;8;2.4;8;3.1;999.9;26.0;7.9;0.5;999.9;0;0;0;0;0;0
Malargue_Aero;875060;20130130;19.3;8;12.1;8;9999.9;0;858.5;8;17.5;8;1.8;8;3.6;999.9;26.0;12.0;0.0;999.9;0;1;0;0;1;0
Malargue_Aero;875060;20130131;21.1;8;13.1;8;9999.9;0;854.4;8;20.0;8;2.4;8;4.1;999.9;31.1;13.6;7.9;999.9;0;0;0;0;0;0
Malargue_Aero;875060;20130201;23.8;8;-0.3;8;9999.9;0;853.9;8;19.0;8;2.7;8;5.7;999.9;32.0;9.8;0.0;999.9;0;0;0;0;0;0
Malargue_Aero;875060;20130202;19.8;8;1.8;8;9999.9;0;859.5;8;20.0;8;2.5;8;4.6;999.9;32.8;10.2;0.0;999.9;0;0;0;0;0;0
Malargue_Aero;875060;20130203;18.8;8;6.9;8;9999.9;0;861.1;8;20.0;8;2.4;8;3.1;999.9;29.5;8.3;0.0;999.9;0;0;0;0;0;0
Malargue_Aero;875060;20130204;24.1;8;8.4;8;9999.9;0;856.1;8;20.0;8;2.0;8;3.1;999.9;32.9;14.0;0.0;999.9;0;0;0;0;0;0
Malargue_Aero;875060;20130205;23.7;8;12.4;8;9999.9;0;856.7;8;19.3;8;2.7;8;3.6;999.9;33.8;14.0;0.0;999.9;0;0;0;0;0;0
Malargue_Aero;875060;20130206;22.6;8;14.9;8;9999.9;0;859.0;8;17.7;8;2.3;8;6.2;999.9;31.5;14.4;0.0;999.9;0;1;0;0;1;0
Malargue_Aero;875060;20130207;21.4;8;15.2;8;9999.9;0;859.1;8;16.9;8;2.6;8;5.1;999.9;32.6;14.4;1.0;999.9;0;1;0;0;1;0
Malargue_Aero;875060;20130208;18.1;8;14.9;8;9999.9;0;857.2;8;17.2;8;1.5;8;9.3;999.9;30.1;13.0;11.9;999.9;0;1;0;0;1;0
Malargue_Aero;875060;20130209;17.9;7;13.4;7;9999.9;0;855.5;7;17.2;7;2.5;7;7.7;999.9;26.7;10.0;2.0;999.9;0;1;0;0;0;0
Malargue_Aero;875060;20130210;18.4;8;8.3;8;9999.9;0;855.9;8;19.3;8;2.6;8;6.2;999.9;28.0;9.9;4.1;999.9;0;1;0;0;0;0
Malargue_Aero;875060;20130211;19.1;8;5.7;8;9999.9;0;856.0;8;20.0;8;3.6;8;7.7;999.9;27.6;7.7;0.0;999.9;0;0;0;0;0;0
Malargue_Aero;875060;20130212;21.3;8;4.8;8;9999.9;0;852.5;8;20.0;8;2.5;8;5.7;999.9;29.2;11.2;0.0;999.9;0;0;0;0;0;0
Malargue_Aero;875060;20130213;19.9;8;4.6;8;9999.9;0;854.6;8;20.0;8;2.5;8;4.1;999.9;29.0;11.6;0.0;999.9;0;0;0;0;0;0
Malargue_Aero;875060;20130214;21.1;8;2.3;8;9999.9;0;856.8;8;20.0;8;2.5;8;5.1;999.9;28.0;12.8;0.0;999.9;0;0;0;0;0;0
Malargue_Aero;875060;20130215;21.8;8;1.3;8;9999.9;0;855.9;8;20.0;8;2.6;8;5.7;999.9;30.0;9.3;0.0;999.9;0;0;0;0;0;0
Malargue_Aero;875060;20130216;21.1;8;1.4;8;9999.9;0;851.0;8;20.0;8;3.7;8;7.2;999.9;30.3;10.8;0.0;999.9;0;0;0;0;0;0
Malargue_Aero;875060;20130217;15.4;8;2.3;8;9999.9;0;854.7;8;20.0;8;2.7;8;6.2;999.9;28.5;7.8;0.0;999.9;0;0;0;0;0;0
Malargue_Aero;875060;20130218;12.0;8;0.7;8;9999.9;0;861.0;8;20.0;8;2.1;8;5.1;999.9;18.1;5.2;0.0;999.9;0;0;0;0;0;0
Malargue_Aero;875060;20130219;13.6;8;-0.8;8;9999.9;0;859.6;8;20.0;8;2.5;8;4.1;999.9;21.5;4.9;0.0;999.9;0;0;0;0;1;0
Malargue_Aero;875060;20130220;16.2;8;6.6;8;9999.9;0;858.9;8;20.0;8;1.4;8;2.6;999.9;23.3;9.2;0.0;999.9;0;0;0;0;0;0
Malargue_Aero;875060;20130221;16.9;8;8.8;8;9999.9;0;858.7;8;19.0;8;2.4;8;6.2;999.9;25.1;9.0;0.0;999.9;0;0;0;0;0;0
Malargue_Aero;875060;20130222;19.7;8;10.3;8;9999.9;0;856.1;8;20.0;8;1.9;7;2.6;999.9;27.8;12.7;0.0;999.9;0;0;0;0;0;0
Malargue_Aero;875060;20130223;20.3;8;0.6;8;9999.9;0;853.8;8;20.0;8;1.8;8;5.1;999.9;28.2;8.2;0.0;999.9;0;0;0;0;0;0
Malargue_Aero;875060;20130224;17.2;8;2.0;8;9999.9;0;857.0;8;20.0;8;2.2;8;6.2;999.9;28.5;8.6;0.0;999.9;0;0;0;0;0;0
Malargue_Aero;875060;20130225;14.3;8;4.4;8;9999.9;0;860.0;8;20.0;8;2.6;8;4.6;999.9;25.1;6.0;0.0;999.9;0;0;0;0;0;0
Malargue_Aero;875060;20130226;14.8;8;4.7;8;9999.9;0;858.9;8;20.0;8;1.5;8;3.6;999.9;25.8;5.0;0.0;999.9;0;0;0;0;0;0
Malargue_Aero;875060;20130227;19.2;8;3.9;8;9999.9;0;856.0;8;20.0;8;2.4;8;3.6;999.9;29.7;9.0;0.0;999.9;0;0;0;0;0;0
Malargue_Aero;875060;20130228;20.7;8;-1.9;8;9999.9;0;852.8;8;20.0;8;2.3;8;6.2;999.9;30.2;8.9;0.0;999.9;0;0;0;0;0;0
Malargue_Aero;875060;20130301;16.8;8;-2.7;8;9999.9;0;850.8;8;19.3;8;2.5;8;6.2;999.9;29.8;9.2;0.0;999.9;0;0;0;0;0;0
Malargue_Aero;875060;20130302;12.8;8;-4.1;8;9999.9;0;857.1;8;20.0;8;2.1;8;3.6;999.9;23.4;1.6;0.0;999.9;0;0;0;0;0;0
Malargue_Aero;875060;20130303;13.9;8;5.2;8;9999.9;0;861.5;8;18.8;8;2.2;8;4.6;999.9;22.0;9.2;0.0;999.9;0;0;0;0;0;0
Malargue_Aero;875060;20130304;15.1;8;5.3;8;9999.9;0;860.6;8;20.0;8;1.6;8;3.1;999.9;23.4;5.6;0.0;999.9;0;0;0;0;0;0
Malargue_Aero;875060;20130305;16.8;8;4.9;8;9999.9;0;856.1;8;20.0;8;1.9;8;3.6;999.9;27.3;7.2;0.0;999.9;0;0;0;0;0;0
Malargue_Aero;875060;20130306;21.7;8;-12.2;8;9999.9;0;852.5;8;20.0;8;4.2;8;5.7;999.9;28.0;12.0;0.0;999.9;0;0;0;0;0;0
Malargue_Aero;875060;20130307;15.1;8;2.7;7;9999.9;0;856.1;8;20.0;8;2.0;8;3.1;999.9;28.0;5.2;0.0;999.9;0;0;0;0;0;0
Malargue_Aero;875060;20130308;16.7;8;5.3;8;9999.9;0;856.8;8;20.0;8;1.7;8;3.6;999.9;27.7;7.9;0.0;999.9;0;0;0;0;0;0
Malargue_Aero;875060;20130309;19.8;8;-0.2;8;9999.9;0;854.8;8;20.0;8;2.2;8;3.6;999.9;29.8;8.3;0.0;999.9;0;0;0;0;0;0
Malargue_Aero;875060;20130310;17.1;8;-0.4;8;9999.9;0;856.9;8;20.0;8;2.2;8;3.6;999.9;31.6;5.6;0.0;999.9;0;0;0;0;0;0
Malargue_Aero;875060;20130311;15.7;7;4.9;7;9999.9;0;853.3;7;20.0;7;1.1;7;3.1;999.9;25.0;6.3;0.0;999.9;0;0;0;0;0;0
Malargue_Aero;875060;20130312;15.9;8;3.8;8;9999.9;0;855.7;8;20.0;8;2.1;8;5.1;999.9;26.3;8.2;0.0;999.9;0;0;0;0;0;0
Malargue_Aero;875060;20130313;9.1;8;3.7;8;9999.9;0;859.4;8;17.2;8;2.2;8;4.1;999.9;22.6;2.9;0.0;999.9;0;1;0;0;0;0
Malargue_Aero;875060;20130314;5.3;9;3.1;9;9999.9;0;861.5;8;9.3;9;2.3;9;4.6;999.9;11.2;3.2;5.1;999.9;0;1;0;0;0;0
Malargue_Aero;875060;20130315;7.4;8;4.4;8;9999.9;0;862.2;8;14.5;8;2.4;8;4.1;999.9;10.2;4.2;0.5;999.9;0;1;0;0;0;0
Malargue_Aero;875060;20130316;8.8;8;4.3;8;9999.9;0;861.8;8;20.0;8;1.6;8;3.1;999.9;15.7;6.0;0.0;999.9;0;0;0;0;0;0
Malargue_Aero;875060;20130317;12.8;8;7.2;8;9999.9;0;861.9;8;20.0;8;2.2;8;2.6;999.9;18.7;7.0;0.0;999.9;0;0;0;0;0;0
Malargue_Aero;875060;20130318;13.9;8;9.4;8;9999.9;0;860.3;8;17.5;8;2.1;8;4.1;999.9;20.2;10.0;0.0;999.9;0;0;0;0;0;0
Malargue_Aero;875060;20130319;14.7;8;8.2;8;9999.9;0;858.9;8;15.8;8;1.8;8;2.6;999.9;21.2;10.5;0.0;999.9;0;0;0;0;0;0
Malargue_Aero;875060;20130320;15.0;8;6.9;8;9999.9;0;855.4;8;20.0;8;2.0;8;4.6;999.9;23.0;8.2;0.0;999.9;0;0;0;0;0;0
Malargue_Aero;875060;20130321;14.1;8;0.7;8;9999.9;0;857.7;8;20.0;8;2.3;8;4.6;999.9;23.6;3.8;0.0;999.9;0;0;0;0;0;0
Malargue_Aero;875060;20130322;13.1;7;4.0;7;9999.9;0;858.9;7;20.0;7;2.5;7;3.1;999.9;22.8;5.7;0.0;999.9;0;0;0;0;0;0
Malargue_Aero;875060;20130323;15.6;8;7.2;8;9999.9;0;860.2;7;20.0;8;1.2;8;2.1;999.9;23.4;7.4;0.0;999.9;0;0;0;0;0;0
Malargue_Aero;875060;20130324;15.3;8;4.4;8;9999.9;0;855.9;8;20.0;8;2.3;8;5.1;999.9;23.7;8.0;0.0;999.9;0;0;0;0;0;0
Malargue_Aero;875060;20130325;14.2;8;1.7;8;9999.9;0;858.6;8;20.0;8;2.6;8;7.7;999.9;24.5;4.8;0.0;999.9;0;0;0;0;0;0
Malargue_Aero;875060;20130326;14.6;8;3.2;8;9999.9;0;862.3;8;20.0;8;1.5;8;2.6;999.9;24.5;5.0;0.0;999.9;0;0;0;0;0;0
Malargue_Aero;875060;20130327;17.9;7;4.6;7;9999.9;0;861.2;7;20.0;7;2.2;7;3.1;999.9;26.0;7.6;0.0;999.9;0;0;0;0;0;0
Malargue_Aero;875060;20130328;18.0;8;7.4;8;9999.9;0;860.5;8;19.3;8;2.2;8;4.1;999.9;26.2;10.7;0.0;999.9;0;0;0;0;0;0
Malargue_Aero;875060;20130329;19.6;8;6.4;8;9999.9;0;857.7;8;20.0;8;2.3;8;4.1;999.9;27.0;10.6;0.0;999.9;0;0;0;0;0;0
Malargue_Aero;875060;20130330;16.8;8;2.3;8;9999.9;0;856.4;8;20.0;8;2.0;8;3.6;999.9;28.6;7.2;0.0;999.9;0;0;0;0;0;0
Malargue_Aero;875060;20130331;9.8;8;7.3;8;9999.9;0;860.6;8;13.4;8;4.1;8;8.2;999.9;24.0;6.8;9.9;999.9;0;1;0;0;0;0
Malargue_Aero;875060;20130401;9.1;7;5.7;7;9999.9;0;860.9;7;18.5;7;1.4;7;2.6;999.9;13.6;5.8;39.1;999.9;0;0;0;0;0;0
Malargue_Aero;875060;20130402;11.4;8;5.9;8;9999.9;0;861.0;8;19.3;8;1.3;8;2.1;999.9;17.0;5.4;0.0;999.9;0;0;0;0;0;0
Malargue_Aero;875060;20130403;11.1;8;6.3;8;9999.9;0;861.5;8;17.9;8;2.4;8;5.1;999.9;18.1;6.5;4.1;999.9;0;1;0;0;0;0
Malargue_Aero;875060;20130404;10.9;9;6.9;9;9999.9;0;855.6;8;12.7;9;1.8;9;3.6;999.9;20.8;5.9;0.0;999.9;1;0;0;0;0;0
Malargue_Aero;875060;20130405;13.8;8;-0.2;8;9999.9;0;853.4;8;19.3;8;3.2;8;7.2;999.9;21.7;6.4;0.0;999.9;0;0;0;0;0;0
Malargue_Aero;875060;20130406;14.8;8;-4.4;8;9999.9;0;855.3;8;20.0;8;4.0;8;8.7;999.9;21.2;7.6;0.0;999.9;0;0;0;0;0;0
Malargue_Aero;875060;20130407;11.2;8;3.1;8;9999.9;0;859.5;8;20.0;8;2.0;8;3.1;999.9;21.0;2.8;0.0;999.9;0;0;0;0;0;0
Malargue_Aero;875060;20130408;12.7;8;2.9;8;9999.9;0;859.8;8;20.0;8;1.3;8;2.6;999.9;20.4;6.0;0.0;999.9;0;0;0;0;0;0
Malargue_Aero;875060;20130409;13.5;8;6.8;8;9999.9;0;855.7;8;20.0;8;2.3;8;4.1;999.9;20.9;7.4;0.0;999.9;0;0;0;0;0;0
Malargue_Aero;875060;20130410;13.2;8;1.8;8;9999.9;0;854.3;7;20.0;8;1.8;8;3.6;999.9;20.4;5.5;0.0;999.9;0;0;0;0;0;0
Malargue_Aero;875060;20130411;11.1;8;-0.2;7;9999.9;0;853.7;8;20.0;8;2.3;8;4.1;999.9;21.0;3.0;999.9;999.9;0;1;0;0;0;0
Malargue_Aero;875060;20130412;5.9;8;-0.4;8;9999.9;0;859.9;8;20.0;8;1.2;8;2.6;999.9;17.1;-1.0;0.0;999.9;0;0;0;0;0;0
Malargue_Aero;875060;20130413;7.8;8;-0.6;8;9999.9;0;860.2;7;20.0;8;0.3;8;1.5;999.9;16.9;1.8;0.0;999.9;0;0;0;0;0;0
Malargue_Aero;875060;20130414;10.4;8;-0.4;8;9999.9;0;859.4;8;20.0;8;0.5;8;2.1;999.9;20.8;-1.2;0.0;999.9;0;0;0;0;0;0
Malargue_Aero;875060;20130415;13.2;7;1.6;7;9999.9;0;860.4;7;20.0;7;1.4;7;4.1;999.9;22.4;4.4;0.0;999.9;0;0;0;0;0;0
Malargue_Aero;875060;20130416;15.6;8;4.8;8;9999.9;0;859.8;8;20.0;8;1.9;8;3.1;999.9;24.7;6.2;0.0;999.9;0;0;0;0;0;0
Malargue_Aero;875060;20130417;16.1;8;4.4;8;9999.9;0;859.5;8;20.0;8;1.3;8;3.1;999.9;25.0;5.5;0.0;999.9;0;0;0;0;0;0
Malargue_Aero;875060;20130418;16.6;8;4.0;8;9999.9;0;858.3;8;20.0;8;1.2;8;2.6;999.9;25.7;5.7;0.0;999.9;0;0;0;0;0;0
Malargue_Aero;875060;20130419;16.9;8;3.1;8;9999.9;0;858.4;8;20.0;8;2.6;8;4.6;999.9;26.5;9.5;0.0;999.9;0;0;0;0;0;0
Malargue_Aero;875060;20130420;16.3;8;5.4;8;9999.9;0;857.8;8;20.0;8;2.3;8;3.1;999.9;25.6;8.4;0.0;999.9;0;0;0;0;0;0
Malargue_Aero;875060;20130421;15.8;8;6.4;8;9999.9;0;859.0;8;20.0;8;2.1;8;2.6;999.9;24.8;7.5;0.0;999.9;0;0;0;0;0;0
Malargue_Aero;875060;20130422;15.6;8;7.8;8;9999.9;0;860.1;8;20.0;8;2.1;8;3.6;999.9;24.4;8.5;0.0;999.9;0;0;0;0;0;0
Malargue_Aero;875060;20130423;15.9;8;10.3;8;9999.9;0;861.4;8;20.0;8;1.5;8;2.6;999.9;23.0;10.5;0.0;999.9;0;0;0;0;0;0
Malargue_Aero;875060;20130424;14.8;8;9.2;8;9999.9;0;858.8;8;20.0;8;2.2;8;3.1;999.9;21.6;7.7;0.0;999.9;0;0;0;0;0;0
Malargue_Aero;875060;20130425;15.6;8;9.1;8;9999.9;0;857.6;8;20.0;8;1.6;8;3.1;999.9;22.4;8.6;0.0;999.9;0;0;0;0;0;0
Malargue_Aero;875060;20130426;11.7;9;8.8;9;9999.9;0;856.8;8;9.5;9;3.6;9;5.1;999.9;22.2;6.6;36.1;999.9;0;1;0;0;1;0
Malargue_Aero;875060;20130427;8.0;8;1.6;8;9999.9;0;856.9;7;15.9;8;3.3;8;7.2;999.9;12.5;3.8;55.9;999.9;0;1;0;0;0;0
Malargue_Aero;875060;20130428;9.4;8;1.2;8;9999.9;0;857.6;8;20.0;8;2.0;8;3.1;999.9;16.5;0.9;0.0;999.9;0;0;0;0;0;0
Malargue_Aero;875060;20130429;9.1;8;3.7;8;9999.9;0;857.4;8;20.0;8;2.0;8;3.6;999.9;16.7;1.8;0.0;999.9;0;0;0;0;0;0
Malargue_Aero;875060;20130430;10.3;8;5.3;8;9999.9;0;856.7;8;20.0;8;1.3;8;2.6;999.9;17.0;3.0;0.0;999.9;0;0;0;0;0;0
Malargue_Aero;875060;20130501;12.4;7;2.7;7;9999.9;0;854.0;7;19.3;7;3.3;7;9.3;999.9;20.0;4.5;0.0;999.9;0;0;0;0;0;0
Malargue_Aero;875060;20130502;10.7;8;2.9;8;9999.9;0;856.7;8;18.2;8;2.6;8;4.1;999.9;20.0;8.0;1.0;999.9;0;1;0;0;0;0
Malargue_Aero;875060;20130503;8.9;8;4.1;8;9999.9;0;855.7;8;15.1;8;2.5;8;3.1;999.9;15.0;2.6;3.0;999.9;1;0;0;0;1;0
Malargue_Aero;875060;20130504;10.4;8;-2.1;8;9999.9;0;859.2;8;20.0;8;3.3;8;6.2;999.9;18.0;2.1;0.0;999.9;0;0;0;0;0;0
Malargue_Aero;875060;20130505;8.9;8;0.4;8;9999.9;0;862.8;8;20.0;8;2.0;8;3.6;999.9;19.0;0.4;0.0;999.9;0;0;0;0;0;0
Malargue_Aero;875060;20130506;14.2;8;-4.3;8;9999.9;0;860.9;8;20.0;8;5.6;8;10.3;999.9;19.3;0.7;0.0;999.9;0;0;0;0;0;0
Malargue_Aero;875060;20130507;8.7;8;-2.9;8;9999.9;0;862.7;8;20.0;8;2.0;8;3.1;999.9;20.2;1.3;0.0;999.9;0;0;0;0;0;0
Malargue_Aero;875060;20130508;11.3;8;0.5;8;9999.9;0;855.6;8;20.0;8;1.9;8;4.1;999.9;24.2;1.0;0.0;999.9;0;0;0;0;0;0
Malargue_Aero;875060;20130509;10.6;8;1.4;8;9999.9;0;855.9;8;20.0;8;2.6;8;4.1;999.9;25.3;3.0;0.0;999.9;0;0;0;0;0;0
Malargue_Aero;875060;20130510;17.6;7;-10.9;7;9999.9;0;853.4;7;17.2;7;6.1;7;8.7;999.9;20.9;11.1;0.0;999.9;0;0;0;0;0;0
Malargue_Aero;875060;20130511;10.3;8;-2.1;8;9999.9;0;859.9;8;20.0;8;2.6;8;5.7;999.9;21.1;3.3;0.0;999.9;0;0;0;0;0;0
Malargue_Aero;875060;20130512;7.9;8;0.8;8;9999.9;0;858.6;8;20.0;8;2.2;8;4.1;999.9;17.0;2.6;0.0;999.9;0;0;0;0;0;0
Malargue_Aero;875060;20130513;7.6;8;1.4;8;9999.9;0;857.1;8;20.0;8;1.6;8;3.6;999.9;15.5;2.2;0.0;999.9;0;0;0;0;0;0
Malargue_Aero;875060;20130514;5.6;8;-4.8;8;9999.9;0;856.1;8;20.0;8;3.2;8;4.1;999.9;14.7;-2.4;0.0;999.9;0;0;0;0;0;0
Malargue_Aero;875060;20130515;3.2;8;-7.2;8;9999.9;0;861.4;8;20.0;8;2.3;8;4.1;999.9;11.8;-5.6;0.0;999.9;0;0;0;0;0;0
Malargue_Aero;875060;20130516;2.1;8;-6.2;8;9999.9;0;862.5;8;20.0;8;2.2;8;3.1;999.9;11.5;-5.3;0.0;999.9;0;0;0;0;0;0
Malargue_Aero;875060;20130517;4.0;7;-4.7;7;9999.9;0;859.4;7;20.0;7;2.5;7;3.1;999.9;10.5;-3.2;0.0;999.9;0;0;0;0;0;0
Malargue_Aero;875060;20130518;5.4;7;0.5;7;9999.9;0;858.8;7;17.1;7;2.1;7;5.1;999.9;12.0;-1.8;0.8;999.9;0;1;0;0;0;0
Malargue_Aero;875060;20130519;4.4;9;2.3;9;9999.9;0;861.9;7;14.2;9;1.9;9;5.1;999.9;10.0;-0.8;0.0;999.9;1;0;0;0;0;0
Malargue_Aero;875060;20130520;5.1;6;2.1;6;9999.9;0;859.8;6;19.2;6;2.5;6;4.1;999.9;12.0;-0.3;0.0;999.9;0;0;0;0;0;0
Malargue_Aero;875060;20130521;5.2;8;-0.7;8;9999.9;0;858.4;8;19.0;8;1.8;8;3.1;999.9;12.5;-1.5;0.0;999.9;0;0;0;0;0;0
Malargue_Aero;875060;20130522;4.8;8;0.2;8;9999.9;0;861.1;8;20.0;8;1.4;8;3.1;999.9;13.5;-1.8;0.0;999.9;0;0;0;0;0;0
Malargue_Aero;875060;20130523;7.2;8;-0.3;8;9999.9;0;859.2;8;20.0;8;2.1;8;2.6;999.9;17.9;-2.0;0.0;999.9;0;0;0;0;0;0
Malargue_Aero;875060;20130524;8.2;8;-1.3;8;9999.9;0;862.3;8;18.8;8;2.6;8;4.1;999.9;18.6;-1.4;0.0;999.9;0;0;0;0;0;0
Malargue_Aero;875060;20130525;8.1;8;1.4;8;9999.9;0;857.6;8;20.0;8;2.4;8;4.1;999.9;16.4;0.0;0.0;999.9;0;0;0;0;0;0
Malargue_Aero;875060;20130526;10.4;8;-2.6;8;9999.9;0;854.6;8;19.3;8;2.7;8;4.1;999.9;17.0;1.4;0.0;999.9;0;0;0;0;0;0
Malargue_Aero;875060;20130527;6.5;8;-1.3;8;9999.9;0;849.3;8;19.3;8;3.8;8;11.3;999.9;17.8;1.1;0.0;999.9;0;0;0;0;0;0
Malargue_Aero;875060;20130528;3.2;8;-0.1;8;9999.9;0;846.6;8;13.2;8;2.5;8;4.1;999.9;15.1;0.7;5.1;999.9;0;1;1;0;0;0
Malargue_Aero;875060;20130529;7.3;7;-7.5;7;9999.9;0;852.9;7;20.0;7;5.7;7;9.3;999.9;13.8;0.5;23.1;999.9;0;0;0;0;0;0
Malargue_Aero;875060;20130530;10.9;8;-2.7;8;9999.9;0;854.6;8;20.0;8;3.8;8;5.1;999.9;17.6;2.5;0.0;999.9;0;0;0;0;0;0
Malargue_Aero;875060;20130531;8.9;8;-1.3;8;9999.9;0;850.0;8;17.5;8;5.2;8;9.3;999.9;19.8;1.0;5.1;999.9;0;1;0;0;0;0
Malargue_Aero;875060;20130601;9.7;8;-4.1;8;9999.9;0;853.2;8;20.0;8;7.9;8;11.8;999.9;13.0;2.2;0.0;999.9;0;0;0;0;0;0
Malargue_Aero;875060;20130602;10.7;8;-5.3;8;9999.9;0;859.0;8;20.0;8;3.3;8;5.7;999.9;15.0;3.1;0.0;999.9;0;0;0;0;0;0
Malargue_Aero;875060;20130603;8.9;8;-0.9;8;9999.9;0;861.0;8;20.0;8;2.2;8;3.1;999.9;16.5;0.0;0.0;999.9;0;0;0;0;0;0
Malargue_Aero;875060;20130604;8.7;8;0.8;8;9999.9;0;859.3;8;20.0;8;1.6;8;2.1;999.9;18.1;1.3;0.0;999.9;0;0;0;0;0;0
Malargue_Aero;875060;20130605;15.2;8;-7.7;8;9999.9;0;856.1;8;20.0;8;5.6;8;9.3;999.9;21.0;3.5;0.0;999.9;0;0;0;0;0;0
Malargue_Aero;875060;20130606;7.4;8;-4.8;8;9999.9;0;860.5;8;20.0;8;3.3;8;7.2;999.9;21.4;0.0;0.0;999.9;0;0;0;0;0;0
Malargue_Aero;875060;20130607;7.4;8;-1.4;8;9999.9;0;858.7;8;20.0;8;3.0;8;4.1;999.9;17.6;-0.7;0.0;999.9;0;0;0;0;0;0
Malargue_Aero;875060;20130608;5.3;8;-1.9;8;9999.9;0;862.2;8;20.0;8;2.3;8;3.6;999.9;17.8;-1.3;0.0;999.9;0;0;0;0;0;0
Malargue_Aero;875060;20130609;4.7;8;-2.9;8;9999.9;0;859.8;8;20.0;8;1.5;8;2.6;999.9;14.4;-3.4;0.0;999.9;0;0;0;0;0;0
Malargue_Aero;875060;20130610;6.9;8;-2.6;8;9999.9;0;859.8;8;20.0;8;1.4;8;2.1;999.9;17.5;-2.6;0.0;999.9;0;0;0;0;0;0
Malargue_Aero;875060;20130611;8.2;8;-1.2;8;9999.9;0;859.3;8;20.0;8;1.2;8;2.6;999.9;20.5;-1.0;0.0;999.9;0;0;0;0;0;0
Malargue_Aero;875060;20130612;9.1;8;-2.9;8;9999.9;0;859.6;8;20.0;8;1.8;8;3.6;999.9;20.9;-0.8;0.0;999.9;0;0;0;0;0;0
Malargue_Aero;875060;20130613;6.5;7;-2.2;7;9999.9;0;859.9;7;20.0;7;1.9;7;3.6;999.9;18.9;0.8;0.0;999.9;0;0;0;0;0;0
Malargue_Aero;875060;20130614;5.0;8;0.0;8;9999.9;0;862.2;8;20.0;8;1.8;8;2.6;999.9;12.5;0.2;0.0;999.9;0;0;0;0;0;0
Malargue_Aero;875060;20130615;7.0;8;0.5;8;9999.9;0;855.4;8;19.3;8;2.4;8;6.7;999.9;18.7;-1.0;0.0;999.9;0;0;0;0;0;0
Malargue_Aero;875060;20130616;10.8;8;-3.3;8;9999.9;0;857.0;8;20.0;8;4.8;8;9.3;999.9;20.2;1.2;0.0;999.9;0;0;0;0;0;0
Malargue_Aero;875060;20130617;1.8;8;-4.4;8;9999.9;0;856.5;8;20.0;8;2.0;8;3.1;999.9;10.6;-5.2;0.0;999.9;0;0;0;0;0;0
Malargue_Aero;875060;20130618;8.1;8;-14.2;8;9999.9;0;854.7;8;20.0;8;4.4;8;8.2;999.9;13.5;-5.2;0.0;999.9;0;0;0;0;0;0
Malargue_Aero;875060;20130619;-1.4;8;-6.4;8;9999.9;0;862.0;8;20.0;8;1.3;8;2.6;999.9;14.3;-6.3;0.0;999.9;0;0;0;0;0;0
Malargue_Aero;875060;20130620;-0.8;8;-9.1;8;9999.9;0;859.9;8;20.0;8;1.7;8;2.1;999.9;9.0;-8.8;0.0;999.9;0;0;0;0;0;0
Malargue_Aero;875060;20130621;10.6;7;-15.8;6;9999.9;0;854.7;7;19.3;7;5.9;7;9.3;999.9;13.8;1.2;0.0;999.9;0;0;0;0;0;0
Malargue_Aero;875060;20130622;7.1;8;-2.1;8;9999.9;0;855.3;8;16.9;8;4.4;8;11.3;999.9;16.0;4.3;0.0;999.9;0;1;0;0;0;0
Malargue_Aero;875060;20130623;2.9;8;-0.4;8;9999.9;0;859.8;8;20.0;8;2.1;8;3.1;999.9;8.8;1.1;0.0;999.9;0;0;0;0;0;0
Malargue_Aero;875060;20130624;3.1;8;-1.7;8;9999.9;0;860.0;8;20.0;8;2.1;8;3.1;999.9;8.8;-3.0;0.0;999.9;0;0;0;0;0;0
Malargue_Aero;875060;20130625;2.8;8;-3.6;8;9999.9;0;857.8;8;20.0;8;2.3;8;4.1;999.9;11.3;-5.6;0.0;999.9;0;0;0;0;0;0
Malargue_Aero;875060;20130626;5.4;8;-4.7;8;9999.9;0;856.1;8;20.0;8;1.8;8;2.6;999.9;12.7;-3.2;0.0;999.9;0;0;0;0;0;0
Malargue_Aero;875060;20130627;6.3;8;-2.3;8;9999.9;0;850.9;8;18.3;8;4.1;8;7.2;999.9;14.7;0.3;0.0;999.9;0;1;0;0;0;0
Malargue_Aero;875060;20130628;5.0;8;-3.2;8;9999.9;0;852.7;8;17.5;8;4.6;8;6.7;999.9;9.2;1.0;1.0;999.9;0;1;0;0;0;0
Malargue_Aero;875060;20130629;2.6;8;-5.9;8;9999.9;0;855.9;8;20.0;8;3.1;8;5.1;999.9;9.0;-4.4;3.0;999.9;0;0;0;0;0;0
Malargue_Aero;875060;20130630;0.7;8;-6.8;8;9999.9;0;858.5;8;20.0;8;2.6;8;3.6;999.9;9.7;-4.9;0.0;999.9;0;0;0;0;0;0
Malargue_Aero;875060;20130701;4.4;8;-4.4;8;9999.9;0;860.0;8;20.0;8;2.0;8;4.1;999.9;11.0;-4.9;0.0;999.9;0;0;0;0;0;0
Malargue_Aero;875060;20130702;8.7;8;-8.2;8;9999.9;0;851.3;8;20.0;8;3.8;8;6.7;999.9;20.0;-1.0;0.0;999.9;0;0;0;0;0;0
Malargue_Aero;875060;20130703;13.8;8;-7.6;8;9999.9;0;850.5;7;16.6;8;6.5;7;10.3;999.9;21.5;2.2;0.0;999.9;0;0;0;0;0;0
Malargue_Aero;875060;20130704;5.3;8;-1.4;8;9999.9;0;857.6;8;20.0;8;3.3;8;6.2;999.9;15.7;3.5;69.1;999.9;0;0;0;0;0;0
Malargue_Aero;875060;20130705;3.3;8;-1.4;8;9999.9;0;855.4;8;20.0;8;1.1;8;2.1;999.9;6.0;-0.7;0.0;999.9;0;0;0;0;0;0
Malargue_Aero;875060;20130706;2.8;8;0.1;8;9999.9;0;858.9;8;15.8;8;1.9;8;3.1;999.9;6.5;-0.8;0.0;999.9;0;1;0;0;0;0
Malargue_Aero;875060;20130707;0.9;8;-1.2;8;9999.9;0;863.2;8;9.3;8;3.0;8;3.6;999.9;5.5;-0.5;1.0;999.9;0;1;0;0;0;0
Malargue_Aero;875060;20130708;0.2;8;-1.5;8;9999.9;0;861.5;8;9.8;8;1.3;8;2.1;999.9;1.2;-0.7;1.0;999.9;0;1;0;0;0;0
Malargue_Aero;875060;20130709;3.8;8;-2.8;8;9999.9;0;855.5;8;17.5;8;1.4;8;2.6;999.9;13.0;-3.4;0.0;999.9;0;0;0;0;0;0
Malargue_Aero;875060;20130710;6.5;8;-4.1;8;9999.9;0;854.5;8;18.8;8;2.2;8;3.6;999.9;15.6;-1.0;0.0;999.9;0;0;0;0;0;0
Malargue_Aero;875060;20130711;8.8;11;-6.3;11;9999.9;0;858.6;11;20.0;11;4.8;11;8.2;999.9;16.8;0.6;0.0;999.9;0;0;0;0;0;0
Malargue_Aero;875060;20130712;2.6;12;-6.5;12;9999.9;0;862.2;12;20.0;12;1.6;12;4.1;999.9;13.1;-3.0;0.0;999.9;0;0;0;0;0;0
Malargue_Aero;875060;20130713;8.6;7;-6.3;7;9999.9;0;857.4;7;20.0;7;3.9;7;8.7;999.9;17.8;-2.6;0.0;999.9;0;0;0;0;0;0
Malargue_Aero;875060;20130714;9.1;8;-3.1;8;9999.9;0;860.2;8;20.0;8;4.9;8;11.8;999.9;18.4;1.0;0.0;999.9;0;0;0;0;0;0
Malargue_Aero;875060;20130715;8.5;8;-3.2;8;9999.9;0;861.1;8;20.0;8;3.1;8;5.1;999.9;18.8;-0.6;0.0;999.9;0;0;0;0;0;0
Malargue_Aero;875060;20130716;9.4;8;-5.6;8;9999.9;0;858.7;8;20.0;8;2.6;8;6.2;999.9;21.8;-1.5;0.0;999.9;0;0;0;0;0;0
Malargue_Aero;875060;20130717;13.6;8;-13.8;8;9999.9;0;854.8;8;18.3;8;6.0;8;10.3;999.9;22.4;-0.5;0.0;999.9;0;0;0;0;0;0
Malargue_Aero;875060;20130718;3.3;8;-5.4;8;9999.9;0;858.6;8;12.4;8;4.5;8;7.2;999.9;15.0;-3.0;0.0;999.9;0;0;1;0;0;0
Malargue_Aero;875060;20130719;-0.6;8;-5.2;8;9999.9;0;859.6;8;17.1;8;1.8;8;3.1;999.9;4.2;-4.0;0.0;999.9;0;0;0;0;0;0
Malargue_Aero;875060;20130720;4.6;8;-9.8;8;9999.9;0;852.3;8;16.7;8;9.0;8;12.9;999.9;8.4;-4.4;0.0;999.9;0;0;0;0;0;0
Malargue_Aero;875060;20130721;-2.9;8;-7.4;8;9999.9;0;861.9;8;19.3;8;5.4;8;11.3;999.9;5.5;-7.2;0.0;999.9;0;0;0;0;0;0
Malargue_Aero;875060;20130722;-5.0;8;-8.9;8;9999.9;0;863.1;7;20.0;8;1.7;8;2.6;999.9;3.5;-13.9;0.0;999.9;0;0;0;0;0;0
Malargue_Aero;875060;20130723;2.2;8;-6.4;8;9999.9;0;862.4;8;20.0;8;1.8;8;3.1;999.9;10.4;-13.7;0.0;999.9;0;0;0;0;0;0
Malargue_Aero;875060;20130724;2.8;8;-5.8;8;9999.9;0;863.0;8;20.0;8;2.2;8;3.1;999.9;13.2;-6.5;0.0;999.9;0;0;0;0;0;0
Malargue_Aero;875060;20130725;5.7;8;-5.4;8;9999.9;0;857.8;8;20.0;8;1.6;8;2.6;999.9;18.4;-5.4;0.0;999.9;0;0;0;0;0;0
Malargue_Aero;875060;20130726;8.1;8;-7.4;8;9999.9;0;854.1;8;18.8;8;3.7;8;7.7;999.9;20.6;-3.0;0.0;999.9;0;0;0;0;0;0
Malargue_Aero;875060;20130727;5.6;8;-2.6;8;9999.9;0;862.1;8;20.0;8;3.0;8;7.7;999.9;20.8;-1.4;0.0;999.9;0;0;0;0;0;0
Malargue_Aero;875060;20130728;5.5;8;-3.1;8;9999.9;0;860.2;8;18.8;8;2.1;8;2.6;999.9;14.6;-3.0;0.0;999.9;0;0;0;0;0;0
Malargue_Aero;875060;20130729;6.9;8;-2.2;8;9999.9;0;859.8;8;19.0;8;1.4;8;2.6;999.9;16.2;-2.8;0.0;999.9;0;0;0;0;0;0
Malargue_Aero;875060;20130730;9.7;8;-5.2;8;9999.9;0;856.2;8;19.3;8;3.0;8;7.2;999.9;18.3;-1.3;0.0;999.9;0;0;0;0;0;0
Malargue_Aero;875060;20130731;5.3;7;-7.2;7;9999.9;0;857.8;7;20.0;7;3.2;7;5.7;999.9;18.9;-1.7;0.0;999.9;0;0;0;0;0;0
Malargue_Aero;875060;20130801;3.6;7;-4.9;7;9999.9;0;859.1;7;20.0;7;2.1;7;3.6;999.9;9.8;-4.8;0.0;999.9;0;0;0;0;0;0
Malargue_Aero;875060;20130802;3.2;8;-4.7;8;9999.9;0;859.7;8;20.0;8;2.2;8;5.1;999.9;10.4;-4.0;0.0;999.9;0;0;0;0;0;0
Malargue_Aero;875060;20130803;5.1;8;-7.5;8;9999.9;0;854.9;7;20.0;8;3.1;8;4.1;999.9;11.8;-3.8;0.0;999.9;0;0;0;0;0;0
Malargue_Aero;875060;20130804;5.4;8;-5.3;8;9999.9;0;855.5;7;19.0;8;4.6;8;10.3;999.9;17.6;-2.6;0.0;999.9;0;0;0;0;0;0
Malargue_Aero;875060;20130805;8.5;8;-12.2;8;9999.9;0;856.2;6;19.3;8;5.7;8;10.3;999.9;19.0;0.0;1.0;999.9;0;1;0;0;0;0
Malargue_Aero;875060;20130806;8.1;8;-7.4;8;9999.9;0;855.5;8;16.3;8;4.1;8;9.3;999.9;17.3;-1.4;0.0;999.9;0;0;0;0;0;0
Malargue_Aero;875060;20130807;4.4;8;-1.7;8;9999.9;0;849.4;7;13.7;8;5.0;7;8.2;999.9;17.2;0.5;5.1;999.9;0;1;1;0;0;0
Malargue_Aero;875060;20130808;3.1;8;-10.3;8;9999.9;0;857.4;8;20.0;8;4.1;8;6.7;999.9;6.4;-2.4;3.0;999.9;0;0;0;0;0;0
Malargue_Aero;875060;20130809;0.2;7;-9.2;7;9999.9;0;865.5;7;20.0;7;2.5;7;3.6;999.9;7.8;-6.4;0.0;999.9;0;0;0;0;0;0
Malargue_Aero;875060;20130810;6.7;5;-7.3;5;9999.9;0;860.7;4;20.0;5;2.4;5;3.6;999.9;16.2;-3.2;0.0;999.9;0;0;0;0;0;0
Malargue_Aero;875060;20130811;9.2;8;0.1;8;9999.9;0;853.8;8;19.0;8;4.3;8;9.3;999.9;16.4;-3.3;0.0;999.9;0;1;0;0;0;0
Malargue_Aero;875060;20130812;4.8;7;-3.6;7;9999.9;0;856.8;7;19.3;7;6.3;7;10.3;999.9;11.9;0.8;0.0;999.9;0;0;0;0;0;0
Malargue_Aero;875060;20130813;-0.9;9;-5.8;9;9999.9;0;864.7;9;18.2;9;1.7;9;4.6;999.9;8.0;-7.4;0.0;999.9;1;0;0;0;0;0
Malargue_Aero;875060;20130814;2.1;8;-4.6;8;9999.9;0;865.6;7;20.0;8;1.1;8;2.6;999.9;13.7;-6.8;0.0;999.9;0;0;0;0;0;0
Malargue_Aero;875060;20130815;5.8;9;-7.5;9;9999.9;0;857.4;8;19.5;9;3.4;9;9.3;999.9;19.9;-4.8;0.0;999.9;0;0;0;0;0;0
Malargue_Aero;875060;20130816;8.1;7;-5.7;7;9999.9;0;863.8;7;18.2;7;3.7;7;8.2;999.9;21.4;-2.6;0.0;999.9;0;0;0;0;0;0
Malargue_Aero;875060;20130817;4.6;8;-6.0;8;9999.9;0;861.4;8;20.0;8;2.8;8;4.1;999.9;13.4;-3.3;0.0;999.9;0;0;0;0;0;0
Malargue_Aero;875060;20130818;8.2;7;-5.8;7;9999.9;0;855.4;7;20.0;7;2.0;7;4.1;999.9;21.4;-4.0;0.0;999.9;0;0;0;0;0;0
Malargue_Aero;875060;20130819;15.4;8;-15.6;8;9999.9;0;855.4;8;20.0;8;4.9;8;7.7;999.9;22.2;-1.2;0.0;999.9;0;0;0;0;0;0
Malargue_Aero;875060;20130820;8.4;8;-7.0;8;9999.9;0;857.7;6;19.3;8;3.2;8;8.7;999.9;22.5;-1.1;0.0;999.9;0;0;0;0;0;0
Malargue_Aero;875060;20130821;8.1;7;-6.9;6;9999.9;0;853.9;6;16.4;7;5.1;7;10.3;999.9;20.0;-1.8;0.0;999.9;0;0;0;0;0;0
Malargue_Aero;875060;20130822;1.3;8;-8.4;8;9999.9;0;858.3;8;20.0;8;3.6;8;6.2;999.9;17.0;-6.5;0.0;999.9;0;0;0;0;0;0
Malargue_Aero;875060;20130823;-1.2;7;-7.7;7;9999.9;0;859.3;6;20.0;7;2.1;7;5.7;999.9;4.3;-7.4;0.0;999.9;0;0;0;0;0;0
Malargue_Aero;875060;20130824;-3.2;7;-6.0;7;9999.9;0;863.9;7;20.0;7;2.9;7;4.1;999.9;5.9;-7.1;0.0;999.9;0;0;0;0;0;0
Malargue_Aero;875060;20130825;-3.7;6;-4.4;6;9999.9;0;866.6;6;15.4;6;3.7;6;5.1;999.9;0.7;-5.5;0.0;999.9;0;0;0;0;0;0
Malargue_Aero;875060;20130826;0.1;8;-6.4;8;9999.9;0;866.5;8;19.3;8;1.6;8;2.6;999.9;10.7;-9.8;0.0;999.9;0;0;0;0;0;0
Malargue_Aero;875060;20130827;10.1;6;-4.8;6;9999.9;0;861.7;6;20.0;6;2.5;6;4.1;999.9;20.4;-1.4;0.0;999.9;0;0;0;0;0;0
Malargue_Aero;875060;20130828;10.7;7;-4.1;7;9999.9;0;861.9;7;20.0;7;1.6;7;2.1;999.9;24.0;0.3;0.0;999.9;0;0;0;0;0;0
Malargue_Aero;875060;20130829;14.3;8;-5.1;8;9999.9;0;857.7;7;20.0;8;2.9;8;8.7;999.9;27.5;1.8;0.0;999.9;0;0;0;0;0;0
Malargue_Aero;875060;20130830;13.3;7;-7.2;7;9999.9;0;853.8;6;20.0;7;2.4;7;3.6;999.9;23.7;4.1;0.0;999.9;0;0;0;0;0;0
Malargue_Aero;875060;20130831;13.8;8;-5.8;7;9999.9;0;855.8;6;19.0;8;3.5;8;7.2;999.9;24.5;4.1;0.0;999.9;0;0;0;0;0;0
Malargue_Aero;875060;20130901;10.2;8;-3.8;8;9999.9;0;857.2;7;20.0;8;3.0;8;4.6;999.9;20.6;2.8;0.0;999.9;0;0;0;0;0;0
Malargue_Aero;875060;20130902;9.6;7;-0.4;7;9999.9;0;857.9;5;20.0;7;2.3;7;5.1;999.9;17.3;4.0;0.0;999.9;0;0;0;0;0;0
Malargue_Aero;875060;20130903;6.6;8;0.2;8;9999.9;0;862.7;8;20.0;8;2.0;8;4.1;999.9;15.0;2.5;0.0;999.9;0;0;0;0;0;0
Malargue_Aero;875060;20130904;6.9;7;-2.2;7;9999.9;0;857.4;7;20.0;7;2.4;7;3.6;999.9;16.7;-1.0;0.0;999.9;0;0;0;0;0;0
Malargue_Aero;875060;20130905;12.3;8;-2.1;8;9999.9;0;855.6;8;20.0;8;3.5;8;5.7;999.9;19.8;1.4;0.0;999.9;0;0;0;0;0;0
Malargue_Aero;875060;20130906;11.3;8;-0.8;8;9999.9;0;856.8;7;20.0;8;4.1;8;8.2;999.9;20.0;5.7;0.0;999.9;0;0;0;0;0;0
Malargue_Aero;875060;20130907;14.4;8;1.2;8;9999.9;0;855.5;8;16.6;8;5.3;8;12.4;999.9;21.5;6.2;2.0;999.9;0;1;0;0;0;0
Malargue_Aero;875060;20130908;14.8;7;-0.6;7;9999.9;0;858.6;7;20.0;7;2.7;7;4.1;999.9;24.9;5.0;0.0;999.9;0;0;0;0;0;0
Malargue_Aero;875060;20130909;18.2;8;-4.6;8;9999.9;0;853.9;7;20.0;8;3.6;8;11.3;999.9;28.7;6.0;0.0;999.9;0;0;0;0;0;0
Malargue_Aero;875060;20130910;18.4;7;-4.1;7;9999.9;0;853.3;7;20.0;7;2.1;7;3.6;999.9;29.8;10.4;0.0;999.9;0;0;0;0;0;0
Malargue_Aero;875060;20130911;12.5;7;1.6;7;9999.9;0;855.2;7;16.7;7;3.4;7;5.7;999.9;23.0;8.6;0.0;999.9;0;0;0;0;0;0
Malargue_Aero;875060;20130912;6.9;8;-2.4;8;9999.9;0;855.2;8;20.0;8;4.2;8;7.2;999.9;16.0;-0.6;0.0;999.9;0;0;0;0;0;0
Malargue_Aero;875060;20130913;0.9;7;-2.8;7;9999.9;0;861.5;7;15.3;7;3.1;7;7.7;999.9;10.8;-1.4;0.5;999.9;0;1;1;0;0;0
Malargue_Aero;875060;20130914;0.2;8;-2.2;7;9999.9;0;859.9;8;8.2;8;3.3;8;5.7;999.9;3.6;-2.0;0.3;999.9;0;0;1;0;0;0
Malargue_Aero;875060;20130915;-1.1;6;-3.8;6;9999.9;0;861.0;5;9.3;6;3.2;6;5.7;999.9;1.6;-3.2;3.0;1.0;0;0;1;0;0;0
Malargue_Aero;875060;20130916;-0.7;8;-2.8;8;9999.9;0;859.5;7;7.6;8;2.1;8;5.1;999.9;3.1;-2.6;5.1;3.0;0;0;1;0;0;0
Malargue_Aero;875060;20130918;4.9;5;-6.8;5;9999.9;0;859.0;5;18.3;5;2.9;5;3.1;999.9;11.9;-3.3;0.0;999.9;0;0;0;0;0;0
Malargue_Aero;875060;20130919;6.1;8;-7.0;8;9999.9;0;856.3;8;19.3;8;2.8;8;5.1;999.9;13.2;-1.6;0.0;999.9;0;0;0;0;0;0
Malargue_Aero;875060;20130920;9.4;8;-9.1;8;9999.9;0;853.2;6;19.3;8;2.7;8;4.1;999.9;18.8;-2.3;0.0;999.9;0;0;0;0;0;0
Malargue_Aero;875060;20130921;3.3;7;-5.9;7;9999.9;0;855.9;7;15.9;7;4.5;7;7.7;999.9;18.8;-2.5;3.0;2.0;0;0;1;0;0;0
Malargue_Aero;875060;20130922;1.4;8;-6.6;8;9999.9;0;863.7;8;18.8;8;3.1;8;7.7;999.9;7.1;-5.7;0.0;999.9;0;0;1;0;0;0
Malargue_Aero;875060;20130923;1.9;8;-4.7;8;9999.9;0;868.9;8;19.3;8;2.5;8;5.1;999.9;9.4;-5.4;0.5;999.9;0;0;0;0;0;0
Malargue_Aero;875060;20130924;4.4;8;-5.3;8;9999.9;0;864.6;8;20.0;8;3.6;8;6.7;999.9;12.2;-4.4;0.0;999.9;0;0;0;0;0;0
Malargue_Aero;875060;20130925;7.9;8;-4.7;8;9999.9;0;857.7;8;20.0;8;3.6;8;5.1;999.9;17.7;-2.0;0.0;999.9;0;0;0;0;0;0
Malargue_Aero;875060;20130926;9.7;8;-5.1;7;9999.9;0;854.6;8;20.0;8;3.9;8;7.2;999.9;18.1;-1.0;0.0;999.9;0;0;0;0;0;0
Malargue_Aero;875060;20130927;5.8;8;-6.3;8;9999.9;0;858.3;8;18.8;8;5.4;8;13.4;999.9;20.0;-1.6;0.0;999.9;0;0;0;0;0;0
Malargue_Aero;875060;20130928;0.1;8;-6.6;8;9999.9;0;864.2;8;12.7;8;5.4;8;9.3;999.9;9.6;-5.2;0.5;2.0;0;0;1;0;0;0
Malargue_Aero;875060;20130929;2.5;8;-7.2;8;9999.9;0;862.8;8;20.0;8;2.8;8;4.6;999.9;10.7;-4.8;0.0;999.9;0;0;0;0;0;0
Malargue_Aero;875060;20130930;5.6;8;-1.7;8;9999.9;0;861.7;8;20.0;8;3.7;8;8.2;999.9;12.7;-2.6;0.0;999.9;0;0;0;0;0;0
Malargue_Aero;875060;20131001;7.9;8;-0.3;7;9999.9;0;857.7;7;18.2;8;2.5;8;6.2;999.9;17.2;2.2;0.0;999.9;0;0;0;0;0;0
Malargue_Aero;875060;20131002;8.7;8;0.6;8;9999.9;0;856.0;8;19.3;8;2.6;8;5.1;999.9;17.7;2.7;0.0;999.9;0;0;0;0;1;0
Malargue_Aero;875060;20131003;7.4;7;-5.4;7;9999.9;0;859.7;7;20.0;7;2.9;7;5.1;999.9;16.0;-1.2;0.0;999.9;0;0;0;0;0;0
Malargue_Aero;875060;20131004;8.4;8;-2.4;8;9999.9;0;862.4;7;20.0;8;2.8;8;5.1;999.9;18.2;-1.0;0.0;999.9;0;0;0;0;0;0
Malargue_Aero;875060;20131005;11.8;8;-1.1;8;9999.9;0;859.8;8;20.0;8;2.5;8;4.1;999.9;19.4;1.6;0.0;999.9;0;0;0;0;0;0
Malargue_Aero;875060;20131006;12.6;8;0.9;8;9999.9;0;861.3;8;20.0;8;2.8;8;5.7;999.9;20.6;3.0;0.0;999.9;0;0;0;0;0;0
Malargue_Aero;875060;20131007;16.1;7;2.7;7;9999.9;0;858.9;5;20.0;7;2.6;7;4.1;999.9;22.0;6.4;0.0;999.9;0;0;0;0;0;0
Malargue_Aero;875060;20131008;16.0;7;-3.3;7;9999.9;0;854.7;7;20.0;7;3.9;7;6.2;999.9;26.0;7.9;0.0;999.9;0;0;0;0;0;0
Malargue_Aero;875060;20131009;15.2;8;-13.0;8;9999.9;0;857.0;7;20.0;8;4.4;8;8.7;999.9;26.0;4.8;0.0;999.9;0;0;0;0;0;0
Malargue_Aero;875060;20131010;12.4;8;-6.3;8;9999.9;0;859.1;7;20.0;8;3.1;8;6.7;999.9;23.2;0.0;0.0;999.9;0;0;0;0;0;0
Malargue_Aero;875060;20131011;11.8;8;-2.0;8;9999.9;0;858.9;5;20.0;8;2.6;8;6.7;999.9;23.6;2.2;0.0;999.9;0;0;0;0;0;0
Malargue_Aero;875060;20131012;11.1;7;6.7;7;9999.9;0;859.5;6;16.9;7;2.6;7;5.1;999.9;21.2;7.5;0.5;999.9;0;1;0;0;0;0
Malargue_Aero;875060;20131013;14.0;8;2.4;8;9999.9;0;857.1;8;18.5;8;2.8;8;4.1;999.9;23.4;4.4;0.0;999.9;0;0;0;0;0;0
Malargue_Aero;875060;20131014;16.0;8;2.7;8;9999.9;0;859.7;7;20.0;8;3.1;8;5.1;999.9;25.0;5.8;0.0;999.9;0;0;0;0;0;0
Malargue_Aero;875060;20131015;15.5;8;7.3;8;9999.9;0;859.3;8;18.3;8;2.6;8;4.6;999.9;25.1;7.5;0.0;999.9;0;0;0;0;1;0
Malargue_Aero;875060;20131016;16.6;8;5.7;8;9999.9;0;858.8;6;18.8;8;2.3;8;3.6;999.9;23.5;7.0;1.0;999.9;0;0;0;0;0;0
Malargue_Aero;875060;20131017;16.6;8;7.6;8;9999.9;0;860.6;6;18.2;8;1.4;8;3.6;999.9;24.5;8.5;0.5;999.9;0;1;0;0;0;0
Malargue_Aero;875060;20131018;17.1;8;1.9;8;9999.9;0;857.4;8;20.0;8;2.2;8;2.6;999.9;25.3;6.1;0.0;999.9;0;0;0;0;0;0
Malargue_Aero;875060;20131019;17.1;8;-9.6;7;9999.9;0;851.2;5;20.0;8;4.0;8;8.2;999.9;24.6;8.8;0.0;999.9;0;0;0;0;0;0
Malargue_Aero;875060;20131020;14.2;8;-12.3;8;9999.9;0;849.6;7;20.0;8;5.9;8;8.2;999.9;25.2;8.9;0.0;999.9;0;0;0;0;0;0
Malargue_Aero;875060;20131021;12.1;8;-4.7;8;9999.9;0;856.1;7;20.0;8;3.7;8;7.7;999.9;19.7;2.0;0.0;999.9;0;0;0;0;0;0
Malargue_Aero;875060;20131022;12.3;8;-5.0;8;9999.9;0;851.8;6;19.2;8;4.2;8;10.3;999.9;20.4;3.8;0.0;999.9;0;0;0;0;0;0
Malargue_Aero;875060;20131023;9.3;8;-4.3;8;9999.9;0;854.5;7;20.0;8;3.6;8;6.2;999.9;19.8;0.4;0.0;999.9;0;0;0;0;0;0
Malargue_Aero;875060;20131024;9.2;8;-3.8;8;9999.9;0;862.8;8;20.0;8;2.1;7;4.1;999.9;16.5;-0.6;0.0;999.9;0;0;0;0;0;0
Malargue_Aero;875060;20131025;12.8;8;-4.3;8;9999.9;0;858.8;6;20.0;8;2.4;8;4.1;999.9;23.2;2.6;0.0;999.9;0;0;0;0;0;0
Malargue_Aero;875060;20131026;14.9;8;-5.3;8;9999.9;0;858.5;8;20.0;8;2.0;8;4.1;999.9;24.3;3.0;0.0;999.9;0;0;0;0;0;0
Malargue_Aero;875060;20131027;15.7;8;-5.3;8;9999.9;0;860.3;8;20.0;8;3.8;8;6.2;999.9;25.2;10.0;0.0;999.9;0;0;0;0;0;0
Malargue_Aero;875060;20131028;16.8;8;-1.8;8;9999.9;0;854.1;8;20.0;8;2.5;8;6.2;999.9;27.0;7.8;0.0;999.9;0;0;0;0;0;0
Malargue_Aero;875060;20131029;15.7;8;-5.9;8;9999.9;0;856.5;7;20.0;8;3.2;8;6.2;999.9;28.0;5.6;0.0;999.9;0;0;0;0;0;0
Malargue_Aero;875060;20131030;18.0;8;2.9;8;9999.9;0;853.7;8;16.6;8;3.5;8;7.2;999.9;25.0;7.9;0.0;999.9;0;0;0;0;0;0
Malargue_Aero;875060;20131031;16.3;5;4.3;5;9999.9;0;850.8;5;14.2;5;3.3;5;5.7;999.9;26.3;12.2;0.0;999.9;0;0;0;0;0;0
Malargue_Aero;875060;20131101;15.2;6;0.8;6;9999.9;0;857.9;6;20.0;6;2.9;6;19.0;999.9;23.2;4.4;0.0;999.9;0;0;0;0;0;0
Malargue_Aero;875060;20131102;15.0;8;-0.5;8;9999.9;0;861.4;8;20.0;8;2.1;8;4.1;999.9;22.5;4.4;0.0;999.9;0;0;0;0;1;0
Malargue_Aero;875060;20131103;18.0;5;0.4;5;9999.9;0;860.2;5;20.0;5;2.0;5;3.1;999.9;26.3;7.4;0.0;999.9;0;0;0;0;0;0
Malargue_Aero;875060;20131104;19.6;7;-1.8;7;9999.9;0;856.9;6;20.0;7;2.2;7;3.6;999.9;28.5;6.4;0.0;999.9;0;0;0;0;0;0
Malargue_Aero;875060;20131105;20.4;8;0.0;8;9999.9;0;857.9;7;18.8;8;3.6;8;7.2;999.9;30.3;6.2;0.0;999.9;0;0;0;0;0;0
Malargue_Aero;875060;20131106;17.7;5;-7.3;5;9999.9;0;852.9;5;17.4;5;4.7;5;18.0;999.9;23.5;7.5;0.0;999.9;0;0;0;0;0;0
Malargue_Aero;875060;20131107;14.6;7;-5.9;7;9999.9;0;857.4;7;18.5;7;3.7;7;7.7;999.9;24.4;7.5;0.0;999.9;0;0;0;0;0;0
Malargue_Aero;875060;20131108;14.3;8;-4.4;8;9999.9;0;856.1;6;18.8;8;3.1;8;4.6;999.9;24.5;2.2;0.0;999.9;0;0;0;0;0;0
Malargue_Aero;875060;20131109;12.3;7;-1.1;7;9999.9;0;852.6;6;20.0;7;6.2;7;11.8;999.9;17.3;4.6;0.0;999.9;0;0;0;0;0;0
Malargue_Aero;875060;20131110;12.6;6;1.3;6;9999.9;0;855.5;6;16.1;6;3.2;6;5.7;999.9;19.0;2.8;46.0;999.9;0;1;0;0;0;0
Malargue_Aero;875060;20131111;16.3;8;-5.2;8;9999.9;0;856.2;6;20.0;8;5.8;8;9.3;999.9;21.2;8.6;0.0;999.9;0;0;0;0;0;0
Malargue_Aero;875060;20131112;15.3;8;-1.5;8;9999.9;0;855.3;6;20.0;8;2.7;8;6.2;999.9;24.4;4.4;0.0;999.9;0;0;0;0;0;0
Malargue_Aero;875060;20131113;16.2;7;5.6;7;9999.9;0;855.0;6;20.0;7;1.4;7;3.1;999.9;27.4;6.0;0.0;999.9;0;0;0;0;0;0
