Mar_Del_Plata_Aero;876920;20130101;12.8;24;8.0;24;1014.4;24;1011.9;24;8.9;24;6.0;24;9.3;15.4;24.6;9.0;3.0;999.9;0;1;0;0;0;0
Mar_Del_Plata_Aero;876920;20130102;12.4;24;7.4;24;1021.0;24;1018.4;24;9.8;24;2.6;24;6.2;999.9;16.8;6.5;0.0;999.9;0;0;0;0;0;0
Mar_Del_Plata_Aero;876920;20130103;17.3;22;11.5;22;1018.4;22;1015.9;22;10.0;22;5.1;22;9.3;999.9;25.3;8.5;0.0;999.9;0;0;0;0;0;0
Mar_Del_Plata_Aero;876920;20130104;20.8;24;17.0;24;1014.8;23;1012.3;23;9.7;24;5.5;24;8.2;999.9;26.6;15.5;0.0;999.9;0;0;0;0;0;0
Mar_Del_Plata_Aero;876920;20130105;21.1;24;19.6;24;1007.9;22;1005.4;22;5.8;24;3.6;24;6.7;999.9;27.6;19.6;4.1;999.9;0;1;0;0;1;0
Mar_Del_Plata_Aero;876920;20130106;21.9;23;17.4;23;1004.4;22;1002.0;22;8.5;23;4.8;23;9.8;999.9;29.2;16.4;6.1;999.9;0;1;0;0;0;0
Mar_Del_Plata_Aero;876920;20130107;22.7;24;17.1;24;1001.7;21;999.1;22;10.0;24;6.5;24;9.3;12.9;29.5;18.0;0.0;999.9;0;0;0;0;0;0
Mar_Del_Plata_Aero;876920;20130108;18.3;24;10.9;24;1009.4;24;1006.9;24;10.0;24;4.0;24;6.7;999.9;27.8;9.8;0.0;999.9;0;0;0;0;0;0
Mar_Del_Plata_Aero;876920;20130109;18.3;24;12.3;24;1017.2;23;1014.7;24;9.8;24;3.1;24;7.7;999.9;28.5;8.0;0.0;999.9;0;0;0;0;0;0
Mar_Del_Plata_Aero;876920;20130110;23.2;24;16.8;24;1017.9;24;1015.4;24;10.0;24;5.2;24;8.2;999.9;31.8;14.9;0.0;999.9;0;0;0;0;0;0
Mar_Del_Plata_Aero;876920;20130111;25.1;23;17.3;23;1015.3;22;1012.8;22;9.0;23;4.7;23;7.2;999.9;32.3;16.0;0.0;999.9;0;0;0;0;0;0
Mar_Del_Plata_Aero;876920;20130112;23.5;24;18.5;24;1013.2;24;1010.8;24;10.0;24;3.3;24;5.7;999.9;32.6;17.6;0.0;999.9;0;0;0;0;0;0
Mar_Del_Plata_Aero;876920;20130113;20.8;24;17.4;24;1015.5;23;1013.0;23;7.2;24;3.7;24;6.2;999.9;29.2;17.5;999.9;999.9;0;1;0;0;0;0
Mar_Del_Plata_Aero;876920;20130114;19.5;24;17.1;24;1017.1;24;1014.6;24;5.8;24;2.6;23;5.1;999.9;23.9;17.4;0.0;999.9;1;0;0;0;0;0
Mar_Del_Plata_Aero;876920;20130115;23.6;24;18.2;23;1012.9;22;1010.5;22;9.0;24;4.0;24;7.2;999.9;31.0;17.0;999.9;999.9;0;1;0;0;1;0
Mar_Del_Plata_Aero;876920;20130116;22.4;16;19.2;16;1009.5;14;1007.1;14;8.4;16;3.8;16;9.3;999.9;31.5;18.8;5.1;999.9;0;1;0;0;1;0
Mar_Del_Plata_Aero;876920;20130117;18.1;23;16.7;23;1012.5;8;1009.9;8;6.8;23;3.9;23;7.2;999.9;28.0;16.0;24.9;999.9;0;1;0;0;0;0
Mar_Del_Plata_Aero;876920;20130118;18.1;21;14.4;21;1018.6;8;1016.1;8;9.5;21;5.4;21;9.3;999.9;20.0;16.0;0.0;999.9;0;1;0;0;0;0
Mar_Del_Plata_Aero;876920;20130119;17.3;23;12.7;23;1022.4;7;1019.9;7;10.9;23;5.6;23;7.7;999.9;21.0;15.9;0.0;999.9;0;0;0;0;0;0
Mar_Del_Plata_Aero;876920;20130120;16.3;22;12.1;22;1025.2;7;1022.7;7;10.0;22;3.5;22;5.7;999.9;19.2;10.0;0.0;999.9;0;0;0;0;0;0
Mar_Del_Plata_Aero;876920;20130121;19.2;24;15.4;24;1023.9;8;1021.4;8;10.6;24;4.0;24;9.3;999.9;23.6;11.6;0.0;999.9;0;0;0;0;0;0
Mar_Del_Plata_Aero;876920;20130122;22.6;15;18.2;15;1019.9;8;1017.4;8;9.8;15;6.4;15;17.0;999.9;27.0;16.2;0.0;999.9;0;0;0;0;0;0
Mar_Del_Plata_Aero;876920;20130123;23.6;24;18.0;24;1011.6;8;1009.2;8;8.5;24;4.1;24;8.2;999.9;32.0;15.8;0.0;999.9;1;0;0;0;0;0
Mar_Del_Plata_Aero;876920;20130124;20.2;23;16.2;23;1003.2;7;1000.8;7;9.0;23;6.0;23;9.3;999.9;32.0;16.0;2.0;999.9;0;1;0;0;1;0
Mar_Del_Plata_Aero;876920;20130125;14.9;23;9.2;23;1009.9;8;1007.4;8;9.7;23;4.9;23;8.2;999.9;21.1;11.5;7.9;999.9;0;1;0;0;0;0
Mar_Del_Plata_Aero;876920;20130126;16.5;24;9.0;24;1012.3;8;1009.8;8;9.2;24;3.7;24;7.2;999.9;26.0;6.0;0.5;999.9;0;1;0;0;0;0
Mar_Del_Plata_Aero;876920;20130127;21.2;24;13.8;24;1010.3;8;1007.8;8;9.8;24;5.8;24;11.3;14.4;31.1;10.6;0.0;999.9;0;0;0;0;0;0
Mar_Del_Plata_Aero;876920;20130128;21.3;20;15.8;20;1011.1;8;1008.7;8;9.5;20;2.4;20;5.7;999.9;31.6;13.0;0.0;999.9;0;0;0;0;0;0
Mar_Del_Plata_Aero;876920;20130129;21.7;23;17.9;23;1013.9;8;1011.4;8;9.3;23;2.5;23;6.2;999.9;30.5;19.7;999.9;999.9;0;1;0;0;0;0
Mar_Del_Plata_Aero;876920;20130130;21.1;23;18.3;23;1013.0;8;1010.5;8;9.2;23;4.1;23;7.7;999.9;24.2;17.5;1.0;999.9;0;1;0;0;0;0
Mar_Del_Plata_Aero;876920;20130131;21.2;24;18.8;24;1011.3;8;1008.8;8;10.1;24;3.1;24;6.2;999.9;25.0;18.8;0.0;999.9;0;0;0;0;0;0
Mar_Del_Plata_Aero;876920;20130201;24.7;21;20.6;21;1004.5;7;1002.0;7;8.5;21;6.3;21;10.3;13.4;33.0;20.0;999.9;999.9;0;1;0;0;1;0
Mar_Del_Plata_Aero;876920;20130202;19.7;21;12.7;21;1011.8;8;1009.3;8;9.2;21;5.2;21;9.3;999.9;33.8;14.4;0.0;999.9;0;0;0;0;0;0
Mar_Del_Plata_Aero;876920;20130203;16.2;21;8.3;21;1019.7;7;1017.2;7;10.5;21;3.0;21;5.7;999.9;23.0;5.0;0.0;999.9;0;0;0;0;0;0
Mar_Del_Plata_Aero;876920;20130204;18.2;24;11.7;24;1014.5;7;1012.0;7;9.8;24;6.1;24;11.3;14.4;28.2;10.7;999.9;999.9;0;1;0;0;0;0
Mar_Del_Plata_Aero;876920;20130205;20.7;23;13.3;23;1014.5;8;1012.0;8;10.0;23;4.6;23;6.7;999.9;30.0;14.0;0.5;999.9;0;0;0;0;0;0
Mar_Del_Plata_Aero;876920;20130206;23.7;22;15.9;22;1016.5;8;1014.0;8;10.1;22;5.3;22;8.2;999.9;33.0;15.0;0.0;999.9;0;0;0;0;0;0
Mar_Del_Plata_Aero;876920;20130207;22.2;24;16.7;24;1017.2;8;1014.8;8;10.0;24;4.7;24;8.2;999.9;33.1;15.6;0.0;999.9;0;0;0;0;0;0
Mar_Del_Plata_Aero;876920;20130208;23.7;22;17.5;22;1015.1;8;1012.5;8;10.0;22;3.6;22;6.2;999.9;31.2;14.4;0.0;999.9;0;0;0;0;0;0
Mar_Del_Plata_Aero;876920;20130209;21.8;24;18.7;24;1013.6;7;1011.2;7;9.2;24;3.8;24;9.8;999.9;31.4;14.5;0.0;999.9;1;0;0;0;0;0
Mar_Del_Plata_Aero;876920;20130210;22.8;23;21.3;23;1010.1;7;1007.6;7;7.6;23;4.2;23;10.3;17.0;29.5;19.8;25.9;999.9;1;1;0;0;1;0
Mar_Del_Plata_Aero;876920;20130211;24.7;19;20.9;19;1006.2;7;1003.9;7;9.0;19;3.4;19;5.1;999.9;30.0;20.0;5.1;999.9;0;1;0;0;1;0
Mar_Del_Plata_Aero;876920;20130212;22.7;23;17.3;23;1002.1;8;999.7;8;8.9;23;4.0;23;5.1;999.9;30.2;18.6;999.9;999.9;0;1;0;0;0;0
Mar_Del_Plata_Aero;876920;20130213;21.8;22;14.3;22;1006.4;8;1004.0;8;10.0;22;4.4;22;7.2;999.9;30.1;13.3;0.0;999.9;0;0;0;0;0;0
Mar_Del_Plata_Aero;876920;20130214;20.3;22;14.5;22;1012.0;7;1009.5;7;10.3;22;4.5;22;8.7;999.9;30.5;12.0;0.0;999.9;0;0;0;0;0;0
Mar_Del_Plata_Aero;876920;20130215;25.0;22;18.1;22;1010.6;8;1008.1;8;8.5;22;5.9;22;11.3;999.9;33.0;18.0;0.0;999.9;0;0;0;0;0;0
Mar_Del_Plata_Aero;876920;20130216;25.4;20;20.2;20;1006.2;7;1003.8;7;9.8;20;5.5;20;8.2;999.9;33.5;19.5;0.0;999.9;0;0;0;0;0;0
Mar_Del_Plata_Aero;876920;20130217;21.2;19;16.9;19;1005.5;8;1003.1;8;10.0;19;4.3;19;9.8;999.9;33.0;18.0;1.0;999.9;0;1;0;0;1;0
Mar_Del_Plata_Aero;876920;20130218;17.0;24;9.5;24;1017.6;8;1015.1;8;9.7;24;3.1;24;6.2;999.9;22.8;8.0;0.0;999.9;0;0;0;0;0;0
Mar_Del_Plata_Aero;876920;20130219;16.7;24;10.4;24;1020.9;8;1018.5;8;10.1;24;2.7;24;6.2;999.9;24.8;8.3;0.0;999.9;0;0;0;0;0;0
Mar_Del_Plata_Aero;876920;20130220;16.8;24;10.2;24;1020.1;8;1017.6;8;10.1;24;2.6;24;5.1;999.9;25.2;9.6;0.0;999.9;0;0;0;0;0;0
Mar_Del_Plata_Aero;876920;20130221;17.7;22;11.7;22;1017.5;8;1015.0;8;9.8;22;2.6;22;5.1;999.9;23.5;8.0;0.0;999.9;0;0;0;0;0;0
Mar_Del_Plata_Aero;876920;20130222;17.9;24;12.3;24;1019.2;8;1016.7;8;7.6;24;4.0;24;8.2;999.9;28.0;9.4;0.0;999.9;1;0;0;0;0;0
Mar_Del_Plata_Aero;876920;20130223;20.8;24;15.7;24;1013.5;8;1010.9;8;9.8;24;6.0;24;10.3;14.4;28.2;16.7;999.9;999.9;0;1;0;0;1;0
Mar_Del_Plata_Aero;876920;20130224;19.8;22;17.1;22;1005.3;8;1002.9;8;8.7;22;3.2;22;6.2;999.9;27.6;16.0;19.0;999.9;1;1;0;0;1;0
Mar_Del_Plata_Aero;876920;20130225;15.8;24;11.1;24;1009.0;8;1006.5;8;9.2;24;5.6;24;7.2;999.9;26.5;13.0;17.0;999.9;0;1;0;0;1;0
Mar_Del_Plata_Aero;876920;20130226;14.5;24;10.3;24;1012.6;8;1010.0;8;9.5;24;4.8;24;7.2;14.9;18.5;10.9;1.0;999.9;0;1;0;0;0;0
Mar_Del_Plata_Aero;876920;20130227;14.9;24;10.3;24;1016.4;8;1013.9;8;10.6;24;2.3;24;6.2;999.9;19.0;10.2;0.0;999.9;0;0;0;0;0;0
Mar_Del_Plata_Aero;876920;20130228;13.3;23;9.9;23;1018.2;8;1015.7;8;8.7;23;2.4;23;6.2;999.9;19.2;6.8;0.0;999.9;0;0;0;0;0;0
Mar_Del_Plata_Aero;876920;20130301;17.5;22;14.6;22;1015.2;8;1012.7;8;9.0;22;3.8;22;7.2;999.9;20.0;13.8;0.0;999.9;0;1;0;0;0;0
Mar_Del_Plata_Aero;876920;20130302;18.0;23;16.6;23;1001.8;7;999.3;7;3.4;23;8.5;23;12.9;18.0;20.5;16.0;29.0;999.9;0;1;0;0;0;0
Mar_Del_Plata_Aero;876920;20130303;15.7;21;12.7;21;1008.9;7;1006.4;7;9.2;21;7.0;21;9.8;999.9;20.5;14.0;45.0;999.9;0;1;0;0;0;0
Mar_Del_Plata_Aero;876920;20130304;13.9;23;9.6;23;1015.9;8;1013.5;8;9.3;23;3.4;23;6.2;999.9;18.5;8.9;3.0;999.9;0;1;0;0;0;0
Mar_Del_Plata_Aero;876920;20130305;12.7;24;9.1;24;1013.5;8;1011.0;8;10.5;24;2.2;24;5.1;999.9;20.0;3.9;0.0;999.9;0;0;0;0;0;0
Mar_Del_Plata_Aero;876920;20130306;16.6;23;12.7;23;1007.2;8;1004.7;8;8.7;23;4.4;23;9.3;999.9;25.0;9.3;0.5;999.9;0;1;0;0;0;0
Mar_Del_Plata_Aero;876920;20130307;16.7;22;11.2;22;1012.2;8;1009.6;8;8.7;22;3.6;22;6.7;999.9;25.1;9.2;0.0;999.9;0;0;0;0;0;0
Mar_Del_Plata_Aero;876920;20130308;16.7;23;11.5;23;1014.6;8;1012.1;8;10.0;23;3.4;23;6.2;999.9;27.0;5.9;0.0;999.9;0;0;0;0;0;0
Mar_Del_Plata_Aero;876920;20130309;19.5;16;16.4;15;1008.5;8;1006.0;8;8.7;16;3.2;16;5.1;999.9;29.2;14.0;0.0;999.9;0;1;0;0;1;0
Mar_Del_Plata_Aero;876920;20130310;18.3;15;13.8;15;1004.9;8;1002.4;8;8.5;15;4.7;14;8.7;999.9;30.0;14.2;0.0;999.9;0;1;0;0;0;0
Mar_Del_Plata_Aero;876920;20130311;17.4;14;11.1;14;1006.7;7;1004.3;7;9.7;14;6.0;14;10.3;999.9;25.0;6.4;999.9;999.9;0;1;0;0;0;0
Mar_Del_Plata_Aero;876920;20130312;13.4;24;7.2;23;1011.1;8;1008.6;8;9.2;24;2.7;24;6.2;999.9;26.1;5.2;0.0;999.9;0;1;0;0;0;0
Mar_Del_Plata_Aero;876920;20130313;13.3;24;7.4;24;1017.5;8;1014.9;8;10.5;24;3.2;24;6.2;999.9;19.3;7.9;0.0;999.9;0;0;0;0;0;0
Mar_Del_Plata_Aero;876920;20130314;9.9;22;5.2;22;1022.0;7;1019.4;7;10.3;22;2.7;22;5.1;999.9;17.0;2.6;0.0;999.9;0;1;0;0;0;0
Mar_Del_Plata_Aero;876920;20130315;8.8;24;4.8;24;1024.1;8;1021.5;8;9.2;24;2.1;24;4.6;999.9;15.4;1.2;0.5;999.9;0;1;0;0;0;0
Mar_Del_Plata_Aero;876920;20130316;9.2;21;4.7;21;1027.0;8;1024.5;8;10.1;21;2.5;21;5.7;999.9;15.2;1.8;0.0;999.9;0;0;0;0;0;0
Mar_Del_Plata_Aero;876920;20130317;8.7;23;3.9;23;1029.8;8;1027.2;8;9.2;23;2.3;23;6.7;999.9;16.0;0.0;0.0;999.9;0;0;0;0;0;0
Mar_Del_Plata_Aero;876920;20130318;11.6;21;8.1;21;1028.5;8;1025.9;8;10.3;21;3.3;21;7.7;999.9;19.0;1.4;0.0;999.9;0;0;0;0;0;0
Mar_Del_Plata_Aero;876920;20130319;15.4;24;11.7;24;1024.7;8;1022.2;8;10.0;24;4.2;24;8.2;999.9;20.0;7.6;0.0;999.9;0;0;0;0;0;0
Mar_Del_Plata_Aero;876920;20130320;18.6;23;16.4;23;1017.0;8;1014.5;8;7.1;23;6.6;23;12.3;12.9;21.6;16.0;3.0;999.9;0;1;0;0;0;0
Mar_Del_Plata_Aero;876920;20130321;18.4;22;15.3;22;1010.8;8;1008.3;8;8.2;22;3.5;22;7.2;999.9;22.2;15.0;0.5;999.9;0;1;0;0;0;0
Mar_Del_Plata_Aero;876920;20130322;14.1;24;4.8;24;1013.6;8;1011.1;8;9.8;24;2.8;24;6.2;999.9;24.0;5.5;0.0;999.9;0;0;0;0;0;0
Mar_Del_Plata_Aero;876920;20130323;13.3;23;9.8;23;1017.2;8;1014.7;8;10.3;23;3.2;23;7.7;999.9;24.0;5.7;0.0;999.9;0;0;0;0;0;0
Mar_Del_Plata_Aero;876920;20130324;15.7;24;12.7;24;1015.3;8;1012.8;8;7.9;24;2.7;24;6.7;999.9;23.0;10.0;0.0;999.9;1;0;0;0;0;0
Mar_Del_Plata_Aero;876920;20130325;17.2;22;14.3;22;1011.4;7;1008.9;7;9.0;22;3.6;22;7.2;999.9;24.2;12.4;22.1;999.9;0;1;0;0;1;0
Mar_Del_Plata_Aero;876920;20130326;14.9;24;13.0;24;1018.7;8;1016.2;8;8.2;24;2.0;24;4.1;999.9;22.6;11.0;0.0;999.9;1;0;0;0;0;0
Mar_Del_Plata_Aero;876920;20130327;15.7;23;11.8;23;1020.5;8;1018.0;8;6.6;23;2.1;23;4.6;999.9;24.0;9.0;0.0;999.9;1;0;0;0;0;0
Mar_Del_Plata_Aero;876920;20130328;18.1;22;11.4;22;1019.9;8;1017.4;8;9.0;22;3.9;22;8.2;999.9;26.0;9.7;0.0;999.9;1;0;0;0;0;0
Mar_Del_Plata_Aero;876920;20130329;16.9;20;11.9;20;1018.2;8;1015.7;8;10.0;20;4.0;20;8.7;999.9;26.8;9.6;0.0;999.9;0;0;0;0;0;0
Mar_Del_Plata_Aero;876920;20130330;17.6;22;14.6;22;1016.0;8;1013.4;8;8.5;22;3.1;22;8.2;999.9;27.2;10.0;0.0;999.9;1;0;0;0;0;0
Mar_Del_Plata_Aero;876920;20130331;16.6;22;15.6;22;1017.5;6;1015.0;6;4.8;22;4.2;22;10.3;999.9;27.2;11.8;0.5;999.9;1;1;0;0;0;0
Mar_Del_Plata_Aero;876920;20130401;16.4;19;13.7;19;1021.8;7;1019.3;7;7.6;19;7.5;19;11.3;999.9;21.0;14.0;0.3;999.9;0;1;0;0;0;0
Mar_Del_Plata_Aero;876920;20130402;17.6;24;15.8;24;1019.5;8;1017.0;8;5.1;24;6.9;24;9.3;999.9;18.9;17.0;27.9;999.9;0;1;0;0;0;0
Mar_Del_Plata_Aero;876920;20130403;17.9;23;16.2;23;1018.0;8;1015.5;8;4.8;23;8.5;23;11.3;14.4;19.0;16.8;7.1;999.9;0;1;0;0;0;0
Mar_Del_Plata_Aero;876920;20130404;19.9;22;17.2;22;1010.1;8;1007.6;8;6.9;22;4.1;22;7.7;999.9;23.8;16.8;0.8;999.9;0;1;0;0;1;0
Mar_Del_Plata_Aero;876920;20130405;17.1;24;13.6;24;1002.6;8;1000.1;8;10.5;24;1.4;24;4.1;999.9;24.4;12.0;0.0;999.9;0;0;0;0;0;0
Mar_Del_Plata_Aero;876920;20130406;13.4;24;9.3;24;1004.3;8;1001.7;8;8.2;24;5.4;24;11.3;18.0;24.0;9.8;1.0;999.9;1;1;0;0;0;0
Mar_Del_Plata_Aero;876920;20130407;11.9;19;6.5;19;1013.7;8;1011.2;8;10.1;19;3.7;19;6.7;999.9;23.0;2.5;0.0;999.9;0;0;0;0;0;0
Mar_Del_Plata_Aero;876920;20130408;13.7;22;8.6;22;1017.8;8;1015.3;8;7.4;22;1.8;22;5.1;999.9;23.6;5.0;0.0;999.9;1;0;0;0;0;0
Mar_Del_Plata_Aero;876920;20130409;14.4;23;11.7;23;1020.5;8;1018.0;8;8.0;23;3.7;23;10.3;999.9;20.6;7.0;0.0;999.9;1;0;0;0;0;0
Mar_Del_Plata_Aero;876920;20130410;15.4;23;11.6;23;1018.9;8;1016.4;8;9.8;23;4.5;23;8.7;999.9;21.5;11.5;0.0;999.9;0;0;0;0;0;0
Mar_Del_Plata_Aero;876920;20130411;17.8;24;16.0;24;1012.9;7;1010.4;7;6.4;24;5.4;24;8.7;999.9;21.0;13.0;4.1;999.9;0;1;0;0;0;0
Mar_Del_Plata_Aero;876920;20130412;14.4;22;9.9;22;1009.2;8;1006.7;8;9.2;22;6.2;22;11.3;19.0;20.0;8.0;3.0;999.9;0;1;0;0;0;0
Mar_Del_Plata_Aero;876920;20130413;10.8;23;3.7;23;1013.2;8;1010.7;8;10.6;23;5.9;23;10.8;15.9;17.0;4.2;0.8;999.9;0;1;0;0;0;0
Mar_Del_Plata_Aero;876920;20130414;13.5;24;5.6;24;1008.8;7;1006.2;7;10.1;24;5.6;24;10.3;999.9;21.0;6.8;0.0;999.9;0;0;0;0;0;0
Mar_Del_Plata_Aero;876920;20130415;13.3;22;9.7;22;1012.5;8;1010.0;8;10.1;22;4.0;22;6.7;999.9;21.3;10.4;0.0;999.9;0;0;0;0;0;0
Mar_Del_Plata_Aero;876920;20130416;12.7;23;9.5;23;1019.2;8;1016.8;8;9.2;23;2.9;23;5.1;999.9;17.0;10.6;0.0;999.9;0;1;0;0;0;0
Mar_Del_Plata_Aero;876920;20130417;12.7;24;9.1;24;1018.1;8;1015.6;8;6.8;24;3.8;24;7.7;999.9;22.0;5.0;0.0;999.9;1;0;0;0;0;0
Mar_Del_Plata_Aero;876920;20130418;18.8;24;14.7;24;1014.4;7;1011.9;7;8.7;24;3.6;24;5.1;999.9;28.0;8.6;0.0;999.9;0;0;0;0;0;0
Mar_Del_Plata_Aero;876920;20130419;20.4;23;13.8;23;1015.6;8;1013.1;8;9.3;23;3.6;23;5.1;999.9;29.0;11.6;0.0;999.9;0;0;0;0;0;0
Mar_Del_Plata_Aero;876920;20130420;18.3;24;12.7;24;1018.8;8;1016.3;8;9.8;24;2.7;24;4.1;999.9;29.0;11.0;0.0;999.9;0;0;0;0;0;0
Mar_Del_Plata_Aero;876920;20130421;15.5;23;11.9;23;1021.2;8;1018.7;8;9.5;23;2.2;23;5.1;999.9;28.0;7.9;0.0;999.9;0;0;0;0;0;0
Mar_Del_Plata_Aero;876920;20130422;15.6;23;13.9;23;1021.8;7;1019.3;8;5.6;23;2.3;23;5.1;999.9;25.5;11.4;0.0;999.9;1;0;0;0;0;0
Mar_Del_Plata_Aero;876920;20130423;14.7;22;13.9;22;1022.2;7;1019.7;7;2.3;22;2.3;22;4.1;999.9;24.0;11.4;0.0;999.9;1;0;0;0;0;0
Mar_Del_Plata_Aero;876920;20130424;16.6;18;15.2;18;1020.9;8;1018.4;8;5.3;18;2.8;18;4.6;999.9;20.4;12.7;0.0;999.9;1;1;0;0;0;0
Mar_Del_Plata_Aero;876920;20130425;17.9;24;15.3;24;1016.2;8;1013.7;8;5.6;24;4.0;24;7.2;999.9;25.0;13.4;0.0;999.9;1;0;0;0;0;0
Mar_Del_Plata_Aero;876920;20130426;15.6;22;14.8;22;1016.7;8;1014.2;8;4.0;22;2.6;22;4.6;999.9;25.3;14.0;999.9;999.9;0;1;0;0;0;0
Mar_Del_Plata_Aero;876920;20130427;16.2;24;14.4;24;1017.8;7;1015.5;8;8.0;24;3.1;24;5.1;999.9;20.0;13.2;0.0;999.9;0;0;0;0;0;0
Mar_Del_Plata_Aero;876920;20130428;17.7;24;16.7;24;1010.8;7;1008.3;7;5.8;24;4.5;24;8.2;999.9;21.0;15.6;7.9;999.9;1;1;0;0;0;0
Mar_Del_Plata_Aero;876920;20130429;15.6;24;14.2;24;1008.7;8;1006.2;8;7.2;24;4.2;24;7.2;999.9;21.5;14.8;5.1;999.9;0;1;0;0;0;0
Mar_Del_Plata_Aero;876920;20130430;14.3;24;12.3;24;1015.6;8;1013.1;8;7.6;24;1.6;24;4.1;999.9;21.0;6.8;0.0;999.9;1;0;0;0;0;0
Mar_Del_Plata_Aero;876920;20130501;13.8;24;12.5;24;1016.1;8;1013.6;8;5.3;24;2.9;24;6.2;999.9;21.5;8.6;999.9;999.9;1;1;0;0;1;0
Mar_Del_Plata_Aero;876920;20130502;14.7;24;13.1;24;1014.0;8;1011.5;8;8.2;24;1.4;24;3.6;999.9;19.0;11.5;0.8;999.9;0;1;0;0;0;0
Mar_Del_Plata_Aero;876920;20130503;12.7;21;9.6;21;1015.3;8;1012.8;8;9.3;21;3.2;21;6.2;999.9;19.2;10.5;13.0;999.9;0;1;0;0;0;0
Mar_Del_Plata_Aero;876920;20130504;11.8;24;9.2;24;1013.7;8;1011.1;8;8.5;24;2.2;24;6.2;999.9;20.0;4.4;0.0;999.9;0;0;0;0;0;0
Mar_Del_Plata_Aero;876920;20130505;12.8;21;8.3;21;1017.4;8;1014.8;8;10.1;21;2.2;21;3.6;999.9;19.9;5.4;0.0;999.9;0;1;0;0;0;0
Mar_Del_Plata_Aero;876920;20130506;10.9;24;7.1;24;1011.4;8;1008.9;8;9.7;24;4.9;24;9.3;999.9;19.0;5.5;0.5;999.9;0;1;0;0;0;0
Mar_Del_Plata_Aero;876920;20130507;10.9;23;5.2;23;1017.0;8;1014.2;7;9.3;23;5.3;23;10.3;999.9;19.5;3.8;3.0;999.9;0;1;0;0;0;0
Mar_Del_Plata_Aero;876920;20130508;12.8;22;4.9;22;1006.9;8;1004.3;8;10.0;22;8.8;22;11.3;999.9;23.0;6.4;0.0;999.9;0;0;0;0;0;0
Mar_Del_Plata_Aero;876920;20130509;14.1;24;8.7;24;1012.5;8;1010.0;8;9.8;24;1.9;24;5.7;999.9;23.0;7.0;0.0;999.9;0;0;0;0;0;0
Mar_Del_Plata_Aero;876920;20130510;14.8;24;12.1;24;1011.2;8;1008.7;8;8.0;24;3.6;24;6.2;999.9;23.6;9.4;0.0;999.9;0;0;0;0;0;0
Mar_Del_Plata_Aero;876920;20130511;15.0;24;11.0;24;1012.2;8;1009.7;8;9.0;24;3.4;24;6.7;999.9;19.6;10.6;0.0;999.9;0;0;0;0;0;0
Mar_Del_Plata_Aero;876920;20130512;10.7;23;6.2;23;1015.4;8;1012.8;8;9.3;23;2.8;23;4.6;999.9;20.0;3.6;0.0;999.9;0;0;0;0;0;0
Mar_Del_Plata_Aero;876920;20130513;10.7;24;4.8;24;1014.2;8;1011.7;8;9.0;24;2.8;24;4.1;999.9;20.5;0.5;0.0;999.9;0;0;0;0;0;0
Mar_Del_Plata_Aero;876920;20130514;10.3;23;4.8;23;1012.9;8;1010.3;8;10.3;23;3.0;23;6.2;999.9;19.4;3.0;0.0;999.9;0;0;0;0;0;0
Mar_Del_Plata_Aero;876920;20130515;6.7;24;-1.7;24;1012.8;8;1010.2;8;10.6;24;6.7;24;10.8;999.9;16.6;3.0;0.0;999.9;0;0;0;0;0;0
Mar_Del_Plata_Aero;876920;20130516;6.6;24;2.7;24;1018.1;8;1015.5;8;10.3;24;4.3;24;8.7;999.9;12.0;1.5;4.1;999.9;0;1;0;0;0;0
Mar_Del_Plata_Aero;876920;20130517;8.6;23;1.6;23;1023.0;8;1020.4;8;10.0;23;3.9;23;7.2;999.9;17.0;1.0;0.0;999.9;0;0;0;0;0;0
Mar_Del_Plata_Aero;876920;20130518;6.6;24;3.3;24;1024.9;8;1022.3;8;9.2;24;2.7;24;5.1;999.9;17.1;1.0;0.0;999.9;0;0;0;0;0;0
Mar_Del_Plata_Aero;876920;20130519;9.9;21;8.2;21;1025.1;7;1022.6;7;7.1;21;1.2;21;4.1;999.9;13.0;3.8;3.0;999.9;0;1;0;0;0;0
Mar_Del_Plata_Aero;876920;20130520;11.9;24;10.6;24;1021.9;8;1019.3;8;8.5;24;2.1;24;5.1;999.9;14.0;8.4;10.9;999.9;0;1;0;0;0;0
Mar_Del_Plata_Aero;876920;20130521;10.6;24;9.2;24;1018.5;7;1016.0;7;4.5;24;1.8;24;3.1;999.9;17.0;5.5;0.0;999.9;1;1;0;0;0;0
Mar_Del_Plata_Aero;876920;20130522;9.9;24;8.2;24;1019.9;7;1017.3;7;5.5;24;1.1;24;3.6;999.9;18.0;1.1;0.0;999.9;1;0;0;0;0;0
Mar_Del_Plata_Aero;876920;20130523;7.9;23;6.2;23;1018.7;8;1016.2;8;4.0;23;4.1;23;11.3;999.9;18.5;1.2;0.0;999.9;1;0;0;0;0;0
Mar_Del_Plata_Aero;876920;20130524;11.2;24;6.4;24;1016.8;8;1014.2;8;9.0;24;5.3;24;11.3;999.9;16.6;3.3;0.0;999.9;0;0;0;0;0;0
Mar_Del_Plata_Aero;876920;20130525;6.3;22;2.4;22;1019.8;8;1017.3;8;9.8;22;3.2;22;7.7;999.9;16.0;-1.0;0.0;999.9;0;0;0;0;0;0
Mar_Del_Plata_Aero;876920;20130526;12.8;22;9.9;22;1012.0;8;1009.4;8;7.1;22;6.8;22;11.3;12.9;19.0;2.1;0.0;999.9;0;0;0;0;0;0
Mar_Del_Plata_Aero;876920;20130527;8.6;24;7.4;24;1011.0;8;1008.5;8;3.7;23;1.5;24;4.6;999.9;19.0;2.0;0.0;999.9;1;0;0;0;0;0
Mar_Del_Plata_Aero;876920;20130528;12.1;23;11.3;23;1003.1;7;1000.5;7;5.8;23;3.3;23;8.2;999.9;16.5;3.4;37.1;999.9;1;1;1;0;1;0
Mar_Del_Plata_Aero;876920;20130529;10.1;24;6.1;24;1002.6;8;1000.1;8;10.3;24;3.0;24;5.1;999.9;16.0;4.2;2.0;999.9;0;0;0;0;0;0
Mar_Del_Plata_Aero;876920;20130530;10.7;21;4.7;21;1004.5;8;1002.0;8;10.1;21;5.2;21;9.3;999.9;16.2;2.0;0.0;999.9;0;0;0;0;0;0
Mar_Del_Plata_Aero;876920;20130531;11.8;23;6.2;23;1003.2;6;1000.7;6;10.1;23;9.5;23;11.3;999.9;16.5;4.8;0.0;999.9;0;1;0;0;1;0
Mar_Del_Plata_Aero;876920;20130601;10.9;24;5.4;24;1006.2;8;1003.6;8;10.0;24;4.7;24;8.2;999.9;18.7;3.3;0.0;999.9;0;1;0;0;1;0
Mar_Del_Plata_Aero;876920;20130602;10.2;21;6.3;21;1010.1;8;1007.5;8;10.0;21;4.6;21;7.2;999.9;19.2;5.5;0.5;999.9;0;1;0;0;1;0
Mar_Del_Plata_Aero;876920;20130603;8.7;23;5.7;23;1014.8;8;1012.2;8;9.7;23;3.1;23;5.1;999.9;16.0;2.5;2.0;999.9;0;0;0;0;0;0
Mar_Del_Plata_Aero;876920;20130604;13.1;21;8.3;21;1007.8;8;1005.2;8;10.3;21;7.0;21;10.3;999.9;16.4;5.8;0.0;999.9;0;1;0;0;0;0
Mar_Del_Plata_Aero;876920;20130605;10.7;21;5.7;21;1007.0;8;1004.3;8;10.3;21;5.2;21;9.3;14.4;17.0;4.3;0.0;999.9;0;1;0;0;0;0
Mar_Del_Plata_Aero;876920;20130606;10.4;22;4.7;22;1014.6;8;1012.0;8;10.5;22;4.3;22;10.3;15.4;17.2;7.0;0.0;999.9;0;1;0;0;0;0
Mar_Del_Plata_Aero;876920;20130607;9.4;23;4.1;23;1014.5;8;1011.9;8;9.8;23;7.9;23;12.3;16.5;17.0;4.3;0.0;999.9;0;0;0;0;0;0
Mar_Del_Plata_Aero;876920;20130608;7.4;23;1.8;23;1024.3;8;1021.8;8;10.0;23;3.0;23;6.2;999.9;17.0;-1.0;0.0;999.9;0;0;0;0;0;0
Mar_Del_Plata_Aero;876920;20130609;7.6;24;5.0;24;1019.0;8;1016.4;8;8.2;24;3.6;24;8.7;999.9;15.4;-0.2;0.0;999.9;0;0;0;0;0;0
Mar_Del_Plata_Aero;876920;20130610;11.1;24;8.1;24;1014.8;7;1012.2;7;5.8;24;5.8;24;7.7;999.9;18.0;3.8;0.0;999.9;1;0;0;0;0;0
Mar_Del_Plata_Aero;876920;20130611;10.6;24;6.2;24;1016.1;8;1013.5;8;9.7;24;3.4;24;8.2;999.9;20.0;2.0;0.0;999.9;1;0;0;0;0;0
Mar_Del_Plata_Aero;876920;20130612;14.8;24;12.8;24;1013.8;7;1011.3;7;6.4;24;5.0;24;11.3;999.9;20.8;3.6;0.0;999.9;1;0;0;0;0;0
Mar_Del_Plata_Aero;876920;20130613;11.2;24;8.0;24;1012.3;8;1009.8;8;6.9;24;3.1;24;7.7;999.9;20.4;4.5;0.0;999.9;1;0;0;0;0;0
Mar_Del_Plata_Aero;876920;20130614;9.4;23;2.8;23;1023.3;7;1020.7;7;9.3;23;3.7;23;6.7;999.9;12.6;4.0;0.0;999.9;0;0;0;0;0;0
Mar_Del_Plata_Aero;876920;20130615;5.4;20;1.6;20;1020.4;8;1017.9;8;8.9;20;5.0;20;10.8;14.4;12.0;-2.1;0.0;999.9;0;0;0;0;0;0
Mar_Del_Plata_Aero;876920;20130616;9.6;24;6.4;24;1012.7;8;1010.0;8;9.7;24;5.8;24;10.3;999.9;12.3;4.6;0.0;999.9;0;1;0;0;1;0
Mar_Del_Plata_Aero;876920;20130617;4.3;21;0.1;21;1018.7;8;1016.0;8;9.8;21;2.7;21;5.1;999.9;12.1;-4.0;7.1;999.9;0;0;0;0;0;0
Mar_Del_Plata_Aero;876920;20130618;5.7;24;1.5;24;1014.4;8;1011.8;8;10.1;24;5.4;24;8.2;999.9;12.0;-1.3;0.0;999.9;0;0;0;0;0;0
Mar_Del_Plata_Aero;876920;20130619;5.4;24;-2.7;24;1021.8;8;1019.2;8;10.0;24;4.3;24;7.2;999.9;12.4;-1.2;0.0;999.9;0;1;0;0;0;0
Mar_Del_Plata_Aero;876920;20130620;3.7;24;-4.4;24;1022.1;8;1019.5;8;10.0;24;4.8;24;8.2;999.9;12.6;-3.5;0.0;999.9;0;0;0;0;0;0
Mar_Del_Plata_Aero;876920;20130621;3.7;21;-3.8;21;1011.7;7;1009.0;7;10.0;21;8.8;21;11.8;16.5;13.0;-2.3;0.0;999.9;0;0;0;0;0;0
Mar_Del_Plata_Aero;876920;20130622;8.6;23;2.5;23;1008.8;8;1006.2;8;10.5;23;5.0;23;8.7;999.9;13.2;-1.1;0.0;999.9;0;1;0;0;0;0
Mar_Del_Plata_Aero;876920;20130623;4.3;24;-1.6;24;1021.2;8;1018.6;8;9.7;24;2.9;24;6.7;999.9;13.0;-3.5;0.0;999.9;0;0;0;0;0;0
Mar_Del_Plata_Aero;876920;20130624;4.9;24;-0.3;24;1023.6;8;1021.0;8;10.0;24;2.3;24;4.6;999.9;15.4;-2.7;0.0;999.9;0;0;0;0;0;0
Mar_Del_Plata_Aero;876920;20130625;5.1;24;1.4;24;1019.3;8;1016.7;8;10.0;24;1.6;24;3.1;999.9;15.8;-2.0;0.0;999.9;0;0;0;0;0;0
Mar_Del_Plata_Aero;876920;20130626;4.6;23;2.0;23;1014.9;8;1012.3;8;5.1;23;1.9;23;5.1;999.9;15.0;-3.1;0.0;999.9;1;0;0;0;0;0
Mar_Del_Plata_Aero;876920;20130627;9.4;23;4.7;23;1013.4;8;1010.8;8;8.7;23;3.1;23;7.2;999.9;19.0;-1.6;0.0;999.9;0;0;0;0;0;0
Mar_Del_Plata_Aero;876920;20130628;11.3;23;6.7;23;1010.2;8;1007.7;8;8.9;23;3.8;23;7.2;999.9;19.0;7.4;0.0;999.9;0;0;0;0;0;0
Mar_Del_Plata_Aero;876920;20130629;9.6;16;4.6;16;1010.4;8;1007.7;8;7.4;16;4.3;16;7.2;999.9;14.5;1.7;0.0;999.9;1;0;0;0;0;0
Mar_Del_Plata_Aero;876920;20130630;6.4;24;1.1;24;1017.9;8;1015.2;8;10.0;24;4.5;24;10.3;999.9;13.5;1.1;0.0;999.9;0;0;0;0;0;0
Mar_Del_Plata_Aero;876920;20130701;5.1;24;-1.8;24;1021.1;8;1018.5;8;10.0;24;4.5;24;9.3;999.9;13.6;-3.4;0.0;999.9;0;0;0;0;0;0
Mar_Del_Plata_Aero;876920;20130702;9.9;21;3.6;21;1013.7;8;1011.1;8;9.7;21;7.7;21;11.3;999.9;19.2;-0.9;0.0;999.9;0;0;0;0;0;0
Mar_Del_Plata_Aero;876920;20130703;10.9;22;4.9;22;1011.3;8;1008.7;8;9.3;22;5.0;22;8.7;15.4;19.4;5.0;0.0;999.9;0;0;0;0;0;0
Mar_Del_Plata_Aero;876920;20130704;11.6;24;9.9;24;1016.4;8;1013.8;8;4.7;24;2.1;24;5.1;999.9;17.5;6.4;0.0;999.9;0;1;0;0;0;0
Mar_Del_Plata_Aero;876920;20130705;11.0;23;9.0;23;1017.4;7;1014.8;7;7.7;23;4.5;23;7.7;999.9;13.4;9.2;1.0;999.9;1;1;0;0;0;0
Mar_Del_Plata_Aero;876920;20130706;10.2;24;9.5;24;1012.0;8;1009.4;8;4.5;24;4.4;24;9.3;999.9;12.0;8.0;7.1;999.9;1;1;0;0;0;0
Mar_Del_Plata_Aero;876920;20130707;7.7;24;3.9;24;1023.1;8;1020.5;8;8.9;24;4.1;24;8.2;999.9;12.5;5.5;3.0;999.9;0;1;0;0;0;0
Mar_Del_Plata_Aero;876920;20130708;4.1;24;0.3;24;1030.7;8;1028.1;8;10.0;24;2.3;24;5.1;999.9;12.0;-2.0;0.0;999.9;0;0;0;0;0;0
Mar_Del_Plata_Aero;876920;20130709;4.7;24;2.9;24;1025.4;8;1022.8;8;6.3;24;2.3;24;12.3;999.9;12.2;-2.0;999.9;999.9;1;1;0;0;0;0
Mar_Del_Plata_Aero;876920;20130710;7.8;20;6.8;20;1018.3;9;1015.7;9;3.7;20;2.6;20;4.1;999.9;10.4;2.4;4.1;999.9;1;1;0;0;0;0
Mar_Del_Plata_Aero;876920;20130711;10.2;24;9.1;24;1016.2;10;1013.7;10;5.5;24;2.5;24;6.2;999.9;11.7;6.0;0.8;999.9;1;1;0;0;0;0
Mar_Del_Plata_Aero;876920;20130712;8.4;24;7.5;24;1019.6;7;1017.1;7;5.6;24;4.2;24;8.7;999.9;12.0;5.0;0.0;999.9;1;0;0;0;0;0
Mar_Del_Plata_Aero;876920;20130713;7.8;24;6.9;24;1014.7;8;1012.1;8;4.0;24;6.9;24;9.8;15.4;12.2;5.1;0.0;999.9;1;0;0;0;0;0
Mar_Del_Plata_Aero;876920;20130714;8.9;21;4.4;21;1014.0;8;1011.4;8;10.3;21;5.2;21;8.2;999.9;12.2;4.0;0.5;999.9;0;0;0;0;0;0
Mar_Del_Plata_Aero;876920;20130715;6.3;20;1.8;20;1017.5;8;1014.9;8;10.0;20;3.8;20;7.7;999.9;15.0;-1.0;0.0;999.9;0;0;0;0;0;0
Mar_Del_Plata_Aero;876920;20130716;8.6;23;3.7;23;1009.8;8;1007.1;8;10.0;23;4.6;23;8.7;999.9;17.2;0.6;0.0;999.9;0;0;0;0;0;0
Mar_Del_Plata_Aero;876920;20130717;6.9;22;3.8;22;1008.5;8;1006.0;8;9.0;22;3.5;22;7.2;999.9;17.5;2.0;999.9;999.9;0;1;0;0;0;0
Mar_Del_Plata_Aero;876920;20130718;5.7;23;1.1;23;1014.6;7;1012.0;7;8.9;23;6.4;23;10.3;15.4;10.7;3.8;4.1;999.9;0;1;0;1;0;0
Mar_Del_Plata_Aero;876920;20130719;4.0;24;-1.3;24;1020.3;8;1017.7;8;10.1;24;5.2;24;8.2;999.9;8.9;1.5;0.3;999.9;0;0;0;0;0;0
Mar_Del_Plata_Aero;876920;20130720;2.2;24;-1.8;24;1007.0;7;1004.4;7;9.5;24;5.3;24;8.2;999.9;9.8;-3.0;0.0;999.9;0;1;0;0;0;0
Mar_Del_Plata_Aero;876920;20130721;4.2;24;1.8;24;1008.4;8;1005.8;8;9.3;24;4.6;24;7.7;12.9;10.0;0.2;2.0;999.9;0;1;0;1;0;0
Mar_Del_Plata_Aero;876920;20130722;6.4;24;4.1;24;1012.9;8;1010.3;8;5.6;24;6.1;24;8.7;13.9;8.0;2.0;25.9;999.9;0;1;0;0;0;0
Mar_Del_Plata_Aero;876920;20130723;4.7;23;0.3;23;1019.5;8;1016.9;8;10.3;23;4.2;23;6.2;999.9;8.0;1.0;2.0;999.9;0;1;0;0;0;0
Mar_Del_Plata_Aero;876920;20130724;6.3;24;2.9;24;1022.8;8;1020.2;8;10.0;24;2.5;24;4.1;999.9;9.2;0.6;0.0;999.9;0;1;0;0;0;0
Mar_Del_Plata_Aero;876920;20130725;5.6;24;0.4;24;1022.7;8;1020.2;7;10.0;24;7.6;24;11.3;14.4;14.0;-0.9;0.0;999.9;0;0;0;0;0;0
Mar_Del_Plata_Aero;876920;20130726;8.5;23;2.9;23;1024.0;8;1021.4;8;10.0;23;5.8;23;9.8;999.9;14.4;0.6;0.0;999.9;0;0;0;0;0;0
Mar_Del_Plata_Aero;876920;20130727;9.5;23;5.2;23;1021.5;8;1018.9;8;9.5;23;4.1;23;5.7;999.9;16.0;5.2;0.0;999.9;0;0;0;0;0;0
Mar_Del_Plata_Aero;876920;20130728;7.9;23;3.4;23;1021.9;8;1019.3;8;8.0;23;0.9;23;2.6;999.9;17.0;0.5;0.0;999.9;1;0;0;0;0;0
Mar_Del_Plata_Aero;876920;20130729;9.8;24;6.6;24;1022.2;8;1019.7;8;7.9;24;3.0;24;5.1;999.9;19.0;1.8;0.0;999.9;1;0;0;0;0;0
Mar_Del_Plata_Aero;876920;20130730;6.2;20;5.0;20;1021.6;8;1019.0;8;2.7;20;1.6;20;7.2;999.9;19.2;2.0;0.0;999.9;1;0;0;0;0;0
Mar_Del_Plata_Aero;876920;20130731;10.2;24;9.2;24;1013.8;8;1011.2;8;6.3;24;3.3;24;5.1;999.9;13.2;3.3;2.0;999.9;0;1;0;0;0;0
Mar_Del_Plata_Aero;876920;20130801;9.6;23;7.7;22;1015.9;7;1013.3;7;7.1;23;3.6;23;5.1;999.9;10.2;7.5;1.0;999.9;0;1;0;0;0;0
Mar_Del_Plata_Aero;876920;20130802;7.7;23;5.6;23;1020.2;8;1017.6;8;7.7;23;2.7;23;5.7;999.9;10.3;7.0;0.0;999.9;0;1;0;0;0;0
Mar_Del_Plata_Aero;876920;20130803;5.1;24;3.7;24;1018.4;7;1015.8;7;5.5;24;1.2;24;5.7;999.9;11.2;-1.8;0.0;999.9;1;0;0;0;0;0
Mar_Del_Plata_Aero;876920;20130804;9.1;23;4.3;23;1015.6;8;1013.0;8;9.2;10;3.3;23;6.2;999.9;17.0;1.0;0.0;999.9;0;0;0;0;0;0
Mar_Del_Plata_Aero;876920;20130805;10.8;16;4.7;16;1008.0;8;1005.4;8;10.0;8;8.4;16;12.3;999.9;17.0;4.4;0.0;999.9;0;0;0;0;0;0
Mar_Del_Plata_Aero;876920;20130806;9.3;8;0.6;8;1015.0;8;1012.4;8;10.0;8;5.7;8;9.3;999.9;17.9;-0.2;0.0;999.9;0;0;0;0;0;0
Mar_Del_Plata_Aero;876920;20130807;11.9;11;5.8;11;1005.6;7;1003.1;7;10.0;8;4.3;11;7.7;999.9;17.5;3.0;0.0;999.9;0;0;0;0;0;0
Mar_Del_Plata_Aero;876920;20130808;9.4;24;3.6;24;1009.3;8;1006.8;8;9.8;17;4.5;24;7.7;999.9;15.2;6.0;0.0;999.9;0;0;0;0;0;0
Mar_Del_Plata_Aero;876920;20130809;5.9;23;1.8;23;1023.8;8;1021.2;8;9.5;19;2.8;23;5.1;999.9;12.9;-1.6;0.0;999.9;0;1;0;0;0;0
Mar_Del_Plata_Aero;876920;20130810;5.4;24;-0.8;24;1022.4;8;1019.8;8;8.4;16;5.1;24;10.8;999.9;14.0;-2.0;0.0;999.9;0;0;0;0;0;0
Mar_Del_Plata_Aero;876920;20130811;9.7;24;0.7;24;1009.0;8;1006.4;8;9.5;11;7.4;24;12.9;15.4;17.0;0.2;0.0;999.9;0;0;0;0;0;0
Mar_Del_Plata_Aero;876920;20130812;6.4;23;3.2;23;1010.0;7;1007.4;7;8.7;16;5.3;23;8.2;999.9;16.8;2.0;2.0;999.9;0;1;0;0;0;0
Mar_Del_Plata_Aero;876920;20130813;5.7;23;-1.8;23;1025.4;8;1022.8;8;10.0;22;3.1;23;5.1;999.9;10.0;1.0;0.0;999.9;0;0;0;0;0;0
Mar_Del_Plata_Aero;876920;20130814;4.2;24;-3.1;24;1029.1;8;1026.5;8;9.5;14;3.0;24;6.2;999.9;12.0;-3.3;0.0;999.9;0;0;0;0;0;0
Mar_Del_Plata_Aero;876920;20130815;8.2;22;-1.9;22;1019.2;8;1016.7;8;10.0;8;10.9;22;17.0;21.6;15.0;3.0;0.0;999.9;0;0;0;0;0;0
Mar_Del_Plata_Aero;876920;20130816;10.2;21;2.9;21;1019.9;7;1017.3;7;9.7;11;7.0;21;11.3;999.9;14.0;7.0;0.0;999.9;0;0;0;0;0;0
Mar_Del_Plata_Aero;876920;20130817;4.5;24;-0.8;24;1028.9;8;1026.3;8;8.4;16;3.1;24;7.7;999.9;14.0;-4.0;0.0;999.9;0;0;0;0;0;0
Mar_Del_Plata_Aero;876920;20130818;8.7;24;3.8;24;1023.4;7;1020.8;7;8.4;13;4.9;24;11.3;999.9;18.0;2.9;0.0;999.9;0;0;0;0;0;0
Mar_Del_Plata_Aero;876920;20130819;11.4;24;6.9;24;1015.2;7;1012.7;7;7.1;13;5.2;24;11.3;999.9;23.0;2.0;0.0;999.9;1;0;0;0;0;0
Mar_Del_Plata_Aero;876920;20130820;8.2;24;2.9;24;1017.8;8;1015.2;8;9.3;11;2.8;24;7.2;999.9;17.0;-1.0;0.0;999.9;0;0;0;0;0;0
Mar_Del_Plata_Aero;876920;20130821;9.9;21;8.4;21;1010.6;8;1008.1;8;5.3;21;2.2;21;8.8;13.4;12.0;8.0;7.1;999.9;1;1;0;0;1;0
Mar_Del_Plata_Aero;876920;20130822;6.3;22;3.2;22;1007.2;7;1004.6;7;7.1;21;7.3;22;11.3;18.5;12.3;3.7;0.0;999.9;1;1;0;1;0;0
Mar_Del_Plata_Aero;876920;20130823;4.2;23;-0.7;23;1021.4;7;1018.8;7;9.8;19;5.1;23;7.2;999.9;9.0;0.7;5.1;999.9;0;1;1;0;0;0
Mar_Del_Plata_Aero;876920;20130824;2.7;24;0.1;24;1030.8;8;1028.1;8;9.5;21;2.5;24;6.2;999.9;7.4;-2.0;0.0;999.9;0;1;0;0;0;0
Mar_Del_Plata_Aero;876920;20130825;2.1;23;-2.0;23;1034.5;8;1031.8;8;8.5;22;2.3;23;5.1;999.9;7.0;-2.0;3.0;999.9;0;1;0;0;1;0
Mar_Del_Plata_Aero;876920;20130826;4.4;24;-1.1;24;1034.6;8;1031.9;8;9.7;24;2.9;24;5.7;999.9;8.0;1.0;1.0;999.9;0;1;0;0;0;0
Mar_Del_Plata_Aero;876920;20130827;3.8;23;-0.2;23;1024.3;8;1021.7;8;10.0;9;5.9;23;14.9;18.0;12.0;-3.0;0.0;999.9;0;0;0;0;0;0
Mar_Del_Plata_Aero;876920;20130828;12.6;23;4.5;23;1014.8;8;1012.2;8;10.0;12;5.1;23;9.8;14.9;24.0;4.0;0.0;999.9;0;0;0;0;0;0
Mar_Del_Plata_Aero;876920;20130829;14.6;23;4.4;23;1011.6;8;1009.0;8;8.7;13;5.7;23;11.3;17.0;29.0;4.0;0.0;999.9;0;0;0;0;0;0
Mar_Del_Plata_Aero;876920;20130830;15.6;23;6.6;23;1011.4;7;1008.9;7;8.7;9;3.9;23;8.2;999.9;26.0;7.0;0.0;999.9;0;0;0;0;0;0
Mar_Del_Plata_Aero;876920;20130831;12.5;20;6.8;20;1013.7;8;1011.2;8;10.0;8;3.6;20;5.7;999.9;17.3;9.0;0.0;999.9;0;0;0;0;0;0
Mar_Del_Plata_Aero;876920;20130902;10.5;19;7.0;19;1014.8;13;1012.2;13;8.0;16;2.6;19;5.1;999.9;22.5;6.8;3.0;999.9;0;1;0;0;0;0
Mar_Del_Plata_Aero;876920;20130903;7.5;23;3.1;23;1021.7;22;1019.1;22;9.8;23;5.1;23;8.2;10.8;10.0;6.0;2.0;999.9;0;1;0;0;0;0
Mar_Del_Plata_Aero;876920;20130904;6.6;24;2.0;24;1026.9;23;1024.3;23;10.0;24;3.1;24;8.2;999.9;10.2;3.0;0.0;999.9;0;0;0;0;0;0
Mar_Del_Plata_Aero;876920;20130905;9.3;24;6.4;24;1021.8;23;1019.3;23;8.4;24;5.5;24;9.3;999.9;13.2;5.7;0.3;999.9;0;1;0;0;0;0
Mar_Del_Plata_Aero;876920;20130906;10.2;24;8.0;24;1018.2;24;1015.6;24;7.4;24;3.5;24;5.1;999.9;17.1;4.6;0.3;999.9;1;0;0;0;0;0
Mar_Del_Plata_Aero;876920;20130907;10.7;23;9.8;23;1012.0;19;1009.4;19;4.5;23;1.9;23;4.1;999.9;14.1;7.8;0.3;999.9;1;1;0;0;1;0
Mar_Del_Plata_Aero;876920;20130908;13.6;24;10.4;24;1011.3;23;1008.8;23;7.9;24;4.4;24;7.7;999.9;18.0;11.0;23.9;999.9;0;1;0;0;0;0
Mar_Del_Plata_Aero;876920;20130909;17.1;22;11.6;22;1010.3;21;1007.8;21;9.8;22;6.9;22;10.3;999.9;27.3;10.0;0.0;999.9;0;0;0;0;0;0
Mar_Del_Plata_Aero;876920;20130910;21.9;22;13.8;22;1007.5;21;1005.1;21;9.3;22;6.2;22;12.4;16.5;25.4;16.7;0.0;999.9;0;0;0;0;0;0
Mar_Del_Plata_Aero;876920;20130911;12.2;24;7.1;24;1014.4;24;1011.9;24;7.9;24;7.3;24;10.3;999.9;17.0;10.6;4.1;999.9;0;1;0;0;1;0
Mar_Del_Plata_Aero;876920;20130912;10.4;24;9.4;24;1011.8;22;1009.2;22;3.9;24;8.7;24;10.3;999.9;12.0;8.8;16.0;999.9;0;1;0;0;1;0
Mar_Del_Plata_Aero;876920;20130913;7.2;24;4.8;24;1021.3;23;1018.7;23;5.6;24;7.3;24;9.3;999.9;9.0;5.0;7.9;999.9;0;1;0;0;0;0
Mar_Del_Plata_Aero;876920;20130914;6.7;24;1.2;24;1027.3;24;1024.7;24;9.8;24;5.1;24;8.2;999.9;9.0;5.8;0.5;999.9;0;0;0;0;0;0
Mar_Del_Plata_Aero;876920;20130915;7.2;24;2.7;24;1025.8;23;1023.3;23;8.4;24;7.1;24;10.3;999.9;9.0;5.7;0.0;999.9;0;1;0;0;0;0
Mar_Del_Plata_Aero;876920;20130916;7.9;22;4.2;22;1021.9;22;1019.3;22;8.0;22;8.8;22;10.3;999.9;8.3;7.0;0.0;999.9;0;1;0;0;0;0
Mar_Del_Plata_Aero;876920;20130917;5.9;21;3.5;21;1014.6;20;1012.0;20;6.8;21;6.7;21;23.0;999.9;8.0;4.8;9.9;999.9;0;1;0;0;0;0
Mar_Del_Plata_Aero;876920;20130918;7.1;24;2.7;24;1012.5;24;1009.9;24;9.8;24;6.1;24;9.3;13.9;12.2;4.0;8.9;999.9;0;1;0;0;0;0
Mar_Del_Plata_Aero;876920;20130919;9.6;22;2.0;22;1016.5;22;1013.9;22;10.0;22;4.3;22;10.3;999.9;20.0;1.0;0.3;999.9;0;0;0;0;0;0
Mar_Del_Plata_Aero;876920;20130920;12.6;24;5.3;24;1011.8;21;1009.2;21;9.7;23;5.2;24;10.3;999.9;18.4;6.5;0.0;999.9;0;0;0;0;0;0
Mar_Del_Plata_Aero;876920;20130921;8.9;24;5.7;24;1012.8;23;1010.2;23;6.9;24;3.6;24;5.1;999.9;14.2;4.7;0.0;999.9;1;0;0;0;0;0
Mar_Del_Plata_Aero;876920;20130922;6.9;23;3.5;23;1024.2;23;1021.6;23;9.3;23;2.9;23;7.7;999.9;11.0;3.0;0.0;999.9;0;0;0;0;0;0
Mar_Del_Plata_Aero;876920;20130923;5.4;24;2.2;24;1030.8;23;1028.1;23;8.7;24;2.3;24;5.7;999.9;10.0;-1.0;0.0;999.9;0;0;0;0;0;0
Mar_Del_Plata_Aero;876920;20130924;4.4;24;0.7;24;1032.4;23;1029.8;23;9.3;24;2.2;24;5.7;999.9;10.2;-3.5;0.0;999.9;0;0;0;0;0;0
Mar_Del_Plata_Aero;876920;20130925;4.8;24;1.8;24;1029.7;23;1027.0;23;7.4;23;3.7;24;8.8;999.9;11.2;-2.0;0.0;999.9;1;0;0;0;0;0
Mar_Del_Plata_Aero;876920;20130926;9.3;24;5.7;24;1023.8;24;1021.3;24;7.7;24;4.7;24;9.8;999.9;16.4;1.7;0.0;999.9;1;0;0;0;0;0
Mar_Del_Plata_Aero;876920;20130927;10.7;22;8.6;22;1023.0;20;1020.4;20;6.8;22;3.8;22;8.2;999.9;16.2;4.8;0.0;999.9;1;0;0;0;0;0
Mar_Del_Plata_Aero;876920;20130928;11.7;22;9.9;22;1023.4;22;1020.8;22;9.0;22;7.2;22;9.3;999.9;16.2;10.0;999.9;999.9;0;1;0;0;0;0
Mar_Del_Plata_Aero;876920;20130929;10.8;24;10.2;24;1019.8;24;1017.2;24;2.9;24;9.5;24;11.8;16.5;14.5;9.8;33.0;999.9;0;1;0;0;0;0
Mar_Del_Plata_Aero;876920;20130930;9.8;17;9.4;17;1014.5;16;1011.9;16;2.1;17;8.7;17;11.8;16.5;11.5;8.0;36.1;999.9;0;1;0;0;0;0
Mar_Del_Plata_Aero;876920;20131001;9.9;24;8.2;24;1016.4;24;1013.8;24;3.7;24;9.4;24;13.4;19.0;11.4;8.8;16.0;999.9;0;1;0;0;0;0
Mar_Del_Plata_Aero;876920;20131002;11.3;24;9.5;24;1020.3;24;1017.7;24;6.1;24;3.8;24;8.2;999.9;15.4;9.0;0.3;999.9;0;0;0;0;0;0
Mar_Del_Plata_Aero;876920;20131003;11.1;24;10.2;24;1021.8;21;1019.2;21;1.6;24;2.7;24;7.7;999.9;15.5;8.5;0.0;999.9;1;0;0;0;0;0
Mar_Del_Plata_Aero;876920;20131004;10.4;24;9.2;24;1022.9;16;1020.3;16;3.4;24;2.6;24;5.7;999.9;15.2;8.0;0.0;999.9;1;0;0;0;0;0
Mar_Del_Plata_Aero;876920;20131005;9.3;21;8.1;21;1022.9;8;1020.4;8;5.1;21;2.7;21;5.7;999.9;17.0;4.0;0.0;999.9;0;1;0;0;0;0
Mar_Del_Plata_Aero;876920;20131006;13.3;22;9.8;22;1022.9;8;1020.3;8;7.9;18;4.2;22;6.7;999.9;21.0;7.9;5.1;999.9;0;1;0;0;0;0
Mar_Del_Plata_Aero;876920;20131007;16.1;23;9.8;23;1023.9;8;1021.4;8;9.7;11;5.5;23;8.8;999.9;24.0;9.9;0.0;999.9;0;0;0;0;0;0
Mar_Del_Plata_Aero;876920;20131008;15.2;23;9.6;23;1021.4;8;1018.9;8;9.2;10;6.1;23;10.3;999.9;24.2;10.0;0.0;999.9;0;0;0;0;0;0
Mar_Del_Plata_Aero;876920;20131009;14.7;24;12.7;24;1015.6;8;1013.1;8;6.8;22;5.5;24;8.2;999.9;17.0;13.0;7.1;999.9;0;1;0;0;0;0
Mar_Del_Plata_Aero;876920;20131010;12.3;24;8.2;24;1018.8;8;1016.3;8;8.5;20;1.5;24;5.1;999.9;19.2;3.7;0.8;999.9;0;0;0;0;0;0
Mar_Del_Plata_Aero;876920;20131011;10.4;23;5.9;23;1024.7;8;1022.1;8;9.3;19;6.3;23;10.3;999.9;14.4;9.0;0.0;999.9;0;0;0;0;0;0
Mar_Del_Plata_Aero;876920;20131012;11.1;21;8.1;21;1024.5;7;1021.9;7;6.6;17;5.9;21;9.3;999.9;14.3;8.0;0.0;999.9;0;0;0;0;0;0
Mar_Del_Plata_Aero;876920;20131013;12.7;24;11.3;24;1018.9;7;1016.3;7;4.5;24;3.7;24;7.7;999.9;16.0;9.8;0.0;999.9;1;0;0;0;0;0
Mar_Del_Plata_Aero;876920;20131014;13.3;18;11.6;18;1015.1;7;1012.5;7;3.2;18;2.2;18;5.7;999.9;24.3;9.0;0.0;999.9;1;0;0;0;0;0
Mar_Del_Plata_Aero;876920;20131015;16.1;23;9.6;23;1017.3;8;1014.8;8;10.0;11;2.9;23;6.2;999.9;23.0;8.0;0.0;999.9;0;0;0;0;0;0
Mar_Del_Plata_Aero;876920;20131016;17.8;24;13.6;24;1016.8;8;1014.3;8;9.2;15;3.2;24;6.7;999.9;25.0;11.5;999.9;999.9;0;1;0;0;1;0
Mar_Del_Plata_Aero;876920;20131017;15.8;22;14.2;22;1014.4;7;1011.9;7;6.4;18;3.3;22;6.2;999.9;25.9;12.0;7.9;999.9;0;1;0;0;1;0
Mar_Del_Plata_Aero;876920;20131018;14.1;22;12.2;22;1012.1;8;1009.6;8;4.5;21;3.0;22;9.3;999.9;19.0;9.8;0.0;999.9;1;1;0;0;1;0
Mar_Del_Plata_Aero;876920;20131019;17.8;24;13.9;23;1007.6;8;1005.1;8;7.9;20;4.9;24;8.8;999.9;27.0;10.6;5.1;999.9;1;1;0;0;1;0
Mar_Del_Plata_Aero;876920;20131020;17.9;24;13.3;24;1000.3;8;997.9;8;8.2;16;5.6;24;8.2;999.9;26.9;14.0;23.9;999.9;0;1;0;0;1;0
Mar_Del_Plata_Aero;876920;20131021;10.6;22;5.3;22;1013.7;8;1011.1;8;9.8;21;4.6;22;8.2;999.9;21.6;8.0;0.0;999.9;0;1;0;0;0;0
Mar_Del_Plata_Aero;876920;20131022;9.5;24;5.5;24;1014.7;8;1012.1;8;9.7;17;3.8;24;8.2;999.9;16.0;2.0;0.0;999.9;0;1;0;0;0;0
Mar_Del_Plata_Aero;876920;20131023;12.1;24;9.8;24;1011.5;8;1008.9;8;8.4;19;3.8;24;8.8;999.9;18.0;7.9;9.9;999.9;0;1;0;0;0;0
Mar_Del_Plata_Aero;876920;20131024;9.9;24;3.2;23;1023.4;8;1020.9;8;10.0;22;4.1;24;6.2;999.9;18.8;6.5;7.9;999.9;0;0;0;0;0;0
Mar_Del_Plata_Aero;876920;20131025;8.3;22;4.3;22;1026.0;8;1023.4;8;9.7;11;2.7;22;7.2;999.9;15.3;1.8;0.0;999.9;0;1;0;0;0;0
Mar_Del_Plata_Aero;876920;20131026;14.6;24;10.9;24;1014.9;8;1012.3;8;7.2;23;3.3;24;6.2;999.9;22.0;7.6;0.8;999.9;1;1;0;0;1;0
Mar_Del_Plata_Aero;876920;20131027;13.7;23;5.6;23;1018.5;8;1015.9;8;9.7;9;3.7;23;5.7;999.9;22.6;9.5;0.5;999.9;0;0;0;0;0;0
Mar_Del_Plata_Aero;876920;20131028;13.3;23;5.9;23;1019.3;8;1016.8;8;9.8;9;4.5;23;8.2;999.9;21.0;5.5;0.0;999.9;0;0;0;0;0;0
Mar_Del_Plata_Aero;876920;20131029;14.6;24;10.4;24;1017.2;8;1014.8;8;8.7;19;3.5;24;6.2;999.9;21.5;11.0;0.5;999.9;0;1;0;0;0;0
Mar_Del_Plata_Aero;876920;20131030;13.3;20;10.3;20;1018.4;8;1015.9;8;9.8;8;4.3;20;9.8;999.9;19.0;6.7;0.0;999.9;0;0;0;0;0;0
Mar_Del_Plata_Aero;876920;20131031;16.2;17;13.6;17;1016.0;8;1013.5;8;6.3;17;9.3;17;12.9;16.5;18.4;13.9;0.0;999.9;0;0;0;0;0;0
Mar_Del_Plata_Aero;876920;20131101;16.8;22;15.9;22;1011.9;8;1009.4;8;5.0;22;4.4;22;9.3;999.9;18.2;15.0;11.9;999.9;0;1;0;0;1;0
Mar_Del_Plata_Aero;876920;20131102;13.8;24;11.8;24;1012.8;8;1010.3;8;6.1;24;4.9;24;8.8;999.9;18.3;12.0;8.9;999.9;0;1;0;0;0;0
Mar_Del_Plata_Aero;876920;20131103;13.2;20;9.3;20;1016.7;8;1014.1;8;8.9;17;4.7;20;8.8;999.9;20.0;9.0;0.0;999.9;0;0;0;0;0;0
Mar_Del_Plata_Aero;876920;20131104;13.1;18;8.9;18;1020.8;7;1018.3;7;9.5;14;5.3;18;8.2;999.9;20.4;11.0;0.0;999.9;0;0;0;0;0;0
Mar_Del_Plata_Aero;876920;20131105;14.9;19;10.6;19;1020.7;8;1018.2;8;8.2;15;4.5;19;7.7;999.9;22.0;10.0;0.0;999.9;0;0;0;0;0;0
Mar_Del_Plata_Aero;876920;20131106;17.7;20;11.3;20;1017.9;8;1015.4;8;8.5;15;6.6;20;10.3;14.4;25.0;12.0;0.0;999.9;0;0;0;0;0;0
Mar_Del_Plata_Aero;876920;20131107;17.1;24;13.8;24;1013.7;8;1011.2;8;6.9;22;4.2;24;6.2;999.9;25.4;14.0;2.0;999.9;0;1;0;0;0;0
Mar_Del_Plata_Aero;876920;20131108;17.4;23;12.9;23;1012.6;8;1010.1;8;10.0;14;4.9;23;8.2;999.9;25.2;11.0;4.1;999.9;0;0;0;0;0;0
Mar_Del_Plata_Aero;876920;20131109;14.9;20;10.2;20;1014.1;7;1011.6;7;9.8;8;5.9;20;9.3;999.9;25.7;12.9;0.0;999.9;0;0;0;0;0;0
Mar_Del_Plata_Aero;876920;20131110;14.2;24;12.4;24;1011.5;8;1009.0;8;4.3;24;5.8;24;8.2;999.9;17.6;12.6;0.0;999.9;0;1;0;0;0;0
Mar_Del_Plata_Aero;876920;20131111;15.3;20;14.0;20;1004.9;8;1002.4;8;5.5;20;3.9;20;5.7;999.9;19.2;13.0;3.0;999.9;1;1;0;0;0;0
Mar_Del_Plata_Aero;876920;20131112;15.0;24;11.2;24;1006.0;8;1003.5;8;3.9;19;3.9;24;11.3;15.4;24.0;10.8;0.0;999.9;1;0;0;0;0;0
Mar_Del_Plata_Aero;876920;20131113;14.4;24;8.1;24;1016.1;8;1013.5;8;9.3;12;4.2;24;9.3;999.9;24.4;4.4;0.0;999.9;0;0;0;0;0;0
