Marcos_Juarez_Aero;874670;20130101;18.4;8;6.4;8;1017.8;8;1004.4;8;20.0;8;6.7;8;10.8;999.9;31.6;9.7;0.0;999.9;0;0;0;0;0;0
Marcos_Juarez_Aero;874670;20130102;17.7;8;7.6;8;1019.8;8;1006.3;8;20.0;8;4.8;8;6.7;999.9;25.5;9.4;0.0;999.9;0;0;0;0;0;0
Marcos_Juarez_Aero;874670;20130103;19.8;8;12.2;8;1015.1;8;1001.7;8;20.0;8;5.5;8;7.7;999.9;28.2;10.8;0.0;999.9;0;0;0;0;0;0
Marcos_Juarez_Aero;874670;20130104;22.2;8;17.6;8;1011.2;8;997.9;8;20.0;8;4.5;8;6.7;999.9;30.6;14.2;0.0;999.9;0;0;0;0;0;0
Marcos_Juarez_Aero;874670;20130105;22.8;8;20.0;8;1008.3;8;995.2;8;15.4;8;3.3;8;6.7;999.9;30.7;18.7;13.0;999.9;1;0;0;0;0;0
Marcos_Juarez_Aero;874670;20130106;24.1;8;20.1;8;1007.2;8;994.2;8;18.8;8;3.2;8;5.7;999.9;29.7;17.7;0.0;999.9;0;0;0;0;0;0
Marcos_Juarez_Aero;874670;20130107;24.4;8;20.3;8;1002.4;8;989.4;8;18.8;8;3.3;8;5.7;999.9;31.4;17.2;0.0;999.9;0;0;0;0;0;0
Marcos_Juarez_Aero;874670;20130108;22.7;8;17.9;8;1008.3;8;995.2;8;17.9;8;3.8;8;5.7;999.9;31.7;16.2;7.1;999.9;0;1;0;0;1;0
Marcos_Juarez_Aero;874670;20130109;23.1;8;18.3;8;1015.2;8;1001.9;8;16.9;8;2.8;8;4.1;999.9;31.0;15.6;6.1;999.9;0;0;0;0;0;0
Marcos_Juarez_Aero;874670;20130110;26.7;8;21.1;8;1014.1;8;1001.0;8;18.8;8;3.9;8;5.7;999.9;33.6;15.7;0.0;999.9;0;0;0;0;0;0
Marcos_Juarez_Aero;874670;20130111;25.1;8;19.5;8;1013.0;8;999.9;8;20.0;8;4.8;8;7.7;999.9;34.0;17.7;0.0;999.9;0;0;0;0;0;0
Marcos_Juarez_Aero;874670;20130112;23.5;8;16.8;8;1009.6;8;996.5;8;20.0;8;4.4;8;7.7;999.9;31.2;15.3;0.0;999.9;0;0;0;0;0;0
Marcos_Juarez_Aero;874670;20130113;24.9;8;17.2;8;1012.5;8;999.4;8;20.0;8;4.0;8;4.6;999.9;31.4;16.6;0.0;999.9;0;0;0;0;0;0
Marcos_Juarez_Aero;874670;20130114;24.2;8;16.4;8;1013.7;8;1000.6;8;20.0;8;4.2;8;5.7;999.9;32.0;15.8;0.0;999.9;0;0;0;0;0;0
Marcos_Juarez_Aero;874670;20130115;25.3;8;18.1;8;1010.3;8;997.2;8;20.0;8;4.0;8;5.1;999.9;31.5;16.8;0.0;999.9;0;0;0;0;0;0
Marcos_Juarez_Aero;874670;20130116;24.4;8;19.3;8;1006.3;8;993.3;8;18.8;8;3.2;8;5.1;999.9;32.1;17.7;0.0;999.9;0;0;0;0;0;0
Marcos_Juarez_Aero;874670;20130117;24.8;8;20.1;8;1010.1;8;997.0;8;16.1;8;4.7;8;7.7;999.9;32.6;18.8;0.0;999.9;0;0;0;0;0;0
Marcos_Juarez_Aero;874670;20130118;24.2;8;17.7;8;1014.8;8;1001.6;8;17.9;8;2.6;8;4.1;999.9;30.2;16.1;0.0;999.9;0;0;0;0;0;0
Marcos_Juarez_Aero;874670;20130119;23.5;8;16.8;8;1016.8;8;1003.7;8;20.0;8;4.6;8;8.2;999.9;31.5;16.7;0.0;999.9;0;0;0;0;0;0
Marcos_Juarez_Aero;874670;20130120;21.8;8;16.1;8;1019.6;8;1006.3;8;20.0;8;4.9;8;7.2;999.9;27.9;16.2;0.0;999.9;0;0;0;0;0;0
Marcos_Juarez_Aero;874670;20130121;22.8;8;15.3;8;1018.6;8;1005.3;8;20.0;8;5.7;8;7.7;999.9;29.2;14.8;0.0;999.9;0;0;0;0;0;0
Marcos_Juarez_Aero;874670;20130122;24.0;8;16.9;8;1015.3;8;1002.1;8;20.0;8;4.0;8;5.7;999.9;32.2;16.1;0.0;999.9;0;0;0;0;0;0
Marcos_Juarez_Aero;874670;20130123;25.4;8;19.8;8;1010.2;8;997.2;8;20.0;8;3.3;8;4.6;999.9;33.7;17.8;0.0;999.9;0;0;0;0;0;0
Marcos_Juarez_Aero;874670;20130124;28.0;8;21.1;8;1002.7;8;989.9;8;18.3;8;4.1;8;7.2;999.9;35.2;21.2;0.0;999.9;0;0;0;0;0;0
Marcos_Juarez_Aero;874670;20130125;21.9;8;13.8;8;1011.9;8;998.8;8;20.0;8;6.2;8;7.7;999.9;35.6;14.2;0.0;999.9;0;0;0;0;0;0
Marcos_Juarez_Aero;874670;20130126;19.5;8;9.4;8;1015.5;8;1002.1;8;20.0;8;2.9;8;5.1;999.9;28.6;10.2;0.0;999.9;0;0;0;0;0;0
Marcos_Juarez_Aero;874670;20130127;22.9;8;16.1;8;1011.9;8;998.7;8;20.0;8;3.4;8;5.7;999.9;33.0;14.2;0.0;999.9;0;0;0;0;0;0
Marcos_Juarez_Aero;874670;20130128;24.8;8;17.0;8;1013.5;8;1000.3;8;20.0;8;3.3;8;5.7;999.9;33.5;15.2;0.0;999.9;0;0;0;0;0;0
Marcos_Juarez_Aero;874670;20130129;25.4;8;18.6;8;1014.0;8;1000.9;8;19.3;8;2.7;8;5.1;999.9;32.5;19.6;0.0;999.9;0;1;0;0;1;0
Marcos_Juarez_Aero;874670;20130130;27.1;8;17.4;8;1011.5;8;998.5;8;20.0;8;2.5;8;4.6;999.9;35.2;19.2;3.0;999.9;0;0;0;0;0;0
Marcos_Juarez_Aero;874670;20130131;24.7;8;20.8;8;1010.4;8;997.3;8;17.9;8;3.8;8;6.7;999.9;36.0;20.0;11.9;999.9;0;1;0;0;1;0
Marcos_Juarez_Aero;874670;20130201;26.9;8;22.4;8;1006.0;8;993.0;8;18.8;8;3.0;8;4.6;999.9;35.6;20.4;0.8;999.9;0;0;0;0;0;0
Marcos_Juarez_Aero;874670;20130202;27.3;8;21.6;8;1009.6;8;996.7;8;20.0;8;3.8;8;5.7;999.9;36.2;22.5;0.5;999.9;0;0;0;0;0;0
Marcos_Juarez_Aero;874670;20130203;22.5;8;14.4;8;1017.9;8;1004.7;8;20.0;8;4.9;8;6.7;999.9;31.5;15.9;0.0;999.9;0;0;0;0;0;0
Marcos_Juarez_Aero;874670;20130204;20.7;8;13.5;8;1014.6;8;1001.3;8;20.0;8;4.8;8;7.2;999.9;29.6;12.3;0.0;999.9;0;0;0;0;0;0
Marcos_Juarez_Aero;874670;20130205;23.3;8;16.2;8;1013.8;8;1000.6;8;20.0;8;4.0;8;5.1;999.9;31.0;14.2;0.0;999.9;0;0;0;0;0;0
Marcos_Juarez_Aero;874670;20130206;23.1;8;15.4;8;1015.7;8;1002.5;8;20.0;8;3.9;8;5.1;999.9;31.5;14.4;0.0;999.9;0;0;0;0;0;0
Marcos_Juarez_Aero;874670;20130207;23.8;8;15.4;8;1016.2;8;1003.0;8;20.0;8;3.9;8;5.1;999.9;31.0;15.2;0.0;999.9;0;0;0;0;0;0
Marcos_Juarez_Aero;874670;20130208;24.7;8;17.4;8;1012.4;8;999.3;8;20.0;8;4.0;8;4.6;999.9;33.0;15.8;0.0;999.9;0;0;0;0;0;0
Marcos_Juarez_Aero;874670;20130209;24.7;7;18.2;7;1010.4;7;997.3;7;20.0;7;4.0;7;5.1;999.9;33.5;16.8;0.0;999.9;0;0;0;0;0;0
Marcos_Juarez_Aero;874670;20130210;25.8;8;19.4;8;1007.8;8;994.8;8;18.8;8;2.6;8;5.7;999.9;33.7;19.0;0.0;999.9;0;0;0;0;0;0
Marcos_Juarez_Aero;874670;20130211;25.7;7;19.4;7;1008.3;7;995.3;7;18.2;7;3.2;7;4.6;999.9;33.0;19.3;0.0;999.9;0;0;0;0;0;0
Marcos_Juarez_Aero;874670;20130212;26.3;8;19.6;8;1004.6;8;991.6;8;19.3;8;2.9;8;4.6;999.9;35.0;17.5;0.0;999.9;0;0;0;0;0;0
Marcos_Juarez_Aero;874670;20130213;21.1;8;18.9;8;1008.9;8;995.8;8;12.6;8;3.8;8;6.7;999.9;35.8;18.5;4.1;999.9;0;1;0;0;1;0
Marcos_Juarez_Aero;874670;20130214;21.5;8;18.1;8;1011.5;8;998.2;8;14.2;8;2.1;8;4.6;999.9;29.4;15.7;25.9;999.9;1;0;0;0;1;0
Marcos_Juarez_Aero;874670;20130215;25.0;8;19.9;8;1010.4;8;997.3;8;18.2;8;2.6;8;5.7;999.9;33.0;17.6;0.0;999.9;0;0;0;0;0;0
Marcos_Juarez_Aero;874670;20130216;24.2;8;21.1;8;1005.4;8;992.4;8;19.3;8;4.1;8;6.2;999.9;33.4;17.6;8.9;999.9;0;0;0;0;1;0
Marcos_Juarez_Aero;874670;20130217;22.7;8;19.9;8;1006.0;8;992.9;8;17.5;8;6.4;8;8.2;999.9;32.8;19.5;21.1;999.9;0;1;0;0;1;0
Marcos_Juarez_Aero;874670;20130218;18.4;8;12.4;8;1017.7;8;1004.2;8;20.0;8;4.8;8;6.2;999.9;25.4;15.3;8.9;999.9;0;0;0;0;0;0
Marcos_Juarez_Aero;874670;20130219;15.5;8;13.1;8;1019.5;8;1005.9;8;16.9;8;3.5;8;4.6;999.9;20.8;12.7;17.0;999.9;0;1;0;0;0;0
Marcos_Juarez_Aero;874670;20130220;16.8;8;15.3;8;1017.0;7;1003.7;8;15.6;8;3.9;8;4.6;999.9;18.8;13.6;4.1;999.9;0;1;0;0;0;0
Marcos_Juarez_Aero;874670;20130221;20.2;8;16.7;8;1016.0;8;1002.6;8;12.7;8;3.5;8;5.7;999.9;25.1;15.2;4.1;999.9;0;1;0;0;0;0
Marcos_Juarez_Aero;874670;20130222;20.9;8;16.6;8;1017.0;8;1003.6;8;20.0;8;4.2;8;8.2;999.9;28.2;14.2;0.0;999.9;0;0;0;0;0;0
Marcos_Juarez_Aero;874670;20130223;24.1;7;20.1;7;1010.4;7;997.2;7;20.0;7;5.6;7;7.2;999.9;29.1;18.8;0.0;999.9;0;0;0;0;0;0
Marcos_Juarez_Aero;874670;20130224;23.2;8;19.5;8;1008.8;8;995.7;8;18.8;8;4.1;8;8.7;999.9;29.8;19.0;23.1;999.9;0;1;0;0;1;0
Marcos_Juarez_Aero;874670;20130225;17.6;8;12.6;8;1015.2;8;1001.7;8;20.0;8;4.6;8;6.7;999.9;26.3;11.2;0.0;999.9;0;0;0;0;0;0
Marcos_Juarez_Aero;874670;20130226;17.4;8;11.0;8;1018.4;8;1004.9;8;20.0;8;1.9;8;3.1;999.9;24.3;8.5;0.0;999.9;0;0;0;0;0;0
Marcos_Juarez_Aero;874670;20130227;18.9;8;13.4;8;1015.7;8;1002.3;8;20.0;8;4.8;8;7.2;999.9;27.2;11.2;0.0;999.9;0;0;0;0;0;0
Marcos_Juarez_Aero;874670;20130228;21.2;8;14.5;8;1012.0;8;998.7;8;20.0;8;6.5;8;10.8;999.9;29.2;13.7;0.0;999.9;0;0;0;0;0;0
Marcos_Juarez_Aero;874670;20130301;23.0;8;17.3;8;1006.3;8;993.2;8;20.0;8;6.4;8;8.7;999.9;31.1;15.9;0.0;999.9;0;0;0;0;0;0
Marcos_Juarez_Aero;874670;20130302;21.1;8;16.6;8;1006.1;8;992.9;8;14.3;8;8.1;8;10.8;999.9;31.5;17.0;39.9;999.9;0;1;0;0;1;0
Marcos_Juarez_Aero;874670;20130303;16.0;8;12.8;8;1018.2;8;1004.6;8;20.0;8;4.8;8;6.7;999.9;24.7;12.5;0.0;999.9;0;0;0;0;0;0
Marcos_Juarez_Aero;874670;20130304;15.9;8;11.1;8;1019.8;8;1006.2;8;20.0;8;2.3;8;3.1;999.9;22.7;9.6;0.0;999.9;0;0;0;0;0;0
Marcos_Juarez_Aero;874670;20130305;18.3;8;13.0;8;1015.9;8;1002.4;8;20.0;8;3.2;8;5.7;999.9;25.6;10.1;0.0;999.9;0;0;0;0;0;0
Marcos_Juarez_Aero;874670;20130306;20.1;8;14.8;8;1008.8;8;995.5;8;20.0;8;4.2;8;5.7;999.9;29.1;11.8;0.0;999.9;0;0;0;0;0;0
Marcos_Juarez_Aero;874670;20130307;21.8;8;16.1;8;1011.7;8;998.4;8;20.0;8;4.3;8;7.2;999.9;29.5;15.1;0.0;999.9;0;0;0;0;0;0
Marcos_Juarez_Aero;874670;20130308;22.6;8;17.5;8;1011.4;8;998.2;8;20.0;8;3.3;8;4.6;999.9;29.2;17.2;0.0;999.9;0;0;0;0;0;0
Marcos_Juarez_Aero;874670;20130309;25.2;7;21.4;7;1008.1;7;995.0;7;17.2;7;3.1;7;4.6;999.9;32.4;19.7;0.0;999.9;1;0;0;0;0;0
Marcos_Juarez_Aero;874670;20130310;21.6;8;16.9;8;1009.3;8;996.1;8;19.3;8;4.2;8;7.7;999.9;33.1;18.4;16.0;999.9;0;0;0;0;1;0
Marcos_Juarez_Aero;874670;20130311;18.6;7;14.6;7;1009.3;7;995.9;7;20.0;7;3.2;7;6.2;999.9;26.0;13.0;0.0;999.9;0;0;0;0;0;0
Marcos_Juarez_Aero;874670;20130312;18.8;8;14.5;8;1010.5;8;997.2;8;20.0;8;3.3;8;5.1;999.9;25.5;13.3;0.0;999.9;0;0;0;0;0;0
Marcos_Juarez_Aero;874670;20130313;15.7;8;12.8;8;1017.1;8;1003.6;8;16.4;8;3.2;8;5.1;999.9;25.8;12.2;1.0;999.9;0;1;0;0;0;0
Marcos_Juarez_Aero;874670;20130314;13.1;8;11.4;8;1022.0;8;1008.2;8;11.3;8;3.0;8;4.6;999.9;18.6;10.4;9.9;999.9;0;1;0;0;0;0
Marcos_Juarez_Aero;874670;20130315;13.2;8;10.2;8;1024.0;8;1010.2;8;12.6;8;2.5;8;5.7;999.9;17.6;8.4;3.0;999.9;1;0;0;0;0;0
Marcos_Juarez_Aero;874670;20130316;16.3;7;11.2;7;1026.2;7;1012.4;7;20.0;7;3.9;7;6.2;999.9;21.5;9.7;0.0;999.9;0;0;0;0;0;0
Marcos_Juarez_Aero;874670;20130317;15.8;8;9.6;8;1026.2;8;1012.5;8;20.0;8;4.8;8;6.7;999.9;22.1;11.1;0.0;999.9;0;0;0;0;0;0
Marcos_Juarez_Aero;874670;20130318;16.9;8;10.5;8;1023.5;8;1009.9;8;20.0;8;4.2;8;6.2;999.9;23.0;12.2;0.0;999.9;0;0;0;0;0;0
Marcos_Juarez_Aero;874670;20130319;17.6;8;12.5;8;1018.9;8;1005.4;8;20.0;8;4.0;8;5.1;999.9;23.9;12.2;0.0;999.9;0;0;0;0;0;0
Marcos_Juarez_Aero;874670;20130320;19.1;8;16.2;8;1013.6;8;1000.2;8;16.3;8;2.6;8;4.1;999.9;24.0;14.2;0.0;999.9;1;0;0;0;0;0
Marcos_Juarez_Aero;874670;20130321;20.2;8;15.4;8;1012.8;8;999.4;8;18.2;8;2.5;8;4.1;999.9;28.1;12.0;0.0;999.9;1;0;0;0;0;0
Marcos_Juarez_Aero;874670;20130322;21.2;8;12.3;8;1016.6;8;1003.2;8;20.0;8;3.4;8;5.1;999.9;29.7;13.7;0.0;999.9;0;0;0;0;0;0
Marcos_Juarez_Aero;874670;20130323;21.3;8;16.3;8;1017.2;8;1003.8;8;20.0;8;3.6;8;5.7;999.9;30.1;16.7;0.0;999.9;0;0;0;0;0;0
Marcos_Juarez_Aero;874670;20130324;20.8;8;16.2;8;1013.6;8;1000.3;8;15.6;8;3.8;8;8.2;999.9;29.4;13.2;0.0;999.9;0;0;0;0;0;0
Marcos_Juarez_Aero;874670;20130325;20.1;8;13.6;8;1013.8;8;1000.5;8;18.8;8;4.0;8;6.7;999.9;30.4;15.0;7.9;999.9;0;0;0;0;1;0
Marcos_Juarez_Aero;874670;20130326;16.8;8;8.8;8;1020.4;8;1006.8;8;20.0;8;2.6;8;4.6;999.9;27.3;6.2;0.0;999.9;0;0;0;0;0;0
Marcos_Juarez_Aero;874670;20130327;17.8;8;9.6;8;1020.8;8;1007.2;8;20.0;8;3.7;8;4.6;999.9;27.3;8.8;0.0;999.9;0;0;0;0;0;0
Marcos_Juarez_Aero;874670;20130328;18.3;8;10.4;8;1020.1;8;1006.5;8;20.0;8;4.1;8;6.2;999.9;28.6;9.4;0.0;999.9;0;0;0;0;0;0
Marcos_Juarez_Aero;874670;20130329;18.6;8;12.1;8;1017.9;8;1004.4;8;20.0;8;4.9;8;8.2;999.9;29.0;9.0;0.0;999.9;0;0;0;0;0;0
Marcos_Juarez_Aero;874670;20130330;20.6;8;14.9;8;1014.0;8;1000.6;8;20.0;8;4.2;8;6.7;999.9;30.0;12.2;0.0;999.9;0;0;0;0;0;0
Marcos_Juarez_Aero;874670;20130331;23.0;8;17.8;8;1012.9;8;999.7;8;18.8;8;3.9;8;7.2;999.9;30.9;17.4;999.9;999.9;0;1;0;0;1;0
Marcos_Juarez_Aero;874670;20130401;19.0;8;16.9;8;1015.5;8;1002.1;8;12.1;8;7.6;8;10.8;999.9;31.5;15.4;121.9;999.9;0;1;0;0;1;0
Marcos_Juarez_Aero;874670;20130402;17.3;8;16.0;8;1016.6;8;1003.1;8;17.7;8;5.6;8;8.2;999.9;21.6;14.5;20.1;999.9;0;1;0;0;0;0
Marcos_Juarez_Aero;874670;20130403;16.5;8;13.2;8;1018.3;8;1004.7;8;20.0;8;5.3;8;8.2;999.9;20.5;12.4;3.0;999.9;0;0;0;0;0;0
Marcos_Juarez_Aero;874670;20130404;17.1;8;12.6;8;1012.9;8;999.3;8;17.9;8;3.4;8;5.7;999.9;24.8;10.6;9.9;999.9;0;1;0;0;1;0
Marcos_Juarez_Aero;874670;20130405;20.1;8;12.5;8;1008.4;8;995.1;8;18.8;8;2.4;8;4.1;999.9;28.7;11.6;0.0;999.9;0;0;0;0;0;0
Marcos_Juarez_Aero;874670;20130406;18.0;8;9.1;8;1012.0;8;998.5;8;20.0;8;4.8;8;10.3;999.9;29.0;12.6;0.0;999.9;0;0;0;0;0;0
Marcos_Juarez_Aero;874670;20130407;13.3;8;5.7;8;1019.2;8;1005.5;8;20.0;8;1.8;8;3.1;999.9;22.2;4.2;0.0;999.9;0;0;0;0;0;0
Marcos_Juarez_Aero;874670;20130408;15.4;8;4.2;8;1019.7;8;1006.1;8;20.0;8;3.3;8;4.6;999.9;25.0;6.1;0.0;999.9;0;0;0;0;0;0
Marcos_Juarez_Aero;874670;20130409;16.3;8;8.4;8;1017.8;8;1004.2;8;20.0;8;5.3;8;9.3;999.9;26.6;7.2;0.0;999.9;0;0;0;0;0;0
Marcos_Juarez_Aero;874670;20130410;18.1;8;13.2;8;1012.9;8;999.5;8;20.0;8;5.8;8;8.7;999.9;27.1;12.6;0.0;999.9;0;0;0;0;0;0
Marcos_Juarez_Aero;874670;20130411;18.4;8;16.7;8;1008.7;8;995.4;8;14.8;8;4.8;8;8.7;999.9;24.6;15.2;6.1;999.9;0;1;0;0;1;0
Marcos_Juarez_Aero;874670;20130412;16.0;8;10.2;8;1016.5;8;1002.9;8;20.0;8;5.9;8;8.2;999.9;20.6;11.4;14.0;999.9;0;0;0;0;0;0
Marcos_Juarez_Aero;874670;20130413;12.6;7;2.9;7;1021.4;7;1007.5;7;20.0;7;2.4;7;3.6;999.9;20.7;2.2;0.0;999.9;0;0;0;0;0;0
Marcos_Juarez_Aero;874670;20130414;15.7;8;8.7;8;1017.5;8;1003.8;8;20.0;8;3.7;8;6.7;999.9;26.5;5.9;0.0;999.9;0;0;0;0;0;0
Marcos_Juarez_Aero;874670;20130415;19.6;8;12.4;8;1017.3;8;1003.8;8;18.8;8;2.5;8;3.6;999.9;29.0;10.9;0.0;999.9;0;0;0;0;0;0
Marcos_Juarez_Aero;874670;20130416;19.4;8;12.6;8;1018.0;8;1004.6;8;20.0;8;3.6;8;6.2;999.9;29.4;11.4;0.0;999.9;0;0;0;0;0;0
Marcos_Juarez_Aero;874670;20130417;19.4;8;13.9;8;1018.1;8;1004.7;8;20.0;8;4.8;8;6.2;999.9;28.6;10.7;0.0;999.9;0;0;0;0;0;0
Marcos_Juarez_Aero;874670;20130418;19.3;8;13.5;8;1016.8;8;1003.4;8;20.0;8;4.4;8;6.2;999.9;29.4;10.2;0.0;999.9;0;0;0;0;0;0
Marcos_Juarez_Aero;874670;20130419;18.4;7;10.9;7;1018.0;7;1004.4;7;20.0;7;4.3;7;5.7;999.9;28.0;8.2;0.0;999.9;0;0;0;0;0;0
Marcos_Juarez_Aero;874670;20130420;17.9;8;11.7;8;1018.6;8;1005.1;8;18.2;8;4.9;8;7.2;999.9;28.8;9.4;0.0;999.9;0;0;0;0;0;0
Marcos_Juarez_Aero;874670;20130421;18.5;8;12.7;8;1018.7;8;1005.2;8;20.0;8;4.8;8;7.7;999.9;28.6;9.8;0.0;999.9;0;0;0;0;0;0
Marcos_Juarez_Aero;874670;20130422;19.9;7;12.9;7;1019.0;7;1005.5;7;20.0;7;5.1;7;7.7;999.9;28.7;11.4;0.0;999.9;0;0;0;0;0;0
Marcos_Juarez_Aero;874670;20130423;19.7;8;15.2;8;1019.7;8;1006.2;8;18.8;8;3.7;8;5.1;999.9;28.8;12.2;0.0;999.9;0;0;0;0;0;0
Marcos_Juarez_Aero;874670;20130424;20.4;8;15.8;8;1018.2;8;1004.8;8;16.4;8;4.7;8;6.7;999.9;28.2;12.7;0.0;999.9;0;0;0;0;0;0
Marcos_Juarez_Aero;874670;20130425;19.5;8;14.4;8;1015.4;8;1002.0;8;16.3;8;3.9;8;5.1;999.9;29.4;10.1;0.0;999.9;1;0;0;0;0;0
Marcos_Juarez_Aero;874670;20130426;19.5;8;14.8;8;1013.9;8;1000.5;8;18.2;8;4.8;8;7.2;999.9;29.5;11.8;0.0;999.9;0;0;0;0;0;0
Marcos_Juarez_Aero;874670;20130427;18.7;8;16.0;8;1011.9;8;998.6;8;15.1;8;6.3;8;8.2;999.9;27.9;15.6;18.0;999.9;0;1;0;0;1;0
Marcos_Juarez_Aero;874670;20130428;16.8;8;13.9;8;1013.5;8;1000.0;8;13.7;8;5.7;8;8.7;999.9;22.0;11.7;21.1;999.9;1;0;0;0;0;0
Marcos_Juarez_Aero;874670;20130429;16.3;8;12.6;8;1015.2;8;1001.6;8;18.2;8;2.4;8;3.6;999.9;23.1;9.7;0.0;999.9;0;0;0;0;0;0
Marcos_Juarez_Aero;874670;20130430;17.7;8;13.8;8;1016.0;8;1002.5;8;18.5;8;3.2;8;5.7;999.9;23.7;12.2;0.0;999.9;0;0;0;0;0;0
Marcos_Juarez_Aero;874670;20130501;19.1;8;17.5;8;1012.6;8;999.2;8;20.0;8;4.6;8;7.2;999.9;23.9;15.0;0.0;999.9;0;0;0;0;0;0
Marcos_Juarez_Aero;874670;20130502;20.4;8;19.8;8;1010.8;8;997.5;8;9.3;8;3.6;8;5.7;999.9;23.6;17.9;0.0;999.9;0;1;0;0;0;0
Marcos_Juarez_Aero;874670;20130503;19.4;8;16.8;8;1011.1;8;997.8;8;13.0;8;4.3;8;7.2;999.9;22.4;15.7;45.0;999.9;0;1;0;0;1;0
Marcos_Juarez_Aero;874670;20130504;14.1;8;11.7;8;1017.4;8;1003.7;8;15.0;8;2.5;8;5.7;999.9;22.8;7.8;0.0;999.9;1;0;0;0;0;0
Marcos_Juarez_Aero;874670;20130505;16.0;8;11.9;8;1021.6;8;1007.9;8;18.5;8;2.0;8;3.6;999.9;24.2;8.7;0.0;999.9;0;0;0;0;0;0
Marcos_Juarez_Aero;874670;20130506;16.5;8;10.8;8;1017.5;8;1003.9;8;18.0;8;4.5;8;8.7;999.9;24.2;10.4;0.0;999.9;0;0;0;0;0;0
Marcos_Juarez_Aero;874670;20130507;11.3;8;3.0;8;1024.2;8;1010.4;8;20.0;8;3.3;8;5.7;999.9;24.1;2.7;0.0;999.9;0;0;0;0;0;0
Marcos_Juarez_Aero;874670;20130508;15.4;8;7.5;8;1014.5;8;1000.8;8;20.0;8;5.3;8;8.7;999.9;26.6;6.3;0.0;999.9;0;0;0;0;0;0
Marcos_Juarez_Aero;874670;20130509;16.4;8;11.8;8;1013.4;8;999.8;8;19.3;8;4.5;8;6.2;999.9;26.8;9.2;0.0;999.9;0;0;0;0;0;0
Marcos_Juarez_Aero;874670;20130510;18.4;8;14.2;8;1010.2;8;996.8;8;20.0;8;4.8;8;8.2;999.9;26.7;11.1;0.0;999.9;0;0;0;0;0;0
Marcos_Juarez_Aero;874670;20130511;19.2;8;12.4;8;1015.1;8;1001.7;8;20.0;8;4.2;8;8.7;999.9;27.3;12.9;0.0;999.9;0;0;0;0;0;0
Marcos_Juarez_Aero;874670;20130512;13.8;8;8.2;8;1016.8;8;1003.1;8;20.0;8;1.9;8;3.6;999.9;23.1;4.8;0.0;999.9;0;0;0;0;0;0
Marcos_Juarez_Aero;874670;20130513;14.1;8;12.9;8;1015.7;8;1002.0;8;10.9;8;1.8;8;4.1;999.9;22.5;9.4;0.0;999.9;1;0;0;0;0;0
Marcos_Juarez_Aero;874670;20130514;14.4;8;13.9;8;1014.1;8;1000.4;8;3.2;8;1.8;8;3.6;999.9;18.7;9.2;0.0;999.9;1;0;0;0;0;0
Marcos_Juarez_Aero;874670;20130515;10.0;7;5.1;7;1020.2;7;1006.4;7;16.4;7;7.3;7;9.8;999.9;19.0;6.5;8.9;999.9;0;1;0;0;0;0
Marcos_Juarez_Aero;874670;20130516;6.1;8;-0.8;8;1027.2;8;1013.0;8;20.0;8;2.3;8;3.1;999.9;14.3;-3.3;0.0;999.9;0;0;0;0;0;0
Marcos_Juarez_Aero;874670;20130517;6.9;8;0.1;8;1025.8;8;1011.7;8;20.0;8;4.4;8;7.2;999.9;15.5;-0.5;0.0;999.9;0;0;0;0;0;0
Marcos_Juarez_Aero;874670;20130518;10.2;7;6.1;7;1023.6;7;1009.7;7;17.5;7;4.8;7;6.2;999.9;15.7;-1.3;4.1;999.9;0;1;0;0;0;0
Marcos_Juarez_Aero;874670;20130519;10.2;8;8.2;8;1024.0;8;1010.0;8;18.8;8;2.5;8;5.1;999.9;12.2;8.2;0.0;999.9;0;1;0;0;0;0
Marcos_Juarez_Aero;874670;20130520;7.8;8;5.9;8;1023.5;8;1009.4;8;10.6;8;2.0;8;3.6;999.9;13.4;1.2;0.0;999.9;1;0;0;0;0;0
Marcos_Juarez_Aero;874670;20130521;9.8;8;7.0;8;1019.6;8;1005.7;8;12.6;8;2.8;8;4.1;999.9;16.8;2.7;0.0;999.9;1;0;0;0;0;0
Marcos_Juarez_Aero;874670;20130522;9.8;8;6.7;8;1022.1;8;1008.1;8;9.5;8;1.2;8;4.1;999.9;17.6;1.7;0.0;999.9;1;0;0;0;0;0
Marcos_Juarez_Aero;874670;20130523;8.6;7;6.0;7;1020.8;7;1006.8;7;9.7;7;1.9;7;4.1;999.9;16.8;-0.2;0.0;999.9;1;0;0;0;0;0
Marcos_Juarez_Aero;874670;20130524;10.3;8;5.7;8;1021.5;8;1007.6;8;10.5;8;1.9;8;3.6;999.9;22.0;1.0;0.0;999.9;1;0;0;0;0;0
Marcos_Juarez_Aero;874670;20130525;11.9;8;7.5;8;1019.5;8;1005.7;8;18.2;8;3.4;8;7.7;999.9;22.5;2.6;0.0;999.9;0;0;0;0;0;0
Marcos_Juarez_Aero;874670;20130526;12.4;8;9.2;8;1014.6;8;1000.9;8;16.6;8;3.4;8;4.6;999.9;21.8;5.2;0.0;999.9;0;0;0;0;0;0
Marcos_Juarez_Aero;874670;20130527;13.4;8;9.8;8;1010.0;8;996.4;8;12.6;8;5.7;8;10.8;999.9;23.2;6.5;0.0;999.9;1;0;0;0;0;0
Marcos_Juarez_Aero;874670;20130528;18.1;8;13.3;8;1000.6;8;987.3;8;18.2;8;5.4;8;7.7;999.9;23.6;9.2;0.0;999.9;0;0;0;0;0;0
Marcos_Juarez_Aero;874670;20130529;14.3;8;6.7;8;1009.9;8;996.3;8;16.4;8;6.4;8;11.3;999.9;23.6;7.7;10.9;999.9;0;1;0;0;1;0
Marcos_Juarez_Aero;874670;20130530;11.9;8;3.1;8;1015.0;8;1001.2;8;20.0;8;4.2;8;6.7;999.9;22.1;3.2;0.0;999.9;0;0;0;0;0;0
Marcos_Juarez_Aero;874670;20130531;15.7;8;6.4;8;1007.3;8;993.8;8;18.2;8;5.4;8;7.2;999.9;22.3;5.9;0.0;999.9;0;0;0;0;0;0
Marcos_Juarez_Aero;874670;20130601;11.2;8;6.1;8;1012.0;8;998.3;8;18.3;8;1.9;8;3.1;999.9;22.6;2.0;0.0;999.9;0;0;0;0;0;0
Marcos_Juarez_Aero;874670;20130602;10.8;8;2.9;8;1019.2;8;1005.3;8;20.0;8;3.6;8;5.1;999.9;23.1;2.3;0.0;999.9;0;0;0;0;0;0
Marcos_Juarez_Aero;874670;20130603;11.1;8;3.2;8;1021.5;8;1007.5;8;20.0;8;3.1;8;5.1;999.9;21.8;3.2;0.0;999.9;0;0;0;0;0;0
Marcos_Juarez_Aero;874670;20130604;14.1;8;6.8;8;1016.9;8;1003.1;8;20.0;8;2.9;8;4.1;999.9;24.6;6.2;0.0;999.9;0;0;0;0;0;0
Marcos_Juarez_Aero;874670;20130605;15.5;8;9.0;8;1012.4;8;998.9;8;18.8;8;4.5;8;8.7;999.9;24.6;8.6;0.0;999.9;0;0;0;0;0;0
Marcos_Juarez_Aero;874670;20130606;9.4;8;2.1;8;1022.0;8;1008.1;8;20.0;8;2.5;8;4.1;999.9;24.5;-0.3;0.0;999.9;0;0;0;0;0;0
Marcos_Juarez_Aero;874670;20130607;9.8;8;4.5;8;1018.9;8;1004.9;8;20.0;8;3.5;8;5.1;999.9;20.2;1.4;0.0;999.9;0;0;0;0;0;0
Marcos_Juarez_Aero;874670;20130608;10.2;8;5.6;8;1024.7;8;1010.7;8;20.0;8;4.2;8;8.2;999.9;20.5;1.3;0.0;999.9;0;0;0;0;0;0
Marcos_Juarez_Aero;874670;20130609;12.9;8;11.6;8;1019.1;8;1005.3;8;15.6;8;2.6;8;4.1;999.9;18.1;8.3;23.1;999.9;0;1;0;0;1;0
Marcos_Juarez_Aero;874670;20130610;12.3;8;12.0;8;1019.2;8;1005.4;8;1.3;8;2.2;8;3.1;999.9;17.0;8.9;0.0;999.9;1;0;0;0;0;0
Marcos_Juarez_Aero;874670;20130611;17.0;8;15.3;8;1018.8;8;1005.2;8;6.9;8;4.1;8;6.2;999.9;23.7;10.1;0.0;999.9;1;0;0;0;0;0
Marcos_Juarez_Aero;874670;20130612;17.8;8;14.9;8;1017.0;8;1003.5;8;18.2;8;3.8;8;5.1;999.9;26.0;11.9;0.0;999.9;0;0;0;0;0;0
Marcos_Juarez_Aero;874670;20130613;19.5;8;16.2;8;1015.5;8;1002.1;8;18.0;8;3.1;8;4.6;999.9;27.2;11.7;0.0;999.9;1;0;0;0;0;0
Marcos_Juarez_Aero;874670;20130614;15.8;8;10.0;8;1020.3;8;1006.7;8;20.0;8;6.1;8;9.8;999.9;27.8;11.3;0.0;999.9;0;0;0;0;0;0
Marcos_Juarez_Aero;874670;20130615;10.7;8;8.7;8;1019.4;8;1005.5;8;20.0;8;5.0;8;8.7;999.9;16.2;6.2;0.0;999.9;0;0;0;0;0;0
Marcos_Juarez_Aero;874670;20130616;11.5;8;9.1;8;1015.9;8;1002.1;8;12.7;8;4.2;8;8.7;999.9;15.6;9.4;3.0;999.9;1;0;0;0;0;0
Marcos_Juarez_Aero;874670;20130617;6.9;8;2.9;8;1020.9;8;1006.8;8;20.0;8;2.8;8;4.6;999.9;14.1;-0.8;0.0;999.9;0;0;0;0;0;0
Marcos_Juarez_Aero;874670;20130618;9.2;8;7.8;8;1016.5;8;1002.6;8;14.5;8;4.1;8;6.2;999.9;14.4;3.8;2.0;999.9;0;1;0;0;0;0
Marcos_Juarez_Aero;874670;20130619;4.8;8;-2.3;8;1026.9;8;1012.7;8;20.0;8;3.2;8;4.6;999.9;12.6;0.2;0.0;999.9;0;0;0;0;0;0
Marcos_Juarez_Aero;874670;20130620;5.3;7;-3.4;7;1025.7;7;1011.4;7;20.0;7;2.2;7;4.6;999.9;12.9;-2.1;0.0;999.9;0;0;0;0;0;0
Marcos_Juarez_Aero;874670;20130621;6.5;8;-1.2;8;1015.4;8;1001.3;8;20.0;8;2.5;8;4.1;999.9;16.8;-1.4;0.0;999.9;0;0;0;0;0;0
Marcos_Juarez_Aero;874670;20130622;7.4;8;2.3;8;1013.8;8;999.8;8;20.0;8;3.1;8;5.7;999.9;17.7;0.2;0.0;999.9;0;0;0;0;0;0
Marcos_Juarez_Aero;874670;20130623;7.8;7;3.6;7;1022.3;7;1008.3;7;20.0;7;3.2;7;5.1;999.9;15.4;0.2;0.0;999.9;0;0;0;0;0;0
Marcos_Juarez_Aero;874670;20130624;6.5;8;3.0;8;1022.5;8;1008.4;8;18.8;8;2.4;8;3.1;999.9;15.9;-1.2;0.0;999.9;0;0;0;0;0;0
Marcos_Juarez_Aero;874670;20130625;7.6;8;4.9;8;1019.4;8;1005.3;8;9.2;8;1.8;8;3.1;999.9;16.8;-0.6;0.0;999.9;1;0;0;0;0;0
Marcos_Juarez_Aero;874670;20130626;8.8;8;4.7;8;1017.9;8;1003.9;8;18.8;8;2.8;8;4.6;999.9;19.5;0.2;0.0;999.9;0;0;0;0;0;0
Marcos_Juarez_Aero;874670;20130627;10.7;8;5.7;8;1014.3;8;1000.5;8;18.5;8;6.1;8;10.8;999.9;19.5;2.8;0.0;999.9;0;0;0;0;0;0
Marcos_Juarez_Aero;874670;20130628;10.4;8;8.5;8;1009.3;8;995.6;8;16.3;8;3.0;8;4.1;999.9;18.8;5.8;0.0;999.9;1;0;0;0;0;0
Marcos_Juarez_Aero;874670;20130629;9.4;8;4.2;8;1015.8;8;1002.0;8;20.0;8;2.9;8;4.1;999.9;17.9;1.8;0.0;999.9;0;0;0;0;0;0
Marcos_Juarez_Aero;874670;20130630;9.5;8;4.4;8;1019.9;8;1006.0;8;18.8;8;3.1;8;4.1;999.9;18.5;2.4;0.0;999.9;0;0;0;0;0;0
Marcos_Juarez_Aero;874670;20130701;10.4;8;4.9;8;1022.9;8;1008.9;8;20.0;8;1.9;8;3.6;999.9;20.3;2.4;0.0;999.9;0;0;0;0;0;0
Marcos_Juarez_Aero;874670;20130702;10.8;8;3.4;8;1015.1;8;1001.2;8;20.0;8;6.6;8;12.3;999.9;21.8;2.8;0.0;999.9;0;0;0;0;0;0
Marcos_Juarez_Aero;874670;20130703;14.7;8;9.1;8;1008.8;8;995.2;8;20.0;8;6.3;8;8.7;999.9;24.9;7.2;0.0;999.9;0;0;0;0;0;0
Marcos_Juarez_Aero;874670;20130704;14.2;8;10.9;8;1013.0;8;999.4;8;20.0;8;3.8;8;7.2;999.9;25.5;10.2;0.0;999.9;0;0;0;0;0;0
Marcos_Juarez_Aero;874670;20130705;12.5;8;12.0;8;1014.2;8;1000.5;8;5.6;8;2.3;8;4.6;999.9;17.2;8.0;0.0;999.9;1;0;0;0;0;0
Marcos_Juarez_Aero;874670;20130706;11.4;8;9.9;8;1016.5;8;1002.8;8;12.7;8;6.9;8;11.3;999.9;15.4;9.7;0.0;999.9;1;1;0;0;0;0
Marcos_Juarez_Aero;874670;20130707;8.8;8;5.4;8;1026.5;8;1012.4;8;20.0;8;4.1;8;6.2;999.9;10.8;3.8;0.0;999.9;0;0;0;0;0;0
Marcos_Juarez_Aero;874670;20130708;6.8;8;3.4;8;1030.5;8;1016.3;8;19.3;8;3.9;8;7.7;999.9;12.0;0.3;0.0;999.9;0;0;0;0;0;0
Marcos_Juarez_Aero;874670;20130709;9.7;8;7.4;8;1020.5;8;1006.5;8;16.3;8;4.6;8;10.8;999.9;12.0;2.4;0.0;999.9;0;1;0;0;1;0
Marcos_Juarez_Aero;874670;20130710;13.2;10;13.1;10;1015.9;10;1002.2;10;1.8;10;4.0;10;6.2;999.9;15.8;8.3;4.1;999.9;1;1;0;0;0;0
Marcos_Juarez_Aero;874670;20130711;14.7;8;14.5;8;1014.9;8;1001.3;8;2.9;8;3.8;8;7.2;999.9;15.9;11.5;0.5;999.9;0;1;0;0;0;0
Marcos_Juarez_Aero;874670;20130712;11.1;10;10.2;10;1022.2;10;1008.3;10;12.2;10;4.5;10;7.2;999.9;14.3;8.1;2.0;999.9;0;1;0;0;0;0
Marcos_Juarez_Aero;874670;20130713;9.9;8;7.9;8;1018.3;8;1004.4;8;13.2;8;3.0;8;4.1;999.9;16.8;3.2;0.0;999.9;1;0;0;0;0;0
Marcos_Juarez_Aero;874670;20130714;9.9;8;3.3;8;1020.5;8;1006.5;8;14.5;8;3.2;8;6.2;999.9;17.8;4.6;0.0;999.9;1;0;0;0;0;0
Marcos_Juarez_Aero;874670;20130715;8.9;8;1.2;8;1022.8;8;1008.7;8;20.0;8;2.6;8;4.6;999.9;19.1;-0.3;0.0;999.9;0;0;0;0;0;0
Marcos_Juarez_Aero;874670;20130716;11.6;8;6.8;8;1016.7;8;1002.9;8;18.8;8;2.9;8;5.1;999.9;23.6;2.2;0.0;999.9;0;0;0;0;0;0
Marcos_Juarez_Aero;874670;20130717;14.9;8;10.8;8;1010.8;8;997.2;8;17.1;8;2.6;8;4.1;999.9;24.8;5.0;0.0;999.9;1;0;0;0;0;0
Marcos_Juarez_Aero;874670;20130718;10.7;8;4.9;8;1016.0;8;1002.3;8;19.3;8;6.9;8;11.3;999.9;25.4;7.0;0.0;999.9;0;0;0;0;0;0
Marcos_Juarez_Aero;874670;20130719;3.3;8;-0.5;8;1025.8;8;1011.5;8;20.0;8;1.9;8;3.1;999.9;11.0;-2.2;0.0;999.9;0;0;0;0;0;0
Marcos_Juarez_Aero;874670;20130720;6.2;8;-0.9;8;1013.6;8;999.5;8;20.0;8;4.5;8;10.3;999.9;13.4;-1.8;0.0;999.9;0;0;0;0;0;0
Marcos_Juarez_Aero;874670;20130721;4.2;8;-2.5;8;1021.2;8;1007.0;8;20.0;8;9.4;8;15.9;999.9;14.8;-0.2;0.0;999.9;0;0;0;0;0;0
Marcos_Juarez_Aero;874670;20130722;4.2;8;-2.5;8;1026.9;8;1012.6;8;20.0;8;8.2;8;11.8;999.9;9.5;-2.4;0.0;999.9;0;0;0;0;0;0
Marcos_Juarez_Aero;874670;20130723;1.1;8;-5.3;8;1028.1;8;1013.6;8;20.0;8;2.9;8;6.2;999.9;11.1;-7.9;0.0;999.9;0;0;0;0;0;0
Marcos_Juarez_Aero;874670;20130724;4.7;8;-2.2;8;1027.8;8;1013.5;8;20.0;8;2.5;8;3.1;999.9;12.3;-4.8;0.0;999.9;0;0;0;0;0;0
Marcos_Juarez_Aero;874670;20130725;6.4;8;-2.9;8;1024.3;8;1010.1;8;20.0;8;5.8;8;9.8;999.9;19.2;-3.6;0.0;999.9;0;0;0;0;0;0
Marcos_Juarez_Aero;874670;20130726;8.8;8;1.4;8;1021.3;8;1007.3;8;20.0;8;8.3;8;12.3;999.9;19.2;1.6;0.0;999.9;0;0;0;0;0;0
Marcos_Juarez_Aero;874670;20130727;11.4;8;5.3;8;1021.0;8;1007.1;8;20.0;8;3.1;8;7.2;999.9;20.5;0.7;0.0;999.9;0;0;0;0;0;0
Marcos_Juarez_Aero;874670;20130728;11.6;8;5.9;8;1021.3;8;1007.4;8;13.2;8;2.4;8;4.1;999.9;22.0;2.2;0.0;999.9;1;0;0;0;0;0
Marcos_Juarez_Aero;874670;20130729;12.5;8;8.3;8;1021.1;8;1007.3;8;17.5;8;3.6;8;5.1;999.9;22.8;2.6;0.0;999.9;0;0;0;0;0;0
Marcos_Juarez_Aero;874670;20130730;17.9;8;11.8;8;1015.1;8;1001.6;8;17.5;8;7.4;8;11.8;999.9;27.8;8.1;0.0;999.9;0;0;0;0;0;0
Marcos_Juarez_Aero;874670;20130731;15.2;8;13.0;8;1011.3;8;997.9;8;15.3;8;6.0;8;8.7;999.9;27.8;11.7;0.0;999.9;0;0;0;0;0;0
Marcos_Juarez_Aero;874670;20130802;7.5;4;4.7;4;1021.3;4;1007.3;4;15.4;4;3.2;4;5.1;999.9;14.9;1.6;0.0;999.9;1;0;0;0;0;0
Marcos_Juarez_Aero;874670;20130803;5.9;4;3.6;4;1018.3;4;1004.2;4;17.5;4;4.3;4;6.7;999.9;15.3;-1.3;0.0;999.9;0;0;0;0;0;0
Marcos_Juarez_Aero;874670;20130804;7.0;4;2.1;4;1019.8;4;1005.6;4;7.6;4;3.2;4;8.8;999.9;20.5;-1.3;0.0;999.9;1;0;0;0;0;0
Marcos_Juarez_Aero;874670;20130805;11.4;4;4.9;4;1015.0;4;1001.2;4;17.5;4;5.1;4;6.7;999.9;22.7;1.9;0.0;999.9;0;0;0;0;0;0
Marcos_Juarez_Aero;874670;20130806;12.7;4;-0.3;4;1018.8;4;1005.0;4;20.0;4;5.3;4;11.8;999.9;23.5;3.2;0.0;999.9;0;0;0;0;0;0
Marcos_Juarez_Aero;874670;20130807;14.9;4;4.6;4;1004.2;4;990.7;4;18.8;4;7.8;4;10.8;999.9;23.5;8.4;0.0;999.9;0;0;0;0;0;0
Marcos_Juarez_Aero;874670;20130808;12.9;4;-0.8;4;1014.4;4;1000.8;4;20.0;4;7.7;4;9.8;999.9;25.0;8.4;0.0;999.9;0;0;0;0;0;0
Marcos_Juarez_Aero;874670;20130810;7.7;4;-5.2;4;1026.8;4;1012.7;4;20.0;4;3.9;4;6.2;999.9;17.3;-4.1;0.0;999.9;0;0;0;0;0;0
Marcos_Juarez_Aero;874670;20130811;8.9;4;-2.9;4;1015.1;4;1001.2;4;16.3;4;5.4;4;6.7;999.9;20.4;1.1;0.0;999.9;0;0;0;0;0;0
Marcos_Juarez_Aero;874670;20130812;11.4;5;1.4;5;1015.7;5;1001.9;5;18.0;5;5.8;5;9.3;999.9;20.4;4.3;0.0;999.9;0;0;0;0;0;0
Marcos_Juarez_Aero;874670;20130813;6.5;4;-1.0;4;1028.3;4;1014.2;4;20.0;4;4.6;4;5.7;999.9;16.0;-2.3;0.0;999.9;0;0;0;0;0;0
Marcos_Juarez_Aero;874670;20130814;4.4;4;-4.5;4;1033.8;4;1019.5;4;20.0;4;2.8;4;5.7;999.9;14.2;-3.8;0.0;999.9;0;0;0;0;0;0
Marcos_Juarez_Aero;874670;20130816;9.4;4;-3.6;4;1021.9;4;1007.9;4;13.7;4;5.4;4;6.7;999.9;19.8;-2.1;0.0;999.9;0;0;0;0;0;0
Marcos_Juarez_Aero;874670;20130817;9.7;4;-0.4;4;1027.4;4;1013.5;4;17.5;4;4.9;4;7.7;999.9;19.8;-0.3;0.0;999.9;0;0;0;0;0;0
Marcos_Juarez_Aero;874670;20130818;11.0;4;3.9;4;1020.9;4;1007.0;4;17.5;4;5.0;4;6.7;999.9;22.2;-1.3;0.0;999.9;0;0;0;0;0;0
Marcos_Juarez_Aero;874670;20130819;14.9;4;7.3;4;1014.5;4;1000.8;4;20.0;4;5.3;4;6.2;999.9;28.9;5.7;0.0;999.9;0;0;0;0;0;0
Marcos_Juarez_Aero;874670;20130820;15.9;4;10.1;4;1014.5;4;1000.9;4;15.0;4;4.5;4;7.2;999.9;29.4;6.7;0.0;999.9;0;0;0;0;0;0
Marcos_Juarez_Aero;874670;20130821;16.6;4;11.8;4;1008.4;4;994.9;4;15.8;4;2.4;4;2.6;999.9;28.0;7.8;0.0;999.9;0;0;0;0;0;0
Marcos_Juarez_Aero;874670;20130822;11.3;4;-2.2;4;1016.1;4;1002.4;4;17.1;4;8.9;4;12.4;999.9;27.5;5.0;0.0;999.9;0;0;0;0;0;0
Marcos_Juarez_Aero;874670;20130824;6.1;4;-4.9;4;1030.0;4;1015.7;4;20.0;4;2.7;4;5.7;999.9;11.6;-0.2;0.0;999.9;0;0;0;0;0;0
Marcos_Juarez_Aero;874670;20130825;5.1;4;-1.9;4;1033.3;4;1019.0;4;20.0;4;3.0;4;4.1;999.9;12.2;-2.0;0.0;999.9;0;0;0;0;0;0
Marcos_Juarez_Aero;874670;20130826;5.1;4;-3.6;4;1034.8;4;1020.5;4;20.0;4;2.5;4;3.1;999.9;13.0;-1.3;0.0;999.9;0;0;0;0;0;0
Marcos_Juarez_Aero;874670;20130827;6.8;4;-3.4;4;1028.2;4;1014.0;4;20.0;4;4.9;4;6.2;999.9;18.3;-3.8;0.0;999.9;0;0;0;0;0;0
Marcos_Juarez_Aero;874670;20130828;14.7;4;0.0;4;1021.9;4;1008.1;4;17.5;4;5.1;4;7.2;999.9;26.5;5.0;0.0;999.9;0;0;0;0;0;0
Marcos_Juarez_Aero;874670;20130829;16.9;4;0.5;4;1016.3;4;1002.8;4;16.3;4;6.4;4;9.3;999.9;28.2;6.7;0.0;999.9;0;0;0;0;0;0
Marcos_Juarez_Aero;874670;20130830;16.8;4;1.8;4;1011.7;4;998.2;4;10.8;4;6.1;4;7.7;999.9;29.7;3.2;0.0;999.9;0;0;0;0;0;0
Marcos_Juarez_Aero;874670;20130831;16.1;4;5.4;4;1010.4;4;996.9;4;20.0;4;4.3;4;4.6;999.9;30.1;5.8;0.0;999.9;0;0;0;0;0;0
Marcos_Juarez_Aero;874670;20130901;18.1;4;7.6;4;1011.6;4;998.2;4;15.0;4;3.1;4;5.1;999.9;29.4;6.0;0.0;999.9;0;0;0;0;0;0
Marcos_Juarez_Aero;874670;20130902;16.5;4;8.0;4;1011.5;4;998.0;4;17.5;4;3.7;4;6.7;999.9;30.0;7.2;0.0;999.9;0;0;0;0;0;0
Marcos_Juarez_Aero;874670;20130903;13.8;4;2.6;4;1023.3;4;1009.6;4;20.0;4;7.4;4;10.3;999.9;26.0;8.1;0.0;999.9;0;0;0;0;0;0
Marcos_Juarez_Aero;874670;20130904;9.8;4;0.6;4;1025.0;4;1011.1;4;20.0;4;6.1;4;11.8;999.9;18.5;0.7;0.0;999.9;0;0;0;0;0;0
Marcos_Juarez_Aero;874670;20130905;15.1;4;4.2;4;1017.2;4;1003.5;4;20.0;4;5.7;4;8.8;999.9;24.8;7.9;0.0;999.9;0;0;0;0;0;0
Marcos_Juarez_Aero;874670;20130906;18.2;4;9.9;4;1014.5;4;1000.9;4;16.3;4;6.6;4;9.8;999.9;31.0;8.6;0.0;999.9;0;0;0;0;0;0
Marcos_Juarez_Aero;874670;20130907;23.9;4;15.5;4;1007.9;4;994.7;4;15.0;4;6.2;4;9.3;999.9;31.9;15.1;0.0;999.9;0;0;0;0;1;0
Marcos_Juarez_Aero;874670;20130908;19.1;4;12.1;4;1015.4;4;1002.0;4;12.6;4;4.2;4;5.1;999.9;29.2;8.6;0.0;999.9;1;0;0;0;0;0
Marcos_Juarez_Aero;874670;20130909;21.6;4;12.8;4;1011.9;4;998.6;4;17.5;4;5.8;4;8.2;999.9;35.5;11.5;0.0;999.9;0;0;0;0;0;0
Marcos_Juarez_Aero;874670;20130910;27.7;4;14.4;4;1005.5;4;992.5;4;13.2;4;8.1;4;10.8;999.9;36.2;19.6;0.0;999.9;0;0;0;0;0;0
Marcos_Juarez_Aero;874670;20130911;24.3;4;12.6;4;1005.1;4;992.2;4;15.8;4;4.7;4;5.1;999.9;36.5;14.6;0.0;999.9;0;0;0;0;0;0
Marcos_Juarez_Aero;874670;20130912;15.9;4;11.6;4;1007.2;4;993.8;4;18.8;4;7.7;4;12.9;999.9;28.9;12.5;0.0;999.9;0;0;0;0;0;0
Marcos_Juarez_Aero;874670;20130913;12.3;4;8.6;4;1019.6;4;1005.9;4;20.0;4;8.5;4;9.8;999.9;19.4;8.3;0.0;999.9;0;1;0;0;0;0
Marcos_Juarez_Aero;874670;20130914;10.0;4;5.1;4;1023.8;4;1009.8;4;20.0;4;5.1;4;7.2;999.9;15.3;6.7;0.0;999.9;0;0;0;0;0;0
Marcos_Juarez_Aero;874670;20130915;10.0;4;3.5;4;1021.8;4;1007.8;4;20.0;4;6.4;4;9.3;999.9;14.2;5.5;0.0;999.9;0;0;0;0;0;0
Marcos_Juarez_Aero;874670;20130916;8.4;5;3.7;5;1020.5;5;1006.5;5;18.0;5;9.1;5;9.8;999.9;15.4;5.3;0.0;999.9;0;1;0;0;0;0
Marcos_Juarez_Aero;874670;20130917;9.2;5;0.8;5;1022.4;5;1008.4;5;17.5;5;7.0;5;7.7;999.9;14.6;0.5;0.0;999.9;0;1;0;0;0;0
Marcos_Juarez_Aero;874670;20130919;13.1;4;-1.7;4;1020.3;4;1006.4;4;20.0;4;4.9;4;10.8;999.9;22.9;1.2;0.0;999.9;0;0;0;0;0;0
Marcos_Juarez_Aero;874670;20130920;13.9;4;2.3;4;1011.7;4;998.0;4;17.5;4;5.3;4;6.7;999.9;25.6;4.2;0.0;999.9;0;0;0;0;0;0
Marcos_Juarez_Aero;874670;20130921;12.4;4;1.4;4;1013.3;4;999.7;4;20.0;4;7.8;4;10.3;999.9;25.7;7.2;0.0;999.9;0;0;0;0;0;0
Marcos_Juarez_Aero;874670;20130922;10.3;4;6.0;4;1023.9;4;1010.0;4;20.0;4;4.7;4;8.2;999.9;16.2;3.7;4.1;999.9;0;0;0;0;0;0
Marcos_Juarez_Aero;874670;20130923;6.6;4;2.1;4;1030.8;4;1016.7;4;20.0;4;4.8;4;11.3;999.9;17.2;-2.4;0.0;999.9;0;0;0;0;0;0
Marcos_Juarez_Aero;874670;20130924;5.6;4;-0.1;4;1032.1;4;1017.8;4;15.9;4;2.8;4;5.1;999.9;16.9;-3.4;0.0;999.9;1;0;0;0;0;0
Marcos_Juarez_Aero;874670;20130925;9.8;4;2.1;4;1026.4;4;1012.4;4;20.0;4;6.9;4;10.8;999.9;18.7;1.1;0.0;999.9;0;0;0;0;0;0
Marcos_Juarez_Aero;874670;20130926;16.1;6;5.6;6;1018.1;6;1004.4;6;20.0;6;7.7;6;11.3;999.9;22.7;4.2;0.0;999.9;0;0;0;0;0;0
Marcos_Juarez_Aero;874670;20130927;15.3;4;9.5;4;1016.1;4;1002.5;4;20.0;4;4.9;4;6.2;999.9;23.7;8.2;0.0;999.9;0;0;0;0;0;0
Marcos_Juarez_Aero;874670;20130928;11.1;4;7.4;4;1017.5;4;1003.8;4;16.3;4;9.0;4;15.4;999.9;25.0;4.7;9.9;999.9;0;1;0;0;0;0
Marcos_Juarez_Aero;874670;20130929;9.8;4;1.6;4;1022.7;4;1008.7;4;17.1;4;8.0;4;9.3;999.9;17.9;1.6;0.8;999.9;0;0;0;0;0;0
Marcos_Juarez_Aero;874670;20130930;12.3;4;8.0;4;1019.6;4;1005.8;4;20.0;4;8.9;4;12.4;999.9;18.6;7.6;0.0;999.9;0;0;0;0;0;0
Marcos_Juarez_Aero;874670;20131001;10.9;4;6.3;4;1018.2;4;1004.4;4;20.0;4;5.0;4;7.2;999.9;18.7;4.2;0.0;999.9;0;0;0;0;0;0
Marcos_Juarez_Aero;874670;20131002;12.7;5;6.1;5;1017.9;5;1004.1;5;20.0;5;4.1;5;8.2;999.9;23.9;3.5;0.0;999.9;0;0;0;0;0;0
Marcos_Juarez_Aero;874670;20131003;13.7;5;11.1;5;1017.8;5;1004.1;5;13.8;5;5.7;5;7.2;999.9;24.3;10.4;4.1;999.9;0;1;0;0;0;0
Marcos_Juarez_Aero;874670;20131004;12.7;4;8.4;4;1022.8;4;1009.0;4;13.5;4;6.3;4;7.7;999.9;21.0;6.6;0.0;999.9;0;0;0;0;0;0
Marcos_Juarez_Aero;874670;20131005;14.4;4;7.6;4;1021.6;4;1007.8;4;20.0;4;4.0;4;6.7;999.9;24.0;3.4;0.0;999.9;0;0;0;0;0;0
Marcos_Juarez_Aero;874670;20131006;16.4;4;7.5;4;1022.1;4;1008.4;4;20.0;4;5.8;4;7.7;999.9;26.7;6.8;0.0;999.9;0;0;0;0;0;0
Marcos_Juarez_Aero;874670;20131007;18.1;4;6.9;4;1021.9;4;1008.3;4;20.0;4;7.1;4;9.3;999.9;28.0;7.8;0.0;999.9;0;0;0;0;0;0
Marcos_Juarez_Aero;874670;20131008;18.7;4;6.9;4;1017.0;4;1003.4;4;20.0;4;7.6;4;10.3;999.9;29.7;9.7;0.0;999.9;0;0;0;0;0;0
Marcos_Juarez_Aero;874670;20131009;23.6;4;11.9;4;1010.5;4;997.3;4;16.3;4;8.0;4;10.3;999.9;30.2;18.3;0.0;999.9;0;0;0;0;0;0
Marcos_Juarez_Aero;874670;20131010;18.9;4;14.4;4;1016.0;4;1002.6;4;12.6;4;4.3;4;6.7;999.9;29.6;13.0;0.0;999.9;1;0;0;0;0;0
Marcos_Juarez_Aero;874670;20131011;21.4;4;16.1;4;1015.5;4;1002.2;4;20.0;4;6.1;4;9.3;999.9;29.2;15.4;0.0;999.9;0;0;0;0;1;0
Marcos_Juarez_Aero;874670;20131013;18.7;4;16.0;4;1015.0;4;1001.5;4;15.9;4;3.6;4;5.1;999.9;23.8;14.2;0.0;999.9;0;0;0;0;0;0
Marcos_Juarez_Aero;874670;20131014;21.8;4;16.2;4;1015.9;4;1002.6;4;20.0;4;3.0;4;5.1;999.9;30.2;12.9;0.0;999.9;0;0;0;0;0;0
Marcos_Juarez_Aero;874670;20131015;23.1;4;15.7;4;1016.8;4;1003.5;4;20.0;4;4.1;4;8.2;999.9;31.2;14.5;0.0;999.9;0;0;0;0;0;0
Marcos_Juarez_Aero;874670;20131016;23.0;4;13.6;4;1015.6;4;1002.3;4;20.0;4;5.6;4;6.7;999.9;32.0;13.6;0.0;999.9;0;0;0;0;0;0
Marcos_Juarez_Aero;874670;20131017;21.6;4;15.4;4;1015.3;4;1002.0;4;20.0;4;3.7;4;5.1;999.9;31.5;14.2;0.0;999.9;0;0;0;0;0;0
Marcos_Juarez_Aero;874670;20131018;21.9;4;13.5;4;1013.3;4;1000.1;4;20.0;4;1.9;4;2.6;999.9;30.6;11.6;0.0;999.9;0;0;0;0;0;0
Marcos_Juarez_Aero;874670;20131019;23.7;4;13.5;4;1008.5;4;995.3;4;20.0;4;5.4;4;7.2;999.9;32.2;15.7;8.9;999.9;0;0;0;0;1;0
Marcos_Juarez_Aero;874670;20131020;26.4;4;12.3;4;999.2;4;986.3;4;20.0;4;9.7;4;12.4;999.9;33.3;20.6;0.0;999.9;0;0;0;0;0;0
Marcos_Juarez_Aero;874670;20131021;18.7;4;5.2;4;1013.1;4;999.8;4;20.0;4;6.0;4;8.2;999.9;30.0;10.7;0.0;999.9;0;0;0;0;0;0
Marcos_Juarez_Aero;874670;20131022;19.1;4;6.7;4;1011.0;4;997.6;4;20.0;4;7.2;4;9.8;999.9;29.8;9.0;0.0;999.9;0;0;0;0;0;0
Marcos_Juarez_Aero;874670;20131023;22.6;5;12.6;5;1007.1;5;994.0;5;14.6;5;8.0;5;14.9;999.9;29.8;14.2;0.0;999.9;0;0;0;0;0;0
Marcos_Juarez_Aero;874670;20131024;16.2;4;3.5;4;1021.9;4;1008.3;4;20.0;4;5.8;4;7.2;999.9;30.0;8.9;0.0;999.9;0;0;0;0;0;0
Marcos_Juarez_Aero;874670;20131025;14.9;4;5.4;4;1022.1;4;1008.4;4;20.0;4;5.8;4;8.2;999.9;22.5;9.9;0.0;999.9;0;1;0;0;0;0
Marcos_Juarez_Aero;874670;20131026;19.1;4;11.7;4;1015.1;4;1001.6;4;18.8;4;4.6;4;8.2;999.9;27.5;12.4;0.5;999.9;0;1;0;0;1;0
Marcos_Juarez_Aero;874670;20131027;20.8;4;10.8;4;1017.8;4;1004.4;4;20.0;4;4.5;4;8.2;999.9;28.4;12.2;0.0;999.9;0;0;0;0;0;0
Marcos_Juarez_Aero;874670;20131028;20.5;4;9.8;4;1015.7;4;1002.3;4;20.0;4;9.5;4;12.9;999.9;29.0;11.8;0.0;999.9;0;0;0;0;0;0
Marcos_Juarez_Aero;874670;20131029;21.9;4;8.6;4;1011.1;4;997.8;4;20.0;4;6.7;4;8.2;999.9;31.9;11.8;0.0;999.9;0;0;0;0;0;0
Marcos_Juarez_Aero;874670;20131030;23.2;4;10.9;4;1010.5;4;997.4;4;20.0;4;7.3;4;10.8;999.9;32.0;15.2;0.0;999.9;0;0;0;0;0;0
Marcos_Juarez_Aero;874670;20131101;19.5;7;18.6;7;1008.2;7;994.9;7;11.4;7;7.2;7;9.3;999.9;22.1;17.8;134.1;999.9;0;1;0;0;1;0
Marcos_Juarez_Aero;874670;20131102;19.3;8;13.2;8;1015.2;8;1001.8;8;20.0;8;6.8;8;8.8;999.9;23.6;14.0;7.1;999.9;0;0;0;0;0;0
Marcos_Juarez_Aero;874670;20131103;18.2;7;11.6;7;1018.1;7;1004.7;7;20.0;7;3.1;7;5.1;999.9;26.0;11.0;0.0;999.9;0;0;0;0;0;0
Marcos_Juarez_Aero;874670;20131104;21.1;7;12.3;7;1017.6;7;1004.2;7;20.0;7;5.0;7;8.7;999.9;27.4;12.1;0.0;999.9;0;0;0;0;0;0
Marcos_Juarez_Aero;874670;20131105;19.2;6;14.2;6;1017.9;6;1004.5;6;20.0;6;5.8;6;8.8;999.9;28.4;13.7;0.0;999.9;0;0;0;0;0;0
Marcos_Juarez_Aero;874670;20131106;22.0;4;12.9;4;1013.7;4;1000.4;4;17.1;4;9.2;4;12.9;999.9;30.2;13.0;0.0;999.9;0;0;0;0;0;0
Marcos_Juarez_Aero;874670;20131107;20.3;4;14.0;4;1012.1;4;998.8;4;20.0;4;8.1;4;11.8;999.9;31.0;17.2;0.0;999.9;0;0;0;0;0;0
Marcos_Juarez_Aero;874670;20131108;18.0;4;16.4;4;1011.9;4;998.5;4;12.1;4;4.6;4;8.8;999.9;23.0;15.2;62.0;999.9;0;1;0;0;1;0
Marcos_Juarez_Aero;874670;20131109;19.9;4;17.7;4;1007.1;4;993.8;4;20.0;4;5.4;4;8.2;999.9;23.0;16.2;7.9;999.9;0;0;0;0;0;0
Marcos_Juarez_Aero;874670;20131110;21.1;4;18.8;4;1004.5;4;991.3;4;16.3;4;6.4;4;12.9;999.9;23.5;18.6;3.0;999.9;0;1;0;0;1;0
Marcos_Juarez_Aero;874670;20131111;18.8;4;13.2;4;1008.8;4;995.5;4;20.0;4;7.5;4;7.7;999.9;25.3;14.8;0.0;999.9;0;0;0;0;0;0
Marcos_Juarez_Aero;874670;20131112;20.9;4;12.9;4;1010.1;4;996.8;4;20.0;4;3.1;4;3.6;999.9;29.4;12.5;0.0;999.9;0;0;0;0;0;0
Marcos_Juarez_Aero;874670;20131113;23.8;4;14.1;4;1012.2;4;999.0;4;20.0;4;7.4;4;10.3;999.9;31.6;15.0;0.0;999.9;0;0;0;0;0;0
