Mendoza_Aero;874180;2013;01;01;20.9;24;5.2;24;1017.0;8;938.6;8;11.6;24;3.0;24;7.2;999.9;28.7;14.2;0.0;999.9;0;0;0;0;0;0
Mendoza_Aero;874180;2013;01;02;22.1;23;7.6;23;1011.7;8;933.5;8;11.7;23;2.1;23;4.1;999.9;30.4;14.2;0.0;999.9;0;0;0;0;0;0
Mendoza_Aero;874180;2013;01;03;25.4;22;10.0;22;1006.1;8;929.1;8;11.7;22;1.5;22;3.6;999.9;33.0;16.1;0.0;999.9;0;0;0;0;0;0
Mendoza_Aero;874180;2013;01;04;26.6;24;12.1;24;1006.2;8;929.6;8;12.4;24;3.8;24;7.2;999.9;34.5;20.2;0.5;999.9;0;0;0;0;1;0
Mendoza_Aero;874180;2013;01;05;27.3;23;12.5;23;1005.7;7;929.2;7;12.4;22;2.2;23;5.1;999.9;32.5;21.7;0.0;999.9;0;0;0;0;1;0
Mendoza_Aero;874180;2013;01;06;28.4;24;12.1;24;1002.3;8;926.3;8;12.1;24;2.3;24;4.1;999.9;36.0;20.4;0.3;999.9;0;1;0;0;1;0
Mendoza_Aero;874180;2013;01;07;28.9;22;15.0;22;997.4;8;922.1;8;11.7;22;2.8;22;5.7;999.9;36.7;20.2;0.0;999.9;0;0;0;0;0;0
Mendoza_Aero;874180;2013;01;08;28.4;24;13.2;24;1003.0;8;927.4;8;12.1;24;4.5;24;6.7;999.9;36.0;22.9;0.0;999.9;0;0;0;0;0;0
Mendoza_Aero;874180;2013;01;09;27.8;23;15.5;23;1010.2;8;933.5;8;12.1;23;2.1;23;5.1;999.9;35.0;19.9;0.0;999.9;0;0;0;0;0;0
Mendoza_Aero;874180;2013;01;10;30.2;24;17.4;24;1007.1;7;931.3;7;11.4;24;1.7;24;5.1;10.8;37.3;22.3;0.0;999.9;0;0;0;0;0;0
Mendoza_Aero;874180;2013;01;11;31.3;24;17.0;24;1002.6;7;927.5;7;11.7;24;2.3;24;5.1;999.9;37.2;24.7;0.0;999.9;0;0;0;0;0;0
Mendoza_Aero;874180;2013;01;12;28.2;24;18.7;24;1004.1;7;928.2;7;11.3;24;2.0;24;10.3;27.8;37.8;18.0;22.1;999.9;0;1;0;0;1;0
Mendoza_Aero;874180;2013;01;13;28.4;24;17.8;23;1007.6;7;931.0;8;12.2;24;2.0;22;3.6;999.9;35.5;22.7;0.0;999.9;0;0;0;0;0;0
Mendoza_Aero;874180;2013;01;14;26.7;23;18.1;23;1009.5;8;933.0;8;12.2;23;2.3;23;9.3;15.9;35.1;20.4;2.0;999.9;0;1;0;0;1;0
Mendoza_Aero;874180;2013;01;15;28.9;24;19.1;24;1004.0;8;928.0;8;12.2;24;1.9;23;4.1;999.9;35.0;23.6;0.0;999.9;0;0;0;0;0;0
Mendoza_Aero;874180;2013;01;16;25.7;22;18.0;22;1005.0;8;928.6;8;12.6;22;2.7;22;10.3;999.9;35.5;19.7;0.0;999.9;0;0;0;0;0;0
Mendoza_Aero;874180;2013;01;17;24.5;20;17.4;20;1012.2;4;934.8;4;11.4;20;1.5;20;3.1;999.9;32.8;18.5;16.0;999.9;0;1;0;0;1;0
Mendoza_Aero;874180;2013;01;18;26.5;23;15.4;23;1011.4;8;934.4;8;12.2;23;1.5;23;2.6;999.9;32.5;21.5;0.0;999.9;0;0;0;0;0;0
Mendoza_Aero;874180;2013;01;19;25.4;24;15.2;24;1012.7;8;935.6;8;12.2;24;2.2;24;4.6;999.9;32.5;22.0;0.0;999.9;0;1;0;0;0;0
Mendoza_Aero;874180;2013;01;20;22.0;24;15.1;24;1015.7;8;937.5;8;12.6;24;2.2;23;6.2;999.9;30.2;17.0;0.5;999.9;0;1;0;0;0;0
Mendoza_Aero;874180;2013;01;21;22.9;24;16.6;24;1012.5;8;934.5;8;12.6;24;2.3;24;6.2;999.9;26.0;18.4;2.0;999.9;0;1;0;0;0;0
Mendoza_Aero;874180;2013;01;22;24.7;23;15.9;23;1010.6;8;933.1;8;12.6;23;0.9;23;3.6;999.9;31.0;19.0;0.0;999.9;0;0;0;0;1;0
Mendoza_Aero;874180;2013;01;23;26.7;24;13.1;24;1009.3;7;932.4;7;11.7;24;1.7;24;3.6;999.9;35.0;17.8;0.0;999.9;0;0;0;0;0;0
Mendoza_Aero;874180;2013;01;24;28.8;23;11.2;23;1002.7;8;926.9;8;12.6;23;2.0;23;5.1;999.9;35.5;20.0;0.0;999.9;0;0;0;0;1;0
Mendoza_Aero;874180;2013;01;25;22.9;24;9.2;24;1010.5;8;933.4;8;11.7;24;3.1;24;8.2;16.5;35.0;16.3;0.3;999.9;0;1;0;0;1;0
Mendoza_Aero;874180;2013;01;26;24.6;24;11.2;24;1009.2;8;931.8;8;11.7;24;1.4;24;4.1;999.9;32.0;15.5;0.0;999.9;0;0;0;0;0;0
Mendoza_Aero;874180;2013;01;27;26.0;24;12.6;24;1006.5;8;929.9;8;12.1;24;2.1;24;6.2;999.9;33.0;20.0;0.0;999.9;0;0;0;0;1;0
Mendoza_Aero;874180;2013;01;28;24.8;24;12.6;24;1010.9;8;933.6;8;12.6;24;2.0;24;5.1;999.9;31.6;18.5;0.0;999.9;0;1;0;0;1;0
Mendoza_Aero;874180;2013;01;29;23.9;24;12.7;24;1012.3;8;934.7;8;12.1;24;1.9;23;3.6;999.9;31.0;19.0;0.0;999.9;0;0;0;0;0;0
Mendoza_Aero;874180;2013;01;30;26.4;24;15.2;24;1008.0;8;931.2;8;12.1;23;1.7;24;5.7;999.9;32.0;20.2;0.0;999.9;0;1;0;0;1;0
Mendoza_Aero;874180;2013;01;31;24.8;24;16.9;24;1005.5;8;928.7;8;12.4;24;2.5;24;4.6;999.9;33.0;18.4;2.0;999.9;0;1;0;0;1;0
Mendoza_Aero;874180;2013;02;01;28.1;24;17.3;24;1001.9;8;925.9;8;11.9;24;2.2;24;7.2;999.9;35.0;20.2;0.0;999.9;0;0;0;0;0;0
Mendoza_Aero;874180;2013;02;02;26.2;24;9.4;24;1010.4;7;933.7;8;11.7;24;2.7;24;6.7;12.3;35.7;21.0;126.0;999.9;0;0;0;0;0;0
Mendoza_Aero;874180;2013;02;03;25.1;23;8.5;23;1013.0;7;935.6;8;11.7;23;1.7;23;4.6;999.9;33.0;16.9;0.0;999.9;0;0;0;0;0;0
Mendoza_Aero;874180;2013;02;04;26.9;23;13.3;23;1006.1;7;929.6;7;11.7;23;1.4;23;4.1;999.9;36.0;19.0;0.0;999.9;0;0;0;0;0;0
Mendoza_Aero;874180;2013;02;05;29.1;23;14.5;23;1004.5;7;928.7;7;12.1;23;1.6;22;4.1;999.9;37.0;20.9;0.0;999.9;0;0;0;0;0;0
Mendoza_Aero;874180;2013;02;06;29.6;23;14.2;23;1006.9;7;931.0;7;12.1;23;2.1;23;3.6;999.9;37.6;24.1;0.0;999.9;0;0;0;0;0;0
Mendoza_Aero;874180;2013;02;07;28.8;24;15.9;24;1007.5;7;931.4;7;12.2;24;1.9;24;5.1;999.9;35.9;21.2;7.9;999.9;0;1;0;0;1;0
Mendoza_Aero;874180;2013;02;08;28.6;24;13.5;24;1004.3;8;928.6;8;12.1;24;1.9;24;3.6;999.9;36.0;23.7;0.0;999.9;0;1;0;0;0;0
Mendoza_Aero;874180;2013;02;09;27.2;24;14.4;24;1004.0;7;927.8;7;11.7;24;2.3;24;4.1;999.9;34.0;21.1;0.0;999.9;0;1;0;0;1;0
Mendoza_Aero;874180;2013;02;10;24.4;24;14.7;24;1005.5;8;928.8;8;12.2;24;2.0;24;5.1;9.3;35.0;18.1;3.0;999.9;0;1;0;0;1;0
Mendoza_Aero;874180;2013;02;11;26.4;24;12.9;24;1006.6;8;929.8;8;12.2;24;2.0;24;4.6;999.9;33.0;19.7;0.0;999.9;0;0;0;0;1;0
Mendoza_Aero;874180;2013;02;12;27.4;24;12.0;24;1000.3;8;924.4;8;11.7;24;2.0;24;5.1;999.9;33.6;20.7;0.0;999.9;0;0;0;0;0;0
Mendoza_Aero;874180;2013;02;13;27.5;24;11.6;24;1002.7;8;926.8;8;12.4;24;3.4;24;5.1;999.9;34.5;22.5;0.0;999.9;0;0;0;0;1;0
Mendoza_Aero;874180;2013;02;14;27.2;24;11.4;24;1006.6;8;930.1;8;12.1;24;2.2;24;5.7;999.9;32.5;22.0;0.0;999.9;0;0;0;0;0;0
Mendoza_Aero;874180;2013;02;15;27.8;24;13.1;24;1004.6;8;928.5;8;12.1;23;1.6;23;5.1;999.9;35.0;19.8;999.9;999.9;0;1;0;0;1;0
Mendoza_Aero;874180;2013;02;16;25.9;23;14.2;23;1000.9;8;924.6;8;12.1;23;2.7;23;5.1;999.9;35.5;14.8;0.5;999.9;0;0;0;0;1;0
Mendoza_Aero;874180;2013;02;17;22.3;24;6.7;24;1007.0;7;929.8;7;11.7;24;3.8;24;6.2;999.9;33.5;18.0;0.0;999.9;0;0;0;0;0;0
Mendoza_Aero;874180;2013;02;18;18.5;24;1.1;24;1016.9;8;937.5;8;11.7;24;1.5;24;5.7;999.9;23.1;13.4;0.0;999.9;0;0;0;0;0;0
Mendoza_Aero;874180;2013;02;19;20.0;24;3.7;24;1013.5;8;934.6;8;11.6;24;1.6;24;3.6;999.9;27.0;11.3;0.0;999.9;0;0;0;0;0;0
Mendoza_Aero;874180;2013;02;20;21.4;24;9.4;24;1011.5;8;933.3;8;11.6;24;1.8;23;4.1;999.9;27.5;15.7;0.0;999.9;0;0;0;0;0;0
Mendoza_Aero;874180;2013;02;21;23.7;24;11.2;24;1011.1;8;933.3;8;11.6;24;1.9;24;4.1;999.9;30.0;17.0;0.0;999.9;0;0;0;0;0;0
Mendoza_Aero;874180;2013;02;22;25.5;24;12.6;24;1007.0;8;929.9;8;11.6;24;1.5;24;3.6;999.9;33.1;18.1;0.0;999.9;0;0;0;0;0;0
Mendoza_Aero;874180;2013;02;23;26.4;24;15.3;24;1003.1;8;926.6;8;12.1;24;1.6;24;4.1;999.9;33.9;18.4;0.0;999.9;0;0;0;0;0;0
Mendoza_Aero;874180;2013;02;24;24.3;24;7.4;24;1008.5;8;931.5;8;12.1;24;3.2;24;6.7;12.3;33.4;19.7;0.0;999.9;0;0;0;0;0;0
Mendoza_Aero;874180;2013;02;25;20.6;24;5.9;24;1014.1;8;935.6;8;11.7;24;2.1;24;4.1;999.9;27.0;14.7;0.0;999.9;0;0;0;0;0;0
Mendoza_Aero;874180;2013;02;26;21.8;23;6.1;23;1012.5;8;934.0;8;11.7;23;1.4;23;3.6;999.9;28.1;13.5;0.0;999.9;0;0;0;0;0;0
Mendoza_Aero;874180;2013;02;27;23.5;24;9.5;24;1007.3;8;929.7;8;11.4;24;1.4;24;3.6;999.9;33.0;15.4;0.0;999.9;0;0;0;0;0;0
Mendoza_Aero;874180;2013;02;28;26.3;24;13.2;24;1002.0;8;925.5;8;11.7;24;1.4;24;3.6;999.9;34.0;18.2;0.0;999.9;0;0;0;0;0;0
Mendoza_Aero;874180;2013;03;01;24.3;24;14.1;23;999.0;8;922.8;8;11.7;24;3.6;24;6.7;11.3;34.4;20.8;0.0;999.9;0;0;0;0;0;0
Mendoza_Aero;874180;2013;03;02;20.2;24;4.2;24;1011.7;8;933.2;8;12.1;24;2.8;24;5.7;9.8;26.0;11.9;0.0;999.9;0;0;0;0;0;0
Mendoza_Aero;874180;2013;03;03;18.9;24;7.2;24;1017.1;8;937.9;8;12.2;24;1.8;24;3.6;999.9;25.9;13.0;0.0;999.9;0;0;0;0;0;0
Mendoza_Aero;874180;2013;03;04;21.2;23;6.1;23;1015.0;8;936.2;8;12.1;23;1.7;23;3.6;999.9;27.0;13.5;0.0;999.9;0;0;0;0;0;0
Mendoza_Aero;874180;2013;03;05;21.9;23;8.2;23;1008.5;8;930.6;8;11.7;23;1.5;23;5.1;999.9;31.2;12.6;0.0;999.9;0;0;0;0;0;0
Mendoza_Aero;874180;2013;03;06;24.4;24;10.0;24;1002.6;8;925.7;8;11.6;24;1.5;24;3.6;999.9;32.0;16.8;0.0;999.9;0;0;0;0;0;0
Mendoza_Aero;874180;2013;03;07;23.1;24;5.2;24;1007.0;8;929.8;8;11.6;24;4.1;24;6.7;10.8;32.1;16.7;0.0;999.9;0;0;0;0;0;0
Mendoza_Aero;874180;2013;03;08;23.7;23;9.5;23;1007.5;8;930.1;8;12.1;23;0.9;23;3.6;999.9;30.3;17.2;0.0;999.9;0;0;0;0;0;0
Mendoza_Aero;874180;2013;03;09;25.6;23;13.7;23;1004.1;8;927.3;8;11.4;23;1.6;23;3.6;999.9;33.0;18.4;0.0;999.9;0;0;0;0;0;0
Mendoza_Aero;874180;2013;03;10;25.2;24;11.7;24;1007.3;8;930.5;8;12.1;24;2.6;23;5.1;999.9;33.0;20.5;0.3;999.9;0;1;0;0;0;0
Mendoza_Aero;874180;2013;03;11;22.8;24;9.2;24;1004.1;7;926.6;7;11.1;24;1.7;24;4.6;999.9;30.0;15.4;0.0;999.9;0;0;0;0;0;0
Mendoza_Aero;874180;2013;03;12;23.3;24;5.6;24;1007.7;8;930.4;8;12.1;24;2.3;24;5.7;999.9;30.2;16.2;999.9;999.9;0;1;0;0;1;0
Mendoza_Aero;874180;2013;03;13;18.1;24;5.8;24;1013.2;8;934.7;8;12.2;24;4.1;24;7.2;999.9;28.5;13.0;0.0;999.9;0;0;0;0;0;0
Mendoza_Aero;874180;2013;03;14;10.7;23;7.8;23;1020.3;8;938.9;8;10.9;23;3.0;23;4.1;999.9;24.2;8.9;0.8;999.9;0;1;0;0;0;0
Mendoza_Aero;874180;2013;03;15;10.8;24;8.7;24;1022.7;8;940.9;8;9.8;24;1.7;24;4.1;999.9;13.0;9.0;0.0;999.9;0;1;0;0;0;0
Mendoza_Aero;874180;2013;03;16;12.7;24;9.8;24;1021.2;8;939.8;8;7.4;24;0.8;24;2.6;999.9;16.0;11.0;0.3;999.9;0;0;0;0;0;0
Mendoza_Aero;874180;2013;03;17;16.4;24;11.9;24;1019.2;8;938.8;8;11.6;24;1.1;24;3.6;999.9;21.4;11.3;0.0;999.9;0;0;0;0;0;0
Mendoza_Aero;874180;2013;03;18;18.2;24;11.0;24;1016.0;8;936.6;8;12.6;24;1.4;24;3.1;999.9;21.6;12.8;0.0;999.9;0;0;0;0;0;0
Mendoza_Aero;874180;2013;03;19;19.2;24;11.3;24;1013.6;8;934.5;8;11.6;24;1.1;24;3.6;999.9;24.0;15.0;0.0;999.9;0;1;0;0;0;0
Mendoza_Aero;874180;2013;03;20;19.7;24;10.3;24;1009.2;8;930.5;8;11.4;24;1.0;24;3.6;999.9;28.0;13.0;1.0;999.9;0;0;0;0;0;0
Mendoza_Aero;874180;2013;03;21;19.4;24;8.7;24;1011.6;8;933.0;8;11.7;24;2.1;24;5.7;10.8;28.4;14.6;0.0;999.9;0;0;0;0;0;0
Mendoza_Aero;874180;2013;03;22;20.8;24;7.0;24;1012.4;7;933.8;7;11.4;24;1.3;24;3.1;999.9;26.0;14.0;0.0;999.9;0;0;0;0;0;0
Mendoza_Aero;874180;2013;03;23;22.6;24;10.4;24;1012.1;8;934.0;8;11.9;24;1.1;24;3.1;999.9;29.6;15.8;0.0;999.9;0;0;0;0;0;0
Mendoza_Aero;874180;2013;03;24;22.7;24;12.8;24;1007.7;8;930.1;8;12.4;23;2.5;24;6.2;10.3;30.0;17.6;0.0;999.9;0;1;0;0;1;0
Mendoza_Aero;874180;2013;03;25;20.7;24;8.1;24;1012.4;8;934.3;8;11.9;24;3.0;24;7.7;999.9;28.6;17.4;0.8;999.9;0;0;0;0;0;0
Mendoza_Aero;874180;2013;03;26;19.1;24;6.4;24;1017.7;8;938.1;8;11.7;24;0.9;24;3.1;999.9;27.8;10.6;0.0;999.9;0;0;0;0;0;0
Mendoza_Aero;874180;2013;03;27;22.6;24;10.3;24;1014.2;8;935.8;8;11.4;24;1.1;24;3.6;999.9;30.1;15.0;0.0;999.9;0;0;0;0;0;0
Mendoza_Aero;874180;2013;03;28;22.5;23;10.6;23;1012.8;8;934.8;8;11.9;23;1.0;23;2.6;999.9;30.8;14.4;0.0;999.9;0;0;0;0;0;0
Mendoza_Aero;874180;2013;03;29;22.9;24;10.4;24;1009.5;8;931.8;8;11.7;24;1.3;24;3.1;999.9;31.0;15.5;0.0;999.9;0;0;0;0;0;0
Mendoza_Aero;874180;2013;03;30;22.7;24;11.2;24;1007.4;8;929.8;8;11.9;24;1.1;24;3.6;999.9;31.1;16.2;0.0;999.9;0;0;0;0;0;0
Mendoza_Aero;874180;2013;03;31;16.7;23;13.1;23;1013.7;8;934.7;8;10.6;23;3.3;23;9.3;14.4;29.7;14.0;13.0;999.9;0;1;0;0;1;0
Mendoza_Aero;874180;2013;04;01;14.4;24;9.6;24;1017.9;8;937.6;8;12.1;24;2.2;24;4.1;999.9;17.0;11.5;3.0;999.9;0;1;0;0;0;0
Mendoza_Aero;874180;2013;04;02;13.5;24;10.5;24;1019.0;8;938.2;8;10.8;24;1.1;24;3.6;999.9;17.5;10.0;1.0;999.9;0;1;0;0;0;0
Mendoza_Aero;874180;2013;04;03;13.9;24;9.7;24;1019.4;7;938.4;7;10.1;24;0.6;24;1.5;999.9;20.0;10.0;0.0;999.9;0;0;0;0;0;0
Mendoza_Aero;874180;2013;04;04;16.1;24;8.1;24;1011.5;8;931.5;8;11.6;24;0.7;24;2.6;999.9;25.0;8.5;0.0;999.9;0;0;0;0;0;0
Mendoza_Aero;874180;2013;04;05;18.2;24;8.7;24;1005.7;8;927.0;8;11.6;24;1.5;24;4.6;999.9;26.0;10.0;0.0;999.9;0;0;0;0;0;0
Mendoza_Aero;874180;2013;04;06;18.1;24;5.3;24;1010.3;8;931.6;8;11.6;24;3.3;24;7.2;999.9;26.5;13.8;0.0;999.9;0;0;0;0;0;0
Mendoza_Aero;874180;2013;04;07;16.7;24;4.2;24;1015.1;8;935.3;8;11.6;24;1.3;24;3.6;999.9;24.0;10.3;0.0;999.9;0;0;0;0;0;0
Mendoza_Aero;874180;2013;04;08;17.7;23;5.9;23;1014.8;8;935.2;8;11.6;23;1.1;23;3.1;999.9;26.0;9.8;0.0;999.9;0;0;0;0;0;0
Mendoza_Aero;874180;2013;04;09;19.8;24;9.8;24;1008.8;8;930.3;8;11.7;24;0.9;24;4.1;999.9;26.5;12.5;0.0;999.9;0;0;0;0;0;0
Mendoza_Aero;874180;2013;04;10;20.5;23;10.3;23;1005.7;7;927.6;7;11.6;23;1.8;23;5.1;999.9;26.5;15.0;0.0;999.9;0;0;0;0;0;0
Mendoza_Aero;874180;2013;04;11;17.2;24;8.2;24;1007.8;8;929.1;8;11.7;24;2.3;24;6.7;999.9;26.0;13.5;0.0;999.9;0;0;0;0;0;0
Mendoza_Aero;874180;2013;04;12;13.4;24;-0.2;24;1018.7;8;938.1;8;11.7;24;2.5;24;6.2;999.9;21.6;10.7;0.0;999.9;0;0;0;0;0;0
Mendoza_Aero;874180;2013;04;13;12.4;24;1.6;24;1019.0;8;937.6;8;10.9;24;0.6;24;3.1;999.9;20.4;5.2;0.0;999.9;0;0;0;0;0;0
Mendoza_Aero;874180;2013;04;14;16.1;24;4.6;24;1015.4;8;935.3;8;11.6;24;0.7;24;2.1;999.9;25.0;7.9;0.0;999.9;0;0;0;0;0;0
Mendoza_Aero;874180;2013;04;15;18.2;23;7.2;23;1015.3;7;935.8;7;11.7;23;0.9;23;2.6;999.9;27.0;9.9;0.0;999.9;0;0;0;0;0;0
Mendoza_Aero;874180;2013;04;16;20.3;24;8.7;24;1012.9;8;934.1;8;11.1;24;1.1;24;2.6;999.9;29.0;12.1;0.0;999.9;0;0;0;0;0;0
Mendoza_Aero;874180;2013;04;17;21.0;24;9.3;24;1012.0;9;933.4;9;11.7;24;0.9;24;2.6;999.9;30.0;11.9;0.0;999.9;0;0;0;0;0;0
Mendoza_Aero;874180;2013;04;18;21.2;22;9.6;22;1010.5;8;932.3;8;11.7;22;1.0;22;3.1;999.9;30.0;12.3;0.0;999.9;0;0;0;0;0;0
Mendoza_Aero;874180;2013;04;19;21.1;23;9.8;23;1010.6;8;932.4;8;11.6;23;1.0;23;3.1;999.9;29.7;13.0;0.0;999.9;0;0;0;0;0;0
Mendoza_Aero;874180;2013;04;20;21.2;24;9.7;24;1010.0;9;931.9;9;11.7;24;0.8;24;2.6;999.9;29.2;13.0;0.0;999.9;0;0;0;0;0;0
Mendoza_Aero;874180;2013;04;21;20.9;24;10.1;24;1011.1;8;932.8;8;11.3;24;0.9;24;2.6;999.9;29.0;12.0;0.0;999.9;0;0;0;0;0;0
Mendoza_Aero;874180;2013;04;22;20.7;24;11.2;24;1011.9;8;933.5;8;11.4;24;1.2;24;4.1;999.9;28.6;13.0;93.0;999.9;0;0;0;0;0;0
Mendoza_Aero;874180;2013;04;23;21.8;24;11.9;24;1013.7;8;935.3;8;11.6;24;1.1;24;2.6;999.9;28.0;12.9;0.0;999.9;0;0;0;0;0;0
Mendoza_Aero;874180;2013;04;24;21.1;24;12.4;24;1011.3;9;933.1;9;10.6;24;0.7;24;3.1;999.9;28.0;13.0;0.0;999.9;0;0;0;0;0;0
Mendoza_Aero;874180;2013;04;25;21.7;23;12.2;23;1008.7;7;930.8;7;11.3;23;0.9;23;3.1;999.9;28.4;13.1;0.0;999.9;0;0;0;0;0;0
Mendoza_Aero;874180;2013;04;26;21.2;24;11.3;24;1006.1;7;928.5;7;11.4;24;3.0;24;5.7;999.9;28.7;15.6;0.0;999.9;0;0;0;0;1;0
Mendoza_Aero;874180;2013;04;27;15.7;24;6.2;24;1012.4;8;932.9;8;11.9;24;2.5;24;4.6;999.9;24.0;8.5;0.0;999.9;0;0;0;0;0;0
Mendoza_Aero;874180;2013;04;28;14.7;24;7.2;24;1014.3;8;934.0;8;10.8;24;0.6;24;2.1;999.9;21.2;6.4;0.0;999.9;0;0;0;0;0;0
Mendoza_Aero;874180;2013;04;29;15.3;24;6.2;24;1013.3;8;933.2;8;11.4;24;1.1;24;12.3;999.9;23.0;7.8;0.0;999.9;0;0;0;0;0;0
Mendoza_Aero;874180;2013;04;30;16.5;24;8.1;24;1010.9;8;931.4;8;11.3;24;0.8;24;3.1;999.9;24.0;8.8;0.0;999.9;0;0;0;0;0;0
Mendoza_Aero;874180;2013;05;01;17.4;24;9.3;24;1007.4;8;928.4;8;11.4;24;0.7;24;2.6;999.9;24.3;9.7;0.0;999.9;0;0;0;0;0;0
Mendoza_Aero;874180;2013;05;02;18.4;24;12.2;24;1009.4;8;930.8;8;12.2;24;2.8;24;5.1;999.9;25.4;10.6;0.0;999.9;0;0;0;0;0;0
Mendoza_Aero;874180;2013;05;03;15.1;24;11.1;24;1012.0;8;932.3;8;10.6;24;0.7;24;2.1;999.9;21.1;9.6;0.0;999.9;0;0;0;0;0;0
Mendoza_Aero;874180;2013;05;04;14.6;24;7.9;24;1015.3;8;935.0;8;11.6;24;0.6;24;3.1;999.9;22.0;7.2;0.0;999.9;0;0;0;0;0;0
Mendoza_Aero;874180;2013;05;05;16.1;24;8.3;24;1019.5;7;939.4;8;11.6;24;0.9;24;3.6;999.9;23.1;7.6;0.0;999.9;0;0;0;0;0;0
Mendoza_Aero;874180;2013;05;06;16.8;22;5.1;22;1016.8;8;936.8;8;11.1;22;2.4;22;8.2;14.9;23.8;7.7;0.0;999.9;0;0;0;0;0;0
Mendoza_Aero;874180;2013;05;07;14.6;24;2.5;24;1020.2;7;939.8;7;11.6;24;0.4;24;2.1;999.9;23.5;8.0;0.0;999.9;0;0;0;0;0;0
Mendoza_Aero;874180;2013;05;08;14.9;24;4.7;24;1010.7;8;930.9;8;11.6;24;0.9;24;2.1;999.9;24.0;6.6;0.0;999.9;0;0;0;0;0;0
Mendoza_Aero;874180;2013;05;09;16.8;24;6.8;24;1009.3;8;930.2;8;10.8;24;0.4;24;2.1;999.9;25.0;8.8;0.0;999.9;0;0;0;0;0;0
Mendoza_Aero;874180;2013;05;10;17.8;23;7.5;23;1006.3;8;927.4;8;11.6;23;1.2;23;9.3;9.8;25.0;9.8;0.0;999.9;0;0;0;0;0;0
Mendoza_Aero;874180;2013;05;11;17.6;24;4.9;24;1015.2;8;936.0;8;11.1;24;1.8;24;4.1;999.9;25.0;11.0;0.0;999.9;0;0;0;0;0;0
Mendoza_Aero;874180;2013;05;12;14.6;24;2.9;24;1014.5;8;934.3;8;11.7;24;1.3;23;3.6;999.9;21.0;7.9;0.0;999.9;0;0;0;0;0;0
Mendoza_Aero;874180;2013;05;13;13.4;23;3.8;23;1013.9;8;933.5;8;11.7;23;0.4;23;2.1;999.9;21.1;7.0;0.0;999.9;0;0;0;0;0;0
Mendoza_Aero;874180;2013;05;14;11.7;24;3.4;24;1013.3;8;932.7;8;11.9;20;1.7;24;5.1;999.9;20.0;7.0;0.0;999.9;0;0;0;0;0;0
Mendoza_Aero;874180;2013;05;15;10.2;23;-4.3;23;1022.2;8;940.3;8;12.1;23;2.4;23;4.6;999.9;16.0;3.0;0.0;999.9;0;0;0;0;0;0
Mendoza_Aero;874180;2013;05;16;7.8;24;-3.0;24;1024.7;7;941.8;7;10.8;24;0.4;24;1.5;999.9;15.3;0.2;0.0;999.9;0;0;0;0;0;0
Mendoza_Aero;874180;2013;05;17;8.1;24;-1.8;24;1019.6;8;937.2;8;11.7;24;0.8;24;2.6;999.9;16.0;0.2;0.0;999.9;0;0;0;0;0;0
Mendoza_Aero;874180;2013;05;18;10.4;24;5.7;24;1017.7;7;936.1;7;9.2;24;0.8;24;2.6;999.9;16.0;2.6;2.0;999.9;0;1;0;0;0;0
Mendoza_Aero;874180;2013;05;19;12.3;24;7.0;24;1022.1;8;940.5;8;11.9;24;0.8;24;2.6;999.9;18.0;7.7;0.8;999.9;0;1;0;0;0;0
Mendoza_Aero;874180;2013;05;20;11.2;24;5.7;24;1018.2;8;936.8;8;10.5;24;0.7;24;3.6;999.9;18.0;5.2;0.0;999.9;0;0;0;0;0;0
Mendoza_Aero;874180;2013;05;21;11.9;24;5.1;24;1015.4;8;934.4;8;10.8;24;1.1;24;4.1;999.9;18.2;3.7;0.0;999.9;0;0;0;0;0;0
Mendoza_Aero;874180;2013;05;22;11.6;24;4.8;24;1020.0;8;938.5;8;11.4;24;0.7;24;2.6;999.9;19.0;3.8;0.0;999.9;0;0;0;0;0;0
Mendoza_Aero;874180;2013;05;23;11.7;23;4.8;23;1017.1;8;935.8;8;11.3;23;0.5;23;2.1;999.9;20.0;5.0;0.0;999.9;0;0;0;0;0;0
Mendoza_Aero;874180;2013;05;24;12.5;22;3.8;22;1019.6;8;938.5;8;11.7;22;0.9;22;2.6;999.9;21.0;4.8;0.0;999.9;0;0;0;0;0;0
Mendoza_Aero;874180;2013;05;25;12.2;24;4.4;24;1015.4;7;934.5;7;9.8;24;0.5;24;2.1;999.9;21.3;4.1;0.0;999.9;0;0;0;0;0;0
Mendoza_Aero;874180;2013;05;26;13.3;24;3.0;24;1010.5;8;930.1;8;11.6;24;0.5;24;2.6;999.9;24.0;4.7;0.0;999.9;0;0;0;0;0;0
Mendoza_Aero;874180;2013;05;27;12.3;24;4.1;24;1004.5;8;924.6;8;10.9;24;1.6;24;5.1;999.9;23.7;5.7;0.0;999.9;0;0;0;0;0;0
Mendoza_Aero;874180;2013;05;28;14.5;24;2.2;23;1000.1;10;920.9;10;12.4;24;2.2;24;6.7;13.4;21.0;6.4;0.0;999.9;0;0;0;0;0;0
Mendoza_Aero;874180;2013;05;29;11.4;24;1.3;24;1011.5;8;930.8;8;11.1;24;1.4;23;5.1;999.9;22.0;2.9;0.0;999.9;0;0;0;0;0;0
Mendoza_Aero;874180;2013;05;30;11.4;24;1.3;24;1012.7;8;931.7;8;11.4;24;0.6;24;2.6;999.9;19.0;3.8;0.0;999.9;0;0;0;0;0;0
Mendoza_Aero;874180;2013;05;31;16.4;24;-2.8;24;1002.7;8;923.5;8;10.9;24;2.5;20;6.7;999.9;24.0;5.5;0.0;999.9;0;0;0;0;0;0
Mendoza_Aero;874180;2013;06;01;14.4;24;-1.6;24;1008.4;8;928.9;8;10.6;24;1.2;24;3.6;999.9;24.5;4.5;0.0;999.9;0;0;0;0;0;0
Mendoza_Aero;874180;2013;06;02;14.7;24;-0.8;24;1016.1;8;935.9;8;11.4;24;0.9;24;3.1;999.9;23.0;8.1;0.0;999.9;0;0;0;0;0;0
Mendoza_Aero;874180;2013;06;03;13.3;24;-0.1;24;1018.0;9;937.2;9;11.6;24;0.5;24;2.6;999.9;21.2;6.1;0.0;999.9;0;0;0;0;0;0
Mendoza_Aero;874180;2013;06;04;13.7;24;0.9;24;1015.5;8;934.9;8;11.4;24;0.6;24;2.1;999.9;24.0;4.6;0.0;999.9;0;0;0;0;0;0
Mendoza_Aero;874180;2013;06;05;14.4;24;1.2;24;1012.5;8;932.4;8;9.8;24;1.9;24;9.3;14.9;24.1;5.8;0.0;999.9;0;0;0;0;0;0
Mendoza_Aero;874180;2013;06;06;12.9;23;-3.5;23;1018.8;8;937.9;8;11.7;23;0.5;23;2.1;999.9;23.5;6.5;0.0;999.9;0;0;0;0;0;0
Mendoza_Aero;874180;2013;06;07;12.5;24;-2.9;24;1015.3;8;934.3;8;8.9;24;2.4;23;9.3;15.4;23.6;3.2;0.0;999.9;0;0;0;0;0;0
Mendoza_Aero;874180;2013;06;08;11.9;23;-1.2;23;1020.3;9;939.1;9;11.9;23;0.8;23;2.1;999.9;24.0;4.2;0.0;999.9;0;0;0;0;0;0
Mendoza_Aero;874180;2013;06;09;12.1;24;0.0;24;1016.8;8;935.7;8;11.6;24;0.6;24;2.1;999.9;19.0;3.5;0.0;999.9;0;0;0;0;0;0
Mendoza_Aero;874180;2013;06;10;11.7;24;0.4;24;1017.2;8;935.9;8;11.6;24;0.4;24;2.1;999.9;21.0;3.5;0.0;999.9;0;0;0;0;0;0
Mendoza_Aero;874180;2013;06;11;12.7;24;0.5;24;1016.1;8;935.2;8;10.3;24;0.5;24;2.1;999.9;21.0;4.6;0.0;999.9;0;0;0;0;0;0
Mendoza_Aero;874180;2013;06;12;14.5;23;1.2;23;1015.5;8;935.0;8;11.7;23;0.4;23;1.5;999.9;24.0;6.2;0.0;999.9;0;0;0;0;0;0
Mendoza_Aero;874180;2013;06;13;14.9;21;1.1;21;1014.6;8;934.5;8;11.9;21;0.9;21;2.1;999.9;24.0;7.6;0.0;999.9;0;0;0;0;0;0
Mendoza_Aero;874180;2013;06;14;15.2;24;4.8;24;1017.9;8;937.8;8;11.4;24;1.3;22;4.1;999.9;24.5;9.8;0.0;999.9;0;0;0;0;0;0
Mendoza_Aero;874180;2013;06;15;11.4;23;5.6;23;1013.4;7;932.5;7;11.4;23;0.3;23;1.0;999.9;19.0;5.0;0.0;999.9;0;0;0;0;0;0
Mendoza_Aero;874180;2013;06;16;11.1;24;0.4;24;1016.3;8;935.2;8;12.2;24;2.3;24;6.7;11.8;18.8;5.5;0.0;999.9;0;0;0;0;0;0
Mendoza_Aero;874180;2013;06;17;7.4;23;-5.9;22;1017.4;8;935.2;8;11.6;21;0.5;22;2.6;999.9;14.0;0.7;0.0;999.9;0;0;0;0;0;0
Mendoza_Aero;874180;2013;06;18;6.8;24;-3.5;24;1015.0;8;932.5;8;11.9;23;1.5;24;5.1;999.9;15.0;-0.3;0.0;999.9;0;0;0;0;0;0
Mendoza_Aero;874180;2013;06;19;6.1;24;-11.8;23;1024.6;8;941.5;8;11.9;24;1.4;24;4.6;999.9;15.5;0.7;0.0;999.9;0;0;0;0;0;0
Mendoza_Aero;874180;2013;06;20;3.9;24;-7.4;24;1023.3;9;939.4;9;11.7;24;0.6;23;2.6;999.9;12.0;-2.8;0.0;999.9;0;0;0;0;0;0
Mendoza_Aero;874180;2013;06;21;5.8;21;-7.3;21;1015.0;7;931.9;7;11.4;21;0.4;21;2.6;999.9;16.4;-1.9;0.0;999.9;0;0;0;0;0;0
Mendoza_Aero;874180;2013;06;22;11.9;24;-4.0;24;1013.0;8;932.0;8;12.1;24;3.3;24;6.7;999.9;20.0;-0.7;0.0;999.9;0;0;0;0;0;0
Mendoza_Aero;874180;2013;06;23;10.3;23;0.3;23;1019.1;8;937.5;8;12.2;23;0.7;23;2.1;999.9;14.4;7.8;0.0;999.9;0;0;0;0;0;0
Mendoza_Aero;874180;2013;06;24;7.7;24;-0.7;24;1020.5;8;938.0;8;11.3;24;0.6;24;2.1;999.9;14.0;2.0;0.0;999.9;0;0;0;0;0;0
Mendoza_Aero;874180;2013;06;25;7.9;23;-1.3;23;1017.9;8;935.6;8;11.1;23;0.6;22;3.1;999.9;16.2;0.4;0.0;999.9;0;0;0;0;0;0
Mendoza_Aero;874180;2013;06;26;7.9;24;-1.2;24;1015.1;8;933.2;8;11.7;24;0.4;24;2.1;999.9;17.0;1.2;0.0;999.9;0;0;0;0;0;0
Mendoza_Aero;874180;2013;06;27;8.7;23;0.0;22;1008.4;8;927.1;8;9.7;23;1.3;23;6.2;18.5;16.3;2.2;0.0;999.9;0;0;0;0;0;0
Mendoza_Aero;874180;2013;06;28;13.1;24;1.0;24;1008.3;8;927.8;8;12.1;24;2.4;24;5.1;999.9;19.0;3.4;0.0;999.9;0;0;0;0;0;0
Mendoza_Aero;874180;2013;06;29;10.2;24;-1.5;24;1014.1;8;933.0;8;11.6;24;0.8;24;3.1;999.9;19.5;1.5;0.0;999.9;0;0;0;0;0;0
Mendoza_Aero;874180;2013;06;30;8.2;24;-2.4;24;1018.7;8;936.7;8;11.1;24;0.8;24;2.6;999.9;17.0;-0.3;0.0;999.9;0;0;0;0;0;0
Mendoza_Aero;874180;2013;07;01;6.6;24;-1.8;24;1021.6;7;938.7;7;11.3;24;0.6;24;2.6;999.9;13.0;0.7;0.0;999.9;0;0;0;0;0;0
Mendoza_Aero;874180;2013;07;02;7.3;24;-2.2;24;1010.6;8;928.7;8;9.0;24;0.2;24;1.0;999.9;14.2;0.9;0.0;999.9;0;0;0;0;0;0
Mendoza_Aero;874180;2013;07;03;9.6;24;0.5;24;1006.3;8;925.2;8;10.3;24;1.0;24;4.1;999.9;18.0;2.2;0.0;999.9;0;0;0;0;0;0
Mendoza_Aero;874180;2013;07;04;11.6;24;0.8;24;1015.5;7;934.5;7;12.1;24;2.5;24;4.6;999.9;18.0;4.4;0.0;999.9;0;0;0;0;0;0
Mendoza_Aero;874180;2013;07;05;9.8;24;0.5;24;1014.2;8;932.8;8;12.2;24;0.9;24;3.6;999.9;13.0;6.9;0.0;999.9;0;0;0;0;0;0
Mendoza_Aero;874180;2013;07;06;7.4;24;-0.6;24;1020.2;8;937.8;8;11.3;24;0.9;23;3.1;999.9;13.5;2.0;0.0;999.9;0;0;0;0;0;0
Mendoza_Aero;874180;2013;07;07;6.8;23;1.5;23;1026.0;8;942.9;8;12.4;22;1.6;23;3.1;999.9;11.4;3.6;0.0;999.9;0;0;0;0;0;0
Mendoza_Aero;874180;2013;07;08;6.2;23;0.6;23;1025.0;8;941.6;8;12.4;23;0.9;23;2.6;999.9;9.0;4.0;0.0;999.9;0;0;0;0;0;0
Mendoza_Aero;874180;2013;07;09;8.2;24;1.0;24;1015.8;7;933.6;7;11.9;24;0.9;23;2.6;999.9;14.0;2.0;0.0;999.9;0;0;0;0;0;0
Mendoza_Aero;874180;2013;07;10;8.6;24;1.6;24;1013.4;8;931.5;8;10.9;24;1.1;24;2.1;999.9;16.0;1.8;0.0;999.9;0;0;0;0;0;0
Mendoza_Aero;874180;2013;07;11;9.9;23;2.4;23;1015.9;9;934.2;9;10.8;23;0.8;23;3.1;999.9;18.0;1.9;0.0;999.9;0;0;0;0;0;0
Mendoza_Aero;874180;2013;07;12;10.1;24;2.3;24;1021.4;10;939.6;10;11.7;23;0.6;24;2.1;999.9;18.5;2.2;0.0;999.9;0;0;0;0;0;0
Mendoza_Aero;874180;2013;07;13;10.6;24;1.6;24;1015.3;8;933.8;8;11.4;24;1.0;24;4.1;999.9;19.0;2.2;0.0;999.9;0;0;0;0;0;0
Mendoza_Aero;874180;2013;07;14;11.7;24;-2.2;24;1019.6;8;938.2;8;11.6;24;1.6;24;4.1;999.9;20.0;3.0;0.0;999.9;0;0;0;0;0;0
Mendoza_Aero;874180;2013;07;15;10.1;23;-2.2;23;1020.6;8;938.5;8;11.7;23;0.7;23;2.6;999.9;19.0;1.5;0.0;999.9;0;0;0;0;0;0
Mendoza_Aero;874180;2013;07;16;11.8;24;-0.4;24;1015.6;9;934.5;9;10.5;24;0.5;24;3.6;999.9;23.0;1.7;0.0;999.9;0;0;0;0;0;0
Mendoza_Aero;874180;2013;07;17;12.4;24;-2.9;24;1010.3;8;930.0;8;11.6;24;1.0;24;5.7;999.9;23.6;3.7;0.0;999.9;0;0;0;0;0;0
Mendoza_Aero;874180;2013;07;18;8.2;22;-3.4;22;1019.6;8;938.0;8;11.1;22;2.9;22;8.7;13.9;22.5;3.7;0.0;999.9;0;0;0;0;0;0
Mendoza_Aero;874180;2013;07;19;3.8;24;-2.9;24;1023.9;8;940.0;8;12.2;24;2.3;24;4.1;999.9;7.5;1.7;0.0;999.9;0;0;0;0;0;0
Mendoza_Aero;874180;2013;07;20;2.6;24;-6.5;24;1015.0;8;931.2;8;10.1;24;1.9;24;8.2;12.9;11.0;-4.0;0.0;999.9;0;0;0;0;0;0
Mendoza_Aero;874180;2013;07;21;2.0;24;-5.6;24;1027.4;8;942.9;8;9.8;24;1.2;24;5.1;999.9;11.0;-3.3;3.0;2.0;0;0;1;0;0;0
Mendoza_Aero;874180;2013;07;22;1.8;24;-6.4;24;1030.8;8;945.6;8;12.2;24;0.6;24;2.1;999.9;7.0;-2.6;0.0;999.9;0;0;0;0;0;0
Mendoza_Aero;874180;2013;07;23;3.2;24;-5.8;24;1027.3;8;942.5;8;11.6;24;0.9;24;2.6;999.9;13.0;-5.8;0.0;999.9;0;0;0;0;0;0
Mendoza_Aero;874180;2013;07;24;5.3;24;-6.6;24;1026.5;7;942.5;7;10.5;24;0.8;24;4.6;999.9;15.0;-3.2;0.0;999.9;0;0;0;0;0;0
Mendoza_Aero;874180;2013;07;25;6.3;24;-6.3;24;1018.8;8;935.9;8;11.6;24;0.7;22;2.1;999.9;15.6;-1.6;0.0;999.9;0;0;0;0;0;0
Mendoza_Aero;874180;2013;07;26;8.4;24;-5.2;24;1013.4;8;931.6;8;10.6;24;0.8;23;3.1;999.9;16.0;-1.4;0.0;999.9;0;0;0;0;0;0
Mendoza_Aero;874180;2013;07;27;12.0;23;-3.7;23;1020.6;8;939.0;8;11.7;23;2.0;23;4.1;999.9;17.0;1.8;0.0;999.9;0;0;0;0;0;0
Mendoza_Aero;874180;2013;07;28;10.1;24;-1.1;24;1019.4;8;937.6;8;11.6;24;0.4;24;2.6;999.9;18.0;2.7;0.0;999.9;0;0;0;0;0;0
Mendoza_Aero;874180;2013;07;29;12.2;23;-0.8;23;1017.3;8;936.0;8;11.3;23;0.7;23;3.1;999.9;20.0;3.2;0.0;999.9;0;0;0;0;0;0
Mendoza_Aero;874180;2013;07;30;14.6;24;1.0;24;1011.1;8;931.0;8;10.9;24;1.0;24;4.1;999.9;22.0;4.4;0.0;999.9;0;0;0;0;0;0
Mendoza_Aero;874180;2013;07;31;14.2;24;0.1;24;1015.5;8;935.2;8;11.6;24;3.4;24;7.2;999.9;22.5;7.3;0.0;999.9;0;0;0;0;0;0
Mendoza_Aero;874180;2013;08;01;10.6;23;-2.9;23;1017.8;7;936.4;7;15.0;7;1.4;23;4.1;999.9;16.0;5.6;0.0;999.9;0;0;0;0;0;0
Mendoza_Aero;874180;2013;08;02;10.7;24;-3.2;23;1019.2;8;937.6;8;13.5;10;0.8;24;3.1;999.9;18.0;0.7;0.0;999.9;0;0;0;0;0;0
Mendoza_Aero;874180;2013;08;03;10.2;24;-3.6;24;1012.2;8;930.9;8;12.6;12;0.9;23;4.1;999.9;19.0;-0.3;0.0;999.9;0;0;0;0;0;0
Mendoza_Aero;874180;2013;08;04;11.2;24;-3.1;24;1015.2;7;934.0;7;13.7;9;0.8;24;3.1;999.9;19.7;2.9;0.0;999.9;0;0;0;0;0;0
Mendoza_Aero;874180;2013;08;05;12.7;23;-0.7;23;1012.3;8;931.6;8;15.0;8;1.1;23;2.6;999.9;22.0;2.5;0.0;999.9;0;0;0;0;0;0
Mendoza_Aero;874180;2013;08;06;12.7;23;-1.2;23;1012.2;8;931.8;8;15.0;8;1.1;23;5.1;999.9;22.7;2.5;0.0;999.9;0;0;0;0;0;0
Mendoza_Aero;874180;2013;08;07;16.4;21;-2.3;20;1000.4;8;921.6;8;8.7;17;3.7;21;6.7;17.5;24.0;5.0;0.0;999.9;0;0;0;0;0;0
Mendoza_Aero;874180;2013;08;08;9.4;23;-0.1;23;1016.5;8;935.4;8;12.1;19;1.0;23;2.6;999.9;21.8;7.7;0.5;999.9;0;1;0;0;0;0
Mendoza_Aero;874180;2013;08;09;8.7;23;-7.4;23;1028.0;8;945.0;8;13.0;13;2.0;23;5.1;999.9;14.0;-1.1;0.0;999.9;0;0;0;0;0;0
Mendoza_Aero;874180;2013;08;10;6.8;22;-6.1;21;1021.6;7;938.6;7;13.5;9;1.3;22;3.1;999.9;16.0;-1.8;0.0;999.9;0;0;0;0;0;0
Mendoza_Aero;874180;2013;08;11;10.8;23;-4.6;23;1011.9;8;930.3;8;15.0;8;1.2;23;4.6;999.9;21.0;-0.8;0.0;999.9;0;0;0;0;0;0
Mendoza_Aero;874180;2013;08;12;8.3;24;1.0;24;1016.8;8;935.3;8;9.8;24;2.2;24;6.2;10.8;21.5;3.0;0.8;999.9;0;1;0;0;0;0
Mendoza_Aero;874180;2013;08;13;6.1;23;2.2;23;1029.1;9;945.2;9;11.4;17;1.6;22;3.6;999.9;12.0;0.5;4.1;999.9;0;1;0;0;0;0
Mendoza_Aero;874180;2013;08;14;7.3;23;0.6;23;1027.4;9;943.9;9;14.5;10;1.2;22;5.1;999.9;17.0;-0.3;0.0;999.9;0;0;0;0;0;0
Mendoza_Aero;874180;2013;08;15;9.1;24;-0.1;24;1016.8;8;934.8;8;15.0;8;0.7;24;2.6;999.9;17.5;-0.3;0.0;999.9;0;0;0;0;0;0
Mendoza_Aero;874180;2013;08;16;12.7;20;-6.1;20;1023.7;7;941.9;7;13.5;9;2.0;20;4.6;999.9;17.2;3.8;0.0;999.9;0;0;0;0;0;0
Mendoza_Aero;874180;2013;08;17;9.7;24;-8.1;24;1021.1;9;939.0;9;15.0;9;0.7;24;2.6;999.9;18.0;-0.5;0.0;999.9;0;0;0;0;0;0
Mendoza_Aero;874180;2013;08;18;11.2;24;-5.8;24;1014.3;8;932.9;8;15.0;8;1.3;24;3.6;999.9;21.0;1.7;0.0;999.9;0;0;0;0;0;0
Mendoza_Aero;874180;2013;08;19;14.1;23;-2.9;23;1010.9;8;930.5;8;15.0;8;0.7;23;3.1;999.9;24.0;-2.3;0.0;999.9;0;0;0;0;0;0
Mendoza_Aero;874180;2013;08;20;15.4;24;-3.3;24;1011.6;8;932.0;8;10.9;14;2.2;24;6.2;999.9;24.8;6.0;0.0;999.9;0;0;0;0;0;0
Mendoza_Aero;874180;2013;08;21;15.1;23;-1.0;23;1010.4;9;930.3;9;15.0;9;1.0;23;3.1;999.9;22.0;6.5;0.0;999.9;0;0;0;0;0;0
Mendoza_Aero;874180;2013;08;22;8.3;24;-9.2;24;1020.3;9;938.6;9;12.1;11;2.5;24;10.3;13.4;22.5;2.3;0.0;999.9;0;0;0;0;0;0
Mendoza_Aero;874180;2013;08;23;5.6;23;-10.2;23;1022.5;7;939.2;7;15.0;7;1.1;23;3.1;999.9;11.0;0.5;0.0;999.9;0;0;0;0;0;0
Mendoza_Aero;874180;2013;08;24;5.1;24;-9.9;24;1027.0;8;943.3;8;13.4;12;4.3;24;6.2;999.9;11.4;0.0;0.0;999.9;0;0;0;0;0;0
Mendoza_Aero;874180;2013;08;25;3.9;23;-3.9;23;1032.0;8;947.4;8;11.7;23;1.9;23;4.6;999.9;9.4;0.6;0.0;999.9;0;0;0;0;0;0
Mendoza_Aero;874180;2013;08;26;5.7;24;-5.3;24;1030.9;9;946.7;9;13.5;13;1.2;23;3.6;999.9;13.2;-1.6;0.0;999.9;0;0;0;0;0;0
Mendoza_Aero;874180;2013;08;27;9.7;24;-5.9;24;1023.4;8;940.7;8;14.3;8;1.1;24;3.6;999.9;21.0;-0.1;0.0;999.9;0;0;0;0;0;0
Mendoza_Aero;874180;2013;08;28;14.3;24;-4.4;24;1018.8;8;937.8;8;15.0;8;0.9;24;2.6;999.9;25.0;2.9;0.0;999.9;0;0;0;0;0;0
Mendoza_Aero;874180;2013;08;29;16.6;24;-2.3;24;1011.5;8;931.8;8;10.3;12;0.7;24;2.1;999.9;27.4;4.5;0.0;999.9;0;0;0;0;0;0
Mendoza_Aero;874180;2013;08;30;17.8;24;-2.2;24;1007.7;8;928.8;8;9.2;15;0.9;24;3.1;999.9;28.0;8.0;0.0;999.9;0;0;0;0;0;0
Mendoza_Aero;874180;2013;08;31;19.9;24;-2.8;24;1008.1;8;929.8;8;15.0;8;1.8;24;3.6;999.9;28.0;9.5;0.0;999.9;0;0;0;0;0;0
Mendoza_Aero;874180;2013;09;01;18.3;24;-1.3;24;1011.0;8;932.2;8;15.0;8;2.3;24;4.1;999.9;26.5;11.7;0.0;999.9;0;0;0;0;0;0
Mendoza_Aero;874180;2013;09;02;15.3;24;1.2;24;1014.1;8;934.4;8;15.0;8;3.1;24;5.1;999.9;23.7;9.8;0.0;999.9;0;0;0;0;0;0
Mendoza_Aero;874180;2013;09;03;13.1;24;0.5;24;1022.1;8;941.1;8;12.4;17;2.5;24;6.2;999.9;20.0;10.0;0.0;999.9;0;0;0;0;0;0
Mendoza_Aero;874180;2013;09;04;12.3;22;1.3;22;1015.9;8;934.8;8;10.9;13;1.1;22;4.1;999.9;21.0;4.9;0.0;999.9;0;0;0;0;0;0
Mendoza_Aero;874180;2013;09;05;16.3;23;2.6;23;1010.8;8;930.9;8;15.0;8;2.0;23;5.1;999.9;24.0;7.3;0.0;999.9;0;0;0;0;0;0
Mendoza_Aero;874180;2013;09;06;18.2;24;2.4;24;1010.2;8;931.0;8;13.2;11;1.6;24;3.6;999.9;27.0;8.4;0.0;999.9;0;0;0;0;0;0
Mendoza_Aero;874180;2013;09;07;20.5;23;4.6;23;1008.1;8;929.8;8;15.0;8;1.9;23;4.6;999.9;29.0;10.0;0.0;999.9;0;0;0;0;0;0
Mendoza_Aero;874180;2013;09;08;22.1;24;4.2;24;1012.0;8;933.8;8;14.0;10;2.6;22;5.1;999.9;29.5;15.0;0.0;999.9;0;0;0;0;0;0
Mendoza_Aero;874180;2013;09;09;21.5;24;5.1;24;1006.5;7;927.8;8;14.5;9;0.9;24;3.6;999.9;32.4;12.7;0.0;999.9;0;0;0;0;0;0
Mendoza_Aero;874180;2013;09;10;24.2;23;3.8;23;1000.6;8;923.7;8;12.2;12;2.1;23;5.7;999.9;33.1;14.1;0.0;999.9;0;0;0;0;0;0
Mendoza_Aero;874180;2013;09;11;19.6;24;1.3;24;1008.0;8;930.2;8;12.2;16;4.4;24;8.2;999.9;33.8;13.4;0.0;999.9;0;0;0;0;0;0
Mendoza_Aero;874180;2013;09;12;11.9;24;0.4;24;1012.6;9;932.6;9;13.0;15;3.2;24;6.2;999.9;22.3;8.8;0.0;999.9;0;0;0;0;0;0
Mendoza_Aero;874180;2013;09;13;8.9;23;-2.4;23;1023.0;7;940.6;7;11.6;22;1.2;22;4.1;999.9;11.0;7.0;0.0;999.9;0;0;0;0;0;0
Mendoza_Aero;874180;2013;09;14;7.6;24;-2.3;24;1021.3;7;938.7;7;11.4;24;2.6;24;5.1;999.9;10.5;5.7;0.0;999.9;0;0;0;0;0;0
Mendoza_Aero;874180;2013;09;15;5.1;24;-0.6;24;1023.5;8;940.0;8;11.6;24;4.1;24;6.2;999.9;9.3;2.7;0.0;999.9;0;1;0;0;0;0
Mendoza_Aero;874180;2013;09;16;4.7;24;-0.3;24;1024.7;7;940.9;7;10.9;23;1.0;24;4.1;999.9;8.7;2.0;0.0;999.9;0;1;0;0;0;0
Mendoza_Aero;874180;2013;09;17;6.4;22;-5.3;21;1024.2;8;940.8;8;12.9;14;1.3;22;5.1;999.9;13.0;-1.6;0.0;999.9;0;0;0;0;0;0
Mendoza_Aero;874180;2013;09;18;9.2;24;-6.4;24;1019.7;8;937.2;7;15.0;8;1.5;24;5.1;999.9;18.0;-0.1;0.0;999.9;0;0;0;0;0;0
Mendoza_Aero;874180;2013;09;19;11.4;24;-4.3;24;1013.7;7;932.6;7;14.3;7;0.8;24;2.6;999.9;19.4;2.3;0.0;999.9;0;0;0;0;0;0
Mendoza_Aero;874180;2013;09;20;13.6;24;-1.8;24;1009.2;8;929.2;8;15.0;8;1.6;24;6.2;999.9;20.0;7.5;0.0;999.9;0;0;0;0;0;0
Mendoza_Aero;874180;2013;09;21;8.0;24;-1.1;24;1015.8;7;934.6;7;9.2;17;3.6;23;6.2;999.9;20.1;2.0;0.5;999.9;0;1;0;0;0;0
Mendoza_Aero;874180;2013;09;22;7.0;23;-5.8;23;1026.2;7;942.2;8;11.3;15;1.2;23;7.2;999.9;15.0;-1.3;5.1;999.9;0;0;0;0;0;0
Mendoza_Aero;874180;2013;09;23;9.3;24;-0.8;24;1031.7;8;948.8;8;12.1;19;2.4;24;5.1;999.9;16.0;2.6;0.0;999.9;0;0;0;0;0;0
Mendoza_Aero;874180;2013;09;24;10.8;23;-2.4;23;1025.9;8;943.4;8;15.0;8;1.2;23;4.1;999.9;19.0;2.4;0.0;999.9;0;0;0;0;0;0
Mendoza_Aero;874180;2013;09;25;12.6;23;-2.9;23;1016.2;8;935.3;8;15.0;8;1.2;23;4.1;999.9;21.0;4.4;0.0;999.9;0;0;0;0;0;0
Mendoza_Aero;874180;2013;09;26;14.7;24;-1.6;24;1010.8;8;930.7;8;12.4;12;1.0;24;3.6;999.9;23.0;5.0;0.0;999.9;0;0;0;0;0;0
Mendoza_Aero;874180;2013;09;27;15.4;24;-3.8;24;1013.2;7;933.4;7;12.1;9;5.0;24;15.4;999.9;23.5;8.0;0.0;999.9;0;0;0;0;0;0
Mendoza_Aero;874180;2013;09;28;6.4;24;-3.3;24;1026.5;8;943.7;8;10.0;23;4.6;24;7.7;12.9;19.5;3.2;0.0;999.9;0;0;0;0;0;0
Mendoza_Aero;874180;2013;09;29;8.8;23;-5.0;23;1024.9;8;942.0;8;12.9;14;1.2;23;4.1;999.9;16.4;-0.1;0.0;999.9;0;0;0;0;0;0
Mendoza_Aero;874180;2013;09;30;11.4;23;0.6;23;1022.4;8;940.6;8;12.1;19;1.5;23;3.6;10.3;17.0;5.3;0.0;999.9;0;0;0;0;0;0
Mendoza_Aero;874180;2013;10;01;12.8;24;1.2;24;1015.7;9;934.7;9;14.2;11;1.2;24;3.6;999.9;20.0;5.2;0.0;999.9;0;0;0;0;0;0
Mendoza_Aero;874180;2013;10;02;14.3;23;2.4;23;1011.8;8;931.6;8;15.0;8;1.8;23;3.6;999.9;20.5;7.1;0.0;999.9;0;0;0;0;0;0
Mendoza_Aero;874180;2013;10;03;13.9;22;2.7;22;1018.5;8;938.0;8;11.1;21;2.7;22;6.2;999.9;20.5;10.0;0.0;999.9;0;1;0;0;0;0
Mendoza_Aero;874180;2013;10;04;14.1;24;0.8;24;1021.5;9;939.3;9;15.0;9;2.6;24;7.7;12.4;23.0;5.8;0.0;999.9;0;0;0;0;0;0
Mendoza_Aero;874180;2013;10;05;16.9;24;0.8;24;1015.3;8;935.5;8;15.0;8;1.9;24;6.7;999.9;25.0;8.0;0.0;999.9;0;0;0;0;0;0
Mendoza_Aero;874180;2013;10;06;19.7;24;2.2;24;1016.0;8;936.8;8;14.0;10;1.8;24;5.7;999.9;28.0;10.9;0.0;999.9;0;0;0;0;0;0
Mendoza_Aero;874180;2013;10;07;20.6;24;4.1;24;1013.1;8;934.6;8;12.6;16;2.5;24;7.7;999.9;27.7;16.2;0.0;999.9;0;0;0;0;0;0
Mendoza_Aero;874180;2013;10;08;20.9;24;3.2;24;1007.4;8;929.2;8;14.5;9;1.5;24;5.7;999.9;32.0;9.9;0.0;999.9;0;0;0;0;0;0
Mendoza_Aero;874180;2013;10;09;20.4;24;-2.7;24;1009.2;7;931.4;7;15.0;7;2.9;24;6.2;999.9;32.5;15.0;0.0;999.9;0;0;0;0;0;0
Mendoza_Aero;874180;2013;10;10;18.4;24;-5.1;24;1014.0;9;934.7;9;14.5;10;0.8;23;2.6;999.9;27.4;7.2;0.0;999.9;0;0;0;0;0;0
Mendoza_Aero;874180;2013;10;11;19.9;24;1.1;24;1012.1;7;933.5;7;13.4;9;4.0;24;7.7;13.4;28.0;14.7;0.0;999.9;0;0;0;0;0;0
Mendoza_Aero;874180;2013;10;12;16.0;22;8.9;22;1014.8;7;935.3;7;11.6;21;2.4;22;5.7;999.9;25.5;13.0;0.0;999.9;0;0;0;0;0;0
Mendoza_Aero;874180;2013;10;13;18.7;24;10.4;24;1012.0;8;932.8;8;9.8;21;1.4;24;3.1;999.9;25.4;12.7;0.0;999.9;0;0;0;0;0;0
Mendoza_Aero;874180;2013;10;14;21.6;24;10.7;24;1012.7;8;934.2;8;12.2;18;1.4;24;4.1;999.9;29.2;14.7;0.0;999.9;0;0;0;0;0;0
Mendoza_Aero;874180;2013;10;15;22.3;24;10.8;24;1011.7;9;933.7;9;12.1;21;1.9;24;4.1;999.9;29.5;17.9;0.0;999.9;0;0;0;0;0;0
Mendoza_Aero;874180;2013;10;16;21.6;24;11.2;24;1011.6;8;933.5;8;12.4;17;2.1;24;5.1;999.9;27.0;16.7;0.0;999.9;0;1;0;0;0;0
Mendoza_Aero;874180;2013;10;17;22.1;24;9.6;24;1013.6;8;935.3;8;12.4;17;1.6;24;4.1;999.9;28.0;16.4;0.0;999.9;0;0;0;0;0;0
Mendoza_Aero;874180;2013;10;18;24.3;23;7.7;23;1008.4;8;930.8;8;15.0;8;2.1;23;5.7;999.9;33.0;15.2;0.0;999.9;0;0;0;0;0;0
Mendoza_Aero;874180;2013;10;19;25.1;22;6.3;22;1001.7;7;925.2;7;13.8;9;2.3;22;5.7;999.9;36.0;14.8;0.0;999.9;0;0;0;0;0;0
Mendoza_Aero;874180;2013;10;20;25.6;24;-18.4;23;996.6;7;921.0;7;8.5;17;6.1;24;10.3;22.1;36.0;19.1;0.0;999.9;0;0;0;0;0;0
Mendoza_Aero;874180;2013;10;21;19.5;24;-1.9;24;1011.4;8;933.0;8;15.0;8;3.1;22;4.6;999.9;28.9;15.0;0.0;999.9;0;0;0;0;0;0
Mendoza_Aero;874180;2013;10;22;20.2;24;1.1;24;1003.5;8;925.3;8;13.7;9;1.9;24;3.6;999.9;28.2;11.7;0.0;999.9;0;0;0;0;0;0
Mendoza_Aero;874180;2013;10;23;19.3;24;-7.3;23;1008.8;8;930.7;8;15.0;8;4.5;24;7.7;13.9;28.8;13.7;0.0;999.9;0;0;0;0;0;0
Mendoza_Aero;874180;2013;10;24;15.6;24;-4.0;24;1021.0;8;940.6;8;15.0;8;1.9;24;3.6;999.9;21.0;7.7;0.0;999.9;0;0;0;0;0;0
Mendoza_Aero;874180;2013;10;25;18.8;24;0.1;24;1012.0;9;932.8;9;15.0;9;1.5;24;4.6;999.9;26.2;7.7;0.0;999.9;0;0;0;0;0;0
Mendoza_Aero;874180;2013;10;26;22.1;24;3.8;24;1010.9;8;932.8;8;13.2;12;1.8;24;4.1;999.9;28.2;15.6;0.0;999.9;0;0;0;0;0;0
Mendoza_Aero;874180;2013;10;27;23.6;24;0.5;24;1011.7;8;933.9;8;15.0;8;3.4;24;8.2;13.4;29.4;19.2;0.0;999.9;0;0;0;0;0;0
Mendoza_Aero;874180;2013;10;28;24.2;24;3.2;24;1004.5;8;927.3;8;15.0;8;2.2;24;4.1;999.9;32.0;16.7;0.0;999.9;0;0;0;0;0;0
Mendoza_Aero;874180;2013;10;29;25.2;23;3.3;23;1006.2;8;929.4;8;12.9;11;3.4;23;6.7;999.9;32.5;19.7;0.0;999.9;0;0;0;0;0;0
Mendoza_Aero;874180;2013;10;30;24.8;24;7.9;24;1003.0;8;926.2;8;13.4;12;1.3;24;3.6;999.9;31.0;16.7;0.0;999.9;0;0;0;0;0;0
Mendoza_Aero;874180;2013;10;31;22.8;24;12.9;24;999.2;8;922.5;8;12.2;18;4.1;24;10.3;12.9;31.2;16.0;0.0;999.9;0;0;0;0;0;0
Mendoza_Aero;874180;2013;11;01;19.2;24;3.6;24;1013.0;8;934.4;8;11.9;21;4.2;24;7.7;11.8;29.8;16.4;0.0;999.9;0;0;0;0;0;0
Mendoza_Aero;874180;2013;11;02;20.9;24;2.5;24;1016.1;8;937.1;8;13.0;13;2.6;24;4.1;999.9;26.0;15.7;0.0;999.9;0;0;0;0;0;0
Mendoza_Aero;874180;2013;11;03;22.6;24;2.1;24;1014.3;7;935.7;7;15.0;7;2.7;24;7.2;13.9;32.0;12.7;0.0;999.9;0;0;0;0;0;0
Mendoza_Aero;874180;2013;11;04;24.7;23;2.2;23;1007.8;8;930.8;8;14.2;9;2.3;23;5.1;999.9;33.2;12.7;0.0;999.9;0;0;0;0;0;0
Mendoza_Aero;874180;2013;11;05;25.7;24;5.5;24;1008.3;8;931.4;8;15.0;8;2.0;24;4.1;999.9;34.0;16.2;0.0;999.9;0;0;0;0;0;0
Mendoza_Aero;874180;2013;11;06;27.4;24;3.4;23;1000.6;8;924.5;8;12.7;11;2.3;24;8.2;999.9;38.0;16.7;0.0;999.9;0;0;0;0;0;0
Mendoza_Aero;874180;2013;11;07;23.5;23;2.6;23;1008.2;8;931.3;8;14.0;9;2.7;23;7.2;999.9;38.6;16.3;0.0;999.9;0;0;0;0;0;0
Mendoza_Aero;874180;2013;11;08;22.7;24;3.4;24;1006.6;8;929.1;8;12.4;15;2.6;24;6.7;999.9;28.7;14.9;0.0;999.9;0;0;0;0;0;0
Mendoza_Aero;874180;2013;11;09;19.7;24;6.7;24;1002.4;8;924.9;8;10.3;16;5.1;24;9.3;14.9;28.6;14.0;0.0;999.9;0;0;0;0;0;0
Mendoza_Aero;874180;2013;11;10;14.2;24;6.1;24;1012.1;9;932.2;9;11.4;24;4.5;24;7.2;15.4;24.0;10.0;7.9;999.9;0;1;0;0;0;0
Mendoza_Aero;874180;2013;11;11;19.6;24;4.8;24;1010.4;7;931.1;7;13.4;9;2.8;24;6.7;999.9;27.0;11.0;0.0;999.9;0;0;0;0;0;0
Mendoza_Aero;874180;2013;11;12;22.6;24;6.4;24;1006.6;8;928.9;8;15.0;8;1.7;24;4.6;999.9;30.0;14.1;0.0;999.9;0;0;0;0;0;0
Mendoza_Aero;874180;2013;11;13;24.2;24;7.1;24;1003.8;8;926.8;8;15.0;8;2.3;24;5.1;999.9;31.0;14.1;0.0;999.9;0;0;0;0;0;0
