Monte_Caseros_Aero;873930;20130101;20.7;4;16.7;4;1013.7;4;1007.5;4;12.7;4;7.2;4;9.8;999.9;33.5;17.3;39.9;999.9;0;1;0;0;1;0
Monte_Caseros_Aero;873930;20130104;26.0;4;20.2;4;1013.7;4;1007.4;4;20.0;4;1.8;4;4.1;999.9;32.0;20.4;0.0;999.9;0;0;0;0;0;0
Monte_Caseros_Aero;873930;20130105;24.1;4;21.2;4;1010.1;4;1004.0;4;12.6;4;3.1;4;4.1;999.9;33.4;20.8;57.9;999.9;0;1;0;0;1;0
Monte_Caseros_Aero;873930;20130106;21.2;4;19.7;4;1008.9;4;1002.6;4;14.5;4;2.2;4;4.1;999.9;24.8;18.3;23.1;999.9;0;1;0;0;1;0
Monte_Caseros_Aero;873930;20130107;23.3;4;21.9;4;1004.6;4;998.4;4;14.5;4;2.3;4;3.6;999.9;26.6;20.4;24.9;999.9;0;1;0;0;1;0
Monte_Caseros_Aero;873930;20130108;25.4;4;22.4;4;1007.3;4;1001.1;4;14.5;4;1.8;4;4.1;999.9;31.6;20.2;3.0;999.9;1;0;0;0;0;0
Monte_Caseros_Aero;873930;20130109;27.0;4;22.3;4;1013.2;4;1007.0;4;20.0;4;1.9;4;4.1;999.9;32.0;22.3;0.0;999.9;0;0;0;0;0;0
Monte_Caseros_Aero;873930;20130110;26.4;4;20.6;4;1016.4;4;1010.2;4;20.0;4;1.9;4;4.1;999.9;32.6;21.1;0.0;999.9;0;0;0;0;0;0
Monte_Caseros_Aero;873930;20130112;23.7;4;17.4;4;1011.8;4;1005.6;4;17.1;4;2.9;4;5.1;999.9;30.2;18.3;0.0;999.9;0;0;0;0;0;0
Monte_Caseros_Aero;873930;20130114;25.3;4;17.1;4;1013.2;4;1006.9;4;15.9;4;1.4;4;2.1;999.9;32.0;20.2;0.0;999.9;0;0;0;0;0;0
Monte_Caseros_Aero;873930;20130115;26.1;4;18.5;4;1010.7;4;1004.4;4;15.8;4;1.0;4;2.6;999.9;32.2;21.4;0.0;999.9;0;0;0;0;0;0
Monte_Caseros_Aero;873930;20130117;27.7;4;21.7;4;1008.3;4;1002.1;4;9.2;4;1.0;4;4.1;999.9;33.5;23.3;0.3;999.9;0;0;0;0;0;0
Monte_Caseros_Aero;873930;20130118;24.1;4;20.3;4;1012.3;4;1006.1;4;14.5;4;1.2;4;2.6;999.9;32.6;20.0;0.0;999.9;0;0;0;0;0;0
Monte_Caseros_Aero;873930;20130120;24.5;4;16.2;4;1017.4;4;1011.2;4;20.0;4;4.1;4;5.1;999.9;32.7;19.2;0.0;999.9;0;0;0;0;0;0
Monte_Caseros_Aero;873930;20130121;23.9;4;16.4;4;9999.9;0;9999.9;0;20.0;4;4.6;4;8.7;999.9;29.6;18.0;0.0;999.9;0;0;0;0;0;0
Monte_Caseros_Aero;873930;20130122;25.0;4;18.7;4;1016.3;4;1010.0;4;17.1;4;4.1;4;7.7;999.9;30.8;20.4;0.0;999.9;0;0;0;0;0;0
Monte_Caseros_Aero;873930;20130123;26.3;4;20.2;4;1013.0;4;1006.8;4;17.1;4;1.5;4;2.6;999.9;33.8;21.6;0.0;999.9;0;0;0;0;0;0
Monte_Caseros_Aero;873930;20130124;26.6;4;21.6;4;1007.0;4;1000.8;4;13.2;4;2.8;4;5.1;999.9;34.4;23.1;4.1;999.9;0;1;0;0;1;0
Monte_Caseros_Aero;873930;20130125;24.1;4;18.7;4;1007.0;4;1000.7;4;13.7;4;7.7;4;13.4;999.9;30.0;20.7;4.1;999.9;0;0;0;0;0;0
Monte_Caseros_Aero;873930;20130126;20.6;4;11.2;4;1015.7;4;1009.3;4;20.0;4;2.6;4;4.6;999.9;29.2;13.3;0.0;999.9;0;0;0;0;0;0
Monte_Caseros_Aero;873930;20130127;22.1;4;13.2;4;1015.5;4;1009.2;4;20.0;4;2.9;4;5.1;999.9;28.2;15.2;0.0;999.9;0;0;0;0;0;0
Monte_Caseros_Aero;873930;20130129;26.2;4;17.2;4;1014.2;4;1008.0;4;16.3;4;2.7;4;4.1;999.9;34.2;19.2;0.0;999.9;0;0;0;0;0;0
Monte_Caseros_Aero;873930;20130130;28.8;4;19.2;4;1010.6;4;1004.6;4;12.7;4;1.6;4;3.1;999.9;36.1;21.6;0.0;999.9;0;0;0;0;0;0
Monte_Caseros_Aero;873930;20130131;26.7;4;21.7;4;1009.1;4;1003.0;4;7.7;4;3.2;4;11.3;999.9;37.3;23.0;4.1;999.9;0;0;0;0;1;0
Monte_Caseros_Aero;873930;20130201;28.8;4;21.6;4;1007.2;4;1001.1;4;17.5;4;3.5;4;7.7;999.9;39.0;22.4;0.0;999.9;0;0;0;0;0;0
Monte_Caseros_Aero;873930;20130202;28.0;4;21.8;4;1008.7;4;1002.5;4;10.3;4;6.4;4;10.3;999.9;39.3;21.8;2.0;999.9;0;0;0;0;0;0
Monte_Caseros_Aero;873930;20130203;25.1;4;18.9;4;1013.6;4;1007.3;4;16.6;4;2.9;4;4.1;999.9;30.4;20.3;0.0;999.9;0;0;0;0;0;0
Monte_Caseros_Aero;873930;20130204;22.0;4;12.9;4;1014.3;4;1008.0;4;20.0;4;2.2;4;3.6;999.9;30.6;16.2;0.0;999.9;0;0;0;0;0;0
Monte_Caseros_Aero;873930;20130205;23.4;4;14.4;4;1013.8;4;1007.4;4;17.5;4;2.6;4;4.1;999.9;30.1;16.1;0.0;999.9;0;0;0;0;0;0
Monte_Caseros_Aero;873930;20130206;24.1;4;15.3;4;1014.4;4;1008.1;4;16.3;4;4.2;4;5.1;999.9;31.0;17.2;0.0;999.9;0;0;0;0;0;0
Monte_Caseros_Aero;873930;20130208;27.2;4;17.9;4;1012.3;4;1006.0;4;16.6;4;3.3;4;5.1;999.9;34.0;20.0;0.0;999.9;0;0;0;0;0;0
Monte_Caseros_Aero;873930;20130209;27.3;4;19.0;4;1010.6;4;1004.4;4;16.3;4;2.9;4;5.1;999.9;34.6;21.4;0.0;999.9;0;0;0;0;0;0
Monte_Caseros_Aero;873930;20130211;27.4;4;20.9;4;1007.3;4;1001.1;4;20.0;4;4.1;4;7.7;999.9;35.4;22.3;0.0;999.9;0;0;0;0;0;0
Monte_Caseros_Aero;873930;20130212;27.5;4;21.2;4;1005.4;4;999.2;4;15.0;4;3.1;4;6.7;999.9;33.4;22.3;0.0;999.9;0;0;0;0;0;0
Monte_Caseros_Aero;873930;20130213;26.7;4;21.9;4;1007.0;4;1000.9;4;17.5;4;2.3;4;3.6;999.9;35.5;23.7;5.1;999.9;0;0;0;0;1;0
Monte_Caseros_Aero;873930;20130214;25.5;4;22.3;4;1008.5;4;1002.2;4;11.3;4;3.9;4;8.7;999.9;33.5;22.8;0.5;999.9;0;0;0;0;1;0
Monte_Caseros_Aero;873930;20130215;24.9;4;21.7;4;1010.2;4;1004.0;4;10.0;4;2.4;4;4.1;999.9;33.5;19.7;7.9;999.9;0;0;0;0;0;0
Monte_Caseros_Aero;873930;20130216;27.6;4;21.8;4;1007.4;4;1001.2;4;17.1;4;1.8;4;2.6;999.9;34.1;21.9;0.0;999.9;0;0;0;0;0;0
Monte_Caseros_Aero;873930;20130217;24.2;4;20.7;4;1006.7;4;1000.5;4;13.0;4;3.1;4;5.1;999.9;35.0;20.3;14.0;999.9;0;1;0;0;1;0
Monte_Caseros_Aero;873930;20130218;21.8;4;21.0;4;1010.7;4;1004.3;4;13.0;4;6.2;4;11.8;999.9;23.7;19.8;33.0;999.9;0;1;0;0;0;0
Monte_Caseros_Aero;873930;20130219;21.4;4;18.8;4;1014.4;4;1008.1;4;12.1;4;3.1;4;4.1;999.9;25.2;18.6;6.1;999.9;0;1;0;0;0;0
Monte_Caseros_Aero;873930;20130220;23.0;4;21.5;4;1011.7;4;1005.4;4;13.0;4;3.0;4;6.2;999.9;26.5;20.2;0.0;999.9;0;1;0;0;0;0
Monte_Caseros_Aero;873930;20130221;22.6;4;19.6;4;1011.5;4;1005.2;4;14.0;4;5.8;4;7.7;999.9;27.6;19.3;13.0;999.9;0;1;0;0;0;0
Monte_Caseros_Aero;873930;20130222;22.8;4;18.4;4;1016.5;4;1010.2;4;20.0;4;2.8;4;5.1;999.9;28.3;17.7;0.0;999.9;0;0;0;0;0;0
Monte_Caseros_Aero;873930;20130223;23.7;4;18.7;4;1013.8;4;1007.5;4;17.5;4;4.0;4;5.7;999.9;29.8;17.3;0.0;999.9;0;0;0;0;0;0
Monte_Caseros_Aero;873930;20130224;23.9;4;20.8;4;1007.2;4;1001.0;4;10.3;4;3.6;4;5.1;999.9;30.8;21.2;0.5;999.9;0;1;0;0;1;0
Monte_Caseros_Aero;873930;20130225;23.1;4;19.6;4;1010.5;4;1004.2;4;11.7;4;5.9;4;10.3;999.9;29.3;19.5;39.1;999.9;0;1;0;0;1;0
Monte_Caseros_Aero;873930;20130226;20.6;4;14.3;4;1015.2;4;1008.9;4;18.8;4;4.6;4;6.2;999.9;28.0;13.8;0.0;999.9;0;0;0;0;0;0
Monte_Caseros_Aero;873930;20130227;19.4;4;11.9;4;1017.1;4;1010.6;4;15.8;4;1.8;4;4.1;999.9;25.7;13.8;0.0;999.9;0;0;0;0;0;0
Monte_Caseros_Aero;873930;20130301;24.2;4;17.3;4;1010.6;4;1004.3;4;14.5;4;3.5;4;4.6;999.9;32.2;16.0;0.0;999.9;0;0;0;0;0;0
Monte_Caseros_Aero;873930;20130302;26.6;4;21.9;4;1004.1;4;999.4;4;11.4;4;6.1;4;9.8;999.9;33.5;20.3;47.0;999.9;0;1;0;0;1;0
Monte_Caseros_Aero;873930;20130303;21.3;4;17.8;4;1013.4;4;1007.1;4;20.0;4;5.1;4;7.7;999.9;27.2;17.9;0.3;999.9;0;1;0;0;0;0
Monte_Caseros_Aero;873930;20130304;20.1;4;15.7;4;1016.3;4;1009.9;4;18.8;4;3.8;4;5.7;999.9;25.7;15.3;0.0;999.9;0;0;0;0;0;0
Monte_Caseros_Aero;873930;20130305;18.5;4;13.4;4;1015.5;4;1009.2;4;18.8;4;1.9;4;3.1;999.9;24.6;11.8;0.0;999.9;0;0;0;0;0;0
Monte_Caseros_Aero;873930;20130307;22.1;4;15.9;4;1012.5;4;1006.2;4;17.5;4;2.4;4;4.6;999.9;29.0;16.3;0.0;999.9;0;0;0;0;0;0
Monte_Caseros_Aero;873930;20130308;23.9;4;20.2;4;1012.1;4;1005.8;4;9.5;4;2.9;4;5.1;999.9;30.0;20.6;20.1;999.9;0;0;0;0;1;0
Monte_Caseros_Aero;873930;20130309;23.8;4;9999.9;0;1009.5;4;1003.2;4;17.1;4;2.2;4;3.6;999.9;29.3;21.3;0.0;999.9;0;0;0;0;0;0
Monte_Caseros_Aero;873930;20130310;23.8;4;21.0;4;1007.9;4;1001.6;4;17.5;4;3.6;4;4.6;999.9;29.6;19.3;7.1;999.9;0;0;0;0;1;0
Monte_Caseros_Aero;873930;20130312;22.6;4;20.1;4;1006.4;4;1000.2;4;11.4;4;4.0;4;5.1;999.9;31.0;19.8;33.0;999.9;0;1;0;0;1;0
Monte_Caseros_Aero;873930;20130313;19.5;4;15.2;4;1013.1;4;1006.8;4;11.4;4;3.5;4;4.6;999.9;24.4;14.3;0.0;999.9;0;0;0;0;0;0
Monte_Caseros_Aero;873930;20130314;17.2;4;12.9;4;1018.4;4;1011.9;4;17.1;4;2.9;4;4.1;999.9;25.5;13.8;0.0;999.9;0;0;0;0;0;0
Monte_Caseros_Aero;873930;20130315;19.6;4;14.1;4;1019.8;4;1013.3;4;20.0;4;4.4;4;6.7;999.9;26.2;13.8;0.0;999.9;0;0;0;0;0;0
Monte_Caseros_Aero;873930;20130316;19.3;4;14.6;4;1022.2;4;1015.9;4;16.3;4;4.1;4;6.2;999.9;26.5;13.3;0.0;999.9;0;0;0;0;0;0
Monte_Caseros_Aero;873930;20130317;17.4;4;10.9;4;1023.2;4;1016.8;4;20.0;4;3.9;4;7.2;999.9;25.7;12.9;0.0;999.9;0;0;0;0;0;0
Monte_Caseros_Aero;873930;20130318;21.4;4;13.1;4;1020.8;4;1014.3;4;17.1;4;4.3;4;6.2;999.9;26.6;15.3;0.0;999.9;0;0;0;0;0;0
Monte_Caseros_Aero;873930;20130319;18.6;4;16.1;4;1016.6;4;1010.1;4;7.2;4;2.6;4;3.1;999.9;25.0;16.5;1.0;999.9;0;1;0;0;0;0
Monte_Caseros_Aero;873930;20130320;19.3;4;17.8;4;1010.2;4;1003.7;4;12.7;4;1.8;4;3.1;999.9;22.6;17.0;29.0;999.9;0;1;0;0;0;0
Monte_Caseros_Aero;873930;20130321;19.7;4;17.3;4;1010.0;4;1003.7;4;17.1;4;3.6;4;5.1;999.9;24.6;16.8;4.1;999.9;0;0;0;0;0;0
Monte_Caseros_Aero;873930;20130322;21.3;4;17.1;4;1016.2;4;1009.8;4;14.0;4;1.4;4;2.6;999.9;28.2;15.8;0.0;999.9;0;0;0;0;0;0
Monte_Caseros_Aero;873930;20130323;22.1;4;17.3;4;1017.4;4;1011.1;4;8.2;4;1.9;4;3.1;999.9;28.5;17.0;0.0;999.9;0;0;0;0;0;0
Monte_Caseros_Aero;873930;20130324;21.9;4;16.3;4;1013.9;4;1007.6;4;17.5;4;2.5;4;3.1;999.9;29.0;16.3;0.0;999.9;0;0;0;0;0;0
Monte_Caseros_Aero;873930;20130325;21.5;4;16.8;4;1012.0;4;1005.7;4;20.0;4;1.9;4;3.6;999.9;28.6;15.3;0.0;999.9;0;0;0;0;0;0
Monte_Caseros_Aero;873930;20130326;21.5;4;16.6;4;1016.9;4;1010.5;4;17.5;4;1.8;4;3.6;999.9;29.0;15.2;0.0;999.9;0;0;0;0;0;0
Monte_Caseros_Aero;873930;20130327;19.7;4;14.3;4;1019.5;4;1013.1;4;20.0;4;3.6;4;5.1;999.9;28.1;14.3;0.0;999.9;0;0;0;0;0;0
Monte_Caseros_Aero;873930;20130328;19.4;4;14.2;4;1020.0;4;1013.7;4;13.7;4;0.9;4;1.5;999.9;26.5;14.3;0.0;999.9;0;0;0;0;0;0
Monte_Caseros_Aero;873930;20130329;21.1;4;16.0;4;1018.8;4;1012.4;4;14.0;4;2.3;4;4.1;999.9;28.0;15.8;0.0;999.9;0;0;0;0;0;0
Monte_Caseros_Aero;873930;20130330;22.9;4;17.6;4;1015.8;4;1009.5;4;20.0;4;2.2;4;4.1;999.9;30.5;17.8;0.0;999.9;0;0;0;0;0;0
Monte_Caseros_Aero;873930;20130331;24.3;4;18.8;4;1014.5;4;1008.2;4;20.0;4;2.2;4;5.1;999.9;31.2;18.3;0.0;999.9;0;0;0;0;0;0
Monte_Caseros_Aero;873930;20130401;21.4;4;18.9;4;1014.1;4;1007.8;4;12.6;4;2.2;4;2.6;999.9;31.5;19.8;6.1;999.9;0;1;0;0;1;0
Monte_Caseros_Aero;873930;20130402;21.4;4;19.5;4;1012.8;4;1006.5;4;15.9;4;1.6;4;3.1;999.9;25.8;19.3;9.9;999.9;0;0;0;0;0;0
Monte_Caseros_Aero;873930;20130403;20.9;4;19.8;4;1014.4;4;1008.1;4;12.7;4;5.3;4;8.2;999.9;27.0;19.3;0.0;999.9;0;1;0;0;1;0
Monte_Caseros_Aero;873930;20130404;19.1;4;18.3;4;1011.2;4;1004.8;4;12.7;4;2.6;4;4.1;999.9;23.7;18.2;2.0;999.9;0;1;0;0;1;0
Monte_Caseros_Aero;873930;20130405;19.4;4;15.1;4;1008.3;4;1001.9;4;17.1;4;4.5;4;7.7;999.9;27.4;14.6;3.0;999.9;0;0;0;0;0;0
Monte_Caseros_Aero;873930;20130406;21.8;4;16.1;4;1010.3;4;1004.0;4;20.0;4;1.3;4;3.1;999.9;28.2;15.3;0.0;999.9;0;0;0;0;0;0
Monte_Caseros_Aero;873930;20130407;18.4;4;10.6;4;1016.5;4;1010.1;4;17.5;4;4.4;4;6.7;999.9;28.5;11.6;0.0;999.9;0;0;0;0;0;0
Monte_Caseros_Aero;873930;20130408;16.6;4;11.2;4;1018.0;4;1011.5;4;18.8;4;2.7;4;4.1;999.9;25.2;10.3;0.0;999.9;0;0;0;0;0;0
Monte_Caseros_Aero;873930;20130409;18.8;4;13.6;4;1018.0;4;1011.6;4;17.1;4;2.9;4;4.6;999.9;26.0;13.3;0.0;999.9;0;0;0;0;0;0
Monte_Caseros_Aero;873930;20130410;19.8;4;15.7;4;1013.8;4;1007.4;4;11.4;4;2.5;4;4.1;999.9;28.2;14.6;0.0;999.9;0;0;0;0;0;0
Monte_Caseros_Aero;873930;20130411;21.0;4;18.9;4;1008.1;4;1001.8;4;13.0;4;2.2;4;3.6;999.9;28.6;16.8;0.0;999.9;0;1;0;0;1;0
Monte_Caseros_Aero;873930;20130413;15.5;4;10.2;4;1019.1;4;1012.7;4;16.6;4;3.2;4;5.7;999.9;22.5;9.6;0.0;999.9;0;0;0;0;0;0
Monte_Caseros_Aero;873930;20130416;19.8;4;14.3;4;1017.4;4;1011.0;4;10.9;4;2.2;4;4.1;999.9;27.5;13.9;0.0;999.9;0;0;0;0;0;0
Monte_Caseros_Aero;873930;20130417;16.6;4;11.3;4;1019.3;4;1012.9;4;17.1;4;1.1;4;2.1;999.9;26.0;10.4;0.0;999.9;0;0;0;0;0;0
Monte_Caseros_Aero;873930;20130418;17.4;4;12.7;4;1018.7;4;1012.2;4;20.0;4;0.9;4;2.1;999.9;25.4;10.9;0.0;999.9;0;0;0;0;0;0
Monte_Caseros_Aero;873930;20130419;18.4;4;13.5;4;1018.7;4;1012.3;4;13.7;4;1.7;4;2.6;999.9;26.6;11.6;0.0;999.9;0;0;0;0;0;0
Monte_Caseros_Aero;873930;20130420;19.1;4;12.9;4;1019.3;4;1012.9;4;17.5;4;1.8;4;3.1;999.9;28.0;12.8;0.0;999.9;0;0;0;0;0;0
Monte_Caseros_Aero;873930;20130421;19.7;4;14.1;4;1019.2;4;1012.9;4;17.1;4;2.8;4;4.1;999.9;28.0;13.8;0.0;999.9;0;0;0;0;0;0
Monte_Caseros_Aero;873930;20130422;20.1;4;15.6;4;1020.0;4;1013.6;4;11.4;4;2.1;4;2.6;999.9;28.3;14.4;0.0;999.9;0;0;0;0;0;0
Monte_Caseros_Aero;873930;20130423;20.6;4;15.2;4;1020.5;4;1014.2;4;12.1;4;1.9;4;4.1;999.9;28.4;13.9;0.0;999.9;0;0;0;0;0;0
Monte_Caseros_Aero;873930;20130424;19.8;4;15.3;4;1019.6;4;1013.2;4;14.5;4;1.0;4;3.1;999.9;28.0;12.9;0.0;999.9;0;0;0;0;0;0
Monte_Caseros_Aero;873930;20130425;20.6;4;14.9;4;1017.2;4;1010.9;4;7.2;4;2.2;4;3.6;999.9;28.5;14.4;0.0;999.9;0;0;0;0;0;0
Monte_Caseros_Aero;873930;20130426;21.2;4;15.1;4;1015.5;4;1009.1;4;14.5;4;2.2;4;3.6;999.9;28.8;15.3;0.0;999.9;0;0;0;0;0;0
Monte_Caseros_Aero;873930;20130427;22.3;4;16.3;4;1013.1;4;1006.8;4;11.4;4;3.9;4;6.2;999.9;29.6;16.3;0.0;999.9;0;0;0;0;0;0
Monte_Caseros_Aero;873930;20130428;24.5;4;20.4;4;1011.2;4;1004.9;4;10.9;4;3.5;4;7.2;999.9;30.2;19.4;3.0;999.9;0;0;0;0;0;0
Monte_Caseros_Aero;873930;20130429;21.9;4;17.4;4;1012.7;4;1006.5;4;17.1;4;4.3;4;6.7;999.9;30.5;16.2;7.9;999.9;0;0;0;0;0;0
Monte_Caseros_Aero;873930;20130430;19.3;4;15.1;4;1015.2;4;1008.8;4;20.0;4;2.1;4;3.6;999.9;26.0;14.9;0.0;999.9;0;0;0;0;0;0
Monte_Caseros_Aero;873930;20130502;20.3;4;19.2;4;1011.7;4;1005.4;4;12.7;4;4.3;4;8.2;999.9;22.2;18.3;4.1;999.9;0;1;0;0;1;0
Monte_Caseros_Aero;873930;20130503;20.8;4;18.4;4;1008.0;4;1001.6;4;17.1;4;3.3;4;4.6;999.9;23.0;19.8;9.9;999.9;0;0;0;0;1;0
Monte_Caseros_Aero;873930;20130504;17.2;4;15.7;4;1013.6;4;1007.1;4;14.0;4;4.1;4;6.7;999.9;22.8;13.0;32.0;999.9;0;0;0;0;0;0
Monte_Caseros_Aero;873930;20130505;16.1;4;13.0;4;1019.7;4;1013.2;4;14.5;4;1.8;4;3.1;999.9;22.4;12.4;0.0;999.9;0;0;0;0;0;0
Monte_Caseros_Aero;873930;20130506;16.7;4;13.3;4;1018.4;4;1012.0;4;13.2;4;1.9;4;5.1;999.9;23.6;10.7;0.0;999.9;0;0;0;0;0;0
Monte_Caseros_Aero;873930;20130507;15.9;4;9.3;4;1021.3;4;1014.9;4;17.1;4;4.4;4;6.7;999.9;24.0;11.0;0.0;999.9;0;0;0;0;0;0
Monte_Caseros_Aero;873930;20130508;13.8;4;7.9;4;1019.1;4;1012.6;4;17.5;4;3.5;4;5.1;999.9;22.2;8.3;0.0;999.9;0;0;0;0;0;0
Monte_Caseros_Aero;873930;20130509;15.5;4;10.7;4;1017.1;4;1010.7;4;14.0;4;3.2;4;4.1;999.9;24.0;8.8;0.0;999.9;0;0;0;0;0;0
Monte_Caseros_Aero;873930;20130510;17.9;4;12.8;4;1014.3;4;1007.9;4;14.0;4;4.6;4;6.7;999.9;26.3;11.8;0.0;999.9;0;0;0;0;0;0
Monte_Caseros_Aero;873930;20130511;16.8;4;14.0;4;1013.7;4;1007.2;4;16.3;4;1.5;4;3.1;999.9;27.0;14.2;16.0;999.9;0;1;0;0;1;0
Monte_Caseros_Aero;873930;20130512;18.1;4;17.1;4;1014.6;4;1008.1;4;12.2;4;2.1;4;3.1;999.9;20.6;15.7;8.4;999.9;0;1;0;0;1;0
Monte_Caseros_Aero;873930;20130513;19.6;4;17.9;4;1014.3;4;1007.9;4;14.8;4;1.5;4;2.6;999.9;23.2;17.8;2.0;999.9;0;1;0;0;0;0
Monte_Caseros_Aero;873930;20130514;20.4;4;17.8;4;1012.5;4;1006.1;4;13.2;4;0.6;4;1.5;999.9;25.6;16.3;0.0;999.9;0;0;0;0;0;0
Monte_Caseros_Aero;873930;20130515;16.9;4;13.6;4;1013.1;4;1006.8;4;10.9;4;7.1;4;12.9;999.9;26.5;14.2;0.0;999.9;0;0;0;0;0;0
Monte_Caseros_Aero;873930;20130516;8.7;4;2.5;4;1024.5;4;1017.9;4;20.0;4;4.6;4;7.7;999.9;15.9;1.8;0.0;999.9;0;0;0;0;0;0
Monte_Caseros_Aero;873930;20130517;9.0;4;3.8;4;1026.2;4;1019.5;4;17.1;4;1.7;4;2.6;999.9;15.8;4.0;0.0;999.9;0;0;0;0;0;0
Monte_Caseros_Aero;873930;20130518;12.4;4;7.4;4;1023.0;4;1016.4;4;17.5;4;3.5;4;4.1;999.9;15.8;7.5;0.0;999.9;0;0;0;0;0;0
Monte_Caseros_Aero;873930;20130519;13.4;4;12.4;4;1020.7;4;1014.2;4;13.0;4;2.7;4;3.6;999.9;14.4;11.0;4.1;999.9;0;1;0;0;0;0
Monte_Caseros_Aero;873930;20130520;14.3;4;12.9;4;1020.2;4;1013.8;4;6.3;4;4.3;4;5.7;999.9;16.8;13.0;3.0;999.9;0;1;0;0;0;0
Monte_Caseros_Aero;873930;20130521;13.0;4;10.6;4;1018.5;4;1011.9;4;20.0;4;2.1;4;3.1;999.9;17.5;7.8;0.0;999.9;0;0;0;0;0;0
Monte_Caseros_Aero;873930;20130522;11.8;4;10.2;4;1019.3;4;1012.7;4;7.6;4;2.8;4;3.1;999.9;16.9;9.6;0.0;999.9;0;0;0;0;0;0
Monte_Caseros_Aero;873930;20130523;14.7;4;12.3;4;1019.3;4;1012.8;4;14.5;4;1.5;4;2.1;999.9;19.2;10.8;0.0;999.9;0;0;0;0;0;0
Monte_Caseros_Aero;873930;20130525;13.8;4;11.0;4;1021.1;4;1014.6;4;6.3;4;1.0;4;2.6;999.9;21.0;8.1;0.0;999.9;1;0;0;0;0;0
Monte_Caseros_Aero;873930;20130526;14.9;4;12.0;4;1016.6;4;1010.2;4;15.9;4;1.4;4;1.5;999.9;21.6;10.3;0.0;999.9;0;0;0;0;0;0
Monte_Caseros_Aero;873930;20130527;17.6;4;14.8;4;1012.1;4;1005.7;4;14.5;4;1.4;4;2.1;999.9;25.0;11.3;0.0;999.9;1;0;0;0;0;0
Monte_Caseros_Aero;873930;20130528;19.5;4;16.9;4;1003.0;4;996.7;4;6.3;4;3.7;4;5.7;999.9;26.5;13.8;0.0;999.9;0;0;0;0;0;0
Monte_Caseros_Aero;873930;20130529;18.6;4;14.9;4;1003.0;4;996.7;4;13.2;4;4.4;4;8.2;999.9;27.1;14.8;20.1;999.9;0;1;0;0;1;0
Monte_Caseros_Aero;873930;20130530;13.5;4;6.8;4;1015.4;4;1008.8;4;20.0;4;3.3;4;5.1;999.9;20.0;8.0;3.0;999.9;0;0;0;0;0;0
Monte_Caseros_Aero;873930;20130531;13.9;4;9.1;4;1013.5;4;1007.0;4;20.0;4;4.0;4;7.7;999.9;20.0;11.0;0.0;999.9;0;0;0;0;0;0
Monte_Caseros_Aero;873930;20130601;15.9;4;12.5;4;1011.0;4;1004.6;4;15.3;4;2.7;4;3.6;999.9;22.4;11.8;2.0;999.9;1;0;0;0;0;0
Monte_Caseros_Aero;873930;20130603;13.8;4;7.7;4;1021.3;4;1014.8;4;10.9;4;2.3;4;4.1;999.9;21.6;8.8;0.0;999.9;0;0;0;0;0;0
Monte_Caseros_Aero;873930;20130604;14.9;4;8.9;4;1019.0;4;1012.5;4;17.1;4;2.8;4;4.1;999.9;23.5;8.0;0.0;999.9;0;0;0;0;0;0
Monte_Caseros_Aero;873930;20130605;15.2;4;11.1;4;1015.0;4;1008.6;4;9.5;4;1.7;4;5.7;999.9;24.6;8.8;0.0;999.9;0;0;0;0;0;0
Monte_Caseros_Aero;873930;20130606;16.2;4;9.0;4;1018.3;4;1011.9;4;14.5;4;4.9;4;7.7;999.9;25.0;10.8;0.0;999.9;0;0;0;0;0;0
Monte_Caseros_Aero;873930;20130607;11.2;4;6.8;4;1020.1;4;1013.5;4;14.5;4;1.8;4;4.6;999.9;20.6;5.8;0.0;999.9;0;0;0;0;0;0
Monte_Caseros_Aero;873930;20130608;13.4;4;8.8;4;1023.2;4;1016.7;4;14.0;4;1.5;4;4.1;999.9;21.4;7.0;0.0;999.9;0;0;0;0;0;0
Monte_Caseros_Aero;873930;20130609;14.5;4;10.5;4;1019.1;4;1012.5;4;8.5;4;2.6;4;3.6;999.9;20.8;11.0;0.0;999.9;0;0;0;0;0;0
Monte_Caseros_Aero;873930;20130610;14.5;4;13.1;4;1018.8;4;1012.2;4;6.9;4;0.7;4;2.6;999.9;19.6;11.3;0.0;999.9;1;0;0;0;0;0
Monte_Caseros_Aero;873930;20130611;15.9;4;13.1;4;1020.2;4;1013.7;4;7.2;4;1.5;4;4.6;999.9;23.4;11.3;0.0;999.9;1;0;0;0;0;0
Monte_Caseros_Aero;873930;20130612;16.6;4;13.2;4;1020.0;4;1013.5;4;7.9;4;1.6;4;2.1;999.9;24.6;11.1;0.0;999.9;1;0;0;0;0;0
Monte_Caseros_Aero;873930;20130613;17.8;4;14.2;4;1018.4;4;1011.9;4;16.3;4;2.6;4;5.1;999.9;26.6;12.3;0.0;999.9;0;0;0;0;0;0
Monte_Caseros_Aero;873930;20130614;17.2;4;15.2;4;1018.1;4;1011.7;4;6.4;4;0.6;4;1.5;999.9;27.0;13.8;0.0;999.9;1;0;0;0;0;0
Monte_Caseros_Aero;873930;20130615;14.3;4;9.6;4;1019.8;4;1013.3;4;17.1;4;4.6;4;5.1;999.9;20.0;10.9;0.0;999.9;0;0;0;0;0;0
Monte_Caseros_Aero;873930;20130616;13.2;4;11.9;4;1014.0;4;1007.5;4;8.0;4;1.5;4;4.1;999.9;19.0;9.9;0.0;999.9;0;0;0;0;0;0
Monte_Caseros_Aero;873930;20130617;14.2;4;11.3;4;1017.7;4;1011.2;4;18.8;4;4.5;4;6.2;999.9;17.5;10.7;0.0;999.9;0;0;0;0;0;0
Monte_Caseros_Aero;873930;20130618;15.2;4;13.0;4;1015.8;4;1009.3;4;15.0;4;1.4;4;3.1;999.9;19.2;11.6;0.0;999.9;0;0;0;0;0;0
Monte_Caseros_Aero;873930;20130619;12.2;4;8.2;4;1020.0;4;1013.5;4;17.1;4;6.3;4;7.2;999.9;19.8;7.8;0.0;999.9;0;0;0;0;0;0
Monte_Caseros_Aero;873930;20130620;8.6;4;4.6;4;1022.2;4;1015.5;4;17.1;4;4.4;4;5.7;999.9;14.5;5.8;0.0;999.9;0;0;0;0;0;0
Monte_Caseros_Aero;873930;20130621;10.6;4;10.1;4;1012.9;4;1006.3;4;6.0;4;3.7;4;5.1;999.9;13.6;6.2;7.9;999.9;0;1;0;0;0;0
Monte_Caseros_Aero;873930;20130622;10.5;4;7.2;4;1014.1;4;1007.6;4;14.5;4;2.8;4;5.1;999.9;18.8;4.3;3.0;999.9;0;0;0;0;0;0
Monte_Caseros_Aero;873930;20130623;11.2;4;7.7;4;1020.6;4;1014.1;4;10.3;4;1.8;4;5.7;999.9;19.0;6.2;0.0;999.9;1;0;0;0;0;0
Monte_Caseros_Aero;873930;20130624;9.9;4;8.3;4;1019.0;4;1012.4;4;15.0;4;2.1;4;3.6;999.9;18.0;6.8;0.0;999.9;0;0;0;0;0;0
Monte_Caseros_Aero;873930;20130625;13.1;4;11.0;4;1016.7;4;1010.1;4;13.5;4;3.5;4;6.7;999.9;15.8;6.8;0.0;999.9;0;0;0;0;0;0
Monte_Caseros_Aero;873930;20130626;10.7;4;8.9;4;1018.3;4;1011.8;4;10.1;4;0.9;4;2.1;999.9;17.0;7.8;0.0;999.9;1;0;0;0;0;0
Monte_Caseros_Aero;873930;20130627;10.8;4;7.8;4;1018.6;4;1012.0;4;11.6;4;2.3;4;6.7;999.9;18.8;5.3;0.0;999.9;1;0;0;0;0;0
Monte_Caseros_Aero;873930;20130628;15.8;4;14.0;4;1011.7;4;1005.2;4;14.0;4;2.3;4;4.1;999.9;19.0;7.0;1.0;999.9;0;1;0;0;0;0
Monte_Caseros_Aero;873930;20130629;15.8;4;13.5;4;1012.3;4;1005.9;4;12.6;4;2.6;4;4.1;999.9;19.2;11.9;3.0;999.9;0;1;0;0;0;0
Monte_Caseros_Aero;873930;20130630;11.2;4;7.6;4;1019.4;4;1012.8;4;12.6;4;1.2;4;2.6;999.9;20.0;4.6;0.0;999.9;1;0;0;0;0;0
Monte_Caseros_Aero;873930;20130701;10.7;4;4.8;4;1023.3;4;1016.7;4;16.6;4;1.5;4;2.1;999.9;19.4;3.8;0.0;999.9;0;0;0;0;0;0
Monte_Caseros_Aero;873930;20130702;11.1;4;5.5;4;1021.1;4;1014.5;4;17.5;4;2.5;4;5.7;999.9;20.7;4.8;0.0;999.9;0;0;0;0;0;0
Monte_Caseros_Aero;873930;20130703;14.6;4;10.3;4;1015.3;4;1008.8;4;14.0;4;4.1;4;6.2;999.9;23.2;7.2;0.0;999.9;0;0;0;0;0;0
Monte_Caseros_Aero;873930;20130704;18.2;4;16.6;4;1013.2;4;1006.8;4;11.4;4;4.0;4;6.2;999.9;24.0;10.8;9.9;999.9;0;1;0;0;1;0
Monte_Caseros_Aero;873930;20130705;20.5;4;19.2;4;1013.3;4;1006.9;4;9.8;4;3.3;4;6.7;999.9;24.4;18.3;22.1;999.9;0;0;0;0;0;0
Monte_Caseros_Aero;873930;20130706;21.7;4;19.7;4;1011.2;4;1004.9;4;10.9;4;4.6;4;7.2;999.9;25.5;19.3;3.0;999.9;0;1;0;0;0;0
Monte_Caseros_Aero;873930;20130707;14.1;4;10.6;4;1019.2;4;1012.7;4;20.0;4;7.6;4;9.3;999.9;25.7;11.4;0.0;999.9;0;0;0;0;0;0
Monte_Caseros_Aero;873930;20130708;10.3;4;6.0;4;1027.8;4;1021.2;4;20.0;4;4.3;4;5.7;999.9;15.2;6.6;0.0;999.9;0;0;0;0;0;0
Monte_Caseros_Aero;873930;20130709;11.7;4;9.2;4;1022.3;4;1015.8;4;15.0;4;3.0;4;4.1;999.9;15.8;7.4;0.0;999.9;0;0;0;0;0;0
Monte_Caseros_Aero;873930;20130710;17.9;4;15.5;4;1018.5;4;1012.0;4;11.3;4;1.5;4;2.6;999.9;25.2;11.4;0.0;999.9;0;1;0;0;0;0
Monte_Caseros_Aero;873930;20130711;19.9;4;16.7;4;1015.4;4;1009.0;4;7.7;4;3.2;4;6.2;999.9;26.8;15.3;0.0;999.9;0;0;0;0;0;0
Monte_Caseros_Aero;873930;20130712;18.6;4;16.8;4;1016.3;4;1010.0;4;10.3;4;3.7;4;4.6;999.9;27.5;16.3;19.0;999.9;0;1;0;0;0;0
Monte_Caseros_Aero;873930;20130713;16.3;4;15.3;4;1017.5;4;1011.0;4;12.7;4;1.9;4;3.1;999.9;18.2;14.9;1.0;999.9;0;1;0;0;0;0
Monte_Caseros_Aero;873930;20130714;17.7;4;15.2;4;1017.0;4;1010.5;4;17.1;4;2.3;4;5.1;999.9;20.2;15.5;0.0;999.9;0;1;0;0;0;0
Monte_Caseros_Aero;873930;20130715;11.7;4;6.5;4;1022.2;4;1015.7;4;17.5;4;1.7;4;2.6;999.9;20.2;6.3;0.0;999.9;0;0;0;0;0;0
Monte_Caseros_Aero;873930;20130716;12.9;4;6.3;4;1020.0;4;1013.5;4;20.0;4;2.2;4;6.7;999.9;21.6;8.0;0.0;999.9;0;0;0;0;0;0
Monte_Caseros_Aero;873930;20130717;16.2;4;10.3;4;1014.9;4;1008.5;4;14.0;4;4.0;4;7.7;999.9;25.4;9.8;0.0;999.9;0;0;0;0;0;0
Monte_Caseros_Aero;873930;20130718;17.4;4;13.5;4;1009.9;4;1003.5;4;20.0;4;5.5;4;10.8;999.9;25.4;12.0;0.0;999.9;0;0;0;0;0;0
Monte_Caseros_Aero;873930;20130719;7.3;4;2.5;4;1022.4;4;1015.8;4;20.0;4;4.3;4;6.7;999.9;20.0;3.4;0.0;999.9;0;0;0;0;0;0
Monte_Caseros_Aero;873930;20130720;7.9;4;4.1;4;1013.3;4;1006.7;4;20.0;4;1.6;4;2.1;999.9;12.1;4.2;0.0;999.9;0;0;0;0;0;0
Monte_Caseros_Aero;873930;20130721;7.3;4;0.9;4;1016.6;4;1010.0;4;20.0;4;6.1;4;11.3;999.9;11.5;3.8;0.0;999.9;0;0;0;0;0;0
Monte_Caseros_Aero;873930;20130722;4.6;4;-0.8;4;1024.0;4;1017.3;4;20.0;4;5.4;4;7.7;999.9;11.4;0.5;0.0;999.9;0;0;0;0;0;0
Monte_Caseros_Aero;873930;20130723;5.3;4;0.1;4;1027.1;4;1020.4;4;14.0;4;3.5;4;4.1;999.9;11.8;0.3;0.0;999.9;0;0;0;0;0;0
Monte_Caseros_Aero;873930;20130724;7.5;4;-0.1;4;1028.4;4;1021.7;4;12.1;4;2.2;4;4.1;999.9;14.8;1.4;0.0;999.9;0;0;0;0;0;0
Monte_Caseros_Aero;873930;20130725;8.5;4;1.8;4;1028.6;4;1022.1;4;12.7;4;2.1;4;3.6;999.9;15.6;2.8;0.0;999.9;0;0;0;0;0;0
Monte_Caseros_Aero;873930;20130726;10.4;4;3.9;4;1026.4;4;1019.8;4;20.0;4;3.2;4;5.1;999.9;20.0;4.0;0.0;999.9;0;0;0;0;0;0
Monte_Caseros_Aero;873930;20130727;13.5;4;7.6;4;1022.6;4;1016.0;4;20.0;4;3.3;4;6.2;999.9;21.5;7.0;0.0;999.9;0;0;0;0;0;0
Monte_Caseros_Aero;873930;20130728;13.8;4;9.8;4;1021.4;4;1014.9;4;5.8;4;1.6;4;2.6;999.9;22.4;7.2;0.0;999.9;1;0;0;0;0;0
Monte_Caseros_Aero;873930;20130729;14.8;4;10.7;4;1021.2;4;1014.7;4;10.9;4;2.2;4;3.1;999.9;23.6;8.8;0.0;999.9;0;0;0;0;0;0
Monte_Caseros_Aero;873930;20130730;18.1;4;13.0;4;1018.9;4;1012.5;4;8.2;4;3.0;4;7.7;999.9;27.8;11.0;0.0;999.9;0;0;0;0;0;0
Monte_Caseros_Aero;873930;20130731;20.4;4;15.0;4;1013.1;4;1006.7;4;10.0;4;4.1;4;6.2;999.9;28.0;14.4;0.0;999.9;0;0;0;0;0;0
Monte_Caseros_Aero;873930;20130802;13.8;4;12.3;4;1013.3;4;1006.8;4;10.3;4;9.3;4;10.3;999.9;28.9;11.8;1.0;999.9;0;1;0;0;1;0
Monte_Caseros_Aero;873930;20130803;10.7;4;7.5;4;1018.8;4;1012.3;4;20.0;4;4.3;4;6.2;999.9;13.4;8.8;0.0;999.9;0;0;0;0;0;0
Monte_Caseros_Aero;873930;20130804;11.4;4;7.3;4;1019.0;4;1012.4;4;15.0;4;1.3;4;3.1;999.9;18.8;4.8;0.0;999.9;0;0;0;0;0;0
Monte_Caseros_Aero;873930;20130805;13.4;4;7.8;4;1017.3;4;1010.8;4;20.0;4;1.7;4;2.6;999.9;22.0;6.8;0.0;999.9;0;0;0;0;0;0
Monte_Caseros_Aero;873930;20130806;14.6;4;7.6;4;1018.7;4;1012.2;4;13.5;4;2.1;4;5.7;999.9;22.6;6.8;0.0;999.9;0;0;0;0;0;0
Monte_Caseros_Aero;873930;20130807;19.7;4;12.5;4;1007.4;4;1001.0;4;17.1;4;5.8;4;7.7;999.9;30.2;10.8;0.5;999.9;0;0;0;0;1;0
Monte_Caseros_Aero;873930;20130808;17.1;4;11.3;4;1007.3;4;1001.0;4;12.6;4;11.0;4;16.0;999.9;30.4;11.4;0.0;999.9;0;1;0;0;1;0
Monte_Caseros_Aero;873930;20130809;11.1;4;6.4;4;1021.9;4;1015.3;4;11.4;4;5.1;4;5.7;999.9;15.7;9.2;1.0;999.9;0;0;0;0;1;0
Monte_Caseros_Aero;873930;20130810;8.8;4;2.6;4;1026.6;4;1019.9;4;13.2;4;3.9;4;5.1;999.9;16.0;2.5;0.0;999.9;0;0;0;0;0;0
Monte_Caseros_Aero;873930;20130811;8.3;4;1.7;4;1019.7;4;1013.0;4;17.1;4;1.5;4;3.6;999.9;16.8;1.4;0.0;999.9;0;0;0;0;0;0
Monte_Caseros_Aero;873930;20130812;11.2;4;4.7;4;1014.0;4;1007.5;4;12.1;4;2.8;4;3.6;999.9;20.4;2.8;0.0;999.9;0;0;0;0;0;0
Monte_Caseros_Aero;873930;20130813;10.7;4;5.8;4;1020.4;4;1013.8;4;9.5;4;7.6;4;9.8;999.9;20.5;7.3;0.0;999.9;0;0;0;0;0;0
Monte_Caseros_Aero;873930;20130814;6.8;4;-0.7;4;1032.7;4;1026.0;4;20.0;4;3.3;4;6.2;999.9;12.5;-1.6;0.0;999.9;0;0;0;0;0;0
Monte_Caseros_Aero;873930;20130815;9.1;6;1.6;6;1026.8;6;1020.1;6;13.8;6;3.2;6;5.7;999.9;16.0;0.5;0.0;999.9;0;0;0;0;0;0
Monte_Caseros_Aero;873930;20130816;10.4;4;3.5;4;1022.9;4;1016.4;4;14.5;4;1.4;4;2.1;999.9;19.8;2.7;0.0;999.9;0;0;0;0;0;0
Monte_Caseros_Aero;873930;20130817;11.6;4;4.1;4;1026.3;4;1019.7;4;13.7;4;3.3;4;6.7;999.9;20.2;5.6;0.0;999.9;0;0;0;0;0;0
Monte_Caseros_Aero;873930;20130818;13.8;4;8.1;4;1022.7;4;1016.1;4;14.5;4;2.3;4;3.1;999.9;22.8;6.8;0.0;999.9;0;0;0;0;0;0
Monte_Caseros_Aero;873930;20130819;17.3;4;11.1;4;1017.8;4;1011.3;4;16.3;4;4.3;4;6.7;999.9;26.2;9.3;0.0;999.9;0;0;0;0;0;0
Monte_Caseros_Aero;873930;20130820;18.3;4;12.5;4;1016.1;4;1009.7;4;13.2;4;2.2;4;4.1;999.9;26.2;13.2;0.0;999.9;0;0;0;0;0;0
Monte_Caseros_Aero;873930;20130821;22.8;4;14.5;4;1009.0;4;1002.7;4;10.3;4;5.3;4;12.4;999.9;31.4;15.0;0.0;999.9;0;0;0;0;0;0
Monte_Caseros_Aero;873930;20130822;17.2;4;12.4;4;1009.2;4;1002.9;4;11.7;4;7.7;4;13.4;999.9;31.6;11.2;14.0;999.9;0;0;0;0;1;0
Monte_Caseros_Aero;873930;20130828;10.2;4;-0.2;4;1026.7;4;1020.0;4;12.1;4;2.8;4;5.1;999.9;19.8;4.8;0.0;999.9;0;0;0;0;0;0
Monte_Caseros_Aero;873930;20130829;14.1;4;4.7;4;1022.2;4;1015.7;4;14.5;4;3.5;4;4.1;999.9;23.9;6.9;0.0;999.9;0;0;0;0;0;0
Monte_Caseros_Aero;873930;20130830;16.5;4;7.2;4;1016.5;4;1010.0;4;13.0;4;3.6;4;5.7;999.9;27.8;8.3;0.0;999.9;0;0;0;0;0;0
Monte_Caseros_Aero;873930;20130831;19.4;4;10.2;4;1012.0;4;1005.6;4;10.9;4;2.3;4;3.6;999.9;30.4;10.3;0.0;999.9;0;0;0;0;0;0
Monte_Caseros_Aero;873930;20130901;21.8;4;15.0;4;1009.1;4;1002.8;4;10.3;4;1.8;4;3.6;999.9;32.0;15.8;0.0;999.9;0;0;0;0;0;0
Monte_Caseros_Aero;873930;20130902;21.4;4;16.4;4;1008.3;4;1002.0;4;17.5;4;2.7;4;4.6;999.9;30.8;15.6;0.0;999.9;0;0;0;0;0;0
Monte_Caseros_Aero;873930;20130903;16.4;4;10.1;4;1016.6;4;1010.2;4;13.2;4;5.6;4;10.3;999.9;28.0;11.3;0.0;999.9;0;0;0;0;0;0
Monte_Caseros_Aero;873930;20130904;12.2;4;2.8;4;1025.1;4;1018.6;4;17.5;4;3.5;4;4.6;999.9;20.0;4.3;0.0;999.9;0;0;0;0;0;0
Monte_Caseros_Aero;873930;20130905;14.6;4;5.7;4;1020.4;4;1013.9;4;13.5;4;3.0;4;3.6;999.9;24.0;8.8;0.0;999.9;0;0;0;0;0;0
Monte_Caseros_Aero;873930;20130906;20.7;4;13.5;4;1016.8;4;1010.3;4;6.8;4;3.2;4;5.1;999.9;30.4;11.4;0.0;999.9;0;0;0;0;0;0
Monte_Caseros_Aero;873930;20130907;23.2;4;16.1;4;1012.2;4;1005.9;4;8.5;4;4.0;4;5.7;999.9;32.0;16.9;0.0;999.9;0;0;0;0;0;0
Monte_Caseros_Aero;873930;20130908;24.2;4;15.8;4;1013.2;4;1007.0;4;10.0;4;2.8;4;5.1;999.9;32.0;17.8;0.0;999.9;0;0;0;0;0;0
Monte_Caseros_Aero;873930;20130909;23.8;4;15.9;4;1016.6;4;1010.2;4;13.7;4;4.4;4;6.7;999.9;33.4;17.8;0.0;999.9;0;0;0;0;0;0
Monte_Caseros_Aero;873930;20130910;26.6;4;16.4;4;1013.6;4;1007.3;4;10.9;4;4.5;4;8.2;999.9;36.3;19.2;0.0;999.9;0;0;0;0;0;0
Monte_Caseros_Aero;873930;20130911;27.2;4;15.1;4;1010.7;4;1004.4;4;6.8;4;4.0;4;8.8;999.9;36.6;19.3;0.0;999.9;0;0;0;0;0;0
Monte_Caseros_Aero;873930;20130912;27.7;4;14.4;4;1006.5;4;1000.3;4;8.2;4;5.4;4;9.8;999.9;37.0;19.4;0.0;999.9;0;0;0;0;0;0
Monte_Caseros_Aero;873930;20130913;20.1;4;14.5;4;1010.7;4;1004.4;4;7.7;4;7.4;4;9.3;999.9;28.2;16.8;0.0;999.9;0;0;0;0;0;0
Monte_Caseros_Aero;873930;20130914;13.1;4;11.8;4;1016.0;4;1009.5;4;4.8;4;8.1;4;8.8;999.9;18.0;12.0;33.0;999.9;0;1;0;0;1;0
Monte_Caseros_Aero;873930;20130915;12.4;4;11.4;4;1014.5;4;1008.0;4;9.8;4;5.3;4;7.7;999.9;14.0;11.0;34.0;999.9;0;1;0;0;1;0
Monte_Caseros_Aero;873930;20130916;12.7;4;10.5;4;1011.7;4;1005.2;4;9.5;4;6.3;4;10.3;999.9;14.8;10.8;1.0;999.9;0;1;0;0;0;0
Monte_Caseros_Aero;873930;20130917;10.2;4;4.6;4;1017.3;4;1010.8;4;20.0;4;9.9;4;11.8;999.9;14.0;7.4;0.0;999.9;0;1;0;0;0;0
Monte_Caseros_Aero;873930;20130918;10.9;4;2.2;4;1023.0;4;1016.4;4;20.0;4;2.6;4;3.6;999.9;18.4;4.6;0.0;999.9;0;0;0;0;0;0
Monte_Caseros_Aero;873930;20130919;13.8;4;3.9;4;1023.8;4;1017.2;4;14.0;4;2.5;4;4.1;999.9;21.0;6.3;0.0;999.9;0;0;0;0;0;0
Monte_Caseros_Aero;873930;20130920;15.8;4;5.5;4;1013.0;4;1006.6;4;14.5;4;4.0;4;8.2;999.9;24.8;8.7;0.0;999.9;0;0;0;0;0;0
Monte_Caseros_Aero;873930;20130921;16.8;4;8.5;4;1009.0;4;1002.6;4;17.1;4;2.2;4;3.1;999.9;25.2;12.3;0.0;999.9;0;0;0;0;0;0
Monte_Caseros_Aero;873930;20130922;14.7;4;7.5;4;1014.9;4;1008.4;4;14.0;4;6.5;4;10.3;999.9;24.9;11.4;0.0;999.9;0;0;0;0;0;0
Monte_Caseros_Aero;873930;20130923;11.6;4;5.8;4;1026.3;4;1019.7;4;20.0;4;8.5;4;10.8;999.9;18.3;8.9;0.0;999.9;0;0;0;0;0;0
Monte_Caseros_Aero;873930;20130924;10.3;4;3.6;4;1029.2;4;1022.5;4;20.0;4;5.4;4;7.7;999.9;16.5;3.7;0.0;999.9;0;0;0;0;0;0
Monte_Caseros_Aero;873930;20130925;13.4;4;6.4;4;1027.1;4;1020.5;4;20.0;4;3.0;4;4.6;999.9;20.0;6.8;0.0;999.9;0;0;0;0;0;0
Monte_Caseros_Aero;873930;20130926;14.9;4;6.8;4;1020.9;4;1014.4;4;14.5;4;3.7;4;5.1;999.9;23.0;8.2;0.0;999.9;0;0;0;0;0;0
Monte_Caseros_Aero;873930;20130927;16.4;4;9.1;4;1016.5;4;1010.0;4;14.0;4;3.7;4;4.6;999.9;23.4;11.8;0.0;999.9;0;0;0;0;0;0
Monte_Caseros_Aero;873930;20130928;18.8;4;13.1;4;1014.2;4;1007.7;4;12.1;4;3.2;4;4.1;999.9;24.8;14.7;0.0;999.9;0;0;0;0;0;0
Monte_Caseros_Aero;873930;20130929;15.7;4;12.3;4;1018.3;4;1011.9;4;11.4;4;4.9;4;7.2;999.9;25.4;12.3;0.0;999.9;0;0;0;0;0;0
Monte_Caseros_Aero;873930;20130930;12.6;4;8.5;4;1017.8;4;1011.2;4;17.5;4;3.7;4;5.1;999.9;18.2;9.3;7.1;999.9;0;1;0;0;1;0
Monte_Caseros_Aero;873930;20131001;13.8;4;7.3;4;1016.4;4;1009.9;4;20.0;4;3.6;4;5.1;999.9;21.2;6.8;2.0;999.9;0;0;0;0;0;0
Monte_Caseros_Aero;873930;20131002;15.9;4;9.4;4;1016.5;4;1010.0;4;13.2;4;2.3;4;3.1;999.9;23.4;7.8;0.0;999.9;0;0;0;0;0;0
Monte_Caseros_Aero;873930;20131003;17.3;4;10.3;4;1015.1;4;1008.7;4;16.3;4;3.5;4;5.7;999.9;25.4;12.2;0.0;999.9;0;0;0;0;0;0
Monte_Caseros_Aero;873930;20131004;16.4;4;11.1;4;1017.5;4;1011.1;4;13.2;4;3.9;4;5.1;999.9;25.6;11.9;0.0;999.9;0;0;0;0;0;0
Monte_Caseros_Aero;873930;20131005;16.2;4;9.7;4;1021.0;4;1014.5;4;17.1;4;3.0;4;4.1;999.9;22.3;9.6;0.0;999.9;0;0;0;0;0;0
Monte_Caseros_Aero;873930;20131006;17.4;4;9.6;4;1022.6;4;1016.1;4;13.7;4;3.1;4;4.1;999.9;24.4;9.3;0.0;999.9;0;0;0;0;0;0
Monte_Caseros_Aero;873930;20131007;18.6;4;7.5;4;1023.3;4;1017.0;4;20.0;4;3.9;4;5.1;999.9;26.0;11.3;0.0;999.9;0;0;0;0;0;0
Monte_Caseros_Aero;873930;20131008;20.4;4;10.2;4;1019.5;4;1013.1;4;16.6;4;3.9;4;6.2;999.9;30.0;12.6;0.0;999.9;0;0;0;0;0;0
Monte_Caseros_Aero;873930;20131009;22.2;4;11.6;4;1014.6;4;1008.3;4;14.0;4;3.0;4;3.6;999.9;30.4;14.8;0.0;999.9;0;0;0;0;0;0
Monte_Caseros_Aero;873930;20131010;24.5;4;15.7;4;1014.0;4;1007.7;4;8.2;4;2.7;4;3.1;999.9;31.3;18.8;0.0;999.9;0;0;0;0;0;0
Monte_Caseros_Aero;873930;20131014;22.7;4;16.0;4;1015.2;4;1008.8;4;14.0;4;2.6;4;5.1;999.9;30.4;15.1;0.0;999.9;0;0;0;0;0;0
Monte_Caseros_Aero;873930;20131015;23.2;4;14.6;4;1017.9;4;1011.6;4;20.0;4;2.5;4;3.1;999.9;30.4;15.8;0.0;999.9;0;0;0;0;0;0
Monte_Caseros_Aero;873930;20131016;22.4;4;12.5;4;1016.7;4;1010.3;4;17.1;4;2.6;4;4.1;999.9;31.0;15.7;0.0;999.9;0;0;0;0;0;0
Monte_Caseros_Aero;873930;20131017;21.6;4;13.8;4;1014.2;4;1007.9;4;20.0;4;2.7;4;5.1;999.9;29.6;13.8;0.0;999.9;0;0;0;0;0;0
Monte_Caseros_Aero;873930;20131018;22.5;4;13.5;4;1012.2;4;1005.9;4;20.0;4;3.1;4;6.2;999.9;30.0;15.4;0.0;999.9;0;0;0;0;0;0
Monte_Caseros_Aero;873930;20131019;22.8;4;13.1;4;1010.2;4;1003.9;4;10.9;4;1.6;4;2.6;999.9;31.4;14.3;0.0;999.9;0;0;0;0;0;0
Monte_Caseros_Aero;873930;20131020;26.2;4;13.6;4;1003.3;4;997.1;4;14.0;4;4.8;4;8.2;999.9;34.4;18.8;0.0;999.9;0;0;0;0;0;0
Monte_Caseros_Aero;873930;20131021;24.3;4;16.7;4;1006.7;4;1000.5;4;17.1;4;10.8;4;28.3;999.9;35.0;18.8;14.0;999.9;0;1;0;0;1;0
Monte_Caseros_Aero;873930;20131022;20.2;4;13.2;4;1012.9;4;1006.6;4;20.0;4;3.1;4;5.1;999.9;27.8;13.9;0.0;999.9;0;0;0;0;0;0
Monte_Caseros_Aero;873930;20131023;23.6;4;16.4;4;1006.8;4;1000.5;4;20.0;4;2.9;4;5.1;999.9;31.4;19.3;0.0;999.9;0;0;0;0;0;0
Monte_Caseros_Aero;873930;20131024;21.4;4;15.3;4;1014.2;4;1007.9;4;15.0;4;5.0;4;6.2;999.9;31.6;16.7;4.1;999.9;0;0;0;0;1;0
Monte_Caseros_Aero;873930;20131025;17.2;4;10.7;4;1020.4;4;1014.0;4;17.1;4;4.1;4;5.1;999.9;25.0;11.8;0.0;999.9;0;0;0;0;0;0
Monte_Caseros_Aero;873930;20131026;19.9;4;16.3;4;1011.7;4;1005.4;4;13.2;4;2.6;4;4.6;999.9;24.0;14.3;0.5;999.9;0;1;0;0;0;0
Monte_Caseros_Aero;873930;20131027;20.4;4;14.7;4;1017.1;4;1010.8;4;16.3;4;2.6;4;4.1;999.9;28.0;12.3;4.1;999.9;0;0;0;0;0;0
Monte_Caseros_Aero;873930;20131028;19.0;4;7.7;4;1018.4;4;1012.1;4;17.1;4;3.9;4;5.1;999.9;28.2;11.5;0.0;999.9;0;0;0;0;0;0
Monte_Caseros_Aero;873930;20131029;20.9;4;8.6;4;1013.3;4;1007.0;4;17.1;4;3.2;4;4.1;999.9;29.9;14.8;0.0;999.9;0;0;0;0;0;0
Monte_Caseros_Aero;873930;20131030;23.8;4;14.0;4;1011.1;4;1004.8;4;17.1;4;3.6;4;5.1;999.9;32.2;15.6;0.0;999.9;0;0;0;0;0;0
Monte_Caseros_Aero;873930;20131101;26.2;4;20.1;4;1006.3;4;1000.1;4;17.1;4;5.2;4;9.3;999.9;33.0;20.8;0.0;999.9;0;0;0;0;0;0
Monte_Caseros_Aero;873930;20131104;19.6;4;11.6;4;1017.5;4;1011.1;4;20.0;4;2.2;4;3.1;999.9;26.0;11.8;0.0;999.9;0;0;0;0;0;0
Monte_Caseros_Aero;873930;20131106;21.2;4;13.8;4;1017.0;4;1010.6;4;20.0;4;4.1;4;5.7;999.9;28.4;13.3;0.0;999.9;0;0;0;0;0;0
Monte_Caseros_Aero;873930;20131107;25.2;4;17.2;4;1013.8;4;1007.5;4;17.1;4;4.0;4;5.1;999.9;31.6;17.8;0.0;999.9;0;0;0;0;0;0
Monte_Caseros_Aero;873930;20131108;25.6;4;18.4;4;1010.9;4;1004.7;4;20.0;4;2.8;4;4.6;999.9;31.8;18.8;0.0;999.9;0;0;0;0;0;0
Monte_Caseros_Aero;873930;20131109;21.5;4;18.5;4;1007.0;4;1000.8;4;12.1;4;4.5;4;6.7;999.9;32.0;19.8;13.0;999.9;0;1;0;0;1;0
Monte_Caseros_Aero;873930;20131110;21.0;4;19.8;4;1002.1;4;995.9;4;12.6;4;4.5;4;6.7;999.9;22.4;18.3;84.1;999.9;0;1;0;0;1;0
Monte_Caseros_Aero;873930;20131111;20.2;4;19.3;4;1002.3;4;996.0;4;9.0;4;4.5;4;6.2;999.9;23.5;19.4;69.1;999.9;0;1;0;0;1;0
