Neuquen_Aero;877150;2013;01;01;17,8;8;1,3;8;1022,1;8;990,2;8;20,0;8;2,8;8;4,1;999,9;26,5;8,4;0,0;999,9;0;0;0;0;0;0
Neuquen_Aero;877150;2013;01;02;24,4;14;2,4;14;1014,8;8;983,3;8;15,6;14;3,9;14;7,2;999,9;30,3;14,0;0,0;999,9;0;0;0;0;0;0
Neuquen_Aero;877150;2013;01;03;26,1;20;6,2;20;1007,7;6;977,0;6;12,2;20;2,6;20;5,1;999,9;35,0;14,0;0,0;999,9;0;0;0;0;0;0
Neuquen_Aero;877150;2013;01;04;26,1;23;5,3;23;1009,9;7;979,3;7;13,5;23;3,6;23;6,2;999,9;32,6;18,8;0,0;999,9;0;0;0;0;0;0
Neuquen_Aero;877150;2013;01;05;25,9;24;4,7;24;1008,8;8;978,1;8;12,4;24;4,3;24;7,7;11,3;33,2;17,8;127,0;999,9;0;0;0;0;0;0
Neuquen_Aero;877150;2013;01;06;27,6;18;5,2;18;1003,2;8;972,6;8;14,2;18;8,7;18;16,5;18,5;34,0;16,8;0,0;999,9;0;0;0;0;0;0
Neuquen_Aero;877150;2013;01;07;22,4;24;-0,6;24;1001,9;7;971,2;7;12,4;24;6,7;24;11,3;18,0;34,4;11,0;0,0;999,9;0;0;0;0;0;0
Neuquen_Aero;877150;2013;01;08;21,3;23;-0,2;23;1010,2;8;978,9;8;12,4;23;4,9;23;10,8;15,9;29,0;14,8;0,0;999,9;0;0;0;0;0;0
Neuquen_Aero;877150;2013;01;09;24,3;23;6,1;23;1013,5;8;982,4;8;12,7;23;1,8;23;3,1;999,9;34,4;14,3;0,0;999,9;0;0;0;0;0;0
Neuquen_Aero;877150;2013;01;10;27,2;22;13,3;22;1009,8;8;979,2;8;12,9;22;1,9;22;7,2;11,3;40,0;15,7;0,0;999,9;0;0;0;0;0;0
Neuquen_Aero;877150;2013;01;11;34,0;23;13,1;23;1003,7;7;974,0;7;12,9;23;3,7;23;7,7;15,4;40,0;27,0;0,0;999,9;0;0;0;0;0;0
Neuquen_Aero;877150;2013;01;12;29,7;24;14,9;24;1007,3;8;977,2;8;12,4;24;6,0;24;11,8;999,9;40,1;23,2;0,0;999,9;0;0;0;0;0;0
Neuquen_Aero;877150;2013;01;13;21,1;19;15,9;19;1015,9;7;984,8;7;12,6;19;3,7;19;7,2;13,4;31,1;14,8;18,0;999,9;0;1;0;0;1;0
Neuquen_Aero;877150;2013;01;14;21,4;17;18,1;17;1016,2;8;984,8;8;12,1;17;1,9;17;3,6;999,9;30,8;16,8;7,1;999,9;0;0;0;0;0;0
Neuquen_Aero;877150;2013;01;15;28,0;8;17,3;8;1007,3;8;976,8;8;17,5;8;2,3;8;3,1;999,9;34,2;20,1;0,0;999,9;0;0;0;0;0;0
Neuquen_Aero;877150;2013;01;16;27,4;12;16,7;12;1007,8;8;977,1;8;15,3;12;1,9;12;5,7;999,9;34,6;18,0;0,0;999,9;0;0;0;0;0;0
Neuquen_Aero;877150;2013;01;17;21,2;21;14,2;21;1016,1;8;985,0;8;13,7;21;4,6;21;7,7;999,9;34,5;15,9;0,0;999,9;0;0;0;0;0;0
Neuquen_Aero;877150;2013;01;18;28,4;15;17,0;15;1014,8;5;983,8;6;12,6;15;1,9;15;4,1;999,9;35,0;19,9;0,0;999,9;0;0;0;0;0;0
Neuquen_Aero;877150;2013;01;19;21,3;23;15,5;23;1020,8;8;989,5;8;11,6;23;5,2;23;8,7;999,9;35,5;17,0;24,1;999,9;0;1;0;0;1;0
Neuquen_Aero;877150;2013;01;20;22,7;22;12,9;22;1019,9;7;988,5;7;12,6;22;4,7;22;9,3;999,9;28,1;17,0;0,0;999,9;0;0;0;0;0;0
Neuquen_Aero;877150;2013;01;21;24,5;22;14,7;22;1014,9;8;983,9;8;12,6;22;4,2;22;6,2;999,9;29,6;19,0;0,0;999,9;0;0;0;0;0;0
Neuquen_Aero;877150;2013;01;22;26,6;22;17,3;22;1010,6;7;979,9;7;12,6;22;1,7;22;4,1;999,9;34,5;19,0;4,1;999,9;0;1;0;0;1;0
Neuquen_Aero;877150;2013;01;23;29,4;20;9,8;20;1007,0;6;976,7;6;12,7;20;3,4;20;5,1;999,9;35,5;23,4;0,0;999,9;0;0;0;0;0;0
Neuquen_Aero;877150;2013;01;24;24,6;23;6,9;23;1007,8;7;977,2;7;12,4;23;3,6;22;7,2;15,9;33,2;16,5;0,0;999,9;0;0;0;0;0;0
Neuquen_Aero;877150;2013;01;25;19,2;24;6,0;24;1016,0;7;984,4;7;12,7;24;2,5;24;5,7;13,4;28,9;11,0;0,0;999,9;0;0;0;0;0;0
Neuquen_Aero;877150;2013;01;26;23,4;24;8,6;24;1010,1;8;979,0;8;12,7;24;2,7;24;7,2;999,9;33,2;12,7;0,0;999,9;0;0;0;0;0;0
Neuquen_Aero;877150;2013;01;27;26,9;23;6,6;23;1009,3;7;978,7;7;12,4;23;3,3;23;6,7;999,9;34,0;16,7;0,0;999,9;0;0;0;0;0;0
Neuquen_Aero;877150;2013;01;28;26,5;22;9,2;22;1012,6;6;981,9;7;12,9;22;2,0;22;3,6;999,9;33,8;17,5;0,0;999,9;0;0;0;0;0;0
Neuquen_Aero;877150;2013;01;29;25,0;22;12,3;22;1013,7;8;982,9;8;12,6;22;3,2;22;7,2;12,9;34,0;19,6;0,0;999,9;0;1;0;0;0;0
Neuquen_Aero;877150;2013;01;30;25,6;24;12,5;24;1010,5;8;979,7;8;13,2;24;1,3;24;3,1;999,9;35,0;17,0;0,0;999,9;0;0;0;0;0;0
Neuquen_Aero;877150;2013;01;31;28,3;21;13,4;21;1004,7;7;974,3;7;13,5;21;1,4;21;3,1;999,9;36,3;17,8;0,0;999,9;0;0;0;0;0;0
Neuquen_Aero;877150;2013;02;01;24,8;21;7,7;21;1005,0;8;975,8;8;12,6;21;3,7;21;6,7;999,9;37,7;19,7;0,0;999,9;0;0;0;0;0;0
Neuquen_Aero;877150;2013;02;02;21,9;22;4,4;22;1016,4;8;985,2;8;12,7;22;3,4;22;6,2;999,9;28,6;16,6;0,0;999,9;0;0;0;0;0;0
Neuquen_Aero;877150;2013;02;03;24,0;22;8,9;22;1014,7;8;983,4;8;13,5;22;1,6;22;5,1;999,9;34,0;12,2;0,0;999,9;0;0;0;0;0;0
Neuquen_Aero;877150;2013;02;04;24,7;24;10,3;24;1008,5;7;978,0;8;12,9;24;3,1;24;7,7;999,9;34,6;14,7;0,0;999,9;0;0;0;0;0;0
Neuquen_Aero;877150;2013;02;05;24,2;22;10,3;22;1011,4;8;980,6;8;13,4;22;2,7;22;7,2;999,9;33,8;16,3;0,0;999,9;0;0;0;0;0;0
Neuquen_Aero;877150;2013;02;06;29,0;23;17,7;23;1009,8;8;979,2;8;11,7;23;0,8;23;3,1;999,9;39,0;18,8;0,0;999,9;0;0;0;0;0;0
Neuquen_Aero;877150;2013;02;07;30,6;24;15,1;24;1009,3;8;979,1;8;12,2;24;2,2;24;4,6;999,9;39,5;25,1;0,0;999,9;0;0;0;0;0;0
Neuquen_Aero;877150;2013;02;08;24,5;18;12,8;18;1009,4;8;978,8;8;13,0;18;2,4;18;3,6;999,9;36,9;20,3;0,0;999,9;0;1;0;0;0;0
Neuquen_Aero;877150;2013;02;09;26,1;20;17,3;20;1006,5;6;975,7;6;13,0;20;2,1;20;8,7;999,9;34,0;19,0;0,0;999,9;0;0;0;0;0;0
Neuquen_Aero;877150;2013;02;10;24,2;24;14,1;24;1008,4;8;977,7;8;12,1;24;4,2;24;14,9;999,9;35,6;18,6;3,0;999,9;0;1;0;0;1;0
Neuquen_Aero;877150;2013;02;11;24,3;21;8,7;21;1006,8;7;975,6;6;12,7;21;3,8;21;8,2;999,9;32,0;15,7;0,0;999,9;0;0;0;0;0;0
Neuquen_Aero;877150;2013;02;12;22,6;22;6,2;22;1004,8;8;974,0;8;12,9;22;4,3;22;6,7;999,9;33,5;16,4;0,0;999,9;0;0;0;0;0;0
Neuquen_Aero;877150;2013;02;13;20,2;18;5,9;18;1009,7;7;978,5;7;13,2;18;2,7;18;5,7;999,9;27,5;11,3;0,0;999,9;0;0;0;0;0;0
Neuquen_Aero;877150;2013;02;14;22,0;24;6,9;24;1010,5;8;979,3;8;12,7;24;3,1;24;6,7;999,9;32,0;13,0;0,0;999,9;0;0;0;0;0;0
Neuquen_Aero;877150;2013;02;15;25,9;22;9,9;22;1006,6;7;975,9;7;13,0;22;3,4;22;8,7;999,9;35,0;15,0;0,0;999,9;0;0;0;0;0;0
Neuquen_Aero;877150;2013;02;16;22,5;24;9,2;24;1002,1;8;971,5;8;11,9;24;5,6;24;16,5;18,0;36,0;13,7;0,0;999,9;0;0;0;0;0;0
Neuquen_Aero;877150;2013;02;17;16,3;22;-0,1;22;1013,6;7;982,0;7;11,9;22;4,9;22;11,3;17,5;30,5;11,0;0,0;999,9;0;0;0;0;0;0
Neuquen_Aero;877150;2013;02;18;16,4;22;1,2;22;1019,9;8;988,2;7;13,2;22;1,4;22;3,6;999,9;25,0;7,0;132,1;999,9;0;0;0;0;0;0
Neuquen_Aero;877150;2013;02;19;19,5;20;3,4;20;1016,5;5;984,7;4;12,1;20;2,3;20;5,7;999,9;29,0;8,0;0,0;999,9;0;0;0;0;0;0
Neuquen_Aero;877150;2013;02;20;21,8;24;9,0;24;1014,8;8;983,5;8;12,7;24;1,4;24;4,1;999,9;29,5;13,0;0,0;999,9;0;0;0;0;0;0
Neuquen_Aero;877150;2013;02;21;22,0;20;10,4;20;1012,6;8;981,5;8;13,4;20;1,4;20;3,6;999,9;31,1;11,5;0,0;999,9;0;0;0;0;0;0
Neuquen_Aero;877150;2013;02;22;25,9;22;11,1;22;1007,9;8;977,3;8;12,7;22;2,3;22;3,1;999,9;33,0;18,2;0,0;999,9;0;0;0;0;0;0
Neuquen_Aero;877150;2013;02;23;23,2;21;7,4;21;1007,5;8;976,7;8;13,0;21;4,5;21;9,3;999,9;33,2;14,4;0,0;999,9;0;0;0;0;0;0
Neuquen_Aero;877150;2013;02;24;20,6;23;7,3;23;1013,5;8;982,2;8;12,7;23;5,0;23;8,7;999,9;28,0;15,2;0,0;999,9;0;0;0;0;0;0
Neuquen_Aero;877150;2013;02;25;17,3;23;5,7;23;1019,6;8;987,8;8;12,7;23;2,7;23;5,1;999,9;24,5;9,4;0,0;999,9;0;0;0;0;0;0
Neuquen_Aero;877150;2013;02;26;18,7;22;6,7;22;1015,5;7;983,9;7;12,4;22;2,7;22;5,1;999,9;27,4;10,3;0,0;999,9;0;0;0;0;0;0
Neuquen_Aero;877150;2013;02;27;21,9;24;9,2;24;1009,4;8;978,1;7;12,6;24;1,7;24;3,6;999,9;29,0;11,7;0,0;999,9;0;0;0;0;0;0
Neuquen_Aero;877150;2013;02;28;20,6;24;10,1;23;1008,8;7;977,7;7;12,7;24;3,2;24;999,9;999,9;29,9;12,3;0,0;999,9;0;0;0;0;1;0
Neuquen_Aero;877150;2013;03;01;18,2;23;12,1;23;1009,7;7;978,4;7;12,9;23;3,6;23;6,7;12,3;29,5;14,0;2,0;999,9;0;1;0;0;1;0
Neuquen_Aero;877150;2013;03;02;17,1;24;10,9;24;1015,6;8;983,8;8;14,3;22;2,2;24;5,1;999,9;25,2;12,0;2,0;999,9;0;0;0;0;1;0
Neuquen_Aero;877150;2013;03;03;17,5;23;10,3;23;1020,4;8;988,4;8;13,4;23;1,4;23;2,6;999,9;24,1;10,8;0,0;999,9;0;0;0;0;0;0
Neuquen_Aero;877150;2013;03;04;19,2;24;8,9;24;1018,3;8;986,6;8;12,9;24;1,9;24;6,2;999,9;27,0;10,9;0,0;999,9;0;0;0;0;0;0
Neuquen_Aero;877150;2013;03;05;21,9;24;9,8;23;1008,9;8;977,7;8;13,2;24;1,3;24;3,6;999,9;31,5;13,0;0,0;999,9;0;0;0;0;0;0
Neuquen_Aero;877150;2013;03;06;19,3;23;0,0;23;1008,1;7;977,1;7;11,6;22;5,5;23;7,2;999,9;32,0;14,0;0,0;999,9;0;0;0;0;0;0
Neuquen_Aero;877150;2013;03;07;17,1;23;4,2;23;1013,5;8;981,8;8;11,6;23;1,5;23;5,7;999,9;23,5;9,4;0,0;999,9;0;0;0;0;0;0
Neuquen_Aero;877150;2013;03;08;16,3;23;6,5;23;1013,2;8;981,4;8;12,4;23;1,1;23;3,1;999,9;25,0;7,6;0,0;999,9;0;0;0;0;0;0
Neuquen_Aero;877150;2013;03;09;19,3;24;7,4;24;1008,6;8;977,2;8;11,9;24;5,5;24;14,9;17,5;29,0;9,0;0,0;999,9;0;0;0;0;0;0
Neuquen_Aero;877150;2013;03;10;19,9;21;7,7;21;1011,7;8;980,4;8;14,2;21;3,4;21;5,7;999,9;29,5;13,0;0,0;999,9;0;0;0;0;0;0
Neuquen_Aero;877150;2013;03;11;20,9;23;6,8;23;1007,2;6;976,1;6;12,1;23;2,8;23;7,2;999,9;26,2;16,0;0,0;999,9;0;0;0;0;0;0
Neuquen_Aero;877150;2013;03;12;17,9;22;3,3;22;1013,0;8;981,3;8;11,7;22;2,3;22;4,1;999,9;26,6;8,0;0,0;999,9;0;0;0;0;0;0
Neuquen_Aero;877150;2013;03;13;12,7;24;4,7;24;1022,7;8;990,4;8;12,2;22;2,6;24;5,1;999,9;22,5;9,9;0,0;999,9;0;1;0;0;0;0
Neuquen_Aero;877150;2013;03;14;10,6;23;3,6;23;1025,4;8;992,6;8;12,4;23;2,5;23;4,6;999,9;15,0;6,5;2,0;999,9;0;1;0;0;0;0
Neuquen_Aero;877150;2013;03;15;12,2;18;3,8;18;1026,0;8;993,6;8;15,6;18;1,9;18;4,6;999,9;18,0;1,7;0,0;999,9;0;0;0;0;0;0
Neuquen_Aero;877150;2013;03;16;15,4;23;4,6;23;1022,1;8;989,9;8;14,2;21;3,6;23;6,2;999,9;20,0;6,6;0,0;999,9;0;0;0;0;0;0
Neuquen_Aero;877150;2013;03;17;17,4;22;8,5;22;1021,5;8;989,4;8;13,8;22;5,1;22;11,0;999,9;22,0;12,2;0,0;999,9;0;0;0;0;0;0
Neuquen_Aero;877150;2013;03;18;16,1;15;11,3;15;1019,8;8;987,8;8;15,9;15;3,2;15;7,7;999,9;22,7;13,8;0,0;999,9;0;0;0;0;0;0
Neuquen_Aero;877150;2013;03;19;18,4;24;10,7;24;1016,6;7;984,7;7;12,4;24;1,4;24;4,1;999,9;27,0;10,0;0,0;999,9;0;0;0;0;0;0
Neuquen_Aero;877150;2013;03;20;20,3;22;8,8;22;1008,3;8;977,1;8;13,0;21;2,0;22;6,7;15,9;28,0;13,0;0,0;999,9;0;0;0;0;0;0
Neuquen_Aero;877150;2013;03;21;16,2;22;1,0;22;1016,5;8;984,6;8;11,7;22;3,6;22;7,2;15,9;28,6;10,0;0,0;999,9;0;0;0;0;0;0
Neuquen_Aero;877150;2013;03;22;13,6;24;3,1;24;1016,1;8;983,8;8;13,2;24;2,2;24;6,2;999,9;25,0;3,5;0,0;999,9;0;0;0;0;0;0
Neuquen_Aero;877150;2013;03;23;15,1;23;6,4;23;1016,7;8;984,7;8;11,9;23;0,8;23;2,6;999,9;27,0;5,5;0,0;999,9;0;0;0;0;0;0
Neuquen_Aero;877150;2013;03;24;17,5;23;6,8;23;1009,2;8;977,7;8;12,7;23;4,0;23;11,8;999,9;27,5;9,2;0,0;999,9;0;0;0;0;0;0
Neuquen_Aero;877150;2013;03;25;16,3;20;2,7;20;1015,6;8;983,8;8;14,0;20;2,7;20;5,7;999,9;27,0;7,0;0,0;999,9;0;0;0;0;0;0
Neuquen_Aero;877150;2013;03;26;16,3;24;6,5;24;1017,6;8;985,5;8;11,4;24;0,7;24;2,1;999,9;30,0;5,0;0,0;999,9;0;0;0;0;0;0
Neuquen_Aero;877150;2013;03;27;19,1;23;9,3;23;1015,3;8;983,7;8;11,4;23;0,9;23;2,6;999,9;30,6;7,9;0,0;999,9;0;0;0;0;0;0
Neuquen_Aero;877150;2013;03;28;18,7;24;10,1;24;1015,1;8;983,3;8;12,4;24;1,6;24;5,1;999,9;31,0;8,0;0,0;999,9;0;0;0;0;0;0
Neuquen_Aero;877150;2013;03;29;21,8;22;10,3;22;1011,3;8;980,2;8;13,8;21;2,1;22;3,6;999,9;31,6;11,4;0,0;999,9;0;0;0;0;0;0
Neuquen_Aero;877150;2013;03;30;16,7;24;12,1;24;1012,6;8;981,0;8;12,1;24;2,4;23;9,3;999,9;28,3;10,0;0,0;999,9;0;0;0;0;0;0
Neuquen_Aero;877150;2013;03;31;12,9;22;9,8;22;1022,9;7;990,6;7;11,4;22;5,7;22;8,7;999,9;24,4;10,0;17,0;999,9;0;1;0;0;1;0
Neuquen_Aero;877150;2013;04;01;12,3;22;8,8;22;1024,1;8;991,5;8;11,1;22;1,5;22;3,6;999,9;16,6;10,0;0,0;999,9;0;1;0;0;0;0
Neuquen_Aero;877150;2013;04;02;12,8;23;10,6;23;1021,8;8;989,2;8;13,4;22;1,7;23;4,1;999,9;16,0;9,3;4,1;999,9;0;1;0;0;0;0
Neuquen_Aero;877150;2013;04;03;14,7;20;13,6;20;1021,1;8;988,9;8;10,3;19;0,6;19;1,5;999,9;19,0;12,0;3,0;999,9;0;1;0;0;0;0
Neuquen_Aero;877150;2013;04;04;17,0;23;12,1;23;1010,0;7;978,2;7;10,0;21;1,5;23;6,7;999,9;25,7;12,0;3,0;999,9;1;0;0;0;0;0
Neuquen_Aero;877150;2013;04;05;18,3;21;5,4;21;1006,6;8;975,2;8;13,0;21;4,1;21;11,8;999,9;26,5;12,6;0,0;999,9;0;0;0;0;0;0
Neuquen_Aero;877150;2013;04;06;14,2;24;1,4;24;1013,7;8;981,7;8;11,7;24;5,7;23;9,8;15,9;22,5;9,5;0,0;999,9;0;1;0;0;0;0
Neuquen_Aero;877150;2013;04;07;14,5;22;4,1;22;1016,2;8;984,2;8;12,4;22;2,5;22;5,1;999,9;21,2;8,0;0,0;999,9;0;0;0;0;0;0
Neuquen_Aero;877150;2013;04;08;13,5;22;6,0;22;1017,3;8;985,0;8;12,4;22;0,9;22;3,1;999,9;25,0;4,6;0,0;999,9;0;0;0;0;0;0
Neuquen_Aero;877150;2013;04;09;15,4;20;10,3;20;1009,9;8;978,0;8;12,4;18;0,4;20;2,1;999,9;25,0;7,0;0,0;999,9;0;0;0;0;0;0
Neuquen_Aero;877150;2013;04;10;14,7;23;4,9;23;1009,2;8;977,3;8;12,6;23;1,4;23;5,1;999,9;25,0;7,0;0,0;999,9;0;0;0;0;0;0
Neuquen_Aero;877150;2013;04;11;13,7;22;0,1;22;1013,1;8;981,2;8;13,0;22;3,9;22;5,7;15,9;25,5;8,0;0,0;999,9;0;0;0;0;0;0
Neuquen_Aero;877150;2013;04;12;10,1;20;-1,4;19;1021,7;8;989,0;8;14,5;20;2,7;19;4,6;999,9;17,5;4,0;0,0;999,9;0;0;0;0;0;0
Neuquen_Aero;877150;2013;04;13;7,7;23;0,7;23;1019,4;8;986,5;8;12,6;23;1,0;23;3,1;999,9;18,2;0,6;0,0;999,9;0;0;0;0;0;0
Neuquen_Aero;877150;2013;04;14;15,7;21;6,8;21;1014,3;7;982,2;7;11,6;21;2,6;21;4,6;999,9;26,0;2,2;0,0;999,9;0;0;0;0;0;0
Neuquen_Aero;877150;2013;04;15;17,4;24;8,7;24;1015,0;8;983,2;8;11,6;24;2,0;19;4,1;999,9;29,0;7,4;0,0;999,9;0;0;0;0;0;0
Neuquen_Aero;877150;2013;04;16;18,0;21;11,1;21;1013,4;8;981,9;8;12,9;21;0,7;21;1,5;999,9;29,2;10,1;0,0;999,9;0;0;0;0;0;0
Neuquen_Aero;877150;2013;04;17;16,4;24;10,0;24;1013,8;8;982,0;8;13,2;24;0,5;24;2,6;999,9;28,0;8,0;0,0;999,9;0;0;0;0;0;0
Neuquen_Aero;877150;2013;04;18;16,8;24;10,8;24;1011,5;8;979,8;8;11,6;24;0,5;24;1,5;999,9;29,0;7,4;0,0;999,9;0;0;0;0;0;0
Neuquen_Aero;877150;2013;04;19;17,5;22;10,4;22;1012,3;8;980,6;8;12,7;22;0,7;22;3,1;999,9;29,9;6,2;0,0;999,9;0;0;0;0;0;0
Neuquen_Aero;877150;2013;04;20;19,9;23;10,5;23;1011,0;8;979,5;8;13,4;23;2,4;23;5,1;999,9;30,0;9,0;0,0;999,9;0;0;0;0;0;0
Neuquen_Aero;877150;2013;04;21;17,8;24;8,9;24;1014,2;8;982,6;8;13,0;24;1,0;24;3,1;999,9;30,6;7,2;0,0;999,9;0;0;0;0;0;0
Neuquen_Aero;877150;2013;04;22;16,3;23;8,8;23;1016,2;8;984,3;8;12,6;23;1,2;21;3,1;999,9;28,0;8,2;0,0;999,9;0;0;0;0;0;0
Neuquen_Aero;877150;2013;04;23;17,6;22;10,8;22;1017,2;7;985,3;7;13,0;22;0,9;22;3,6;999,9;28,9;9,5;0,0;999,9;0;0;0;0;0;0
Neuquen_Aero;877150;2013;04;24;19,1;24;13,6;24;1013,6;8;982,1;8;11,4;24;1,1;24;3,6;999,9;27,1;12,1;0,0;999,9;0;0;0;0;0;0
Neuquen_Aero;877150;2013;04;25;15,6;23;11,6;23;1014,0;7;982,3;7;11,6;23;0,9;23;3,1;999,9;26,4;11,7;0,0;999,9;0;0;0;0;0;0
Neuquen_Aero;877150;2013;04;26;14,6;24;13,1;24;1015,0;7;983,0;7;12,1;23;1,5;24;4,6;999,9;19,2;10,1;0,0;999,9;0;0;0;0;0;0
Neuquen_Aero;877150;2013;04;27;16,8;22;14,2;22;1014,0;8;981,8;8;12,4;22;1,3;22;2,6;999,9;21,0;13,8;0,5;999,9;0;1;0;0;0;0
Neuquen_Aero;877150;2013;04;28;16,4;24;8,6;24;1013,5;7;981,8;7;11,9;24;2,3;23;3,1;999,9;22,5;9,2;0,0;999,9;0;0;0;0;0;0
Neuquen_Aero;877150;2013;04;29;12,8;22;7,8;22;1013,7;8;981,5;8;11,4;22;0,7;18;1,5;999,9;22,6;7,0;0,0;999,9;0;0;0;0;0;0
Neuquen_Aero;877150;2013;04;30;12,4;24;7,6;24;1012,6;8;980,4;8;12,4;24;0,6;24;2,1;999,9;21,8;5,0;0,0;999,9;0;0;0;0;0;0
Neuquen_Aero;877150;2013;05;01;12,1;24;7,6;24;1009,9;8;977,8;8;12,7;24;1,0;24;2,6;999,9;22,9;7,0;0,0;999,9;0;0;0;0;0;0
Neuquen_Aero;877150;2013;05;02;11,4;24;7,8;24;1015,4;8;983,0;8;12,6;24;0,8;24;2,1;999,9;19,2;5,0;999,9;999,9;0;1;0;0;0;0
Neuquen_Aero;877150;2013;05;03;12,9;22;11,9;22;1012,9;7;980,8;7;8,2;22;2,5;22;4,6;999,9;17,9;5,8;4,1;999,9;1;1;0;0;0;0
Neuquen_Aero;877150;2013;05;04;13,0;23;6,7;23;1016,0;8;983,7;8;11,7;23;1,8;23;4,6;999,9;20,0;8,0;3,0;999,9;0;0;0;0;0;0
Neuquen_Aero;877150;2013;05;05;11,2;22;4,9;22;1019,7;8;987,1;8;11,7;22;1,2;21;2,1;999,9;19,7;2,5;0,0;999,9;0;0;0;0;0;0
Neuquen_Aero;877150;2013;05;06;13,0;24;1,8;24;1018,1;8;985,8;8;12,6;23;3,7;24;8,2;999,9;19,2;2,5;0,0;999,9;0;0;0;0;0;0
Neuquen_Aero;877150;2013;05;07;8,9;24;2,4;24;1018,5;8;985,8;8;13,0;24;0,7;24;3,1;999,9;19,5;1,2;0,0;999,9;0;0;0;0;0;0
Neuquen_Aero;877150;2013;05;08;16,5;24;5,0;24;1008,3;8;976,5;8;12,4;24;2,7;24;5,1;999,9;23,0;1,8;0,0;999,9;0;0;0;0;0;0
Neuquen_Aero;877150;2013;05;09;12,0;24;5,9;24;1011,0;8;979,0;8;11,9;24;0,8;24;3,1;999,9;23,6;3,5;0,0;999,9;0;0;0;0;0;0
Neuquen_Aero;877150;2013;05;10;11,7;22;3,9;22;1008,2;8;975,9;8;10,6;21;2,6;20;10,3;999,9;23,0;3,0;0,0;999,9;0;0;0;0;0;0
Neuquen_Aero;877150;2013;05;11;12,4;24;3,9;24;1017,2;7;985,0;7;12,2;24;2,9;24;4,6;999,9;16,0;3,8;0,0;999,9;0;0;0;0;0;0
Neuquen_Aero;877150;2013;05;12;9,3;24;0,8;24;1017,2;8;984,5;8;12,4;24;3,7;24;9,3;999,9;17,0;1,6;0,0;999,9;0;0;0;0;0;0
Neuquen_Aero;877150;2013;05;13;9,2;23;-1,2;23;1015,3;8;982,7;8;12,7;23;1,7;23;4,1;999,9;17,4;-1,3;0,0;999,9;0;0;0;0;0;0
Neuquen_Aero;877150;2013;05;14;9,1;24;-2,4;24;1017,7;8;984,9;8;12,2;24;2,8;24;7,2;13,4;17,5;0,9;0,0;999,9;0;0;0;0;0;0
Neuquen_Aero;877150;2013;05;15;4,2;24;-5,2;24;1024,8;8;991,3;8;11,6;24;2,4;24;6,2;999,9;14,0;-5,3;0,0;999,9;0;0;0;0;0;0
Neuquen_Aero;877150;2013;05;16;5,4;24;-1,8;24;1024,4;8;991,0;8;11,7;24;1,2;24;3,1;999,9;16,0;-3,4;0,0;999,9;0;0;0;0;0;0
Neuquen_Aero;877150;2013;05;17;2,9;21;-1,9;21;1020,9;6;987,4;6;10,8;21;0,3;21;1,0;999,9;16,0;-4,1;0,0;999,9;0;0;0;0;0;0
Neuquen_Aero;877150;2013;05;18;4,7;22;-0,6;22;1020,2;6;986,9;6;11,9;22;1,3;22;4,1;999,9;14,0;-3,6;0,0;999,9;0;0;0;0;0;0
Neuquen_Aero;877150;2013;05;19;10,2;21;3,7;21;1021,7;8;988,8;8;12,9;21;1,3;21;2,6;999,9;18,0;-2,8;0,0;999,9;0;0;0;0;0;0
Neuquen_Aero;877150;2013;05;20;7,9;24;2,6;24;1018,0;8;985,1;8;10,8;24;0,8;24;3,6;999,9;18,6;1,0;0,0;999,9;0;0;0;0;0;0
Neuquen_Aero;877150;2013;05;21;9,6;24;1,7;24;1017,8;8;985,1;8;12,1;24;1,8;24;3,1;999,9;18,8;1,3;0,0;999,9;0;0;0;0;0;0
Neuquen_Aero;877150;2013;05;22;7,2;23;1,6;23;1020,2;7;987,3;7;13,0;23;0,8;23;2,6;999,9;18,2;1,0;0,0;999,9;0;0;0;0;0;0
Neuquen_Aero;877150;2013;05;23;8,7;23;2,2;23;1015,5;8;982,7;8;11,9;23;1,9;23;7,2;999,9;23,0;0,5;0,0;999,9;0;0;0;0;0;0
Neuquen_Aero;877150;2013;05;24;11,7;24;6,2;24;1020,2;8;987,8;8;12,6;24;2,0;24;4,1;999,9;22,8;1,6;0,0;999,9;0;0;0;0;0;0
Neuquen_Aero;877150;2013;05;25;9,1;22;4,6;22;1014,0;7;981,5;7;11,4;21;1,2;22;3,1;999,9;18,0;1,6;0,0;999,9;0;0;0;0;0;0
Neuquen_Aero;877150;2013;05;26;11,9;22;5,0;22;1010,6;8;978,3;8;12,2;22;1,3;22;3,1;999,9;21,0;2,0;0,0;999,9;0;0;0;0;0;0
Neuquen_Aero;877150;2013;05;27;13,2;23;4,7;23;1004,0;8;972,2;8;12,1;23;1,9;23;4,1;999,9;22,0;4,2;999,9;999,9;0;1;0;0;0;0
Neuquen_Aero;877150;2013;05;28;12,1;24;1,7;24;1000,8;7;969,0;7;12,6;24;3,0;24;5,7;999,9;17,5;7,3;0,0;999,9;0;1;0;0;0;0
Neuquen_Aero;877150;2013;05;29;12,7;24;0,2;24;1008,2;8;976,1;8;11,1;24;5,9;23;8,2;16,5;17,0;0,3;0,0;999,9;0;0;0;0;0;0
Neuquen_Aero;877150;2013;05;30;13,9;23;0,2;23;1007,0;8;975,1;8;9,7;23;3,9;23;10,8;20,1;23,0;6,0;0,0;999,9;0;0;0;0;0;0
Neuquen_Aero;877150;2013;05;31;13,8;23;2,2;23;1000,9;7;969,6;6;10,9;22;6,4;21;14,4;18,0;23,4;6,6;0,0;999,9;0;0;0;0;0;0
Neuquen_Aero;877150;2013;06;01;14,8;24;0,6;24;1005,6;7;973,9;7;11,1;24;10,1;24;17,0;23,1;18,6;10,5;0,0;999,9;0;0;0;0;0;0
Neuquen_Aero;877150;2013;06;02;13,5;22;3,6;22;1015,8;8;983,7;8;12,6;22;2,9;22;6,7;13,4;18,8;7,7;0,0;999,9;0;0;0;0;0;0
Neuquen_Aero;877150;2013;06;03;15,0;22;4,7;22;1016,0;8;983,9;8;13,5;22;2,5;22;4,1;999,9;23,0;8,0;0,0;999,9;0;0;0;0;0;0
Neuquen_Aero;877150;2013;06;04;16,0;22;5,9;22;1013,1;8;981,3;8;12,2;22;2,0;22;4,6;999,9;23,8;8,9;0,0;999,9;0;0;0;0;0;0
Neuquen_Aero;877150;2013;06;05;16,3;21;1,1;20;1012,1;8;980,5;8;12,6;21;6,5;21;12,9;15,9;21,7;9,6;0,0;999,9;0;0;0;0;0;0
Neuquen_Aero;877150;2013;06;06;8,0;21;-1,2;21;1017,7;8;984,9;8;11,6;21;0,5;21;1,5;999,9;18,0;-0,4;0,0;999,9;0;0;0;0;0;0
Neuquen_Aero;877150;2013;06;07;10,8;24;-1,2;24;1016,0;8;983,3;8;11,6;24;2,5;24;5,1;999,9;17,6;-0,4;0,0;999,9;0;0;0;0;0;0
Neuquen_Aero;877150;2013;06;08;4,9;23;-4,8;22;1021,8;7;988,6;7;10,9;23;1,3;23;4,1;999,9;13,0;-2,8;0,0;999,9;0;0;0;0;0;0
Neuquen_Aero;877150;2013;06;09;6,7;23;-4,8;23;1017,9;8;984,6;8;11,7;23;2,4;23;4,1;999,9;19,0;-2,0;0,0;999,9;0;0;0;0;0;0
Neuquen_Aero;877150;2013;06;10;8,6;24;-1,0;24;1016,1;8;983,3;8;11,3;24;1,2;24;3,1;999,9;21,0;-1,0;0,0;999,9;0;0;0;0;0;0
Neuquen_Aero;877150;2013;06;11;8,6;24;-2,0;24;1014,7;7;982,1;7;11,4;24;1,8;24;5,1;999,9;19,2;0,5;0,0;999,9;0;0;0;0;0;0
Neuquen_Aero;877150;2013;06;12;11,4;23;1,6;23;1015,5;8;983,1;8;12,6;23;1,9;23;3,1;999,9;19,6;2,0;0,0;999,9;0;0;0;0;0;0
Neuquen_Aero;877150;2013;06;13;10,8;23;4,7;23;1015,4;8;982,9;8;12,2;23;1,4;23;4,6;999,9;20,1;4,0;0,0;999,9;0;0;0;0;0;0
Neuquen_Aero;877150;2013;06;14;11,2;22;-0,5;22;1023,0;7;990,9;8;12,2;22;4,1;22;6,7;999,9;21,0;5,1;52,1;999,9;0;0;0;0;0;0
Neuquen_Aero;877150;2013;06;15;9,8;23;0,5;23;1011,1;8;978,6;8;12,4;23;2,9;23;9,3;999,9;19,0;1,0;0,0;999,9;0;0;0;0;0;0
Neuquen_Aero;877150;2013;06;16;8,7;22;-3,9;22;1019,7;7;987,1;7;12,7;22;3,5;22;6,2;999,9;19,2;2,0;0,0;999,9;1;0;0;0;0;0
Neuquen_Aero;877150;2013;06;17;2,8;23;-6,6;22;1016,0;8;982,6;8;11,3;23;1,2;23;3,1;999,9;13,0;-5,1;0,0;999,9;0;0;0;0;0;0
Neuquen_Aero;877150;2013;06;18;7,7;24;-6,1;23;1016,5;7;983,6;7;11,3;24;4,0;24;9,3;19,5;13,0;-4,8;0,0;999,9;0;1;0;0;0;0
Neuquen_Aero;877150;2013;06;19;2,2;24;-6,7;23;1025,8;8;992,0;8;11,7;24;1,5;24;3,6;999,9;12,0;-6,0;0,0;999,9;0;0;0;0;0;0
Neuquen_Aero;877150;2013;06;20;1,9;24;-6,0;24;1020,5;8;986,7;8;11,6;23;1,1;24;3,1;999,9;14,0;-6,2;0,0;999,9;0;0;0;0;0;0
Neuquen_Aero;877150;2013;06;21;9,0;19;-1,6;19;1009,4;7;976,7;7;11,7;19;3,3;19;8,7;10,3;17,8;-6,2;999,9;999,9;0;1;0;0;0;0
Neuquen_Aero;877150;2013;06;22;7,8;23;1,0;23;1015,1;8;982,4;8;12,1;23;1,9;23;5,1;999,9;18,2;-1,5;0,0;999,9;0;0;0;0;0;0
Neuquen_Aero;877150;2013;06;23;3,4;23;-1,9;23;1022,1;8;988,7;8;12,4;23;1,9;23;5,1;999,9;13,6;-4,0;0,0;999,9;0;0;0;0;0;0
Neuquen_Aero;877150;2013;06;24;3,0;23;-1,7;23;1021,7;8;988,1;8;12,7;23;1,0;23;2,6;999,9;13,0;-4,6;0,0;999,9;0;0;0;0;0;0
Neuquen_Aero;877150;2013;06;25;5,9;24;0,2;24;1015,9;8;982,7;8;13,2;24;2,2;24;3,6;999,9;17,0;-4,5;0,0;999,9;0;0;0;0;0;0
Neuquen_Aero;877150;2013;06;26;6,8;24;2,4;23;1013,6;8;980,8;8;12,4;24;0,4;24;1,5;999,9;17,4;1,5;0,0;999,9;0;1;0;0;0;0
Neuquen_Aero;877150;2013;06;27;9,7;23;3,7;23;1006,0;8;973,6;8;12,1;23;1,5;23;4,1;999,9;16,0;5,2;0,5;999,9;0;0;0;0;0;0
Neuquen_Aero;877150;2013;06;28;12,1;23;1,3;23;1007,0;8;974,9;8;12,4;23;4,4;23;11,3;999,9;16,8;7,0;0,0;999,9;0;0;0;0;0;0
Neuquen_Aero;877150;2013;06;29;6,3;16;-1,3;16;1017,3;8;984,5;8;12,2;16;2,3;16;4,6;999,9;17,4;-1,5;0,0;999,9;0;0;0;0;0;0
Neuquen_Aero;877150;2013;06;30;5,6;24;2,7;24;1021,5;8;988,2;8;12,2;24;0,8;24;3,1;999,9;11,0;-1,5;0,0;999,9;0;1;0;0;0;0
Neuquen_Aero;877150;2013;07;01;6,7;24;1,2;24;1017,8;8;984,7;8;11,1;23;1,6;24;6,7;999,9;15,4;2,0;0,0;999,9;0;1;0;0;0;0
Neuquen_Aero;877150;2013;07;02;13,9;22;-3,7;22;1003,3;8;971,3;8;10,9;22;3,7;22;7,7;17,0;24,2;3,9;0,0;999,9;0;0;0;0;0;0
Neuquen_Aero;877150;2013;07;03;12,9;23;0,8;23;1007,9;8;975,9;8;12,2;23;5,1;23;8,7;13,4;25,1;6,3;0,0;999,9;0;0;0;0;0;0
Neuquen_Aero;877150;2013;07;04;8,7;24;0,9;24;1019,0;8;986,3;8;11,7;24;1,1;24;2,6;999,9;14,5;5,4;999,9;999,9;0;1;0;0;0;0
Neuquen_Aero;877150;2013;07;05;6,4;23;2,9;23;1019,4;8;986,3;8;11,1;23;2,5;23;5,7;999,9;12,0;4,0;3,0;999,9;0;1;0;0;0;0
Neuquen_Aero;877150;2013;07;06;6,5;24;2,1;24;1023,3;8;990,1;8;12,6;24;2,6;24;6,2;999,9;10,1;1,4;0,0;999,9;0;1;0;0;0;0
Neuquen_Aero;877150;2013;07;07;1,8;23;-1,9;23;1029,9;8;996,0;8;12,1;23;0,9;23;3,1;999,9;10,9;-4,6;0,0;999,9;0;0;0;0;0;0
Neuquen_Aero;877150;2013;07;08;5,5;23;0,8;23;1022,5;6;989,2;6;12,9;23;2,9;23;5,1;999,9;12,0;1,5;0,0;999,9;0;0;0;0;0;0
Neuquen_Aero;877150;2013;07;09;3,2;22;0,4;22;1016,7;7;983,4;7;9,5;21;0,8;22;2,6;999,9;12,5;-1,5;0,0;999,9;1;0;0;0;0;0
Neuquen_Aero;877150;2013;07;10;7,3;23;3,4;23;1013,4;8;980,5;8;10,9;23;0,9;23;2,1;999,9;16,7;0,2;0,0;999,9;0;0;0;0;0;0
Neuquen_Aero;877150;2013;07;11;8,5;24;3,3;24;1017,4;8;984,6;8;10,8;24;1,6;23;5,1;999,9;16,7;0,6;0,0;999,9;0;0;0;0;0;0
Neuquen_Aero;877150;2013;07;12;5,7;23;1,3;23;1020,1;9;987,0;9;12,1;23;1,3;23;2,6;999,9;16,9;-0,9;0,0;999,9;0;0;0;0;0;0
Neuquen_Aero;877150;2013;07;13;9,8;24;-0,9;24;1013,8;8;981,2;8;12,2;24;5,7;24;17,0;19,5;17,0;-0,9;0,0;999,9;0;0;0;0;0;0
Neuquen_Aero;877150;2013;07;14;7,9;19;-0,4;19;1021,3;7;988,4;7;12,2;19;2,1;19;4,1;999,9;10,3;3,6;0,0;999,9;0;1;0;0;0;0
Neuquen_Aero;877150;2013;07;15;6,1;19;0,1;19;1019,8;7;986,5;7;11,4;19;1,4;19;3,1;999,9;19,3;-2,5;0,0;999,9;0;0;0;0;0;0
Neuquen_Aero;877150;2013;07;16;11,8;24;3,4;24;1014,0;8;981,5;8;11,6;24;1,8;24;4,6;999,9;22,0;-2,1;0,0;999,9;0;0;0;0;0;0
Neuquen_Aero;877150;2013;07;17;9,6;23;2,0;23;1009,5;8;977,2;8;11,7;23;2,8;23;8,2;19,0;21,8;1,0;999,9;999,9;0;1;0;0;0;0
Neuquen_Aero;877150;2013;07;18;2,9;23;-4,0;23;1026,7;7;993,6;8;12,1;23;1,5;23;5,7;999,9;17,5;-3,8;0,0;999,9;0;0;0;0;0;0
Neuquen_Aero;877150;2013;07;19;-0,1;23;-8,0;23;1023,6;7;989,6;7;11,3;23;2,2;23;4,1;999,9;11,2;-8,5;0,0;999,9;0;0;0;0;0;0
Neuquen_Aero;877150;2013;07;20;4,9;24;-6,2;24;1014,4;7;981,2;7;12,1;24;5,3;24;10,8;999,9;11,5;-7,4;0,0;999,9;0;1;0;0;0;0
Neuquen_Aero;877150;2013;07;21;3,4;22;-8,2;22;1029,9;6;996,0;7;12,6;22;5,2;22;8,7;999,9;7,0;0,8;0,0;999,9;0;0;0;0;0;0
Neuquen_Aero;877150;2013;07;22;-0,7;23;-8,7;23;1030,3;7;996,1;7;12,6;23;1,5;23;4,1;999,9;7,0;-8,8;0,0;999,9;0;0;0;0;0;0
Neuquen_Aero;877150;2013;07;23;6,9;23;-3,1;23;1025,8;7;992,2;7;12,2;23;1,4;23;2,6;999,9;15,0;-8,7;0,0;999,9;0;0;0;0;0;0
Neuquen_Aero;877150;2013;07;24;4,3;24;-1,8;24;1022,6;8;989,2;8;11,7;24;0,7;24;2,1;999,9;16,4;-5,0;0,0;999,9;0;0;0;0;0;0
Neuquen_Aero;877150;2013;07;25;5,8;24;-1,8;23;1014,1;8;981,0;8;12,2;24;1,6;24;4,1;999,9;20,0;-3,8;0,0;999,9;0;0;0;0;0;0
Neuquen_Aero;877150;2013;07;26;7,8;22;-2,6;22;1013,3;8;980,6;8;11,6;22;1,4;22;3,1;999,9;20,6;-1,6;0,0;999,9;0;0;0;0;0;0
Neuquen_Aero;877150;2013;07;27;7,7;22;-0,5;22;1023,2;8;990,1;8;11,9;22;1,5;22;3,1;999,9;16,0;-1,8;0,0;999,9;0;0;0;0;0;0
Neuquen_Aero;877150;2013;07;28;6,5;24;-1,2;24;1020,4;8;987,3;8;11,3;24;0,8;24;2,1;999,9;16,0;-2,0;0,0;999,9;0;0;0;0;0;0
Neuquen_Aero;877150;2013;07;29;8,2;22;-0,4;22;1020,1;8;987,1;8;11,6;22;1,1;22;4,1;999,9;17,0;-1,7;0,0;999,9;0;0;0;0;0;0
Neuquen_Aero;877150;2013;07;30;8,8;18;3,1;18;1016,9;7;984,4;7;12,1;18;2,0;18;3,6;999,9;11,5;7,0;0,5;999,9;0;0;0;0;0;0
Neuquen_Aero;877150;2013;07;31;8,0;22;0,7;22;1019,0;8;986,0;8;12,2;22;2,7;22;5,1;999,9;15,0;2,0;0,0;999,9;0;0;0;0;0;0
Neuquen_Aero;877150;2013;08;01;5,2;23;-0,9;23;1020,3;7;987,1;7;15,0;7;1,2;23;3,1;999,9;15,2;-3,0;0,0;999,9;0;0;0;0;0;0
Neuquen_Aero;877150;2013;08;02;5,7;24;-0,8;24;1020,5;8;987,2;8;14,0;8;0,6;24;1,5;999,9;16,0;-3,1;0,0;999,9;0;0;0;0;0;0
Neuquen_Aero;877150;2013;08;03;8,6;23;-1,6;23;1012,6;7;979,9;7;14,8;7;4,2;23;13,9;17,5;17,0;1,5;0,0;999,9;0;0;0;0;0;0
Neuquen_Aero;877150;2013;08;04;11,3;22;-1,2;22;1011,2;7;978,8;7;13,5;10;6,8;22;18,0;20,6;20,0;2,7;999,9;999,9;0;1;0;0;0;0
Neuquen_Aero;877150;2013;08;05;11,0;16;-1,8;16;1009,5;8;978,5;8;13,8;9;7,4;16;11,8;19,6;20,3;6,2;0,0;999,9;0;0;0;0;0;0
Neuquen_Aero;877150;2013;08;06;7,4;8;-2,7;8;1011,2;8;978,6;8;13,7;8;1,8;8;6,2;999,9;16,9;1,4;0,0;999,9;0;0;0;0;0;0
Neuquen_Aero;877150;2013;08;07;12,0;12;-1,9;12;1003,7;8;971,6;8;13,7;12;5,8;12;9,3;999,9;18,0;3,0;0,0;999,9;0;1;0;0;0;0
Neuquen_Aero;877150;2013;08;08;7,7;24;-5,1;24;1018,0;8;985,2;8;14,0;10;4,9;24;8,2;999,9;15,3;1,5;0,0;999,9;0;0;0;0;0;0
Neuquen_Aero;877150;2013;08;09;5,2;24;-5,6;24;1028,2;8;994,7;8;15,0;8;2,6;24;6,2;999,9;13,0;-4,0;0,0;999,9;0;0;0;0;0;0
Neuquen_Aero;877150;2013;08;10;8,7;24;-1,8;24;1017,2;8;983,3;7;12,4;13;2,3;24;10,3;12,9;21,0;-3,6;0,0;999,9;0;0;0;0;0;0
Neuquen_Aero;877150;2013;08;11;12,9;23;1,7;23;1010,0;7;978,0;7;14,5;9;5,9;23;14,4;15,4;18,0;8,0;0,0;999,9;0;0;0;0;0;0
Neuquen_Aero;877150;2013;08;12;7,8;22;-1,9;22;1021,4;8;988,5;8;14,0;15;2,3;22;6,7;999,9;13,5;3,0;0,0;999,9;0;0;0;0;0;0
Neuquen_Aero;877150;2013;08;13;2,3;23;-6,6;23;1028,8;8;995,9;8;18,8;8;1,1;23;4,1;999,9;11,1;-6,0;0,0;999,9;0;0;0;0;0;0
Neuquen_Aero;877150;2013;08;14;4,0;23;-4,3;23;1025,3;8;991,6;8;14,3;8;0,6;23;3,6;999,9;16,0;-4,4;0,0;999,9;0;0;0;0;0;0
Neuquen_Aero;877150;2013;08;15;9,0;22;-5,1;22;1011,4;8;978,6;8;10,1;16;3,5;22;9,8;23,2;20,8;-2,0;0,0;999,9;0;0;0;0;0;0
Neuquen_Aero;877150;2013;08;16;9,7;21;-2,8;21;1025,3;7;992,4;7;15,0;7;2,3;21;5,7;17,0;21,6;1,0;0,0;999,9;0;0;0;0;0;0
Neuquen_Aero;877150;2013;08;17;7,3;21;-4,9;21;1020,1;8;987,1;8;15,0;8;0,6;21;2,1;999,9;17,0;-2,4;0,0;999,9;0;0;0;0;0;0
Neuquen_Aero;877150;2013;08;18;9,8;23;-7,2;23;1010,9;8;978,2;8;14,6;8;2,4;23;9,8;16,0;9999,9;-3,3;0,0;999,9;0;0;0;0;0;0
Neuquen_Aero;877150;2013;08;19;15,2;23;-2,0;23;1011,8;7;979,9;7;14,6;7;6,6;23;12,4;999,9;27,0;10,8;0,0;999,9;0;0;0;0;0;0
Neuquen_Aero;877150;2013;08;20;9,2;24;-4,5;24;1016,7;8;984,0;8;15,0;8;1,6;24;4,6;999,9;17,5;1,8;0,0;999,9;0;0;0;0;0;0
Neuquen_Aero;877150;2013;08;21;6,1;22;-4,8;22;1013,7;8;980,8;8;12,2;13;3,6;22;16,5;18,5;16,8;-2,3;0,0;999,9;0;0;0;0;0;0
Neuquen_Aero;877150;2013;08;22;3,6;23;-5,9;23;1024,8;8;991,3;8;15,1;13;2,1;23;4,6;999,9;13,0;-4,6;0,0;999,9;0;0;0;0;0;0
Neuquen_Aero;877150;2013;08;23;0,6;23;-7,3;23;1029,9;7;995,9;6;11,9;18;2,5;23;6,2;999,9;5,1;-3,1;0,0;999,9;0;0;0;0;0;0
Neuquen_Aero;877150;2013;08;24;1,8;22;-6,0;22;1035,6;8;1001,4;8;12,2;18;2,6;22;4,1;999,9;5,0;-2,0;0,0;999,9;0;0;0;0;0;0
Neuquen_Aero;877150;2013;08;25;-0,1;23;-4,8;23;1036,7;8;1002,2;8;12,4;14;1,9;23;5,7;999,9;6,0;-5,5;0,0;999,9;0;0;0;0;0;0
Neuquen_Aero;877150;2013;08;26;4,9;24;-1,6;24;1030,7;7;997,4;8;14,2;13;1,4;24;3,6;999,9;10,0;-3,0;999,9;999,9;0;1;0;0;0;0
Neuquen_Aero;877150;2013;08;27;9,8;23;3,1;23;1017,3;7;984,4;7;14,5;11;1,8;23;7,2;999,9;24,0;1,0;0,0;999,9;0;0;0;0;0;0
Neuquen_Aero;877150;2013;08;28;15,1;23;5,3;23;1014,7;7;982,7;7;20,0;7;1,1;23;2,6;999,9;26,0;5,0;0,0;999,9;0;0;0;0;0;0
Neuquen_Aero;877150;2013;08;29;15,7;24;0,4;24;1009,2;8;977,4;8;12,7;12;1,3;24;3,6;999,9;30,0;4,0;0,0;999,9;0;0;0;0;0;0
Neuquen_Aero;877150;2013;08;30;15,1;23;-1,7;23;1010,4;8;978,7;8;15,0;8;1,9;23;4,6;999,9;30,7;6,0;0,0;999,9;0;0;0;0;0;0
Neuquen_Aero;877150;2013;08;31;13,8;21;3,0;20;1013,2;8;981,1;8;13,4;12;1,2;21;4,1;999,9;23,0;6,5;0,0;999,9;0;0;0;0;0;0
Neuquen_Aero;877150;2013;09;01;12,5;23;2,4;23;1016,1;8;984,1;7;12,7;15;1,4;23;3,1;999,9;23,0;7,7;0,0;999,9;0;0;0;0;0;0
Neuquen_Aero;877150;2013;09;02;9,1;24;1,1;24;1019,5;7;986,8;7;12,4;16;2,0;24;4,1;999,9;17,1;5,5;999,9;999,9;0;1;0;0;0;0
Neuquen_Aero;877150;2013;09;03;7,3;23;-2,5;23;1026,3;7;993,3;8;12,9;14;2,3;23;5,7;999,9;14,8;-1,2;999,9;999,9;0;1;0;0;0;0
Neuquen_Aero;877150;2013;09;04;10,1;19;-0,2;19;1016,2;8;983,5;8;12,2;15;2,9;19;4,1;999,9;14,0;1,9;0,5;999,9;0;1;0;0;0;0
Neuquen_Aero;877150;2013;09;05;10,4;23;0,4;23;1012,6;8;980,1;8;15,4;8;2,4;23;8,2;999,9;21,6;-0,1;0,0;999,9;0;0;0;0;0;0
Neuquen_Aero;877150;2013;09;06;15,6;21;5,5;21;1013,6;6;981,6;6;11,7;15;1,9;21;7,2;999,9;23,0;10,0;0,3;999,9;0;1;0;0;0;0
Neuquen_Aero;877150;2013;09;07;16,7;21;5,2;21;1010,2;8;978,5;8;13,0;16;4,2;21;11,3;999,9;23,7;10,4;1,0;999,9;0;1;0;0;0;0
Neuquen_Aero;877150;2013;09;08;19,8;23;2,5;23;1011,2;8;979,6;8;12,7;13;4,5;23;10,8;12,9;30,0;10,6;0,0;999,9;0;0;0;0;0;0
Neuquen_Aero;877150;2013;09;09;19,4;23;5,1;23;1003,6;6;972,5;6;10,5;15;4,0;23;17,0;29,9;33,8;10,0;0,0;999,9;0;0;0;0;0;0
Neuquen_Aero;877150;2013;09;10;18,4;23;0,8;23;1005,8;8;974,7;8;14,0;8;7,6;23;16,5;22,7;34,0;11,4;0,0;999,9;0;0;0;0;0;0
Neuquen_Aero;877150;2013;09;11;13,8;23;1,7;23;1015,5;7;983,5;7;13,0;15;2,2;23;4,6;999,9;18,0;9,0;999,9;999,9;0;1;0;0;0;0
Neuquen_Aero;877150;2013;09;12;6,2;23;3,1;22;1021,0;8;988,1;8;10,1;23;1,8;23;4,6;999,9;18,1;1,0;10,9;999,9;0;1;0;0;0;0
Neuquen_Aero;877150;2013;09;13;5,6;23;-0,4;23;1027,9;8;994,3;8;12,2;18;2,4;23;5,7;999,9;11,0;-1,5;0,0;999,9;0;0;0;0;0;0
Neuquen_Aero;877150;2013;09;14;6,7;23;-1,1;23;1026,9;7;993,6;7;11,6;23;4,3;23;5,7;999,9;9,1;4,0;0,0;999,9;0;1;0;0;0;0
Neuquen_Aero;877150;2013;09;15;6,2;22;-2,2;21;1028,3;8;994,9;8;11,9;21;4,5;22;9,3;999,9;10,0;3,3;0,0;999,9;0;1;0;0;0;0
Neuquen_Aero;877150;2013;09;16;5,9;21;-2,2;21;1027,4;8;993,9;8;12,1;19;1,1;21;3,1;999,9;12,0;-2,0;0,0;999,9;0;0;0;0;0;0
Neuquen_Aero;877150;2013;09;17;6,4;22;-3,8;22;1023,2;8;989,8;8;14,6;13;2,5;22;5,7;999,9;14,0;-3,2;0,0;999,9;0;0;0;0;0;0
Neuquen_Aero;877150;2013;09;18;9,8;23;-3,2;23;1019,3;8;986,5;8;15,1;9;2,9;23;5,1;999,9;18,2;2,5;0,0;999,9;0;0;0;0;0;0
Neuquen_Aero;877150;2013;09;19;10,5;23;-0,4;23;1013,7;8;981,2;8;16,9;11;2,9;23;14,4;17,0;21,9;1,7;999,9;999,9;0;1;0;0;0;0
Neuquen_Aero;877150;2013;09;20;9,6;23;-3,0;23;1012,2;8;979,8;8;12,7;14;4,1;23;10,3;16,0;22,7;4,0;0,0;999,9;0;1;0;0;0;0
Neuquen_Aero;877150;2013;09;21;7,6;21;-2,2;21;1019,7;8;986,8;8;15,4;11;2,5;21;6,7;999,9;14,7;0,3;0,0;999,9;0;0;0;0;0;0
Neuquen_Aero;877150;2013;09;22;10,3;22;-5,5;22;1028,0;8;995,0;8;15,4;10;4,5;22;9,3;999,9;15,6;4,0;0,0;999,9;0;0;0;0;0;0
Neuquen_Aero;877150;2013;09;23;7,4;23;-3,9;23;1033,4;8;999,9;8;14,3;10;0,8;23;3,1;999,9;17,0;-1,2;0,0;999,9;0;0;0;0;0;0
Neuquen_Aero;877150;2013;09;24;12,2;19;-8,5;19;1026,8;8;994,0;8;15,0;8;3,7;19;6,7;999,9;19,0;1,5;0,0;999,9;0;0;0;0;0;0
Neuquen_Aero;877150;2013;09;25;13,9;23;-4,7;23;1015,9;8;983,7;8;17,5;8;3,4;23;6,7;999,9;23,2;7,6;0,0;999,9;0;0;0;0;0;0
Neuquen_Aero;877150;2013;09;26;14,2;24;-1,9;24;1013,0;8;981,0;8;15,0;8;2,8;24;5,7;999,9;24,0;9,0;0,0;999,9;0;0;0;0;0;0
Neuquen_Aero;877150;2013;09;27;9,3;24;-3,7;24;1024,9;8;992,2;8;12,2;18;3,8;23;7,2;999,9;19,1;6,8;0,0;999,9;0;0;0;0;0;0
Neuquen_Aero;877150;2013;09;28;6,9;20;-2,2;20;1031,2;7;997,8;7;11,7;20;2,9;20;5,1;999,9;10,0;3,4;0,0;999,9;0;0;0;0;0;0
Neuquen_Aero;877150;2013;09;29;8,8;22;3,4;22;1028,1;8;994,9;8;11,1;22;3,3;22;6,7;999,9;13,0;4,0;0,3;999,9;0;1;0;0;0;0
Neuquen_Aero;877150;2013;09;30;9,8;22;6,7;22;1025,7;8;992,8;8;11,1;21;1,7;22;5,1;999,9;13,6;6,0;0,0;999,9;0;1;0;0;0;0
Neuquen_Aero;877150;2013;10;01;10,8;22;6,4;22;1018,9;8;986,3;8;11,4;21;4,2;22;6,7;999,9;13,7;8,4;0,0;999,9;0;1;0;0;1;0
Neuquen_Aero;877150;2013;10;02;8,7;23;4,3;23;1018,9;8;986,1;8;13,2;14;1,3;23;3,1;999,9;13,6;4,0;7,9;999,9;0;0;0;0;0;0
Neuquen_Aero;877150;2013;10;03;10,6;24;1,1;24;1021,9;8;989,1;8;14,2;13;2,0;24;4,1;999,9;20,0;2,0;0,3;999,9;0;0;0;0;0;0
Neuquen_Aero;877150;2013;10;04;13,4;24;1,9;24;1021,2;8;988,7;8;17,5;10;1,2;24;3,6;999,9;24,0;3,5;0,0;999,9;0;0;0;0;0;0
Neuquen_Aero;877150;2013;10;05;15,7;24;3,9;24;1019,4;8;987,3;8;16,9;8;1,8;24;4,1;999,9;24,3;6,0;0,0;999,9;0;0;0;0;0;0
Neuquen_Aero;877150;2013;10;06;15,5;22;3,9;22;1019,2;8;987,1;8;20,0;8;2,3;22;8,2;999,9;26,2;5,0;0,0;999,9;0;0;0;0;0;0
Neuquen_Aero;877150;2013;10;07;20,9;24;6,9;24;1013,9;8;982,5;8;14,5;9;1,8;24;4,6;999,9;31,0;11,0;0,0;999,9;0;0;0;0;0;0
Neuquen_Aero;877150;2013;10;08;21,8;23;3,2;23;1007,7;8;976,8;8;15,0;8;3,4;23;6,7;999,9;31,1;14,2;0,0;999,9;0;0;0;0;0;0
Neuquen_Aero;877150;2013;10;09;15,2;24;-1,9;24;1016,0;8;984,1;8;17,5;8;4,8;24;8,8;15,4;28,5;7,9;0,0;999,9;0;0;0;0;0;0
Neuquen_Aero;877150;2013;10;10;15,9;24;0,1;24;1018,0;8;986,0;8;18,2;8;2,1;24;6,7;999,9;23,3;9,5;0,0;999,9;0;0;0;0;0;0
Neuquen_Aero;877150;2013;10;11;13,6;24;2,7;24;1022,0;8;989,8;8;17,2;11;4,1;24;6,7;999,9;22,4;9,5;0,0;999,9;0;1;0;0;0;0
Neuquen_Aero;877150;2013;10;12;11,8;21;6,6;21;1019,9;7;987,4;7;10,5;15;2,1;21;4,1;999,9;17,0;9,0;0,3;999,9;0;1;0;0;0;0
Neuquen_Aero;877150;2013;10;13;15,6;23;7,9;22;1014,8;7;982,7;7;7,7;17;2,1;23;6,7;999,9;25,0;10,0;2,0;999,9;1;1;0;0;0;0
Neuquen_Aero;877150;2013;10;14;18,4;24;2,8;24;1016,1;8;984,4;8;15,0;8;4,2;24;7,7;999,9;26,0;11,2;0,0;999,9;0;0;0;0;0;0
Neuquen_Aero;877150;2013;10;15;18,6;21;6,3;21;1016,0;8;984,3;8;16,1;8;1,2;21;4,1;999,9;28,0;9,5;0,0;999,9;0;0;0;0;0;0
Neuquen_Aero;877150;2013;10;16;21,2;24;7,8;24;1014,4;8;983,1;8;15,1;13;2,9;24;7,2;999,9;28,4;11,0;0,0;999,9;0;0;0;0;0;0
Neuquen_Aero;877150;2013;10;17;19,6;23;9,3;21;1015,9;7;984,6;7;14,6;13;1,9;23;4,1;999,9;28,4;9999,9;0,0;999,9;0;1;0;0;0;0
Neuquen_Aero;877150;2013;10;18;23,5;24;4,6;24;1008,9;7;977,9;7;12,7;13;2,6;24;6,7;999,9;31,0;14,5;0,0;999,9;0;0;0;0;0;0
Neuquen_Aero;877150;2013;10;19;21,4;24;3,1;24;1004,1;8;973,2;8;13,5;10;3,4;24;11,3;999,9;31,4;14,8;0,0;999,9;0;0;0;0;0;0
Neuquen_Aero;877150;2013;10;20;18,3;21;-0,4;21;1002,7;7;971,5;7;13,5;10;9,3;21;14,4;17,0;28,6;12,7;0,0;999,9;0;0;0;0;0;0
Neuquen_Aero;877150;2013;10;21;11,9;22;1,7;22;1016,7;7;984,3;7;14,8;11;2,0;22;6,2;999,9;19,0;2,8;0,0;999,9;0;0;0;0;0;0
Neuquen_Aero;877150;2013;10;22;14,4;23;-2,4;23;1008,8;8;976,9;8;13,4;13;3,9;23;6,7;999,9;21,0;6,8;0,0;999,9;0;0;0;0;0;0
Neuquen_Aero;877150;2013;10;23;12,9;24;-0,4;24;1016,3;8;984,1;8;13,2;19;3,7;24;6,7;999,9;21,5;7,7;0,0;999,9;0;0;0;0;0;0
Neuquen_Aero;877150;2013;10;24;13,1;23;-1,5;23;1022,0;8;989,5;8;17,7;9;2,0;23;7,2;999,9;24,0;2,0;0,0;999,9;0;0;0;0;0;0
Neuquen_Aero;877150;2013;10;25;18,3;22;-0,6;22;1014,5;8;982,9;8;15,0;8;3,6;22;6,2;999,9;25,0;10,2;0,0;999,9;0;0;0;0;0;0
Neuquen_Aero;877150;2013;10;26;19,3;23;-3,9;22;1014,7;8;983,1;8;15,0;8;4,1;23;6,2;999,9;25,6;11,5;0,0;999,9;0;0;0;0;0;0
Neuquen_Aero;877150;2013;10;27;18,9;24;-3,2;24;1018,0;8;986,3;8;15,0;8;4,1;24;9,8;999,9;27,0;6,9;0,0;999,9;0;0;0;0;0;0
Neuquen_Aero;877150;2013;10;28;21,9;24;3,3;24;1009,0;8;977,9;8;15,0;8;2,2;24;4,1;999,9;28,2;15,0;0,0;999,9;0;0;0;0;0;0
Neuquen_Aero;877150;2013;10;29;19,8;22;7,2;22;1012,7;8;981,4;8;16,6;8;1,9;22;6,7;999,9;29,0;9,4;0,0;999,9;0;0;0;0;0;0
Neuquen_Aero;877150;2013;10;30;22,4;21;11,1;21;1006,8;8;975,8;8;11,7;17;2,5;21;9,3;12,9;30,0;16,4;0,0;999,9;0;0;0;0;0;0
Neuquen_Aero;877150;2013;10;31;21,6;17;3,3;16;1006,9;8;975,9;8;12,6;16;2,7;17;9,3;999,9;31,3;16,4;0,0;999,9;0;0;0;0;0;0
Neuquen_Aero;877150;2013;11;01;17,9;23;0,7;23;1016,5;8;984,8;8;13,0;13;3,9;23;6,7;999,9;26,0;11,6;0,0;999,9;0;0;0;0;0;0
Neuquen_Aero;877150;2013;11;02;19,0;24;0,9;24;1017,7;8;985,9;8;15,0;8;2,4;24;5,1;999,9;29,0;10,0;0,0;999,9;0;0;0;0;0;0
Neuquen_Aero;877150;2013;11;03;23,4;17;3,4;17;1016,0;6;984,9;6;18,0;6;3,0;17;6,2;999,9;29,4;17,9;0,0;999,9;0;0;0;0;0;0
Neuquen_Aero;877150;2013;11;04;23,5;16;6,3;16;1011,8;7;980,8;7;14,5;9;3,3;16;5,1;999,9;31,0;14,9;0,0;999,9;0;0;0;0;0;0
Neuquen_Aero;877150;2013;11;05;23,3;20;5,4;20;1010,6;8;979,5;8;15,9;10;2,3;20;7,7;13,4;34,2;14,6;0,0;999,9;0;0;0;0;0;0
Neuquen_Aero;877150;2013;11;06;22,5;19;1,6;19;1004,8;7;974,4;7;10,9;13;5,4;19;18,0;20,6;34,8;15,0;0,0;999,9;0;0;0;0;0;0
Neuquen_Aero;877150;2013;11;07;17,8;23;0,7;23;1013,3;8;981,8;8;15,0;13;4,4;23;9,3;17,0;30,5;9,0;0,0;999,9;0;0;0;0;0;0
Neuquen_Aero;877150;2013;11;08;17,1;16;2,3;16;1013,1;8;981,2;8;16,1;9;2,5;16;8,8;999,9;26,0;7,4;0,0;999,9;0;0;0;0;0;0
Neuquen_Aero;877150;2013;11;09;16,5;22;4,9;22;1013,1;8;981,3;8;13,0;13;2,1;22;4,6;999,9;22,1;11,6;0,0;999,9;0;0;0;0;0;0
Neuquen_Aero;877150;2013;11;10;18,3;24;4,7;24;1011,5;8;979,8;8;17,5;8;3,3;24;11,8;15,4;29,0;7,8;0,0;999,9;0;0;0;0;0;0
Neuquen_Aero;877150;2013;11;11;19,7;21;0,3;21;1009,7;8;978,4;8;17,5;8;5,3;21;7,7;15,4;29,6;12,4;0,0;999,9;0;0;0;0;0;0
Neuquen_Aero;877150;2013;11;12;17,1;24;0,4;24;1011,0;8;979,4;8;19,8;8;2,3;24;5,1;13,9;26,1;10,0;0,0;999,9;0;0;0;0;0;0
Neuquen_Aero;877150;2013;11;13;20,2;23;3,9;23;1007,8;8;976,4;8;14,0;10;1,3;23;4,1;999,9;31,4;8,4;0,0;999,9;0;0;0;0;0;0
