Paso_De_Los_Libres_Aero;872890;2013;01;01;20,6;24;16,1;23;1013,5;7;1005,3;7;10,8;24;8,3;24;11,3;999,9;22,0;18,0;48,0;999,9;0;1;0;0;1;0
Paso_De_Los_Libres_Aero;872890;2013;01;02;19,2;24;10,7;24;1019,3;8;1011,1;8;10,9;24;6,4;24;9,3;999,9;24,0;13,8;0,0;999,9;0;0;0;0;0;0
Paso_De_Los_Libres_Aero;872890;2013;01;03;22,1;20;15,6;20;1016,8;7;1008,6;7;10,8;20;5,6;20;7,7;999,9;28,0;15,9;0,0;999,9;0;0;0;0;0;0
Paso_De_Los_Libres_Aero;872890;2013;01;04;26,7;24;21,4;24;1013,5;7;1005,4;7;10,9;24;6,1;24;8,7;999,9;33,0;20,3;0,0;999,9;0;0;0;0;1;0
Paso_De_Los_Libres_Aero;872890;2013;01;05;23,2;24;21,6;24;1009,4;7;1001,4;7;8,4;24;5,5;24;11,3;999,9;28,4;20,6;49,0;999,9;0;1;0;0;1;0
Paso_De_Los_Libres_Aero;872890;2013;01;06;21,7;24;20,2;24;1008,1;8;999,9;8;10,3;24;3,9;24;7,7;999,9;27,0;19,4;39,1;999,9;0;1;0;0;1;0
Paso_De_Los_Libres_Aero;872890;2013;01;07;22,9;24;21,8;24;1003,9;8;995,8;8;8,9;24;3,9;24;7,7;999,9;26,6;20,4;13,0;999,9;0;1;0;0;1;0
Paso_De_Los_Libres_Aero;872890;2013;01;08;24,9;24;21,8;24;1007,0;8;998,9;8;8,7;24;3,3;24;7,2;999,9;31,0;20,0;7,9;999,9;1;0;0;0;0;0
Paso_De_Los_Libres_Aero;872890;2013;01;09;27,0;24;21,5;24;1012,6;7;1004,5;7;11,1;24;5,8;24;8,7;999,9;31,4;22,4;0,0;999,9;0;0;0;0;0;0
Paso_De_Los_Libres_Aero;872890;2013;01;10;26,2;24;20,2;24;1015,7;8;1007,6;8;11,3;24;6,2;24;7,7;999,9;32,0;20,6;0,0;999,9;0;0;0;0;0;0
Paso_De_Los_Libres_Aero;872890;2013;01;11;24,3;24;16,9;24;1014,3;8;1006,2;8;10,8;24;7,6;24;10,3;999,9;31,8;19,4;0,0;999,9;0;0;0;0;0;0
Paso_De_Los_Libres_Aero;872890;2013;01;12;23,9;24;17,3;24;1011,0;8;1002,9;8;11,1;24;6,9;23;10,3;999,9;30,0;18,0;0,0;999,9;0;0;0;0;0;0
Paso_De_Los_Libres_Aero;872890;2013;01;13;25,3;24;17,8;24;1012,2;8;1004,0;8;11,1;24;5,6;24;8,2;999,9;31,0;19,2;0,0;999,9;0;0;0;0;0;0
Paso_De_Los_Libres_Aero;872890;2013;01;14;26,1;24;19,5;24;1012,2;8;1004,1;8;11,1;24;5,8;24;7,7;999,9;31,2;20,9;0,0;999,9;0;0;0;0;0;0
Paso_De_Los_Libres_Aero;872890;2013;01;15;26,6;24;20,2;24;1009,6;8;1001,5;8;11,3;24;5,2;24;8,2;999,9;32,0;21,6;0,0;999,9;0;0;0;0;0;0
Paso_De_Los_Libres_Aero;872890;2013;01;16;26,4;23;21,2;23;1007,1;7;999,1;7;11,4;23;3,3;23;6,2;999,9;32,0;21,8;0,0;999,9;0;0;0;0;0;0
Paso_De_Los_Libres_Aero;872890;2013;01;17;26,9;24;22,3;24;1008,1;8;1000,1;8;10,8;24;2,2;24;7,7;999,9;33,0;22,9;999,9;999,9;0;1;0;0;1;0
Paso_De_Los_Libres_Aero;872890;2013;01;18;25,3;21;19,7;21;1011,5;8;1003,4;8;11,4;21;5,7;21;9,3;999,9;33,4;20,0;1,0;999,9;0;0;0;0;0;0
Paso_De_Los_Libres_Aero;872890;2013;01;19;25,7;24;18,7;24;1013,5;8;1005,4;8;11,6;24;5,1;24;11,3;999,9;31,1;20,3;0,0;999,9;0;0;0;0;0;0
Paso_De_Los_Libres_Aero;872890;2013;01;20;24,3;24;16,3;24;1016,5;8;1008,4;8;11,3;24;7,6;24;10,3;999,9;31,4;19,3;0,0;999,9;0;0;0;0;0;0
Paso_De_Los_Libres_Aero;872890;2013;01;21;24,4;24;17,2;24;1016,8;7;1008,6;7;11,3;24;9,0;24;12,9;999,9;30,0;18,9;0,0;999,9;0;0;0;0;0;0
Paso_De_Los_Libres_Aero;872890;2013;01;22;23,8;24;18,9;24;1015,5;8;1007,4;8;10,8;24;7,6;24;10,3;999,9;30,0;20,7;999,9;999,9;0;1;0;0;0;0
Paso_De_Los_Libres_Aero;872890;2013;01;23;26,9;23;21,1;23;1012,1;7;1004,1;7;10,9;23;2,5;23;6,2;999,9;34,0;21,0;1,0;999,9;0;0;0;0;0;0
Paso_De_Los_Libres_Aero;872890;2013;01;24;25,1;24;21,3;24;1006,5;8;998,6;8;10,1;24;4,7;24;15,4;999,9;34,2;21,7;0,0;999,9;0;1;0;0;1;0
Paso_De_Los_Libres_Aero;872890;2013;01;25;23,7;23;18,4;23;1007,6;8;999,5;8;10,6;23;7,9;23;20,6;999,9;32,8;20,8;7,9;999,9;0;1;0;0;1;0
Paso_De_Los_Libres_Aero;872890;2013;01;26;19,9;24;10,7;24;1015,2;8;1006,8;8;11,3;24;3,9;23;7,7;999,9;28,5;13,0;0,0;999,9;0;0;0;0;0;0
Paso_De_Los_Libres_Aero;872890;2013;01;27;21,8;24;14,6;24;1015,0;8;1006,8;8;10,9;24;2,9;24;6,7;999,9;29,1;14,9;0,0;999,9;0;0;0;0;0;0
Paso_De_Los_Libres_Aero;872890;2013;01;28;24,2;24;14,7;24;1014,8;7;1006,7;7;11,4;24;5,1;24;8,7;999,9;33,0;17,3;0,0;999,9;0;0;0;0;0;0
Paso_De_Los_Libres_Aero;872890;2013;01;29;26,7;24;17,9;24;1013,3;8;1005,3;8;10,8;24;5,5;24;10,3;999,9;35,0;19,5;0,0;999,9;0;0;0;0;0;0
Paso_De_Los_Libres_Aero;872890;2013;01;30;29,2;24;21,1;24;1010,6;8;1002,6;8;10,6;24;2,7;23;6,2;999,9;37,6;23,0;0,0;999,9;0;0;0;0;0;0
Paso_De_Los_Libres_Aero;872890;2013;01;31;29,4;24;21,8;24;1008,3;8;1000,3;8;10,9;24;4,5;24;10,3;999,9;38,1;23,0;0,0;999,9;0;0;0;0;0;0
Paso_De_Los_Libres_Aero;872890;2013;02;01;30,4;24;21,8;24;1006,8;8;998,9;8;11,3;24;4,0;24;7,7;999,9;38,2;23,3;0,0;999,9;0;0;0;0;0;0
Paso_De_Los_Libres_Aero;872890;2013;02;02;27,6;22;21,9;22;1008,6;8;1000,7;8;11,3;22;5,8;22;12,9;999,9;38,5;23,0;0,0;999,9;0;0;0;0;1;0
Paso_De_Los_Libres_Aero;872890;2013;02;03;25,2;23;18,9;23;1012,7;8;1004,6;8;11,3;23;6,9;23;12,9;999,9;31,6;22,0;0,0;999,9;0;0;0;0;0;0
Paso_De_Los_Libres_Aero;872890;2013;02;04;22,8;24;14,3;24;1013,3;7;1005,2;7;11,4;24;6,0;24;7,7;999,9;29,0;17,0;0,0;999,9;0;0;0;0;0;0
Paso_De_Los_Libres_Aero;872890;2013;02;05;23,6;24;14,1;24;1013,2;7;1005,1;7;11,1;24;5,5;24;8,2;999,9;30,2;17,0;0,0;999,9;0;0;0;0;0;0
Paso_De_Los_Libres_Aero;872890;2013;02;06;24,2;24;15,8;24;1013,2;8;1005,1;8;11,3;24;6,6;24;10,3;999,9;31,0;18,0;0,0;999,9;0;0;0;0;0;0
Paso_De_Los_Libres_Aero;872890;2013;02;07;26,4;24;18,7;24;1012,6;8;1004,5;8;11,6;24;6,6;24;10,3;999,9;33,0;20,0;0,0;999,9;0;0;0;0;0;0
Paso_De_Los_Libres_Aero;872890;2013;02;08;26,1;22;18,4;22;1011,7;7;1003,7;7;11,4;22;5,5;22;8,2;999,9;32,5;19,8;0,0;999,9;0;0;0;0;0;0
Paso_De_Los_Libres_Aero;872890;2013;02;09;26,8;24;20,2;24;1009,8;7;1001,8;7;11,3;24;6,0;24;10,3;999,9;33,3;21,7;0,0;999,9;0;0;0;0;0;0
Paso_De_Los_Libres_Aero;872890;2013;02;10;26,4;24;20,7;24;1008,0;7;1000,0;7;11,3;24;4,0;24;10,3;999,9;34,0;20,8;0,0;999,9;0;0;0;0;0;0
Paso_De_Los_Libres_Aero;872890;2013;02;11;26,7;24;20,5;24;1007,1;8;999,0;8;11,1;24;4,1;24;6,2;999,9;34,3;20,9;0,0;999,9;0;0;0;0;1;0
Paso_De_Los_Libres_Aero;872890;2013;02;12;26,4;23;21,5;23;1005,6;8;997,4;7;11,3;23;4,5;23;7,7;999,9;32,5;21,7;0,0;999,9;0;0;0;0;1;0
Paso_De_Los_Libres_Aero;872890;2013;02;13;28,9;24;22,1;24;1006,6;8;998,6;8;11,4;24;2,6;24;7,7;999,9;36,0;22,8;0,0;999,9;0;0;0;0;0;0
Paso_De_Los_Libres_Aero;872890;2013;02;14;27,2;16;22,9;16;1008,3;8;1000,3;8;10,8;16;3,9;16;8,7;999,9;36,5;23,0;999,9;999,9;0;1;0;0;1;0
Paso_De_Los_Libres_Aero;872890;2013;02;15;25,7;23;21,6;23;1009,6;8;1001,5;8;8,7;23;3,8;23;7,7;999,9;33,8;20,7;2,0;999,9;1;0;0;0;0;0
Paso_De_Los_Libres_Aero;872890;2013;02;16;28,4;23;21,4;23;1006,7;8;998,7;8;11,3;23;2,9;23;7,7;999,9;35,8;21,6;0,0;999,9;0;0;0;0;0;0
Paso_De_Los_Libres_Aero;872890;2013;02;17;23,8;16;21,4;16;1006,3;6;998,3;6;10,1;16;5,8;16;10,3;999,9;35,8;20,0;13,0;999,9;0;1;0;0;1;0
Paso_De_Los_Libres_Aero;872890;2013;02;18;22,1;22;20,9;22;1010,7;8;1002,5;8;10,1;22;5,4;22;10,3;999,9;26,6;19,6;13,0;999,9;0;1;0;0;1;0
Paso_De_Los_Libres_Aero;872890;2013;02;19;24,0;18;20,8;18;1012,9;7;1004,8;7;10,0;18;6,4;18;9,3;999,9;28,5;20,0;16,0;999,9;0;1;0;0;0;0
Paso_De_Los_Libres_Aero;872890;2013;02;20;24,8;20;23,0;20;1010,4;8;1002,4;8;8,7;20;4,6;20;9,3;999,9;28,8;21,0;47,0;999,9;0;1;0;0;1;0
Paso_De_Los_Libres_Aero;872890;2013;02;21;23,6;21;20,6;21;1010,8;7;1002,7;7;9,7;21;6,2;21;9,3;999,9;28,8;20,0;37,1;999,9;0;1;0;0;0;0
Paso_De_Los_Libres_Aero;872890;2013;02;22;23,1;24;18,8;24;1015,9;8;1007,8;8;11,6;24;6,4;23;10,3;999,9;28,0;18,8;0,0;999,9;0;0;0;0;0;0
Paso_De_Los_Libres_Aero;872890;2013;02;23;23,9;24;19,0;24;1013,1;8;1004,9;8;11,1;24;6,9;24;8,7;999,9;30,0;16,4;0,0;999,9;0;0;0;0;0;0
Paso_De_Los_Libres_Aero;872890;2013;02;24;26,2;22;21,7;22;1007,1;7;999,0;7;10,6;21;6,7;22;10,3;999,9;32,2;21,5;999,9;999,9;0;1;0;0;1;0
Paso_De_Los_Libres_Aero;872890;2013;02;25;23,8;22;18,4;22;1009,7;8;1001,7;8;9,8;22;6,5;22;9,3;999,9;33,0;21,0;41,9;999,9;0;1;0;0;1;0
Paso_De_Los_Libres_Aero;872890;2013;02;26;20,4;24;13,5;24;1014,8;8;1006,5;8;11,3;24;6,0;24;10,3;999,9;28,3;15,0;0,0;999,9;0;0;0;0;0;0
Paso_De_Los_Libres_Aero;872890;2013;02;27;20,1;22;12,4;21;1016,4;7;1008,2;7;11,4;22;4,0;22;7,7;999,9;26,0;13,6;0,0;999,9;0;0;0;0;0;0
Paso_De_Los_Libres_Aero;872890;2013;02;28;21,4;23;14,5;23;1014,4;8;1006,2;8;11,6;23;3,2;22;9,3;999,9;28,0;15,0;0,0;999,9;0;0;0;0;0;0
Paso_De_Los_Libres_Aero;872890;2013;03;01;24,2;24;18,3;24;1009,8;8;1001,7;8;11,3;24;7,1;24;10,8;999,9;34,0;16,4;0,0;999,9;0;0;0;0;0;0
Paso_De_Los_Libres_Aero;872890;2013;03;02;25,4;23;21,5;23;1006,4;8;998,4;8;9,3;23;7,8;23;15,4;999,9;34,4;20,6;13,0;999,9;0;1;0;0;1;0
Paso_De_Los_Libres_Aero;872890;2013;03;03;20,6;21;18,6;21;1012,9;8;1004,7;8;11,1;21;5,6;21;10,3;999,9;26,7;18,4;30,0;999,9;0;1;0;0;1;0
Paso_De_Los_Libres_Aero;872890;2013;03;04;19,9;24;15,6;24;1015,7;8;1007,3;8;10,8;24;5,8;22;9,8;999,9;24,0;15,6;7,9;999,9;0;1;0;0;0;0
Paso_De_Los_Libres_Aero;872890;2013;03;05;19,4;22;13,6;22;1014,5;7;1006,2;7;10,6;22;2,7;21;5,1;999,9;24,1;13,5;0,0;999,9;0;0;0;0;0;0
Paso_De_Los_Libres_Aero;872890;2013;03;06;20,4;24;15,3;24;1011,4;8;1003,2;8;11,1;24;2,2;24;6,2;999,9;27,0;14,0;0,0;999,9;0;0;0;0;0;0
Paso_De_Los_Libres_Aero;872890;2013;03;07;23,3;21;17,1;21;1011,9;7;1003,7;7;10,6;21;4,9;21;7,7;999,9;30,0;17,0;0,0;999,9;0;0;0;0;0;0
Paso_De_Los_Libres_Aero;872890;2013;03;08;23,4;19;20,9;19;1011,9;8;1004,4;8;10,3;19;6,7;19;10,3;999,9;29,6;20,9;9,9;999,9;0;1;0;0;1;0
Paso_De_Los_Libres_Aero;872890;2013;03;09;23,8;19;21,8;19;1009,5;8;1001,3;8;11,1;19;3,1;19;7,7;999,9;28,0;22,0;6,1;999,9;0;1;0;0;1;0
Paso_De_Los_Libres_Aero;872890;2013;03;10;23,8;22;21,3;22;1008,2;7;1000,6;7;10,8;22;4,5;22;15,4;999,9;30,0;19,0;21,1;999,9;0;1;0;0;1;0
Paso_De_Los_Libres_Aero;872890;2013;03;11;25,1;23;22,2;23;1006,9;7;998,9;7;9,8;23;2,4;23;5,7;999,9;30,0;20,0;0,0;999,9;1;0;0;0;0;0
Paso_De_Los_Libres_Aero;872890;2013;03;12;22,8;22;20,1;22;1006,3;8;998,2;8;10,3;22;5,4;22;9,3;999,9;30,7;20,6;15,0;999,9;0;1;0;0;1;0
Paso_De_Los_Libres_Aero;872890;2013;03;13;19,9;21;15,0;21;1012,6;7;1004,4;7;10,9;21;6,8;21;8,2;999,9;25,0;14,6;0,0;999,9;0;0;0;0;0;0
Paso_De_Los_Libres_Aero;872890;2013;03;14;18,3;23;12,8;23;1016,9;8;1008,7;8;11,9;23;7,3;23;14,4;999,9;24,8;15,9;0,0;999,9;0;0;0;0;0;0
Paso_De_Los_Libres_Aero;872890;2013;03;15;19,6;23;13,9;23;1018,2;8;1010,0;8;11,1;23;6,6;23;9,3;999,9;25,7;13,4;0,0;999,9;0;0;0;0;0;0
Paso_De_Los_Libres_Aero;872890;2013;03;16;20,1;22;13,5;22;1021,0;8;1012,8;8;11,1;22;7,0;22;10,3;999,9;26,0;14,8;0,0;999,9;0;0;0;0;0;0
Paso_De_Los_Libres_Aero;872890;2013;03;17;18,9;20;11,3;20;1021,8;8;1013,3;8;11,1;20;7,1;20;10,3;999,9;25,0;13,7;0,0;999,9;0;0;0;0;0;0
Paso_De_Los_Libres_Aero;872890;2013;03;18;18,6;22;13,5;22;1019,4;8;1011,1;8;10,6;22;6,7;22;10,3;999,9;23,1;15,0;0,0;999,9;0;1;0;0;0;0
Paso_De_Los_Libres_Aero;872890;2013;03;19;17,9;23;16,6;23;1015,2;8;1006,9;8;8,0;23;7,5;21;10,3;999,9;23,5;16,0;13,0;999,9;0;1;0;0;0;0
Paso_De_Los_Libres_Aero;872890;2013;03;20;21,2;14;18,3;14;1008,7;4;1003,0;4;11,1;14;3,7;14;6,2;999,9;24,0;16,8;55,9;999,9;0;1;0;0;0;0
Paso_De_Los_Libres_Aero;872890;2013;03;21;20,4;23;17,3;23;1010,2;8;1002,0;8;11,3;23;4,7;23;10,3;999,9;25,0;15,9;0,0;999,9;0;0;0;0;0;0
Paso_De_Los_Libres_Aero;872890;2013;03;22;21,8;22;17,1;22;1016,1;8;1007,8;8;11,1;22;1,9;22;6,2;999,9;28,0;14,4;0,0;999,9;0;0;0;0;0;0
Paso_De_Los_Libres_Aero;872890;2013;03;23;22,2;23;17,8;23;1016,7;8;1008,5;8;10,9;23;3,0;23;8,2;999,9;28,1;16,6;0,0;999,9;0;0;0;0;0;0
Paso_De_Los_Libres_Aero;872890;2013;03;24;22,6;24;16,1;24;1012,7;8;1004,5;8;10,8;24;6,5;24;10,3;999,9;28,3;17,0;0,0;999,9;0;0;0;0;0;0
Paso_De_Los_Libres_Aero;872890;2013;03;25;22,4;24;16,8;24;1011,5;8;1003,4;8;11,3;24;3,3;24;6,2;999,9;29,0;16,1;0,0;999,9;0;0;0;0;0;0
Paso_De_Los_Libres_Aero;872890;2013;03;26;22,0;24;16,1;24;1016,3;8;1008,1;8;11,1;24;5,5;24;7,7;999,9;28,7;15,9;0,0;999,9;0;0;0;0;0;0
Paso_De_Los_Libres_Aero;872890;2013;03;27;19,6;24;13,1;24;1018,7;8;1010,4;8;11,3;24;3,5;24;7,7;999,9;27,4;13,5;0,0;999,9;0;0;0;0;0;0
Paso_De_Los_Libres_Aero;872890;2013;03;28;20,0;23;14,4;23;1019,2;8;1010,9;8;11,3;23;5,1;23;7,2;999,9;26,4;13,8;0,0;999,9;0;0;0;0;0;0
Paso_De_Los_Libres_Aero;872890;2013;03;29;21,6;24;16,3;24;1017,9;8;1009,6;8;11,1;24;4,5;24;8,2;999,9;28,0;15,8;0,0;999,9;0;0;0;0;0;0
Paso_De_Los_Libres_Aero;872890;2013;03;30;23,3;24;17,9;24;1015,3;8;1007,1;8;10,9;24;5,2;24;7,7;999,9;31,0;17,6;0,0;999,9;0;0;0;0;0;0
Paso_De_Los_Libres_Aero;872890;2013;03;31;24,3;24;18,8;24;1014,2;8;1006,1;8;11,3;24;5,0;24;7,7;999,9;31,0;18,6;0,0;999,9;0;0;0;0;0;0
Paso_De_Los_Libres_Aero;872890;2013;04;01;20,9;19;18,3;19;1012,3;7;1004,2;7;9,8;19;6,1;19;14,4;999,9;31,1;19,5;20,1;999,9;0;1;0;0;1;0
Paso_De_Los_Libres_Aero;872890;2013;04;02;22,3;24;20,3;24;1012,1;8;1003,9;8;10,0;24;3,7;24;7,2;999,9;27,0;18,9;1,0;999,9;0;1;0;0;0;0
Paso_De_Los_Libres_Aero;872890;2013;04;03;21,7;21;20,4;21;1013,3;8;1005,1;8;10,8;21;5,2;21;10,3;999,9;27,4;20,4;0,0;999,9;0;1;0;0;1;0
Paso_De_Los_Libres_Aero;872890;2013;04;04;19,4;22;18,8;22;1009,5;8;1001,3;8;9,7;22;5,9;21;10,3;999,9;23,6;18,8;16,0;999,9;0;1;0;0;1;0
Paso_De_Los_Libres_Aero;872890;2013;04;05;20,8;22;16,1;22;1008,3;8;1000,1;8;11,1;22;4,7;22;7,7;999,9;28,0;15,0;7,9;999,9;0;0;0;0;0;0
Paso_De_Los_Libres_Aero;872890;2013;04;06;21,7;24;16,2;24;1010,4;8;1002,2;8;11,4;24;3,6;24;7,7;999,9;28,6;15,9;0,0;999,9;0;0;0;0;0;0
Paso_De_Los_Libres_Aero;872890;2013;04;07;17,1;17;11,4;17;1015,6;8;1007,3;8;11,3;17;5,5;17;10,3;999,9;28,6;12,9;0,0;999,9;0;0;0;0;0;0
Paso_De_Los_Libres_Aero;872890;2013;04;08;17,3;23;12,1;23;1017,1;8;1008,8;8;11,6;23;4,9;23;8,2;999,9;25,0;10,0;0,0;999,9;0;0;0;0;0;0
Paso_De_Los_Libres_Aero;872890;2013;04;09;19,7;23;14,6;23;1016,6;7;1008,4;7;11,3;23;6,2;23;9,3;999,9;25,2;14,2;0,0;999,9;0;0;0;0;0;0
Paso_De_Los_Libres_Aero;872890;2013;04;10;21,0;24;17,1;24;1012,9;8;1004,7;8;11,1;24;8,6;24;15,4;999,9;28,0;15,0;0,0;999,9;0;0;0;0;0;0
Paso_De_Los_Libres_Aero;872890;2013;04;11;21,3;23;19,4;23;1007,4;8;999,3;8;9,0;23;7,5;23;12,9;999,9;28,0;17,5;3,0;999,9;0;1;0;0;1;0
Paso_De_Los_Libres_Aero;872890;2013;04;12;19,2;22;16,6;22;1010,1;8;1001,9;8;10,9;22;7,8;22;12,9;999,9;24,5;16,9;47,0;999,9;0;1;0;0;1;0
Paso_De_Los_Libres_Aero;872890;2013;04;13;15,4;24;9,4;24;1018,9;7;1010,5;7;11,3;24;4,7;24;7,7;999,9;20,0;9,8;0,0;999,9;0;0;0;0;0;0
Paso_De_Los_Libres_Aero;872890;2013;04;14;14,6;24;9,3;24;1018,6;8;1010,2;8;11,3;24;2,9;24;4,1;999,9;22,6;8,0;0,0;999,9;0;0;0;0;0;0
Paso_De_Los_Libres_Aero;872890;2013;04;15;18,4;24;13,0;24;1017,6;8;1009,3;8;11,4;24;2,8;24;11,3;999,9;27,1;12,0;0,0;999,9;0;0;0;0;0;0
Paso_De_Los_Libres_Aero;872890;2013;04;16;18,8;23;14,2;23;1017,0;7;1008,8;8;11,1;23;2,1;23;5,1;999,9;27,2;13,6;0,0;999,9;0;0;0;0;0;0
Paso_De_Los_Libres_Aero;872890;2013;04;17;17,2;24;11,6;24;1018,7;8;1010,4;8;11,4;24;3,0;24;5,1;999,9;24,5;10,9;0,0;999,9;0;0;0;0;0;0
Paso_De_Los_Libres_Aero;872890;2013;04;18;17,4;24;12,7;24;1018,1;8;1009,7;8;11,3;24;2,2;24;7,7;999,9;24,5;10,7;0,0;999,9;0;0;0;0;0;0
Paso_De_Los_Libres_Aero;872890;2013;04;19;18,5;23;12,6;23;1018,5;7;1010,2;7;10,9;23;2,5;23;5,1;999,9;27,0;10,9;0,0;999,9;0;0;0;0;0;0
Paso_De_Los_Libres_Aero;872890;2013;04;20;19,8;24;13,1;24;1018,7;8;1010,5;8;11,4;24;2,5;24;6,2;999,9;28,0;12,0;0,0;999,9;0;0;0;0;0;0
Paso_De_Los_Libres_Aero;872890;2013;04;21;20,4;24;15,1;24;1018,8;8;1010,5;8;11,4;24;4,5;24;7,7;999,9;27,8;14,8;0,0;999,9;0;0;0;0;0;0
Paso_De_Los_Libres_Aero;872890;2013;04;22;20,5;23;16,3;23;1019,6;7;1011,4;7;11,3;23;5,6;23;11,3;999,9;27,2;14,6;0,0;999,9;0;0;0;0;0;0
Paso_De_Los_Libres_Aero;872890;2013;04;23;20,2;23;15,4;23;1020,1;7;1011,8;7;11,3;23;3,1;23;7,7;999,9;27,6;13,8;0,0;999,9;0;0;0;0;0;0
Paso_De_Los_Libres_Aero;872890;2013;04;24;20,2;24;16,2;24;1019,2;8;1010,9;8;10,8;24;2,4;24;6,2;999,9;28,0;14,0;0,0;999,9;0;0;0;0;0;0
Paso_De_Los_Libres_Aero;872890;2013;04;25;20,6;24;16,2;24;1017,0;8;1008,7;8;10,9;24;3,0;24;7,2;999,9;28,0;14,4;0,0;999,9;0;0;0;0;0;0
Paso_De_Los_Libres_Aero;872890;2013;04;26;21,3;24;16,3;24;1015,0;7;1006,8;7;10,8;24;3,3;24;7,7;999,9;28,8;15,9;0,0;999,9;0;0;0;0;0;0
Paso_De_Los_Libres_Aero;872890;2013;04;27;22,4;24;17,6;24;1013,0;8;1004,9;8;11,1;24;5,9;24;8,2;999,9;30,0;16,8;0,0;999,9;0;0;0;0;0;0
Paso_De_Los_Libres_Aero;872890;2013;04;28;24,4;24;21,2;24;1011,2;7;1003,1;7;11,1;24;3,7;24;8,7;999,9;31,0;20,0;0,0;999,9;0;0;0;0;0;0
Paso_De_Los_Libres_Aero;872890;2013;04;29;22,5;23;18,2;23;1012,0;8;1003,9;8;11,3;23;4,9;23;7,7;999,9;31,5;18,0;0,0;999,9;0;0;0;0;0;0
Paso_De_Los_Libres_Aero;872890;2013;04;30;20,7;23;16,3;23;1014,6;8;1006,3;8;10,8;23;4,0;23;6,2;999,9;27,0;16,5;999,9;999,9;0;1;0;0;1;0
Paso_De_Los_Libres_Aero;872890;2013;05;01;21,4;24;19,4;24;1013,3;8;1005,1;8;10,5;24;6,8;24;9,3;999,9;26,7;18,8;10,9;999,9;0;1;0;0;1;0
Paso_De_Los_Libres_Aero;872890;2013;05;02;21,8;24;19,6;24;1010,7;8;1002,4;8;11,1;24;7,6;24;15,4;999,9;27,0;18,9;0,0;999,9;0;0;0;0;0;0
Paso_De_Los_Libres_Aero;872890;2013;05;03;20,1;21;18,1;21;1007,9;8;999,7;8;10,6;21;6,9;21;13,4;999,9;26,8;18,0;0,0;999,9;0;1;0;0;1;0
Paso_De_Los_Libres_Aero;872890;2013;05;04;16,6;24;15,2;24;1013,5;8;1005,2;8;9,5;24;4,6;24;15,4;999,9;24,2;14,1;39,1;999,9;1;1;0;0;0;0
Paso_De_Los_Libres_Aero;872890;2013;05;05;16,7;22;13,0;22;1019,3;8;1010,9;8;11,1;22;3,4;22;5,7;999,9;22,0;12,4;0,0;999,9;0;0;0;0;0;0
Paso_De_Los_Libres_Aero;872890;2013;05;06;16,3;23;12,1;23;1018,1;7;1009,8;7;10,3;23;2,4;23;5,7;999,9;24,0;9,9;0,0;999,9;0;0;0;0;0;0
Paso_De_Los_Libres_Aero;872890;2013;05;07;15,0;24;9,4;23;1021,2;8;1012,9;8;11,1;24;5,0;24;8,7;999,9;23,8;12,0;0,0;999,9;0;0;0;0;0;0
Paso_De_Los_Libres_Aero;872890;2013;05;08;13,0;24;8,7;24;1019,1;8;1010,6;8;10,9;24;2,7;24;7,7;999,9;22,0;5,7;0,0;999,9;0;0;0;0;0;0
Paso_De_Los_Libres_Aero;872890;2013;05;09;15,1;23;11,1;23;1017,3;8;1008,8;8;11,4;23;3,0;23;5,1;999,9;25,0;9,6;0,0;999,9;0;0;0;0;0;0
Paso_De_Los_Libres_Aero;872890;2013;05;10;17,7;24;12,8;24;1014,5;8;1006,1;8;10,9;24;4,1;24;7,7;999,9;27,0;10,9;0,0;999,9;0;0;0;0;0;0
Paso_De_Los_Libres_Aero;872890;2013;05;11;17,6;16;14,5;16;1014,1;7;1005,8;7;10,6;16;3,9;16;6,7;999,9;27,2;13,9;9,9;999,9;0;1;0;0;1;0
Paso_De_Los_Libres_Aero;872890;2013;05;12;18,7;23;18,1;23;1014,4;8;1006,1;8;8,5;23;4,0;23;7,7;999,9;20,4;16,5;30,0;999,9;0;1;0;0;1;0
Paso_De_Los_Libres_Aero;872890;2013;05;13;19,9;24;17,9;24;1013,7;8;1005,4;8;11,1;24;2,9;24;4,6;999,9;24,0;17,7;2,0;999,9;0;1;0;0;0;0
Paso_De_Los_Libres_Aero;872890;2013;05;14;21,1;24;18,7;24;1012,0;7;1003,8;8;10,0;24;1,5;24;4,1;999,9;25,2;16,9;0,3;999,9;1;1;0;0;0;0
Paso_De_Los_Libres_Aero;872890;2013;05;15;17,1;23;14,7;23;1012,6;7;1004,3;7;6,9;23;5,9;23;14,9;19,5;25,4;12,0;0,0;999,9;1;1;0;0;0;0
Paso_De_Los_Libres_Aero;872890;2013;05;16;8,9;24;2,1;24;1024,5;8;1015,9;8;10,9;24;4,1;24;12,3;999,9;19,2;2,6;0,5;999,9;0;0;0;0;0;0
Paso_De_Los_Libres_Aero;872890;2013;05;17;9,2;24;4,4;24;1025,6;7;1016,8;8;10,9;24;3,4;24;6,7;999,9;15,2;3,4;0,0;999,9;0;0;0;0;0;0
Paso_De_Los_Libres_Aero;872890;2013;05;18;12,3;24;8,6;24;1022,2;8;1013,7;8;10,5;24;4,9;24;7,2;999,9;15,2;8,4;0,0;999,9;0;1;0;0;0;0
Paso_De_Los_Libres_Aero;872890;2013;05;19;13,9;22;12,9;22;1019,5;7;1011,0;7;8,4;22;4,0;22;6,7;999,9;15,0;13,0;2,0;999,9;0;1;0;0;1;0
Paso_De_Los_Libres_Aero;872890;2013;05;20;14,8;24;13,3;24;1019,6;8;1011,2;8;8,7;24;4,5;24;6,7;999,9;18,0;12,9;6,1;999,9;0;1;0;0;0;0
Paso_De_Los_Libres_Aero;872890;2013;05;21;14,7;24;12,1;24;1017,4;8;1009,0;8;10,6;24;2,9;24;5,1;999,9;18,1;9,8;0,0;999,9;1;0;0;0;0;0
Paso_De_Los_Libres_Aero;872890;2013;05;22;12,6;24;10,8;24;1018,6;8;1010,1;8;11,1;24;3,6;24;5,1;999,9;17,5;10,6;0,0;999,9;0;0;0;0;0;0
Paso_De_Los_Libres_Aero;872890;2013;05;23;15,3;23;12,6;23;1018,6;8;1010,1;8;11,3;23;2,9;23;5,1;999,9;20,0;11,3;0,0;999,9;0;0;0;0;0;0
Paso_De_Los_Libres_Aero;872890;2013;05;24;14,9;24;12,8;24;1019,5;8;1011,1;8;11,4;24;2,7;24;4,6;999,9;20,0;10,3;0,0;999,9;0;0;0;0;0;0
Paso_De_Los_Libres_Aero;872890;2013;05;25;14,4;22;11,7;22;1020,6;8;1012,1;8;7,9;22;1,8;22;7,2;999,9;21,0;8,0;0,0;999,9;1;0;0;0;0;0
Paso_De_Los_Libres_Aero;872890;2013;05;26;15,7;22;13,4;22;1016,2;8;1007,8;8;11,1;22;3,3;22;5,1;999,9;22,2;9,9;0,0;999,9;0;0;0;0;0;0
Paso_De_Los_Libres_Aero;872890;2013;05;27;18,2;24;15,8;24;1011,4;8;1003,1;8;11,1;24;3,0;24;4,6;999,9;25,0;12,8;0,0;999,9;0;0;0;0;0;0
Paso_De_Los_Libres_Aero;872890;2013;05;28;20,6;24;18,4;24;1002,5;8;994,4;8;10,9;24;3,8;24;7,7;999,9;28,0;15,6;0,0;999,9;0;0;0;0;0;0
Paso_De_Los_Libres_Aero;872890;2013;05;29;19,8;10;19,6;10;999,7;4;991,6;4;2,3;10;3,4;10;12,3;999,9;27,8;19,0;0,0;999,9;1;0;0;0;1;0
Paso_De_Los_Libres_Aero;872890;2013;05;30;13,1;24;7,7;24;1015,8;8;1007,4;8;11,1;24;3,2;24;5,1;999,9;20,0;7,9;0,0;999,9;0;0;0;0;0;0
Paso_De_Los_Libres_Aero;872890;2013;05;31;13,2;23;9,3;23;1013,6;8;1005,2;8;10,9;23;3,1;23;5,1;999,9;19,7;8,4;0,0;999,9;0;0;0;0;0;0
Paso_De_Los_Libres_Aero;872890;2013;06;01;17,8;19;14,3;19;1011,2;6;1002,8;6;10,9;19;3,1;19;5,7;999,9;23,0;11,6;0,0;999,9;0;0;0;0;0;0
Paso_De_Los_Libres_Aero;872890;2013;06;02;15,1;22;10,4;22;1015,9;8;1007,5;8;6,9;22;2,9;22;6,2;999,9;22,6;9,8;0,0;999,9;1;0;0;0;0;0
Paso_De_Los_Libres_Aero;872890;2013;06;03;14,6;23;8,9;23;1021,5;7;1013,0;7;10,3;23;3,4;23;11,3;999,9;21,0;8,4;0,0;999,9;0;0;0;0;0;0
Paso_De_Los_Libres_Aero;872890;2013;06;04;13,9;22;9,7;22;1018,9;8;1010,4;8;10,9;22;2,7;22;10,3;999,9;24,2;6,9;0,0;999,9;0;0;0;0;0;0
Paso_De_Los_Libres_Aero;872890;2013;06;05;16,9;20;13,4;20;1015,0;8;1006,7;8;10,5;20;4,0;20;9,3;999,9;25,0;9,2;0,0;999,9;0;0;0;0;0;0
Paso_De_Los_Libres_Aero;872890;2013;06;06;15,3;23;9,6;23;1017,8;8;1009,5;8;10,8;23;4,8;23;8,2;999,9;25,2;11,0;0,0;999,9;0;0;0;0;0;0
Paso_De_Los_Libres_Aero;872890;2013;06;07;11,8;23;8,0;23;1019,7;7;1011,2;7;11,3;23;2,9;22;4,6;999,9;20,6;6,1;0,0;999,9;0;0;0;0;0;0
Paso_De_Los_Libres_Aero;872890;2013;06;08;13,7;24;9,1;23;1022,6;8;1014,1;8;10,8;24;3,5;24;7,2;999,9;21,4;5,4;0,0;999,9;0;0;0;0;0;0
Paso_De_Los_Libres_Aero;872890;2013;06;09;14,2;19;12,1;19;1018,9;7;1010,5;7;11,1;18;3,7;19;7,7;999,9;21,0;10,0;0,0;999,9;0;0;0;0;0;0
Paso_De_Los_Libres_Aero;872890;2013;06;10;14,6;20;13,8;18;1018,5;8;1010,1;8;4,8;18;1,8;20;4,1;999,9;19,0;10,0;0,0;999,9;1;0;0;0;0;0
Paso_De_Los_Libres_Aero;872890;2013;06;11;15,2;21;13,1;21;1019,9;8;1011,5;8;5,0;21;2,3;20;4,1;999,9;22,4;10,8;0,0;999,9;1;0;0;0;0;0
Paso_De_Los_Libres_Aero;872890;2013;06;12;15,7;23;14,0;23;1019,9;8;1011,5;8;9,3;23;3,1;23;4,6;999,9;22,5;10,8;0,0;999,9;1;0;0;0;0;0
Paso_De_Los_Libres_Aero;872890;2013;06;13;17,6;23;14,2;23;1018,2;7;1009,9;7;10,1;23;2,8;23;4,6;999,9;26,4;11,2;0,0;999,9;0;0;0;0;0;0
Paso_De_Los_Libres_Aero;872890;2013;06;14;15,9;24;14,4;23;1018,1;7;1009,8;7;9,8;21;2,3;24;6,2;999,9;19,0;12,6;0,0;999,9;0;0;0;0;0;0
Paso_De_Los_Libres_Aero;872890;2013;06;15;14,6;22;10,7;22;1019,1;7;1010,6;7;10,9;22;6,1;22;8,2;999,9;29,2;10,8;0,0;999,9;0;0;0;0;0;0
Paso_De_Los_Libres_Aero;872890;2013;06;16;14,4;23;13,2;23;1013,4;8;1005,0;8;9,0;23;3,4;23;5,7;999,9;19,3;10,4;999,9;999,9;0;1;0;0;0;0
Paso_De_Los_Libres_Aero;872890;2013;06;17;13,9;23;12,5;23;1017,0;7;1008,6;7;10,6;23;5,3;23;9,3;999,9;18,6;11,7;0,0;999,9;0;1;0;0;0;0
Paso_De_Los_Libres_Aero;872890;2013;06;18;15,2;23;13,9;23;1015,3;8;1006,9;8;10,0;23;1,9;22;5,1;999,9;18,2;12,0;0,0;999,9;0;1;0;0;0;0
Paso_De_Los_Libres_Aero;872890;2013;06;19;12,7;24;9,5;24;1019,5;8;1011,1;9;11,3;24;7,1;23;10,3;999,9;18,2;10,0;0,0;999,9;0;1;0;0;0;0
Paso_De_Los_Libres_Aero;872890;2013;06;20;10,1;24;5,9;24;1020,6;8;1012,0;8;10,5;23;7,2;24;9,3;999,9;15,2;7,9;999,9;999,9;0;1;0;0;0;0
Paso_De_Los_Libres_Aero;872890;2013;06;21;11,3;21;10,7;21;1011,8;7;1003,3;7;8,7;21;5,5;21;7,7;999,9;12,5;9,2;19,0;999,9;0;1;0;0;0;0
Paso_De_Los_Libres_Aero;872890;2013;06;22;10,4;24;8,4;24;1015,1;8;1006,5;8;11,4;24;3,6;24;6,2;999,9;17,0;4,2;5,1;999,9;0;0;0;0;0;0
Paso_De_Los_Libres_Aero;872890;2013;06;23;10,7;24;8,2;24;1020,1;8;1011,6;8;6,9;24;3,7;24;9,3;999,9;17,0;4,5;0,0;999,9;1;0;0;0;0;0
Paso_De_Los_Libres_Aero;872890;2013;06;24;11,9;24;10,0;24;1017,2;7;1008,7;7;10,9;24;5,1;24;7,2;999,9;14,0;10,0;999,9;999,9;0;1;0;0;0;0
Paso_De_Los_Libres_Aero;872890;2013;06;25;13,2;23;11,6;23;1016,5;8;1008,0;8;10,5;23;3,3;23;5,1;999,9;16,0;10,4;0,0;999,9;0;1;0;0;0;0
Paso_De_Los_Libres_Aero;872890;2013;06;26;11,2;23;9,3;23;1018,3;8;1009,7;8;6,8;23;2,0;23;4,1;999,9;17,0;6,0;0,0;999,9;1;0;0;0;0;0
Paso_De_Los_Libres_Aero;872890;2013;06;27;11,1;23;8,6;23;1018,3;8;1009,8;8;6,8;23;2,5;23;5,1;999,9;18,6;4,2;0,0;999,9;1;0;0;0;0;0
Paso_De_Los_Libres_Aero;872890;2013;06;28;16,1;23;15,2;23;1011,0;8;1002,7;8;7,2;23;2,9;23;5,1;999,9;19,0;8,2;0,0;999,9;1;1;0;0;1;0
Paso_De_Los_Libres_Aero;872890;2013;06;29;16,4;16;13,4;16;1012,1;8;1003,8;8;11,1;16;5,6;16;9,3;999,9;19,2;13,0;1,0;999,9;1;0;0;0;0;0
Paso_De_Los_Libres_Aero;872890;2013;06;30;12,4;24;7,2;24;1018,9;8;1010,4;8;10,9;24;4,2;24;7,7;999,9;19,4;5,8;0,0;999,9;0;0;0;0;0;0
Paso_De_Los_Libres_Aero;872890;2013;07;01;11,6;24;5,9;24;1022,9;8;1014,3;8;11,3;24;3,3;24;6,2;999,9;19,4;4,3;0,0;999,9;0;0;0;0;0;0
Paso_De_Los_Libres_Aero;872890;2013;07;02;11,0;22;7,1;22;1019,9;6;1011,4;6;10,9;22;3,7;22;6,7;999,9;20,0;4,6;0,0;999,9;0;0;0;0;0;0
Paso_De_Los_Libres_Aero;872890;2013;07;03;15,2;23;11,9;23;1015,4;8;1007,0;8;10,6;23;4,4;23;5,7;999,9;23,0;8,2;0,0;999,9;0;0;0;0;0;0
Paso_De_Los_Libres_Aero;872890;2013;07;04;19,2;23;17,6;23;1013,3;7;1005,0;8;8,4;23;4,9;23;7,7;999,9;23,2;11,5;22,1;999,9;0;1;0;0;1;0
Paso_De_Los_Libres_Aero;872890;2013;07;05;21,9;23;20,1;23;1013,2;8;1005,0;8;10,8;23;3,9;23;7,2;999,9;25,4;19,4;29,0;999,9;0;1;0;0;0;0
Paso_De_Los_Libres_Aero;872890;2013;07;06;23,1;24;19,9;24;1011,6;8;1003,5;8;11,1;24;5,4;24;9,3;999,9;26,0;20,0;7,1;999,9;0;1;0;0;0;0
Paso_De_Los_Libres_Aero;872890;2013;07;07;14,5;24;12,2;24;1018,5;7;1010,1;8;9,8;24;8,8;24;10,3;999,9;26,3;11,4;23,1;999,9;0;1;0;0;1;0
Paso_De_Los_Libres_Aero;872890;2013;07;08;10,6;24;7,1;24;1027,2;7;1018,6;7;10,8;24;7,5;24;10,3;15,4;15,0;7,0;0,0;999,9;0;0;0;0;0;0
Paso_De_Los_Libres_Aero;872890;2013;07;09;12,7;24;10,9;24;1021,6;8;1013,0;8;11,3;24;4,6;24;6,7;999,9;16,0;8,4;999,9;999,9;0;1;0;0;0;0
Paso_De_Los_Libres_Aero;872890;2013;07;10;19,2;24;16,9;24;1017,7;10;1009,3;10;10,3;24;3,4;24;5,1;999,9;26,5;11,6;0,0;999,9;0;0;0;0;0;0
Paso_De_Los_Libres_Aero;872890;2013;07;11;20,2;24;17,4;24;1015,7;8;1007,4;8;10,6;24;3,4;24;6,2;999,9;27,0;15,0;0,0;999,9;0;0;0;0;0;0
Paso_De_Los_Libres_Aero;872890;2013;07;12;17,8;23;17,1;23;1016,4;8;1008,1;8;8,5;23;3,1;23;5,1;999,9;26,6;16,8;52,1;999,9;0;1;0;0;1;0
Paso_De_Los_Libres_Aero;872890;2013;07;13;17,4;24;16,6;24;1016,5;7;1008,2;7;6,9;24;2,2;24;5,1;999,9;20,4;16,0;0,5;999,9;1;1;0;0;0;0
Paso_De_Los_Libres_Aero;872890;2013;07;14;17,4;20;16,0;20;1016,8;8;1008,5;8;9,5;20;3,3;20;6,2;999,9;20,4;16,0;0,0;999,9;1;1;0;0;0;0
Paso_De_Los_Libres_Aero;872890;2013;07;15;13,1;20;6,8;20;1021,7;8;1013,2;8;10,8;20;3,0;20;5,1;999,9;17,8;7,7;0,0;999,9;0;0;0;0;0;0
Paso_De_Los_Libres_Aero;872890;2013;07;16;12,1;24;7,6;24;1020,1;8;1011,5;8;10,6;24;2,8;24;6,7;999,9;21,2;5,9;0,0;999,9;0;0;0;0;0;0
Paso_De_Los_Libres_Aero;872890;2013;07;17;15,1;24;11,1;24;1014,8;8;1006,4;8;10,8;24;2,7;24;6,7;999,9;24,0;8,8;0,0;999,9;0;0;0;0;0;0
Paso_De_Los_Libres_Aero;872890;2013;07;18;16,5;21;12,8;21;1009,8;8;1001,5;8;10,8;21;6,1;21;12,9;999,9;24,2;10,0;22,1;999,9;0;1;0;0;1;0
Paso_De_Los_Libres_Aero;872890;2013;07;19;7,9;23;3,1;23;1021,2;8;1012,7;8;10,6;23;6,8;23;10,3;999,9;19,4;3,6;10,9;999,9;0;0;0;0;0;0
Paso_De_Los_Libres_Aero;872890;2013;07;20;8,2;21;5,5;21;1012,5;8;1003,9;8;10,9;21;1,9;21;3,6;999,9;11,9;5,0;0,0;999,9;0;1;0;0;0;0
Paso_De_Los_Libres_Aero;872890;2013;07;21;7,6;23;1,0;23;1016,4;8;1007,8;8;10,9;23;6,3;23;11,3;15,9;11,0;3,8;3,0;999,9;0;0;0;0;0;0
Paso_De_Los_Libres_Aero;872890;2013;07;22;5,7;24;0,6;24;1024,0;8;1015,3;8;11,1;24;5,7;24;8,7;999,9;11,2;0,5;0,0;999,9;0;0;0;0;0;0
Paso_De_Los_Libres_Aero;872890;2013;07;23;5,9;24;1,2;24;1027,2;8;1018,5;8;11,1;24;4,0;24;6,2;999,9;11,6;1,5;0,0;999,9;0;0;0;0;0;0
Paso_De_Los_Libres_Aero;872890;2013;07;24;7,3;24;2,1;24;1028,6;8;1019,9;8;10,8;24;2,3;24;6,2;999,9;14,6;2,0;0,0;999,9;0;0;0;0;0;0
Paso_De_Los_Libres_Aero;872890;2013;07;25;7,8;24;2,5;24;1028,9;8;1020,2;8;10,6;24;2,4;24;4,1;999,9;15,0;1,8;0,0;999,9;0;0;0;0;0;0
Paso_De_Los_Libres_Aero;872890;2013;07;26;10,8;23;5,6;23;1026,7;8;1018,1;8;10,6;23;4,5;23;6,2;999,9;19,2;4,0;0,0;999,9;0;0;0;0;0;0
Paso_De_Los_Libres_Aero;872890;2013;07;27;13,3;22;8,9;22;1022,1;8;1013,6;8;10,6;22;3,4;22;5,1;999,9;22,0;6,8;0,0;999,9;0;0;0;0;0;0
Paso_De_Los_Libres_Aero;872890;2013;07;28;14,8;24;11,1;24;1021,1;8;1012,6;8;8,9;24;2,2;24;4,1;999,9;22,0;6,6;0,0;999,9;1;0;0;0;0;0
Paso_De_Los_Libres_Aero;872890;2013;07;29;16,2;24;12,2;24;1020,7;8;1012,3;8;10,6;24;3,6;23;5,7;999,9;24,0;10,9;0,0;999,9;0;0;0;0;0;0
Paso_De_Los_Libres_Aero;872890;2013;07;30;18,4;16;14,3;16;1018,6;8;1010,2;8;10,9;16;4,6;16;6,2;999,9;27,2;13,0;0,0;999,9;0;0;0;0;0;0
Paso_De_Los_Libres_Aero;872890;2013;07;31;20,4;23;15,6;23;1013,1;8;1004,8;8;10,8;23;4,3;23;6,2;999,9;27,2;13,9;0,0;999,9;0;0;0;0;0;0
Paso_De_Los_Libres_Aero;872890;2013;08;01;21,4;23;15,2;23;1009,6;7;1001,5;7;10,6;11;4,1;23;9,8;999,9;29,4;15,0;0,0;999,9;0;0;0;0;0;0
Paso_De_Los_Libres_Aero;872890;2013;08;02;14,2;23;12,7;23;1012,9;8;1004,6;8;8,4;21;7,2;23;9,8;999,9;29,4;11,7;2,0;999,9;0;1;0;0;1;0
Paso_De_Los_Libres_Aero;872890;2013;08;03;11,3;24;8,9;24;1018,1;8;1009,6;8;10,5;24;4,5;24;7,7;999,9;14,0;9,9;0,3;999,9;0;1;0;0;0;0
Paso_De_Los_Libres_Aero;872890;2013;08;04;10,9;23;8,5;23;1019,2;8;1010,6;8;10,9;14;3,1;23;6,7;999,9;17,0;5,7;0,5;999,9;0;0;0;0;0;0
Paso_De_Los_Libres_Aero;872890;2013;08;05;10,2;16;7,9;16;1017,1;8;1008,6;8;11,6;9;2,4;16;3,6;999,9;20,6;6,9;0,0;999,9;0;0;0;0;0;0
Paso_De_Los_Libres_Aero;872890;2013;08;06;16,9;6;9,6;6;1017,4;6;1009,0;6;12,1;6;5,6;6;8,8;999,9;21,8;9,8;0,0;999,9;0;0;0;0;0;0
Paso_De_Los_Libres_Aero;872890;2013;08;07;22,4;12;15,9;12;1007,1;8;998,9;8;10,9;8;5,4;12;7,7;999,9;30,0;14,3;2,0;999,9;0;1;0;0;1;0
Paso_De_Los_Libres_Aero;872890;2013;08;08;17,6;22;11,9;22;1006,7;8;998,6;8;10,9;16;9,1;22;14,9;23,7;29,6;10,9;0,0;999,9;0;1;0;0;0;0
Paso_De_Los_Libres_Aero;872890;2013;08;09;11,0;24;6,4;24;1021,4;8;1012,9;8;10,8;22;7,6;24;10,8;999,9;16,9;9,4;0,5;999,9;0;1;0;0;0;0
Paso_De_Los_Libres_Aero;872890;2013;08;10;9,1;24;3,2;24;1025,6;8;1016,9;8;10,9;14;4,2;24;7,7;999,9;14,1;3,9;0,0;999,9;0;0;0;0;0;0
Paso_De_Los_Libres_Aero;872890;2013;08;11;8,1;24;3,2;24;1019,1;8;1010,5;8;12,1;8;2,9;24;5,7;999,9;17,0;0,8;0,0;999,9;0;0;0;0;0;0
Paso_De_Los_Libres_Aero;872890;2013;08;12;11,0;24;6,1;23;1013,8;8;1005,3;8;9,5;13;2,7;24;4,1;999,9;19,2;4,9;0,0;999,9;1;0;0;0;0;0
Paso_De_Los_Libres_Aero;872890;2013;08;13;10,9;24;6,2;24;1020,2;8;1011,8;8;10,6;20;7,8;24;11,8;999,9;19,4;7,3;999,9;999,9;0;1;0;0;0;0
Paso_De_Los_Libres_Aero;872890;2013;08;14;7,2;24;-0,4;24;1032,1;8;1023,3;8;11,3;12;5,2;24;8,2;999,9;11,2;2,0;0,0;999,9;0;1;0;0;0;0
Paso_De_Los_Libres_Aero;872890;2013;08;15;7,2;22;2,4;22;1027,9;8;1019,2;8;10,6;12;2,6;22;5,7;999,9;16,4;0,8;0,0;999,9;0;0;0;0;0;0
Paso_De_Los_Libres_Aero;872890;2013;08;16;11,4;21;5,0;21;1023,4;7;1014,9;7;7,4;12;2,2;21;3,6;999,9;20,0;4,0;0,0;999,9;1;0;0;0;0;0
Paso_De_Los_Libres_Aero;872890;2013;08;17;12,4;24;5,6;24;1025,7;8;1017,2;8;11,3;11;4,3;24;6,2;999,9;20,0;6,0;0,0;999,9;0;0;0;0;0;0
Paso_De_Los_Libres_Aero;872890;2013;08;18;14,8;24;9,1;24;1022,0;8;1013,5;8;11,1;11;4,7;24;8,2;999,9;23,0;8,0;0,0;999,9;0;0;0;0;0;0
Paso_De_Los_Libres_Aero;872890;2013;08;19;17,2;24;11,8;24;1017,8;8;1009,4;8;11,6;10;4,1;24;6,2;999,9;25,0;10,5;0,0;999,9;0;0;0;0;0;0
Paso_De_Los_Libres_Aero;872890;2013;08;20;19,3;24;13,8;24;1015,5;8;1007,3;8;9,7;15;4,2;24;6,2;999,9;25,0;15,0;0,0;999,9;0;0;0;0;0;0
Paso_De_Los_Libres_Aero;872890;2013;08;21;23,3;22;15,5;22;1009,1;8;1000,9;8;10,9;14;5,7;22;11,8;999,9;30,7;19,0;0,0;999,9;0;0;0;0;0;0
Paso_De_Los_Libres_Aero;872890;2013;08;22;16,9;23;13,0;23;1008,7;8;1000,5;8;8,9;18;7,8;23;22,1;999,9;30,7;9,0;1,0;999,9;0;1;0;0;1;0
Paso_De_Los_Libres_Aero;872890;2013;08;23;7,9;23;-0,4;23;1022,1;7;1013,6;7;11,7;8;8,5;23;13,4;999,9;10,0;5,7;2,0;999,9;0;0;0;0;0;0
Paso_De_Los_Libres_Aero;872890;2013;08;24;7,9;24;1,5;24;1024,4;8;1015,7;8;10,8;16;8,1;24;11,8;999,9;9,0;6,7;0,0;999,9;0;1;0;0;1;0
Paso_De_Los_Libres_Aero;872890;2013;08;25;8,3;23;4,7;23;1026,7;7;1018,1;7;8,4;23;9,9;23;12,9;17,5;11,0;6,0;0,8;999,9;0;1;0;0;0;0
Paso_De_Los_Libres_Aero;872890;2013;08;26;7,6;23;-0,6;23;1029,2;8;1020,6;8;10,8;17;8,1;23;11,3;999,9;10,4;4,0;0,0;999,9;0;0;0;0;0;0
Paso_De_Los_Libres_Aero;872890;2013;08;27;6,0;23;-0,9;23;1028,6;8;1019,8;8;11,1;12;2,9;23;6,7;999,9;14,0;-1,0;0,0;999,9;0;0;0;0;0;0
Paso_De_Los_Libres_Aero;872890;2013;08;28;9,5;24;2,2;24;1027,0;8;1018,3;8;10,1;16;2,6;24;5,7;999,9;19,2;1,7;0,0;999,9;0;0;0;0;0;0
Paso_De_Los_Libres_Aero;872890;2013;08;29;13,2;24;6,6;24;1022,2;8;1013,7;8;10,6;13;2,0;24;5,1;999,9;23,0;4,7;0,0;999,9;0;0;0;0;0;0
Paso_De_Los_Libres_Aero;872890;2013;08;30;15,7;23;9,4;23;1016,3;8;1008,0;8;11,3;10;3,1;23;5,1;999,9;27,2;8,0;0,0;999,9;0;0;0;0;0;0
Paso_De_Los_Libres_Aero;872890;2013;08;31;20,2;24;12,7;24;1011,4;8;1003,1;8;12,1;8;4,2;24;5,7;999,9;28,0;14,0;0,0;999,9;0;0;0;0;0;0
Paso_De_Los_Libres_Aero;872890;2013;09;01;22,5;24;16,1;24;1008,6;8;1000,5;8;9,8;17;3,7;24;8,8;999,9;31,0;14,0;0,0;999,9;0;0;0;0;0;0
Paso_De_Los_Libres_Aero;872890;2013;09;02;21,5;23;16,7;23;1007,9;8;999,8;8;10,3;13;4,7;23;9,8;999,9;28,0;16,0;0,0;999,9;0;0;0;0;0;0
Paso_De_Los_Libres_Aero;872890;2013;09;03;16,5;24;9,7;24;1016,2;8;1007,9;8;11,7;9;7,0;24;12,4;999,9;20,1;12,9;0,5;999,9;0;1;0;0;0;0
Paso_De_Los_Libres_Aero;872890;2013;09;04;12,1;20;4,4;20;1024,4;8;1015,9;8;12,1;8;5,7;20;7,7;999,9;19,0;6,9;0,0;999,9;0;0;0;0;0;0
Paso_De_Los_Libres_Aero;872890;2013;09;05;15,1;23;8,0;23;1019,3;7;1010,8;7;12,1;7;4,8;23;6,7;999,9;24,1;8,0;0,0;999,9;0;0;0;0;0;0
Paso_De_Los_Libres_Aero;872890;2013;09;06;21,5;24;15,2;24;1016,5;8;1008,1;8;9,5;15;4,4;24;6,2;999,9;31,0;14,9;0,0;999,9;0;0;0;0;0;0
Paso_De_Los_Libres_Aero;872890;2013;09;07;23,2;23;17,2;23;1011,9;8;1003,8;8;12,1;8;4,1;23;6,2;999,9;31,0;16,9;0,0;999,9;0;0;0;0;0;0
Paso_De_Los_Libres_Aero;872890;2013;09;08;25,3;23;18,7;23;1013,2;8;1005,1;8;10,0;20;3,9;23;7,2;999,9;31,0;19,0;0,0;999,9;0;0;0;0;1;0
Paso_De_Los_Libres_Aero;872890;2013;09;09;24,3;24;18,1;24;1016,8;8;1008,6;8;10,8;11;3,3;24;5,1;999,9;33,0;18,0;0,0;999,9;0;0;0;0;0;0
Paso_De_Los_Libres_Aero;872890;2013;09;10;25,7;20;17,3;20;1013,9;8;1005,8;8;11,3;9;4,5;20;8,2;999,9;35,4;19,0;0,0;999,9;0;0;0;0;0;0
Paso_De_Los_Libres_Aero;872890;2013;09;11;27,6;24;16,2;24;1010,7;8;1002,8;8;11,3;10;5,4;24;10,8;999,9;36,2;19,0;0,0;999,9;0;0;0;0;0;0
Paso_De_Los_Libres_Aero;872890;2013;09;12;27,9;24;14,8;24;1006,9;8;999,0;8;11,7;9;6,0;24;12,4;17,0;36,0;22,0;0,0;999,9;0;0;0;0;0;0
Paso_De_Los_Libres_Aero;872890;2013;09;13;20,4;23;15,3;23;1010,2;8;1002,1;8;10,6;18;7,9;23;13,4;999,9;27,0;16,7;0,0;999,9;0;0;0;0;0;0
Paso_De_Los_Libres_Aero;872890;2013;09;14;14,7;24;13,7;24;1014,1;8;1005,8;8;7,9;24;5,7;24;8,2;999,9;17,0;12,9;0,5;999,9;0;1;0;0;1;0
Paso_De_Los_Libres_Aero;872890;2013;09;15;13,1;23;12,0;23;1013,7;8;1005,3;8;7,7;23;4,9;23;8,8;999,9;15,0;12,0;27,9;999,9;0;1;0;0;1;0
Paso_De_Los_Libres_Aero;872890;2013;09;16;12,9;23;10,6;23;1011,5;8;1003,1;8;9,5;21;7,1;23;10,3;999,9;14,2;11,4;2,0;999,9;0;1;0;0;0;0
Paso_De_Los_Libres_Aero;872890;2013;09;17;10,6;23;5,2;23;1017,6;8;1009,1;8;10,6;23;7,7;23;10,3;999,9;14,0;8,0;0,0;999,9;0;1;0;0;0;0
Paso_De_Los_Libres_Aero;872890;2013;09;18;10,7;24;2,7;24;1023,0;8;1014,4;8;11,6;10;2,8;24;5,1;999,9;18,0;4,0;0,0;999,9;0;0;0;0;0;0
Paso_De_Los_Libres_Aero;872890;2013;09;19;12,6;23;4,1;23;1023,2;8;1014,7;8;12,1;8;3,6;23;7,7;999,9;21,0;5,0;0,0;999,9;0;0;0;0;0;0
Paso_De_Los_Libres_Aero;872890;2013;09;20;16,6;24;6,6;24;1011,9;8;1003,6;8;10,5;15;4,9;24;9,3;999,9;25,0;9,7;0,0;999,9;0;0;0;0;0;0
Paso_De_Los_Libres_Aero;872890;2013;09;21;16,4;19;8,9;19;1008,9;7;1000,6;7;12,1;7;4,7;19;9,8;999,9;23,0;13,0;0,0;999,9;0;0;0;0;0;0
Paso_De_Los_Libres_Aero;872890;2013;09;22;15,4;22;8,9;22;1014,9;8;1006,6;8;10,9;17;8,3;22;13,9;999,9;18,2;12,0;0,0;999,9;0;0;0;0;0;0
Paso_De_Los_Libres_Aero;872890;2013;09;23;11,7;24;6,3;24;1024,8;8;1016,3;8;10,8;21;8,6;24;11,8;999,9;15,0;8,9;0,0;999,9;0;0;0;0;0;0
Paso_De_Los_Libres_Aero;872890;2013;09;24;9,5;22;4,1;22;1028,5;8;1019,9;8;10,9;16;6,1;22;10,3;999,9;15,0;3,0;0,0;999,9;0;0;0;0;0;0
Paso_De_Los_Libres_Aero;872890;2013;09;25;13,0;24;6,9;24;1026,1;8;1017,6;8;10,9;17;5,2;24;8,8;999,9;19,0;6,4;0,0;999,9;0;0;0;0;0;0
Paso_De_Los_Libres_Aero;872890;2013;09;26;15,3;24;7,7;24;1020,1;8;1011,7;8;11,7;9;5,5;24;8,2;999,9;24,0;8,8;0,0;999,9;0;0;0;0;0;0
Paso_De_Los_Libres_Aero;872890;2013;09;27;17,4;24;10,4;24;1015,5;8;1007,1;8;11,6;10;6,5;24;8,8;999,9;24,0;12,0;0,0;999,9;0;0;0;0;0;0
Paso_De_Los_Libres_Aero;872890;2013;09;28;19,5;22;14,7;22;1013,8;8;1005,6;8;10,9;16;4,8;22;9,8;999,9;24,0;14,5;999,9;999,9;0;1;0;0;0;0
Paso_De_Los_Libres_Aero;872890;2013;09;29;16,2;24;13,2;24;1017,1;8;1008,8;8;10,8;17;6,0;24;9,8;999,9;24,5;14,0;0,0;999,9;0;0;0;0;0;0
Paso_De_Los_Libres_Aero;872890;2013;09;30;12,7;22;9,2;22;1016,9;8;1008,5;8;10,0;20;5,5;22;9,3;999,9;19,3;9,9;0,0;999,9;0;1;0;0;0;0
Paso_De_Los_Libres_Aero;872890;2013;10;01;14,2;24;8,7;24;1016,1;8;1007,6;8;10,5;13;3,1;24;6,2;999,9;22,3;5,9;4,1;999,9;0;0;0;0;0;0
Paso_De_Los_Libres_Aero;872890;2013;10;02;16,1;23;9,7;23;1016,1;8;1007,7;8;11,4;11;2,8;23;6,2;999,9;24,0;8,4;0,0;999,9;0;0;0;0;0;0
Paso_De_Los_Libres_Aero;872890;2013;10;03;18,4;24;11,3;24;1014,1;8;1005,8;8;10,9;14;5,6;24;8,8;999,9;26,0;13,7;0,0;999,9;0;0;0;0;0;0
Paso_De_Los_Libres_Aero;872890;2013;10;04;15,8;23;10,6;23;1016,8;8;1008,5;8;10,9;16;6,0;23;10,3;999,9;25,5;11,0;0,0;999,9;0;0;0;0;0;0
Paso_De_Los_Libres_Aero;872890;2013;10;05;15,9;24;9,4;24;1020,4;8;1012,0;8;11,1;15;4,3;24;5,7;999,9;22,0;9,4;0,0;999,9;0;0;0;0;0;0
Paso_De_Los_Libres_Aero;872890;2013;10;06;16,6;22;8,8;22;1022,0;8;1013,7;8;11,6;10;5,1;22;7,7;999,9;24,0;8,2;0,0;999,9;0;0;0;0;0;0
Paso_De_Los_Libres_Aero;872890;2013;10;07;18,8;24;8,5;24;1022,5;8;1014,1;8;11,6;9;7,3;24;9,3;999,9;27,0;11,4;0,0;999,9;0;0;0;0;0;0
Paso_De_Los_Libres_Aero;872890;2013;10;08;20,9;24;10,9;24;1018,7;8;1010,5;8;11,4;11;5,6;24;7,2;999,9;30,0;13,7;0,0;999,9;0;0;0;0;0;0
Paso_De_Los_Libres_Aero;872890;2013;10;09;22,4;24;12,7;24;1014,4;8;1006,2;8;10,9;12;4,4;24;7,2;999,9;32,0;13,9;0,0;999,9;0;0;0;0;0;0
Paso_De_Los_Libres_Aero;872890;2013;10;10;24,0;24;16,5;24;1014,0;8;1005,8;8;11,4;11;4,0;24;5,7;999,9;31,0;19,0;0,0;999,9;0;0;0;0;0;0
Paso_De_Los_Libres_Aero;872890;2013;10;11;23,2;24;17,6;24;1014,8;8;1006,6;8;10,8;18;4,7;24;10,8;999,9;28,0;19,0;0,0;999,9;0;1;0;0;0;0
Paso_De_Los_Libres_Aero;872890;2013;10;12;21,7;20;18,3;20;1012,8;7;1004,6;7;9,3;19;3,6;20;7,7;999,9;24,0;18,5;4,1;999,9;0;1;0;0;1;0
Paso_De_Los_Libres_Aero;872890;2013;10;13;21,6;23;17,6;23;1012,9;7;1004,7;7;8,0;19;2,6;23;5,7;999,9;27,2;17,0;0,0;999,9;1;0;0;0;0;0
Paso_De_Los_Libres_Aero;872890;2013;10;14;22,7;23;16,9;23;1015,1;8;1006,9;8;10,8;17;2,8;23;6,7;999,9;28,0;15,9;0,0;999,9;0;0;0;0;0;0
Paso_De_Los_Libres_Aero;872890;2013;10;15;22,6;22;15,6;22;1017,5;8;1009,3;8;11,3;10;3,4;22;6,2;999,9;29,0;17,0;0,0;999,9;0;0;0;0;0;0
Paso_De_Los_Libres_Aero;872890;2013;10;16;21,8;24;13,4;24;1016,0;8;1007,8;8;11,7;9;5,6;24;7,7;999,9;29,0;17,8;0,0;999,9;0;0;0;0;0;0
Paso_De_Los_Libres_Aero;872890;2013;10;17;20,7;24;14,7;24;1013,1;8;1004,9;8;11,1;14;3,1;24;5,1;999,9;28,0;13,0;0,0;999,9;0;0;0;0;0;0
Paso_De_Los_Libres_Aero;872890;2013;10;18;23,7;19;13,4;19;1011,2;7;1003,1;7;11,1;12;5,0;19;8,8;999,9;29,0;15,0;0,0;999,9;0;0;0;0;0;0
Paso_De_Los_Libres_Aero;872890;2013;10;19;22,6;23;14,1;23;1009,7;8;1001,6;8;11,6;10;2,8;23;6,2;999,9;31,0;14,3;0,0;999,9;0;0;0;0;0;0
Paso_De_Los_Libres_Aero;872890;2013;10;20;25,7;24;14,9;24;1003,4;8;995,4;8;11,4;11;4,4;24;14,4;999,9;35,0;17,0;0,0;999,9;0;0;0;0;0;0
Paso_De_Los_Libres_Aero;872890;2013;10;21;22,7;20;15,9;20;1007,8;7;999,8;7;9,0;18;6,9;20;23,2;999,9;35,0;17,5;55,9;999,9;0;1;0;0;1;0
Paso_De_Los_Libres_Aero;872890;2013;10;22;20,3;24;14,6;24;1012,2;8;1004,0;8;11,3;13;6,1;24;8,2;999,9;26,2;15,0;0,0;999,9;0;0;0;0;0;0
Paso_De_Los_Libres_Aero;872890;2013;10;23;24,6;24;18,8;24;1006,3;8;998,2;8;10,9;18;6,2;24;9,8;999,9;33,0;19,3;0,0;999,9;0;0;0;0;1;0
Paso_De_Los_Libres_Aero;872890;2013;10;24;21,9;23;17,2;23;1014,0;7;1005,9;7;10,1;21;7,5;23;17,5;999,9;32,5;18,0;4,1;999,9;0;1;0;0;1;0
Paso_De_Los_Libres_Aero;872890;2013;10;25;17,8;21;12,3;21;1019,0;8;1010,8;8;11,7;9;7,6;21;9,3;999,9;25,2;12,4;0,0;999,9;0;0;0;0;0;0
Paso_De_Los_Libres_Aero;872890;2013;10;26;19,8;22;17,3;22;1011,0;8;1002,8;8;10,1;21;4,5;22;8,8;999,9;24,1;15,6;0,0;999,9;0;1;0;0;1;0
Paso_De_Los_Libres_Aero;872890;2013;10;27;19,6;24;14,6;24;1016,9;8;1008,6;8;9,0;22;5,1;24;9,3;999,9;26,1;13,9;19,0;999,9;1;0;0;0;0;0
Paso_De_Los_Libres_Aero;872890;2013;10;28;18,6;23;8,7;23;1017,7;8;1009,4;8;12,1;8;6,4;23;8,8;999,9;26,1;12,1;0,0;999,9;0;0;0;0;0;0
Paso_De_Los_Libres_Aero;872890;2013;10;29;21,0;24;11,9;24;1012,4;8;1004,2;8;11,6;10;6,4;24;8,2;999,9;28,0;14,9;0,0;999,9;0;0;0;0;0;0
Paso_De_Los_Libres_Aero;872890;2013;10;30;23,1;21;15,9;21;1010,2;8;1002,1;8;11,6;10;5,7;21;8,2;999,9;31,0;16,4;0,0;999,9;0;0;0;0;0;0
Paso_De_Los_Libres_Aero;872890;2013;10;31;24,4;17;19,6;17;1008,7;8;1000,6;8;12,1;8;6,8;17;10,3;999,9;31,1;18,9;0,0;999,9;0;0;0;0;0;0
Paso_De_Los_Libres_Aero;872890;2013;11;01;26,3;20;21,0;20;1006,9;8;998,8;8;11,6;10;6,3;20;9,8;999,9;32,4;21,2;0,0;999,9;0;0;0;0;0;0
Paso_De_Los_Libres_Aero;872890;2013;11;02;21,7;22;20,8;22;1008,2;8;1000,2;8;7,6;22;5,5;22;10,8;999,9;32,4;19,0;64,3;999,9;0;1;0;0;1;0
Paso_De_Los_Libres_Aero;872890;2013;11;03;19,6;20;15,4;20;1014,2;8;1006,0;8;9,8;19;7,1;20;10,8;999,9;24,1;15,3;0,0;999,9;0;1;0;0;0;0
Paso_De_Los_Libres_Aero;872890;2013;11;04;18,8;19;11,8;19;1016,8;8;1008,5;8;12,1;8;3,9;19;6,2;999,9;25,0;12,0;0,0;999,9;0;0;0;0;0;0
Paso_De_Los_Libres_Aero;872890;2013;11;05;19,3;19;13,1;19;1017,5;8;1009,2;8;11,7;9;6,3;19;7,7;999,9;25,3;13,6;0,0;999,9;0;0;0;0;0;0
Paso_De_Los_Libres_Aero;872890;2013;11;06;21,9;19;15,8;19;1016,1;8;1007,9;8;11,6;10;6,4;19;8,8;999,9;29,0;13,9;0,0;999,9;0;0;0;0;0;0
Paso_De_Los_Libres_Aero;872890;2013;11;07;24,8;23;18,0;23;1013,9;8;1005,8;8;11,3;13;4,5;23;6,7;999,9;31,0;18,4;0,0;999,9;0;0;0;0;0;0
Paso_De_Los_Libres_Aero;872890;2013;11;08;25,5;24;18,9;24;1010,4;8;1002,3;8;11,3;13;3,6;24;5,7;999,9;32,4;19,5;0,0;999,9;0;0;0;0;0;0
Paso_De_Los_Libres_Aero;872890;2013;11;09;20,8;21;19,3;21;1006,4;8;998,4;8;7,7;17;6,0;21;11,3;999,9;32,4;18,7;11,9;999,9;0;1;0;0;1;0
Paso_De_Los_Libres_Aero;872890;2013;11;10;23,8;24;20,7;24;1000,4;8;992,4;8;10,8;21;7,3;24;9,8;999,9;30,0;18,8;55,1;999,9;0;0;0;0;1;0
Paso_De_Los_Libres_Aero;872890;2013;11;11;21,3;19;20,3;19;1001,2;8;993,2;8;8,7;19;7,7;19;12,4;18,5;29,6;18,0;31,0;999,9;0;1;0;0;1;0
Paso_De_Los_Libres_Aero;872890;2013;11;12;21,2;24;15,4;24;1009,8;8;1001,6;8;11,3;13;4,4;24;8,8;999,9;28,0;14,4;2,0;999,9;0;1;0;0;0;0
Paso_De_Los_Libres_Aero;872890;2013;11;13;23,4;24;17,2;24;1015,6;8;1007,4;8;12,1;8;4,1;24;9,8;999,9;30,0;16,4;0,0;999,9;0;0;0;0;0;0
