Pilar;873490;2013;01;01;19,8;8;6,9;8;1019,9;8;980,9;8;20,0;8;4,4;8;6,2;999,9;31,5;13,0;0,0;999,9;0;0;0;0;0;0
Pilar;873490;2013;01;02;18,6;8;6,1;8;1019,7;8;980,2;8;20,0;8;3,7;8;7,2;999,9;26,3;9,3;0,0;999,9;0;0;0;0;0;0
Pilar;873490;2013;01;03;22,0;8;10,6;8;1014,5;8;975,7;8;20,0;8;4,9;8;7,7;999,9;29,4;14,8;0,0;999,9;0;0;0;0;0;0
Pilar;873490;2013;01;04;23,2;8;14,6;8;1011,0;8;972,6;8;17,1;8;3,6;8;6,2;999,9;30,5;17,1;999,9;999,9;0;1;0;0;1;0
Pilar;873490;2013;01;05;21,8;8;17,8;8;1010,1;8;971,6;8;16,1;8;2,6;8;5,1;999,9;32,7;18,6;27,9;999,9;0;1;0;0;1;0
Pilar;873490;2013;01;06;22,7;8;18,2;8;1008,4;8;969,9;8;16,9;8;4,4;8;9,3;999,9;27,6;18,4;33,0;999,9;0;0;0;0;1;0
Pilar;873490;2013;01;07;24,2;8;19,4;8;1002,7;8;964,6;8;12,4;8;3,1;8;4,6;999,9;32,1;18,3;0,0;999,9;1;0;0;0;0;0
Pilar;873490;2013;01;08;22,8;8;19,2;8;1009,7;8;971,5;8;16,3;8;2,3;8;3,6;999,9;32,3;18,7;0,0;999,9;0;0;0;0;1;0
Pilar;873490;2013;01;09;22,4;8;17,3;8;1016,4;8;977,5;8;14,3;8;1,7;8;2,1;999,9;29,7;17,0;3,0;999,9;0;0;0;0;0;0
Pilar;873490;2013;01;10;26,5;8;20,3;8;1015,8;8;977,5;8;20,0;8;3,1;8;6,7;999,9;32,8;20,0;0,0;999,9;0;0;0;0;0;0
Pilar;873490;2013;01;11;27,2;7;17,9;7;1012,5;7;974,4;7;18,5;7;4,8;7;6,2;999,9;33,2;20,4;0,0;999,9;0;0;0;0;0;0
Pilar;873490;2013;01;12;25,7;8;16,1;8;1009,5;8;971,4;8;14,8;8;4,6;8;7,2;999,9;32,9;19,4;0,0;999,9;0;0;0;0;0;0
Pilar;873490;2013;01;13;25,3;8;16,2;8;1012,9;8;974,7;8;17,5;8;2,1;8;4,1;999,9;33,2;17,8;0,0;999,9;0;0;0;0;0;0
Pilar;873490;2013;01;14;24,2;8;17,5;8;1014,5;8;976,1;8;16,4;8;2,4;8;3,6;999,9;32,1;19,5;0,0;999,9;0;1;0;0;1;0
Pilar;873490;2013;01;15;24,9;8;16,2;8;1011,0;8;972,7;8;20,0;8;2,2;8;4,1;999,9;32,0;16,7;0,0;999,9;0;0;0;0;0;0
Pilar;873490;2013;01;16;25,5;8;17,1;8;1007,6;8;969,5;8;15,6;8;5,0;8;8,2;999,9;32,8;19,7;0,0;999,9;0;0;0;0;0;0
Pilar;873490;2013;01;17;24,4;8;17,8;8;1012,4;8;974,1;8;15,8;8;4,3;8;6,2;999,9;32,2;19,5;0,0;999,9;0;0;0;0;0;0
Pilar;873490;2013;01;18;24,1;8;15,8;8;1016,4;8;977,7;8;16,9;8;1,8;8;3,1;999,9;30,8;16,2;0,0;999,9;0;0;0;0;0;0
Pilar;873490;2013;01;19;23,9;8;16,5;8;1017,6;8;979,0;8;20,0;8;2,1;8;4,1;999,9;31,5;16,7;0,0;999,9;0;0;0;0;0;0
Pilar;873490;2013;01;20;22,0;8;14,3;8;1020,4;8;981,5;8;20,0;8;2,4;8;3,6;999,9;30,0;15,5;0,0;999,9;0;0;0;0;0;0
Pilar;873490;2013;01;21;23,4;8;13,2;8;1018,6;8;979,8;8;16,9;8;2,6;8;4,1;999,9;28,7;16,6;0,0;999,9;0;0;0;0;0;0
Pilar;873490;2013;01;22;24,8;8;13,6;8;1015,7;8;977,2;8;14,5;8;3,3;8;4,6;999,9;30,8;18,5;0,0;999,9;0;0;0;0;0;0
Pilar;873490;2013;01;23;26,8;8;15,1;8;1010,9;8;972,8;8;17,1;8;2,1;8;3,6;999,9;34,4;18,6;0,0;999,9;0;0;0;0;0;0
Pilar;873490;2013;01;24;29,3;8;15,2;8;1004,1;8;966,7;8;14,3;8;2,7;8;4,6;999,9;36,2;22,5;0,0;999,9;0;0;0;0;0;0
Pilar;873490;2013;01;25;22,7;8;13,7;8;1012,8;8;974,5;8;14,3;8;5,9;8;10,3;999,9;37,8;18,5;0,0;999,9;0;0;0;0;1;0
Pilar;873490;2013;01;26;21,7;8;11,6;8;1015,6;8;976,7;8;17,5;8;3,0;8;5,7;999,9;30,3;12,0;0,0;999,9;0;0;0;0;0;0
Pilar;873490;2013;01;27;26,1;8;13,3;8;1012,2;8;973,9;8;16,1;8;4,9;8;7,7;999,9;34,8;18,2;0,0;999,9;0;0;0;0;0;0
Pilar;873490;2013;01;28;26,1;8;14,6;8;1014,2;8;976,1;8;16,3;8;3,1;8;4,6;999,9;35,2;20,7;0,0;999,9;0;0;0;0;0;0
Pilar;873490;2013;01;29;24,7;7;16,2;7;1015,1;7;976,7;7;13,8;7;3,1;7;4,6;999,9;31,8;19,4;2,0;999,9;0;1;0;0;1;0
Pilar;873490;2013;01;30;25,8;8;16,7;8;1011,7;8;973,5;8;20,0;8;2,2;8;4,1;999,9;34,9;17,3;0,0;999,9;0;0;0;0;0;0
Pilar;873490;2013;01;31;24,0;8;19,4;8;1009,9;8;971,8;8;12,6;8;4,9;8;10,8;999,9;35,5;17,6;31,0;999,9;0;1;0;0;1;0
Pilar;873490;2013;02;01;26,6;8;22,3;8;1005,9;8;967,9;8;11,9;8;3,1;8;5,1;999,9;33,8;18,1;0,0;999,9;0;1;0;0;1;0
Pilar;873490;2013;02;02;24,1;8;18,0;8;1010,9;8;972,7;8;14,3;8;3,2;8;5,1;999,9;34,5;16,9;49,0;999,9;0;1;0;0;1;0
Pilar;873490;2013;02;03;22,3;8;15,8;8;1017,7;8;978,9;8;20,0;8;2,8;8;4,1;999,9;29,2;17,5;0,0;999,9;0;0;0;0;0;0
Pilar;873490;2013;02;04;22,3;8;15,2;8;1013,2;8;974,5;8;20,0;8;4,1;8;6,7;999,9;28,1;15,6;0,0;999,9;0;0;0;0;0;0
Pilar;873490;2013;02;05;23,4;8;16,7;8;1013,0;8;974,4;8;12,2;8;2,1;8;3,1;999,9;28,6;17,7;0,0;999,9;0;0;0;0;0;0
Pilar;873490;2013;02;06;23,6;7;16,7;7;1014,9;7;976,3;7;16,7;7;2,5;7;4,6;999,9;29,6;18,4;0,0;999,9;0;0;0;0;0;0
Pilar;873490;2013;02;07;23,0;8;15,4;8;1015,6;8;976,9;8;17,5;8;2,2;8;4,1;999,9;29,1;15,7;0,0;999,9;0;0;0;0;0;0
Pilar;873490;2013;02;08;23,6;8;16,1;8;1012,0;8;973,5;8;20,0;8;2,5;8;5,1;999,9;30,1;15,5;0,0;999,9;0;0;0;0;0;0
Pilar;873490;2013;02;09;25,2;7;17,8;7;1009,3;7;971,1;7;20,0;7;3,3;7;6,2;999,9;31,8;18,5;0,0;999,9;0;0;0;0;0;0
Pilar;873490;2013;02;10;22,9;8;18,0;8;1008,8;8;970,6;8;15,0;8;2,3;8;4,6;999,9;32,3;19,9;0,0;999,9;0;0;0;0;0;0
Pilar;873490;2013;02;11;23,9;8;17,6;8;1009,6;8;971,2;8;14,3;8;2,1;8;3,6;999,9;31,5;16,7;0,0;999,9;0;0;0;0;0;0
Pilar;873490;2013;02;12;28,1;8;15,8;8;1004,4;8;966,7;8;20,0;8;3,6;8;6,2;999,9;35,1;21,4;0,0;999,9;0;0;0;0;0;0
Pilar;873490;2013;02;13;22,9;8;17,6;8;1008,3;8;970,3;8;16,3;8;2,5;8;4,6;999,9;35,8;18,8;999,9;999,9;0;1;0;0;0;0
Pilar;873490;2013;02;14;22,4;8;17,7;8;1011,7;8;973,0;8;15,4;8;2,6;8;5,7;999,9;29,9;16,7;1,0;999,9;0;1;0;0;1;0
Pilar;873490;2013;02;15;25,2;8;18,6;8;1010,6;8;972,3;8;14,6;8;1,5;8;3,1;999,9;32,2;19,0;0,0;999,9;0;1;0;0;1;0
Pilar;873490;2013;02;16;25,9;8;19,0;8;1004,4;8;966,5;8;13,8;8;3,3;8;5,7;999,9;33,6;19,8;0,0;999,9;0;0;0;0;0;0
Pilar;873490;2013;02;17;22,0;8;17,4;8;1006,2;8;968,1;8;12,7;8;4,6;8;7,7;999,9;34,3;17,2;25,9;999,9;0;1;0;0;1;0
Pilar;873490;2013;02;18;16,9;8;10,4;8;1019,0;8;979,5;8;12,7;8;3,1;8;5,7;999,9;21,0;12,4;8,9;999,9;0;1;0;0;1;0
Pilar;873490;2013;02;19;14,6;8;11,9;8;1020,3;8;980,5;8;9,5;8;2,2;8;3,6;999,9;19,8;12,1;4,1;999,9;0;1;0;0;0;0
Pilar;873490;2013;02;20;16,0;8;14,2;8;1017,6;8;977,9;8;12,6;8;2,1;8;3,1;999,9;19,4;13,2;0,5;999,9;0;1;0;0;0;0
Pilar;873490;2013;02;21;19,4;8;15,6;8;1016,6;8;977,4;8;14,3;8;1,9;8;3,6;999,9;24,0;15,1;0,0;999,9;0;0;0;0;0;0
Pilar;873490;2013;02;22;20,5;8;16,7;8;1016,4;8;977,4;8;18,8;8;3,2;8;6,7;999,9;25,8;14,7;0,0;999,9;0;0;0;0;0;0
Pilar;873490;2013;02;23;23,7;8;19,9;8;1009,6;8;971,1;8;20,0;8;4,3;8;7,7;999,9;28,8;18,6;0,0;999,9;0;0;0;0;0;0
Pilar;873490;2013;02;24;23,9;8;17,8;8;1008,5;8;970,2;8;18,0;8;4,3;8;7,7;999,9;28,8;17,8;0,5;999,9;0;1;0;0;0;0
Pilar;873490;2013;02;25;18,5;8;11,9;8;1016,6;8;977,4;8;16,3;8;2,5;8;4,1;999,9;27,3;12,0;0,0;999,9;0;0;0;0;0;0
Pilar;873490;2013;02;26;17,8;8;11,5;8;1018,3;8;978,9;8;15,3;8;1,3;8;2,6;999,9;24,0;10,8;0,0;999,9;0;0;0;0;0;0
Pilar;873490;2013;02;27;19,7;8;12,3;8;1014,6;8;975,5;8;20,0;8;5,0;8;10,3;999,9;28,0;12,4;0,0;999,9;0;0;0;0;0;0
Pilar;873490;2013;02;28;21,8;8;14,7;8;1010,6;8;971,9;8;20,0;8;4,7;8;8,2;999,9;28,9;15,4;0,0;999,9;0;0;0;0;0;0
Pilar;873490;2013;03;01;22,8;8;15,3;8;1004,7;8;966,4;8;17,5;8;6,1;8;12,3;999,9;31,6;16,3;0,0;999,9;0;0;0;0;0;0
Pilar;873490;2013;03;02;21,9;8;12,8;8;1008,0;8;969,6;8;18,8;8;6,2;8;12,3;999,9;32,5;16,6;5,1;999,9;0;0;0;0;0;0
Pilar;873490;2013;03;03;17,4;8;10,9;8;1018,7;8;979,3;8;18,8;8;2,0;8;4,1;999,9;26,6;13,5;0,0;999,9;0;0;0;0;0;0
Pilar;873490;2013;03;04;16,3;8;10,9;8;1020,2;8;980,5;8;17,5;8;1,8;8;4,1;999,9;23,0;9,7;0,0;999,9;0;0;0;0;0;0
Pilar;873490;2013;03;05;19,0;8;11,4;8;1014,8;8;975,6;8;18,2;8;4,1;8;9,3;999,9;27,0;10,8;0,0;999,9;0;0;0;0;0;0
Pilar;873490;2013;03;06;21,7;8;13,3;8;1008,0;8;969,4;8;16,3;8;2,8;8;4,1;999,9;30,7;14,6;0,0;999,9;0;0;0;0;0;0
Pilar;873490;2013;03;07;22,1;8;15,3;8;1010,7;8;972,1;8;10,8;8;2,6;8;9,3;999,9;31,6;14,2;0,0;999,9;0;0;0;0;0;0
Pilar;873490;2013;03;08;23,2;8;17,8;8;1011,7;8;973,2;8;13,2;8;1,0;8;4,1;999,9;29,3;17,4;0,0;999,9;0;0;0;0;0;0
Pilar;873490;2013;03;09;25,7;8;21,3;8;1007,6;8;969,5;8;13,4;8;1,1;8;2,6;999,9;33,4;19,6;0,0;999,9;1;0;0;0;0;0
Pilar;873490;2013;03;10;22,9;7;15,8;7;1010,7;7;972,4;7;16,3;7;2,1;7;4,1;999,9;25,0;19,9;3,0;999,9;0;1;0;0;1;0
Pilar;873490;2013;03;11;19,3;7;14,5;7;1008,7;7;969,9;7;20,0;7;2,4;7;6,7;999,9;25,8;13,4;0,0;999,9;0;0;0;0;0;0
Pilar;873490;2013;03;12;20,6;8;15,4;8;1010,2;8;971,5;8;13,2;8;1,4;8;4,1;999,9;27,6;16,5;0,0;999,9;0;0;0;0;0;0
Pilar;873490;2013;03;13;16,1;8;14,3;8;1016,2;8;976,9;8;9,0;8;1,0;8;2,6;999,9;26,6;13,0;0,0;999,9;0;1;0;0;0;0
Pilar;873490;2013;03;14;13,2;8;12,3;8;1022,3;8;982,2;8;10,3;8;1,5;8;2,6;999,9;16,3;11,9;16,0;999,9;0;1;0;0;0;0
Pilar;873490;2013;03;15;14,1;8;11,2;8;1023,9;8;983,6;8;16,3;8;0,5;8;1,0;999,9;18,7;10,8;1,0;999,9;0;0;0;0;0;0
Pilar;873490;2013;03;16;14,9;8;12,1;8;1025,5;8;985,4;8;12,7;8;1,4;8;2,6;999,9;18,9;12,3;0,0;999,9;0;1;0;0;0;0
Pilar;873490;2013;03;17;15,9;8;11,7;8;1025,3;8;985,4;8;18,2;8;0,9;8;2,6;999,9;18,6;13,0;0,0;999,9;0;0;0;0;0;0
Pilar;873490;2013;03;18;15,7;8;9,5;8;1023,2;8;983,2;8;12,9;8;1,4;8;4,1;999,9;21,6;9,0;0,0;999,9;0;0;0;0;0;0
Pilar;873490;2013;03;19;17,3;8;11,7;8;1018,7;8;979,2;8;20,0;8;0,4;8;1,0;999,9;22,4;11,9;0,0;999,9;0;0;0;0;0;0
Pilar;873490;2013;03;20;17,7;8;12,4;8;1013,1;8;973,8;8;15,6;8;0,6;8;1,0;999,9;25,0;10,4;0,0;999,9;0;0;0;0;0;0
Pilar;873490;2013;03;21;18,9;8;14,2;8;1013,4;8;974,3;8;16,3;8;2,2;8;6,7;999,9;26,1;11,2;0,0;999,9;0;0;0;0;0;0
Pilar;873490;2013;03;22;20,2;8;14,7;8;1016,2;8;977,1;8;14,8;8;2,9;8;6,7;999,9;27,4;11,8;0,0;999,9;0;0;0;0;0;0
Pilar;873490;2013;03;23;19,9;8;15,2;8;1016,9;8;977,9;8;16,1;8;3,3;8;6,7;999,9;28,9;15,5;7,9;999,9;0;1;0;0;1;0
Pilar;873490;2013;03;24;19,7;8;14,3;8;1013,3;8;974,2;8;15,3;8;1,5;8;6,7;999,9;26,5;13,2;2,0;999,9;0;0;0;0;0;0
Pilar;873490;2013;03;25;19,8;8;13,2;8;1014,1;8;975,1;8;16,9;8;1,3;8;2,6;999,9;27,2;14,4;0,0;999,9;0;0;0;0;0;0
Pilar;873490;2013;03;26;18,0;8;8,4;8;1020,9;8;981,4;8;17,5;8;0,9;8;2,6;999,9;25,6;9,0;0,0;999,9;0;0;0;0;0;0
Pilar;873490;2013;03;27;18,6;8;9,6;8;1020,2;8;980,7;8;11,3;8;2,9;8;6,7;999,9;26,2;11,5;0,0;999,9;0;0;0;0;0;0
Pilar;873490;2013;03;28;19,3;8;10,7;8;1019,3;8;980,0;8;14,8;8;2,3;8;6,7;999,9;27,1;10,7;0,0;999,9;0;0;0;0;0;0
Pilar;873490;2013;03;29;19,2;8;11,3;8;1016,8;8;977,6;8;20,0;8;2,6;8;6,7;999,9;27,5;11,9;0,0;999,9;0;0;0;0;0;0
Pilar;873490;2013;03;30;21,9;8;13,3;8;1012,7;8;973,9;8;15,0;8;3,1;8;6,7;999,9;30,2;14,6;0,0;999,9;0;0;0;0;0;0
Pilar;873490;2013;03;31;19,9;8;15,1;8;1012,8;8;974,0;8;15,0;8;3,7;8;6,7;999,9;30,3;14,2;0,0;999,9;0;0;0;0;0;0
Pilar;873490;2013;04;01;18,1;8;15,6;8;1015,7;8;976,5;8;12,2;8;2,9;8;6,7;999,9;25,1;14,4;23,1;999,9;0;1;0;0;1;0
Pilar;873490;2013;04;02;16,8;8;14,2;8;1017,3;8;977,8;8;13,5;8;2,1;8;4,1;999,9;22,2;13,3;11,9;999,9;0;1;0;0;1;0
Pilar;873490;2013;04;03;15,9;8;11,1;8;1019,0;8;979,2;8;20,0;8;1,8;8;2,6;999,9;22,0;9,9;9,9;999,9;0;0;0;0;0;0
Pilar;873490;2013;04;04;18,1;8;11,6;8;1012,5;8;973,3;8;16,9;8;0,8;8;2,6;999,9;26,1;11,3;0,0;999,9;0;0;0;0;0;0
Pilar;873490;2013;04;05;20,1;8;10,6;8;1008,7;8;969,9;8;16,3;8;1,4;8;4,1;999,9;28,8;12,8;0,0;999,9;0;0;0;0;0;0
Pilar;873490;2013;04;06;18,4;8;8,6;8;1011,9;8;972,9;8;14,3;8;3,5;8;9,3;999,9;28,7;12,7;0,0;999,9;0;0;0;0;0;0
Pilar;873490;2013;04;07;14,9;8;6,8;8;1018,8;8;979,0;8;13,2;8;2,2;8;4,1;999,9;22,3;6,7;0,0;999,9;0;0;0;0;0;0
Pilar;873490;2013;04;08;17,1;8;8,9;8;1019,0;8;979,3;8;20,0;8;0,9;8;2,6;999,9;24,7;9,2;0,0;999,9;0;0;0;0;0;0
Pilar;873490;2013;04;09;17,7;8;8,7;8;1016,9;8;977,5;8;17,5;8;3,8;8;9,3;999,9;25,0;10,9;0,0;999,9;0;0;0;0;0;0
Pilar;873490;2013;04;10;17,7;8;13,9;8;1011,7;8;972,5;8;15,0;8;0,6;8;2,6;999,9;25,1;13,8;0,0;999,9;0;0;0;0;0;0
Pilar;873490;2013;04;11;17,1;8;15,9;8;1008,9;8;969,8;8;8,7;8;1,4;8;4,1;999,9;22,6;14,7;0,0;999,9;0;1;0;0;1;0
Pilar;873490;2013;04;12;16,2;8;7,6;8;1017,6;8;977,9;8;14,3;8;2,7;8;6,7;999,9;19,2;11,6;24,9;999,9;0;1;0;0;0;0
Pilar;873490;2013;04;13;12,4;8;4,2;8;1021,6;8;981,3;8;20,0;8;1,9;8;6,7;999,9;20,2;4,0;0,0;999,9;0;0;0;0;0;0
Pilar;873490;2013;04;14;16,2;8;9,3;8;1017,3;8;977,5;8;18,8;8;1,0;8;2,6;999,9;27,4;6,8;0,0;999,9;0;0;0;0;0;0
Pilar;873490;2013;04;15;19,7;8;11,0;8;1017,5;8;978,2;8;20,0;8;1,1;8;2,6;999,9;28,9;9,7;0,0;999,9;0;0;0;0;0;0
Pilar;873490;2013;04;16;19,4;8;11,3;8;1017,4;8;978,2;8;14,3;8;1,3;8;4,1;999,9;29,2;10,0;0,0;999,9;0;0;0;0;0;0
Pilar;873490;2013;04;17;21,0;8;11,8;8;1016,8;8;977,8;8;16,7;8;4,4;8;12,3;999,9;29,5;13,0;0,0;999,9;0;0;0;0;0;0
Pilar;873490;2013;04;18;20,9;8;12,6;8;1015,5;8;976,6;8;20,0;8;4,1;8;6,7;999,9;29,7;12,7;0,0;999,9;0;0;0;0;0;0
Pilar;873490;2013;04;19;20,1;8;8,6;8;1016,4;8;977,3;8;17,5;8;2,4;8;4,1;999,9;29,5;10,7;0,0;999,9;0;0;0;0;0;0
Pilar;873490;2013;04;20;18,4;8;9,4;8;1017,1;8;977,8;8;15,0;8;3,3;8;9,3;999,9;28,1;9,1;0,0;999,9;0;0;0;0;0;0
Pilar;873490;2013;04;21;20,5;8;12,6;8;1017,0;8;978,0;8;12,1;8;3,7;8;6,7;999,9;28,6;12,6;0,0;999,9;0;0;0;0;0;0
Pilar;873490;2013;04;22;20,5;8;13,7;8;1017,3;8;978,3;8;13,7;8;2,8;8;9,3;999,9;28,5;11,9;0,0;999,9;0;0;0;0;0;0
Pilar;873490;2013;04;23;20,1;8;14,7;8;1018,4;8;979,3;8;9,0;8;2,0;8;6,7;999,9;28,4;13,0;0,0;999,9;1;0;0;0;0;0
Pilar;873490;2013;04;24;21,2;8;14,2;8;1016,8;8;977,8;8;13,2;8;2,8;8;9,3;999,9;29,0;14,2;0,0;999,9;0;0;0;0;0;0
Pilar;873490;2013;04;25;20,6;8;13,9;8;1014,1;8;975,2;8;11,9;8;1,3;8;4,1;999,9;29,2;13,2;0,0;999,9;1;0;0;0;0;0
Pilar;873490;2013;04;26;20,9;8;12,7;8;1012,1;8;973,3;8;8,2;8;1,6;8;4,1;999,9;29,7;14,5;0,0;999,9;0;0;0;0;0;0
Pilar;873490;2013;04;27;19,6;8;13,8;8;1011,0;8;972,3;8;14,2;8;2,6;8;4,1;999,9;29,1;12,1;10,9;999,9;0;1;0;0;0;0
Pilar;873490;2013;04;28;17,4;8;11,7;8;1014,2;8;974,7;8;15,0;8;1,7;8;2,6;999,9;23,7;12,9;0,5;999,9;0;0;0;0;0;0
Pilar;873490;2013;04;29;17,5;8;11,6;8;1015,3;8;975,9;8;20,0;8;0,8;8;4,1;999,9;25,0;10,3;0,0;999,9;0;0;0;0;0;0
Pilar;873490;2013;04;30;18,3;8;13,0;8;1015,3;8;976,1;8;20,0;8;1,5;8;4,1;999,9;25,0;12,5;0,0;999,9;0;0;0;0;0;0
Pilar;873490;2013;05;01;18,8;8;16,7;8;1011,4;8;972,4;8;8,9;8;0,6;8;1,0;999,9;23,4;15,8;0,0;999,9;0;1;0;0;0;0
Pilar;873490;2013;05;02;19,3;8;19,1;8;1010,4;8;971,5;8;1,9;8;0,8;8;2,6;999,9;20,9;17,6;0,0;999,9;1;1;0;0;0;0
Pilar;873490;2013;05;03;19,5;8;16,6;8;1010,8;8;971,8;8;6,3;8;1,5;8;2,6;999,9;23,2;16,2;16,0;999,9;1;1;0;0;1;0
Pilar;873490;2013;05;04;16,4;8;13,4;8;1016,8;8;977,4;8;15,8;8;1,5;8;4,1;999,9;23,8;12,4;0,0;999,9;0;0;0;0;0;0
Pilar;873490;2013;05;05;16,8;8;12,8;8;1021,5;8;981,9;8;15,6;8;0,9;8;2,6;999,9;23,4;9,8;0,0;999,9;0;1;0;0;0;0
Pilar;873490;2013;05;06;17,2;8;11,2;8;1017,2;8;977,7;8;15,4;8;2,3;8;4,1;999,9;24,9;8,9;0,0;999,9;0;0;0;0;0;0
Pilar;873490;2013;05;07;13,2;8;1,5;8;1024,4;8;984,3;8;13,7;8;1,5;8;4,1;999,9;25,0;4,0;0,0;999,9;0;0;0;0;0;0
Pilar;873490;2013;05;08;15,9;7;5,1;7;1013,4;7;973,8;7;18,5;7;4,4;7;6,7;999,9;26,7;7,0;0,0;999,9;0;0;0;0;0;0
Pilar;873490;2013;05;09;17,9;8;10,1;8;1011,5;8;972,4;8;20,0;8;2,2;8;4,1;999,9;28,9;8,2;0,0;999,9;0;0;0;0;0;0
Pilar;873490;2013;05;10;18,4;8;11,9;8;1009,0;8;969,9;8;16,3;8;1,8;8;4,1;999,9;28,4;10,4;0,0;999,9;0;0;0;0;0;0
Pilar;873490;2013;05;11;19,1;8;8,2;8;1015,7;8;976,6;8;15,6;8;2,4;8;4,1;999,9;28,7;11,9;0,0;999,9;0;0;0;0;0;0
Pilar;873490;2013;05;12;13,7;8;5,7;8;1016,3;8;976,4;8;17,1;8;1,0;8;2,6;999,9;23,6;5,8;0,0;999,9;0;0;0;0;0;0
Pilar;873490;2013;05;13;14,8;8;9,7;8;1015,1;8;975,4;8;14,6;8;1,3;8;4,1;999,9;23,7;8,1;0,0;999,9;0;0;0;0;0;0
Pilar;873490;2013;05;14;16,5;8;15,2;8;1013,3;8;973,9;8;5,6;8;2,3;8;3,6;999,9;23,3;10,2;999,9;999,9;1;1;0;0;1;0
Pilar;873490;2013;05;15;9,1;8;4,1;8;1022,2;8;981,6;8;12,2;8;3,6;8;6,7;999,9;20,3;5,5;7,1;999,9;0;1;0;0;0;0
Pilar;873490;2013;05;16;6,4;8;-0,9;8;1027,8;8;986,4;8;16,3;8;1,4;8;4,1;999,9;14,1;-6,8;0,0;999,9;0;0;0;0;0;0
Pilar;873490;2013;05;17;8,9;8;-1,5;8;1024,3;8;983,4;8;17,5;8;4,8;8;6,2;999,9;15,4;1,8;0,0;999,9;0;0;0;0;0;0
Pilar;873490;2013;05;18;10,1;7;6,1;7;1022,2;7;981,6;7;14,5;7;2,7;7;4,6;999,9;16,3;5,8;7,1;999,9;0;1;0;0;1;0
Pilar;873490;2013;05;19;9,6;8;7,0;8;1023,7;8;982,9;8;10,8;8;1,9;8;4,1;999,9;15,2;5,6;0,0;999,9;1;0;0;0;0;0
Pilar;873490;2013;05;20;9,8;8;6,1;8;1022,9;8;982,1;8;7,4;8;1,9;8;4,1;999,9;18,5;2,4;0,0;999,9;1;0;0;0;0;0
Pilar;873490;2013;05;21;9,9;8;7,8;8;1018,7;8;978,3;8;8,9;8;3,1;8;5,1;999,9;18,9;4,4;0,0;999,9;1;0;0;0;0;0
Pilar;873490;2013;05;22;9,4;8;7,3;8;1022,1;8;981,3;8;5,6;8;1,0;8;2,6;999,9;15,6;2,3;0,0;999,9;1;0;0;0;0;0
Pilar;873490;2013;05;23;9,9;8;5,5;8;1021,0;8;980,3;8;15,8;8;2,4;8;3,6;999,9;18,7;1,4;0,0;999,9;1;0;0;0;0;0
Pilar;873490;2013;05;24;12,2;8;5,3;8;1021,5;8;981,1;8;12,1;8;1,2;8;2,1;999,9;23,1;2,7;0,0;999,9;0;0;0;0;0;0
Pilar;873490;2013;05;25;12,3;8;5,4;8;1018,8;8;978,7;8;13,7;8;3,3;8;7,2;999,9;23,3;2,5;0,0;999,9;0;0;0;0;0;0
Pilar;873490;2013;05;26;12,9;8;6,9;8;1013,2;8;973,3;8;20,0;8;2,7;8;4,6;999,9;21,8;5,3;0,0;999,9;0;0;0;0;0;0
Pilar;873490;2013;05;27;12,6;8;7,8;8;1008,7;8;968,8;8;15,1;8;3,4;8;10,3;999,9;23,0;4,0;0,0;999,9;0;0;0;0;0;0
Pilar;873490;2013;05;28;17,3;8;9,6;8;1000,2;8;961,2;8;11,3;8;2,9;8;5,1;999,9;24,4;5,2;0,0;999,9;0;0;0;0;0;0
Pilar;873490;2013;05;29;14,8;8;2,9;8;1010,9;8;971,4;8;14,3;8;2,8;8;5,1;999,9;24,3;8,1;0,0;999,9;0;0;0;0;0;0
Pilar;873490;2013;05;30;12,2;8;0,4;8;1015,5;8;975,4;8;17,9;8;2,6;8;5,1;999,9;23,7;2,8;0,0;999,9;0;0;0;0;0;0
Pilar;873490;2013;05;31;17,0;8;3,2;8;1005,9;8;966,8;8;14,0;8;6,5;8;10,8;999,9;24,9;5,5;0,0;999,9;0;0;0;0;0;0
Pilar;873490;2013;06;01;14,4;7;4,2;7;1012,3;7;972,7;7;13,7;7;2,2;7;4,6;999,9;24,8;5,8;0,0;999,9;0;0;0;0;0;0
Pilar;873490;2013;06;02;12,7;8;0,5;8;1019,8;8;979,7;8;16,3;8;2,4;8;3,6;999,9;25,0;6,7;0,0;999,9;0;0;0;0;0;0
Pilar;873490;2013;06;03;10,9;8;0,1;8;1021,8;8;981,2;8;14,2;8;1,8;8;3,6;999,9;24,3;1,7;0,0;999,9;0;0;0;0;0;0
Pilar;873490;2013;06;04;16,7;8;5,6;8;1016,2;8;976,5;8;14,3;8;3,5;8;4,6;999,9;26,3;4,0;0,0;999,9;0;0;0;0;0;0
Pilar;873490;2013;06;05;14,7;8;4,9;8;1012,4;8;972,9;8;13,0;8;2,4;8;4,1;999,9;27,5;8,0;0,0;999,9;0;0;0;0;0;0
Pilar;873490;2013;06;06;11,4;8;-1,9;8;1022,3;8;982,0;8;15,1;8;3,0;8;4,1;999,9;24,5;2,2;0,0;999,9;0;0;0;0;0;0
Pilar;873490;2013;06;07;12,2;8;-1,5;8;1017,2;8;976,9;8;13,5;8;4,8;8;7,2;999,9;21,1;4,1;0,0;999,9;0;0;0;0;0;0
Pilar;873490;2013;06;08;11,6;8;2,7;8;1024,5;8;984,1;8;12,2;8;3,1;8;4,6;999,9;22,4;3,7;0,0;999,9;0;0;0;0;0;0
Pilar;873490;2013;06;09;14,5;8;9,1;8;1018,3;8;978,2;8;15,0;8;1,5;8;2,6;999,9;19,8;4,4;0,0;999,9;0;0;0;0;0;0
Pilar;873490;2013;06;10;14,0;8;10,0;8;1018,8;8;978,8;8;13,2;8;1,9;8;3,1;999,9;23,4;6,5;0,0;999,9;0;0;0;0;0;0
Pilar;873490;2013;06;11;15,7;8;13,4;8;1018,3;8;978,6;8;4,8;8;2,9;8;5,7;999,9;24,6;8,7;0,0;999,9;1;0;0;0;0;0
Pilar;873490;2013;06;12;18,8;8;13,8;8;1016,6;8;977,3;8;10,6;8;2,1;8;3,6;999,9;26,8;10,8;0,0;999,9;1;0;0;0;0;0
Pilar;873490;2013;06;13;19,2;8;13,9;8;1015,1;8;976,0;8;15,8;8;1,6;8;3,6;999,9;27,5;9,2;0,0;999,9;0;0;0;0;0;0
Pilar;873490;2013;06;14;15,4;8;10,6;8;1020,1;8;980,5;8;12,6;8;3,1;8;6,2;999,9;28,4;10,2;0,0;999,9;0;0;0;0;0;0
Pilar;873490;2013;06;15;12,9;8;9,9;8;1018,4;8;978,2;8;15,9;8;3,7;8;7,7;999,9;18,6;8,1;0,0;999,9;0;1;0;0;0;0
Pilar;873490;2013;06;16;12,9;8;8,6;8;1015,9;8;976,0;8;7,4;8;6,2;8;11,3;999,9;20,0;10,8;0,0;999,9;0;1;0;0;0;0
Pilar;873490;2013;06;17;7,7;8;0,8;8;1021,0;8;980,1;8;15,0;8;1,9;8;3,6;999,9;13,8;0,6;0,0;999,9;0;0;0;0;0;0
Pilar;873490;2013;06;18;9,6;8;4,1;8;1016,3;8;975,7;8;15,0;8;4,0;8;7,2;999,9;14,3;1,0;0,0;999,9;0;0;0;0;0;0
Pilar;873490;2013;06;19;6,3;8;-6,4;8;1027,5;8;986,3;8;16,9;8;2,5;8;3,6;999,9;15,8;-0,4;0,0;999,9;0;0;0;0;0;0
Pilar;873490;2013;06;20;6,4;8;-4,7;8;1026,0;8;984,7;8;13,7;8;1,8;8;3,6;999,9;11,1;0,4;0,0;999,9;0;1;0;0;0;0
Pilar;873490;2013;06;21;2,2;6;-3,1;6;1017,4;6;976,1;6;10,5;6;1,2;6;2,6;999,9;12,5;-4,6;0,0;999,9;0;0;0;0;0;0
Pilar;873490;2013;06;22;8,6;7;-0,1;7;1014,0;7;973,5;7;18,8;7;3,0;7;6,2;999,9;18,7;-1,8;0,0;999,9;0;0;0;0;0;0
Pilar;873490;2013;06;23;8,2;8;2,0;8;1022,6;8;981,8;8;19,3;8;1,9;8;3,1;999,9;17,2;0,6;0,0;999,9;0;0;0;0;0;0
Pilar;873490;2013;06;24;7,3;8;2,4;8;1023,2;8;982,1;8;20,0;8;2,3;8;3,1;999,9;15,4;-0,1;0,0;999,9;0;0;0;0;0;0
Pilar;873490;2013;06;25;8,5;8;2,6;8;1019,8;8;979,0;8;14,0;8;1,6;8;2,1;999,9;18,7;-0,1;0,0;999,9;1;0;0;0;0;0
Pilar;873490;2013;06;26;10,6;8;1,6;8;1017,4;8;977,0;8;13,5;8;3,7;8;6,2;999,9;21,5;-0,5;0,0;999,9;0;0;0;0;0;0
Pilar;873490;2013;06;27;12,2;8;3,4;8;1012,3;8;972,3;8;13,7;8;7,2;8;11,3;999,9;21,6;1,0;0,0;999,9;0;0;0;0;0;0
Pilar;873490;2013;06;28;13,0;8;4,9;8;1008,6;8;968,9;8;14,0;8;2,8;8;7,2;999,9;22,3;3,0;0,0;999,9;0;0;0;0;0;0
Pilar;873490;2013;06;29;12,1;8;0,8;8;1016,5;8;976,4;8;15,6;8;2,6;8;4,1;999,9;22,6;4,2;0,0;999,9;0;0;0;0;0;0
Pilar;873490;2013;06;30;9,9;8;4,3;8;1019,3;8;978,8;8;10,8;8;2,1;8;3,1;999,9;19,9;1,6;0,0;999,9;0;0;0;0;0;0
Pilar;873490;2013;07;01;11,3;8;5,2;8;1022,7;8;982,2;8;14,3;8;2,6;8;5,7;999,9;20,3;2,3;0,0;999,9;0;0;0;0;0;0
Pilar;873490;2013;07;02;14,2;8;-2,0;8;1013,2;8;973,3;8;13,0;8;8,0;8;11,8;999,9;21,4;3,3;0,0;999,9;0;0;0;0;0;0
Pilar;873490;2013;07;03;15,6;8;2,1;8;1007,3;8;968,0;8;14,0;8;6,4;8;8,2;999,9;23,5;9,2;0,0;999,9;0;0;0;0;0;0
Pilar;873490;2013;07;04;15,1;8;6,4;8;1013,2;8;973,7;8;11,7;8;3,3;8;4,6;999,9;24,8;10,2;0,0;999,9;0;0;0;0;0;0
Pilar;873490;2013;07;05;12,7;8;9,0;8;1014,3;8;974,4;8;6,8;8;1,8;8;3,1;999,9;19,6;9,7;0,0;999,9;0;1;0;0;0;0
Pilar;873490;2013;07;06;11,4;6;7,9;6;1017,4;6;977,2;6;13,7;6;5,0;6;7,2;999,9;16,5;8,0;0,0;999,9;1;1;0;0;0;0
Pilar;873490;2013;07;07;8,8;8;4,3;8;1027,2;8;986,3;8;18,2;8;3,6;8;5,1;999,9;14,2;7,8;0,0;999,9;0;0;0;0;0;0
Pilar;873490;2013;07;08;8,5;8;3,1;8;1030,2;8;989,0;8;20,0;8;2,8;8;5,7;999,9;12,2;5,9;0,0;999,9;0;0;0;0;0;0
Pilar;873490;2013;07;09;11,7;8;5,1;8;1019,1;8;978,7;8;20,0;8;4,2;8;6,7;999,9;18,0;6,4;0,0;999,9;0;0;0;0;0;0
Pilar;873490;2013;07;10;11,6;8;9,5;8;1015,8;8;975,6;8;6,0;8;3,1;8;7,7;999,9;18,5;7,4;0,0;999,9;1;0;0;0;0;0
Pilar;873490;2013;07;11;13,8;8;12,3;8;1015,1;8;975,3;8;6,9;8;2,6;8;5,1;999,9;18,4;8,8;0,0;999,9;1;1;0;0;0;0
Pilar;873490;2013;07;12;8,4;10;5,1;10;1023,3;10;982,6;10;14,5;10;2,5;10;5,7;999,9;16,8;2,9;0,0;999,9;0;0;0;0;0;0
Pilar;873490;2013;07;13;10,1;8;5,2;8;1018,0;8;977,5;8;11,7;8;2,9;8;5,7;999,9;19,0;-0,7;0,0;999,9;0;0;0;0;0;0
Pilar;873490;2013;07;14;12,3;8;1,7;8;1020,7;8;980,5;8;9,8;8;3,6;8;7,2;999,9;20,2;1,5;0,0;999,9;0;0;0;0;0;0
Pilar;873490;2013;07;15;8,6;8;-1,9;8;1023,3;8;982,4;8;10,8;8;1,5;8;3,1;999,9;19,6;-0,7;0,0;999,9;0;0;0;0;0;0
Pilar;873490;2013;07;16;13,6;8;4,5;8;1016,5;8;976,4;8;9,8;8;2,5;8;5,7;999,9;26,9;0,8;0,0;999,9;0;0;0;0;0;0
Pilar;873490;2013;07;17;15,5;8;7,1;8;1010,6;8;971,1;8;19,3;8;2,6;8;5,1;999,9;27,8;5,5;0,0;999,9;0;0;0;0;0;0
Pilar;873490;2013;07;18;10,3;8;3,8;8;1017,2;8;977,2;8;10,8;8;7,0;8;11,8;999,9;17,7;6,7;0,0;999,9;0;0;0;0;0;0
Pilar;873490;2013;07;19;5,6;8;-2,8;8;1026,2;8;984,8;8;18,8;8;2,8;8;4,6;999,9;8,6;2,8;0,0;999,9;0;0;0;0;0;0
Pilar;873490;2013;07;20;5,6;8;-4,3;8;1013,8;8;972,8;8;16,6;8;4,2;8;8,2;999,9;12,9;-3,0;0,0;999,9;0;0;0;0;0;0
Pilar;873490;2013;07;21;5,5;8;-8,4;8;1023,3;7;982,0;7;13,7;8;6,2;8;10,3;999,9;13,5;-1,9;0,0;999,9;0;0;0;0;0;0
Pilar;873490;2013;07;22;4,6;8;-8,4;8;1029,4;8;987,7;8;19,0;8;5,5;8;7,7;999,9;9,7;-0,9;0,0;999,9;0;0;0;0;0;0
Pilar;873490;2013;07;23;1,9;8;-8,9;8;1028,3;8;986,4;8;13,2;8;1,5;8;2,1;999,9;9,7;-5,9;0,0;999,9;0;0;0;0;0;0
Pilar;873490;2013;07;24;5,6;8;-4,6;8;1028,9;8;987,3;8;15,4;8;1,9;8;3,1;999,9;14,4;-4,4;0,0;999,9;0;0;0;0;0;0
Pilar;873490;2013;07;25;9,5;8;-3,2;8;1022,5;8;981,5;8;11,3;8;4,7;8;6,2;999,9;20,4;-1,4;0,0;999,9;0;0;0;0;0;0
Pilar;873490;2013;07;26;8,8;8;-4,2;8;1019,5;8;978,9;8;8,5;8;6,9;8;9,3;999,9;20,8;2,3;0,0;999,9;0;0;0;0;0;0
Pilar;873490;2013;07;27;10,9;8;-2,1;8;1021,2;8;980,5;8;11,9;8;3,2;8;5,1;999,9;20,9;0,8;0,0;999,9;0;0;0;0;0;0
Pilar;873490;2013;07;28;10,9;8;0,4;8;1021,5;8;981,0;8;11,6;8;2,4;8;5,1;999,9;23,0;0,7;0,0;999,9;0;0;0;0;0;0
Pilar;873490;2013;07;29;12,7;8;5,4;8;1020,6;8;980,4;8;15,0;8;2,1;8;4,6;999,9;23,5;2,5;0,0;999,9;0;0;0;0;0;0
Pilar;873490;2013;07;30;16,9;8;9,9;8;1014,5;8;975,0;8;13,5;8;3,4;8;8,2;999,9;26,0;4,3;0,0;999,9;0;0;0;0;0;0
Pilar;873490;2013;07;31;14,9;8;10,1;8;1012,5;8;973,1;8;6,0;8;3,9;8;6,7;999,9;26,5;9,6;0,0;999,9;0;0;0;0;0;0
Pilar;873490;2013;08;01;10,7;7;4,9;7;1017,7;7;977,5;7;12,4;7;5,4;7;7,7;999,9;12,8;7,0;0,0;999,9;0;0;0;0;0;0
Pilar;873490;2013;08;02;9,8;8;2,4;8;1021,9;8;981,1;8;15,6;8;3,2;8;5,1;999,9;16,4;1,2;0,0;999,9;0;0;0;0;0;0
Pilar;873490;2013;08;03;9,6;8;3,8;8;1016,9;8;976,5;8;13,2;8;4,7;8;10,8;999,9;17,0;3,0;0,0;999,9;0;0;0;0;0;0
Pilar;873490;2013;08;04;10,6;8;2,3;8;1019,6;8;979,0;8;13,2;8;3,0;8;7,2;999,9;20,8;1,1;0,0;999,9;0;0;0;0;0;0
Pilar;873490;2013;08;05;15,6;8;1,7;8;1014,1;8;974,4;8;13,8;8;5,2;8;7,7;999,9;25,0;4,0;0,0;999,9;0;0;0;0;0;0
Pilar;873490;2013;08;06;12,3;8;1,9;8;1018,4;8;978,3;8;10,3;8;3,9;8;8,8;999,9;27,8;3,2;0,0;999,9;0;0;0;0;0;0
Pilar;873490;2013;08;07;16,9;8;4,0;8;1003,3;8;964,2;8;6,6;8;6,2;8;10,3;999,9;22,4;4,4;0,0;999,9;0;0;0;0;0;0
Pilar;873490;2013;08;08;11,8;8;-3,2;8;1016,7;8;976,8;8;6,8;8;4,8;8;10,8;999,9;24,3;8,7;0,0;999,9;0;0;0;0;0;0
Pilar;873490;2013;08;09;10,2;8;-9,0;8;1028,8;8;987,8;8;10,9;8;3,5;8;5,7;999,9;14,8;6,2;0,0;999,9;0;0;0;0;0;0
Pilar;873490;2013;08;10;9,3;8;-7,9;8;1025,9;8;984,9;8;17,5;8;5,0;8;9,8;999,9;18,4;0,8;0,0;999,9;0;0;0;0;0;0
Pilar;873490;2013;08;11;10,9;8;-5,9;8;1013,3;8;973,0;8;14,2;8;4,1;8;7,7;999,9;22,7;-1,1;0,0;999,9;0;0;0;0;0;0
Pilar;873490;2013;08;12;11,3;8;-0,7;8;1016,7;8;976,5;8;13,5;8;5,1;8;7,2;999,9;23,7;3,4;0,0;999,9;0;0;0;0;0;0
Pilar;873490;2013;08;13;7,4;8;-0,7;8;1029,5;8;988,4;8;10,6;8;3,0;8;5,7;999,9;17,0;1,6;0,0;999,9;0;1;0;0;0;0
Pilar;873490;2013;08;14;5,1;8;-4,7;8;1033,7;8;991,8;8;15,0;8;3,6;8;7,2;999,9;15,2;-5,3;0,0;999,9;0;0;0;0;0;0
Pilar;873490;2013;08;15;10,4;8;-8,6;8;1020,0;8;979,3;8;12,2;8;8,5;8;12,9;999,9;20,4;0,4;0,0;999,9;0;0;0;0;0;0
Pilar;873490;2013;08;16;11,9;7;-10,8;7;1023,8;7;983,3;7;11,4;7;5,5;7;8,2;999,9;21,6;1,2;0,0;999,9;0;0;0;0;0;0
Pilar;873490;2013;08;17;8,2;7;-4,7;7;1027,1;7;986,1;7;13,4;7;3,5;7;7,2;999,9;18,8;-1,8;0,0;999,9;0;0;0;0;0;0
Pilar;873490;2013;08;18;12,7;8;-1,2;8;1019,0;8;978,7;8;10,9;8;5,1;8;9,3;999,9;22,8;1,3;0,0;999,9;0;0;0;0;0;0
Pilar;873490;2013;08;19;16,9;8;1,3;8;1012,8;8;973,4;8;12,9;8;3,9;8;5,7;999,9;27,4;7,7;0,0;999,9;0;0;0;0;0;0
Pilar;873490;2013;08;20;16,1;8;4,2;8;1013,5;8;974,1;8;11,4;8;2,5;8;4,1;999,9;28,0;6,6;0,0;999,9;0;0;0;0;0;0
Pilar;873490;2013;08;21;17,9;8;10,3;8;1008,8;8;969,7;8;7,7;8;2,6;8;5,1;999,9;26,5;8,6;0,0;999,9;0;0;0;0;0;0
Pilar;873490;2013;08;22;12,0;8;-7,7;8;1018,1;8;978,3;8;6,0;8;5,5;8;11,8;999,9;27,0;6,6;0,0;999,9;0;0;0;0;0;0
Pilar;873490;2013;08;23;5,2;7;-9,3;7;1026,6;7;985,2;7;13,0;7;2,2;7;4,1;999,9;10,5;-0,2;0,0;999,9;0;0;0;0;0;0
Pilar;873490;2013;08;24;6,0;8;-6,7;8;1030,1;8;988,5;8;15,4;8;2,2;8;3,1;999,9;11,0;1,6;0,0;999,9;0;0;0;0;0;0
Pilar;873490;2013;08;25;5,6;8;-4,3;8;1033,5;8;991,7;8;15,0;8;2,3;8;3,6;999,9;13,1;-3,8;0,0;999,9;0;0;0;0;0;0
Pilar;873490;2013;08;26;6,4;8;-2,7;8;1034,2;8;992,5;8;15,0;8;2,3;8;4,1;999,9;13,2;-2,2;0,0;999,9;0;0;0;0;0;0
Pilar;873490;2013;08;27;10,0;8;-4,3;8;1026,7;8;985,7;8;15,0;8;4,6;8;6,2;999,9;21,7;-0,3;0,0;999,9;0;0;0;0;0;0
Pilar;873490;2013;08;28;15,4;8;-3,1;8;1020,9;8;980,9;8;8,2;8;3,0;8;7,2;999,9;28,6;3,5;0,0;999,9;0;0;0;0;0;0
Pilar;873490;2013;08;29;17,3;7;-3,4;7;1014,9;7;975,6;7;10,0;7;5,3;7;10,3;999,9;30,6;7,2;0,0;999,9;0;0;0;0;0;0
Pilar;873490;2013;08;30;20,1;8;-4,0;8;1009,7;8;970,9;8;8,5;8;5,7;8;9,3;999,9;31,8;6,7;0,0;999,9;0;0;0;0;0;0
Pilar;873490;2013;08;31;20,6;8;-2,6;8;1009,0;8;970,2;8;9,5;8;3,6;8;5,1;999,9;32,5;5,8;0,0;999,9;0;0;0;0;0;0
Pilar;873490;2013;09;01;18,6;8;1,9;8;1011,7;8;972,7;8;14,3;8;2,7;8;3,6;999,9;32,0;6,2;0,0;999,9;0;0;0;0;0;0
Pilar;873490;2013;09;02;17,4;8;5,5;8;1012,3;8;973,2;8;8,9;8;2,9;8;4,6;999,9;28,7;11,4;0,0;999,9;0;0;0;0;0;0
Pilar;873490;2013;09;03;13,8;8;2,0;8;1024,1;8;984,1;8;14,2;8;4,3;8;6,2;999,9;24,5;6,5;0,0;999,9;0;0;0;0;0;0
Pilar;873490;2013;09;04;11,2;8;-1,6;8;1023,6;8;983,0;8;16,7;8;5,6;8;9,3;999,9;18,0;5,1;0,0;999,9;0;0;0;0;0;0
Pilar;873490;2013;09;05;16,7;8;1,6;8;1014,8;8;975,2;8;8,0;8;4,6;8;7,2;999,9;27,3;9,7;0,0;999,9;0;0;0;0;0;0
Pilar;873490;2013;09;06;19,3;8;8,7;8;1013,1;8;974,0;8;9,0;8;3,3;8;7,2;999,9;29,8;8,9;0,0;999,9;0;0;0;0;0;0
Pilar;873490;2013;09;07;22,9;8;12,5;8;1007,3;8;968,9;8;13,7;8;2,7;8;4,6;999,9;31,4;14,4;0,0;999,9;0;0;0;0;0;0
Pilar;873490;2013;09;08;21,3;8;10,3;8;1016,1;8;977,2;8;15,6;8;3,8;8;6,2;999,9;30,5;13,4;0,0;999,9;0;0;0;0;0;0
Pilar;873490;2013;09;09;25,6;8;6,3;8;1010,1;8;971,8;8;13,0;8;7,3;8;12,4;999,9;37,0;15,7;0,0;999,9;0;0;0;0;0;0
Pilar;873490;2013;09;10;30,1;8;6,1;8;1003,3;8;965,9;8;7,9;8;7,5;8;12,4;999,9;39,5;21,1;0,0;999,9;0;0;0;0;0;0
Pilar;873490;2013;09;11;22,8;8;5,7;8;1005,7;8;967,7;8;9,0;8;4,9;8;6,7;999,9;30,9;15,7;0,0;999,9;0;0;0;0;0;0
Pilar;873490;2013;09;12;16,1;7;6,8;7;1009,4;7;970,3;7;11,7;7;6,8;7;9,3;999,9;27,8;10,7;0,0;999,9;0;0;0;0;0;0
Pilar;873490;2013;09;13;11,2;8;3,1;8;1022,0;8;981,6;8;7,2;8;7,7;8;9,3;999,9;18,0;8,0;0,0;999,9;0;0;0;0;0;0
Pilar;873490;2013;09;14;9,6;8;3,7;8;1023,6;8;982,9;8;10,8;8;3,8;8;4,6;999,9;15,5;7,8;0,0;999,9;0;0;0;0;0;0
Pilar;873490;2013;09;15;9,7;8;3,7;8;1022,1;8;981,4;8;16,1;8;3,9;8;6,7;999,9;13,7;6,7;0,0;999,9;0;0;0;0;0;0
Pilar;873490;2013;09;16;7,0;8;-0,8;8;1022,5;8;981,5;8;15,4;8;6,5;8;7,7;999,9;14,5;3,6;0,0;999,9;0;0;0;0;0;0
Pilar;873490;2013;09;17;8,1;8;-5,1;8;1024,5;8;983,3;8;17,5;8;3,6;8;5,1;999,9;14,4;0,1;0,0;999,9;0;0;0;0;0;0
Pilar;873490;2013;09;18;11,0;8;-6,5;8;1021,7;8;981,1;8;20,0;8;2,2;8;3,1;999,9;19,9;4,2;0,0;999,9;0;0;0;0;0;0
Pilar;873490;2013;09;19;14,3;8;-3,1;8;1018,7;8;978,7;8;12,1;8;5,3;8;11,3;999,9;21,9;5,1;0,0;999,9;0;0;0;0;0;0
Pilar;873490;2013;09;20;14,7;7;-1,2;7;1010,2;7;970,6;7;9,8;7;3,4;7;4,1;999,9;25,4;3,5;0,0;999,9;0;0;0;0;0;0
Pilar;873490;2013;09;21;12,1;8;-0,9;8;1014,9;8;975,1;8;7,6;8;6,4;8;10,3;999,9;25,8;8,3;0,0;999,9;0;0;0;0;0;0
Pilar;873490;2013;09;22;10,3;8;-2,1;8;1024,6;8;983,8;8;18,2;8;3,3;8;5,1;999,9;16,2;4,0;0,3;999,9;0;1;0;0;0;0
Pilar;873490;2013;09;23;8,7;8;-3,2;8;1031,3;8;990,2;8;20,0;8;3,1;8;6,2;999,9;17,8;-0,1;0,0;999,9;0;0;0;0;0;0
Pilar;873490;2013;09;24;7,7;8;-5,0;8;1031,7;8;990,3;8;13,4;8;2,7;8;5,1;999,9;17,0;-2,4;0,0;999,9;0;0;0;0;0;0
Pilar;873490;2013;09;25;10,7;8;-1,6;8;1024,9;8;984,2;8;16,3;8;5,4;8;8,8;999,9;17,6;3,2;0,0;999,9;0;0;0;0;0;0
Pilar;873490;2013;09;26;13,9;8;2,8;8;1017,3;8;977,3;8;19,3;8;4,9;8;8,8;999,9;22,7;6,5;0,0;999,9;0;0;0;0;0;0
Pilar;873490;2013;09;27;15,4;8;3,7;8;1015,2;8;975,5;8;12,7;8;2,8;8;5,7;999,9;24,9;4,5;0,0;999,9;0;0;0;0;0;0
Pilar;873490;2013;09;28;11,4;8;3,1;8;1019,0;8;979,0;8;12,1;8;6,5;8;8,8;999,9;25,6;4,5;0,5;999,9;0;1;0;0;1;0
Pilar;873490;2013;09;29;11,1;8;-1,5;8;1023,4;8;982,7;8;15,0;8;3,8;8;7,2;999,9;18,0;2,8;0,0;999,9;0;0;0;0;0;0
Pilar;873490;2013;09;30;13,1;8;1,4;8;1020,8;8;980,5;8;17,5;8;3,8;8;7,2;999,9;20,2;5,1;0,0;999,9;0;0;0;0;0;0
Pilar;873490;2013;10;01;13,4;8;3,9;8;1018,3;8;978,3;8;20,0;8;2,3;8;3,6;999,9;21,6;5,8;0,0;999,9;0;0;0;0;0;0
Pilar;873490;2013;10;02;14,9;8;4,0;8;1017,0;8;977,2;8;20,0;8;3,2;8;6,2;999,9;22,6;4,4;0,0;999,9;0;0;0;0;0;0
Pilar;873490;2013;10;03;14,7;8;6,2;8;1018,0;8;978,3;8;16,3;8;4,3;8;8,8;999,9;23,6;10,7;2,0;999,9;0;1;0;0;0;0
Pilar;873490;2013;10;04;14,2;8;3,7;8;1024,0;8;983,8;8;20,0;8;3,8;8;6,2;999,9;21,4;5,9;0,0;999,9;0;0;0;0;0;0
Pilar;873490;2013;10;05;15,8;8;4,7;8;1020,8;8;980,9;8;16,1;8;3,6;8;6,2;999,9;24,9;6,0;0,0;999,9;0;0;0;0;0;0
Pilar;873490;2013;10;06;17,7;8;4,6;8;1021,3;8;981,6;8;17,5;8;3,3;8;6,2;999,9;26,4;7,7;0,0;999,9;0;0;0;0;0;0
Pilar;873490;2013;10;07;17,8;8;4,6;8;1021,0;8;981,5;8;11,4;8;3,7;8;8,2;999,9;26,6;7,3;0,0;999,9;0;0;0;0;0;0
Pilar;873490;2013;10;08;20,6;8;5,8;8;1015,1;8;976,1;8;9,2;8;4,5;8;9,3;999,9;30,2;10,7;0,0;999,9;0;0;0;0;0;0
Pilar;873490;2013;10;09;21,8;8;7,0;8;1011,2;8;972,6;8;7,6;8;5,7;8;9,8;999,9;31,3;15,8;0,0;999,9;0;0;0;0;0;0
Pilar;873490;2013;10;10;19,2;8;3,4;8;1016,5;8;977,4;8;18,8;8;3,0;8;4,6;999,9;25,9;11,6;0,0;999,9;0;0;0;0;1;0
Pilar;873490;2013;10;11;18,7;8;15,6;8;1015,9;8;976,8;8;20,0;8;3,1;8;6,7;999,9;26,7;15,2;0,0;999,9;0;0;0;0;0;0
Pilar;873490;2013;10;12;18,5;7;15,4;7;1016,4;7;977,1;7;16,1;7;4,1;7;6,2;999,9;22,2;15,6;24,9;999,9;0;1;0;0;0;0
Pilar;873490;2013;10;13;19,9;8;14,6;8;1014,9;8;975,7;8;15,0;8;2,6;8;5,7;999,9;26,6;12,8;0,0;999,9;1;0;0;0;0;0
Pilar;873490;2013;10;14;21,0;8;15,3;8;1016,1;8;977,1;8;15,0;8;3,4;8;6,2;999,9;28,0;14,0;16,0;999,9;0;0;0;0;1;0
Pilar;873490;2013;10;15;23,2;8;14,4;8;1016,3;8;977,6;8;15,9;8;3,6;8;8,2;999,9;29,6;15,5;0,0;999,9;0;0;0;0;0;0
Pilar;873490;2013;10;16;21,2;8;12,7;8;1015,7;8;976,9;8;18,2;8;3,6;8;7,7;999,9;30,3;17,0;999,9;999,9;0;1;0;0;1;0
Pilar;873490;2013;10;17;19,6;8;12,7;8;1016,1;8;976,9;8;20,0;8;2,6;8;3,6;999,9;27,9;11,8;7,9;999,9;0;0;0;0;0;0
Pilar;873490;2013;10;18;22,1;8;13,0;8;1013,1;8;974,3;8;20,0;8;2,5;8;4,6;999,9;30,2;14,0;0,0;999,9;0;0;0;0;0;0
Pilar;873490;2013;10;19;26,2;7;11,1;7;1006,1;7;967,9;7;13,5;7;5,6;7;9,8;999,9;34,1;17,0;0,0;999,9;0;0;0;0;0;0
Pilar;873490;2013;10;20;25,9;8;7,7;8;999,0;8;961,4;8;8,7;8;7,4;8;9,3;999,9;34,7;20,6;0,0;999,9;0;0;0;0;0;0
Pilar;873490;2013;10;21;19,6;8;2,7;8;1014,2;8;975,3;8;10,3;8;3,6;8;6,2;999,9;28,8;12,3;0,0;999,9;0;0;0;0;0;0
Pilar;873490;2013;10;22;19,5;8;3,8;8;1009,3;8;970,4;8;18,2;8;5,5;8;10,3;999,9;29,5;11,4;0,0;999,9;0;0;0;0;0;0
Pilar;873490;2013;10;23;21,8;8;7,7;8;1007,2;8;968,8;8;15,9;8;5,8;8;9,3;999,9;30,5;16,7;0,0;999,9;0;0;0;0;0;0
Pilar;873490;2013;10;24;17,9;6;2,7;6;1021,8;6;982,3;6;18,7;6;3,8;6;4,6;999,9;25,3;13,6;0,0;999,9;0;0;0;0;0;0
Pilar;873490;2013;10;25;17,6;7;3,8;7;1020,0;7;980,4;7;15,8;7;3,3;7;17,5;999,9;22,4;12,9;0,0;999,9;0;0;0;0;0;0
Pilar;873490;2013;10;26;20,6;8;8,9;8;1014,6;8;975,5;8;16,9;8;2,9;8;4,6;999,9;28,5;11,8;0,0;999,9;0;0;0;0;0;0
Pilar;873490;2013;10;27;22,7;8;8,8;8;1017,0;8;978,2;8;18,8;8;3,6;8;6,2;999,9;30,4;13,3;0,0;999,9;0;0;0;0;0;0
Pilar;873490;2013;10;28;22,3;8;7,4;8;1013,2;8;974,6;8;12,6;8;6,2;8;9,8;999,9;30,9;12,1;0,0;999,9;0;0;0;0;0;0
Pilar;873490;2013;10;29;25,4;7;10,6;7;1008,7;7;970,4;7;8,5;7;4,6;7;6,2;999,9;33,7;15,3;0,0;999,9;0;0;0;0;1;0
Pilar;873490;2013;10;30;24,5;8;14,3;8;1008,8;8;970,6;8;14,6;8;3,4;8;6,7;999,9;34,3;15,9;7,1;999,9;0;1;0;0;1;0
Pilar;873490;2013;10;31;21,1;7;16,7;7;1005,3;7;967,1;7;10,9;7;3,1;7;6,2;999,9;33,5;17,5;7,1;999,9;0;1;0;0;1;0
Pilar;873490;2013;11;01;17,7;8;16,2;8;1009,4;8;970,4;8;6,1;8;5,5;8;8,8;999,9;23,3;14,8;85,1;999,9;0;1;0;0;1;0
Pilar;873490;2013;11;02;19,6;8;8,2;8;1017,1;8;977,8;8;16,9;8;5,1;8;7,2;999,9;23,6;14,5;0,0;999,9;0;1;0;0;0;0
Pilar;873490;2013;11;03;18,2;7;7,7;7;1018,7;7;979,3;7;20,0;7;1,9;7;2,6;999,9;27,0;10,3;0,0;999,9;0;0;0;0;0;0
Pilar;873490;2013;11;04;20,8;8;8,7;8;1016,9;8;977,8;8;16,7;8;4,7;8;7,2;999,9;27,5;14,0;0,0;999,9;0;0;0;0;0;0
Pilar;873490;2013;11;05;20,8;8;9,9;8;1016,2;8;977,2;8;20,0;8;4,8;8;8,2;999,9;28,4;11,8;0,0;999,9;0;0;0;0;0;0
Pilar;873490;2013;11;06;22,5;8;12,2;8;1011,5;8;972,9;8;14,8;8;6,5;8;10,8;999,9;30,6;13,4;0,0;999,9;0;0;0;0;0;0
Pilar;873490;2013;11;07;20,6;8;12,6;8;1011,8;8;973,2;8;13,7;8;4,5;8;7,2;999,9;31,5;15,9;0,0;999,9;0;0;0;0;0;0
Pilar;873490;2013;11;08;17,6;8;15,5;8;1011,8;8;972,8;8;10,1;8;2,3;8;3,6;999,9;25,2;15,3;3,0;999,9;0;1;0;0;1;0
Pilar;873490;2013;11;09;18,1;8;17,6;8;1006,9;8;967,9;8;3,4;8;1,5;8;2,6;999,9;19,2;15,5;3,0;999,9;0;1;0;0;0;0
Pilar;873490;2013;11;10;17,1;8;15,7;8;1006,0;8;967,0;8;8,7;8;4,4;8;7,7;999,9;19,9;13,6;5,1;999,9;0;1;0;0;1;0
Pilar;873490;2013;11;11;18,3;8;11,1;8;1010,8;8;971,5;8;13,7;8;4,1;8;6,2;999,9;25,0;13,8;4,1;999,9;0;1;0;0;0;0
Pilar;873490;2013;11;12;21,2;8;11,0;8;1010,5;8;971,6;8;20,0;8;3,7;8;6,7;999,9;29,7;11,4;0,0;999,9;0;0;0;0;0;0
Pilar;873490;2013;11;13;22,9;8;12,7;8;1010,6;8;972,2;8;20,0;8;5,8;8;8,8;999,9;30,4;16,2;0,0;999,9;0;0;0;0;0;0
