Presidencia_R_S_Penia_Aero;871480;20130101;24.9;8;18.2;8;1012.0;8;1001.4;8;16.1;8;5.8;8;8.7;999.9;36.8;20.4;19.0;999.9;0;1;0;0;1;0
Presidencia_R_S_Penia_Aero;871480;20130102;20.7;8;13.1;8;1017.9;8;1006.9;8;20.0;8;3.4;8;4.6;999.9;27.2;14.0;0.5;999.9;0;0;0;0;0;0
Presidencia_R_S_Penia_Aero;871480;20130103;23.1;8;15.5;8;1014.4;8;1003.5;8;20.0;8;2.9;8;4.6;999.9;30.8;15.2;0.0;999.9;0;0;0;0;0;0
Presidencia_R_S_Penia_Aero;871480;20130104;27.8;8;21.1;8;1010.0;8;999.4;8;20.0;8;3.9;8;6.7;999.9;34.5;21.3;0.0;999.9;0;0;0;0;0;0
Presidencia_R_S_Penia_Aero;871480;20130105;31.3;8;22.6;8;1005.6;8;995.2;8;18.2;8;6.4;8;13.4;999.9;39.8;25.0;0.0;999.9;0;0;0;0;0;0
Presidencia_R_S_Penia_Aero;871480;20130106;25.3;8;20.6;8;1006.0;8;995.5;8;18.2;8;6.2;8;7.7;999.9;40.0;20.6;2.0;999.9;0;1;0;0;1;0
Presidencia_R_S_Penia_Aero;871480;20130107;26.7;8;23.6;8;1001.8;8;991.2;8;17.7;8;3.8;8;5.7;999.9;32.4;21.7;24.9;999.9;0;1;0;0;1;0
Presidencia_R_S_Penia_Aero;871480;20130108;28.9;8;24.8;8;1005.2;8;994.6;8;18.8;8;3.1;8;5.7;999.9;33.2;22.2;5.1;999.9;0;0;0;0;0;0
Presidencia_R_S_Penia_Aero;871480;20130109;28.2;8;23.0;8;1011.0;8;1000.4;8;20.0;8;4.2;8;7.2;999.9;33.8;23.8;0.0;999.9;0;0;0;0;0;0
Presidencia_R_S_Penia_Aero;871480;20130110;27.9;8;21.7;8;1013.4;8;1002.8;8;18.5;8;3.3;8;5.7;999.9;33.2;20.8;0.0;999.9;0;0;0;0;0;0
Presidencia_R_S_Penia_Aero;871480;20130111;28.2;8;19.6;8;1011.1;8;1000.5;8;20.0;8;3.8;8;5.1;999.9;34.0;22.8;0.0;999.9;0;0;0;0;0;0
Presidencia_R_S_Penia_Aero;871480;20130112;27.3;8;18.2;8;1007.7;8;997.1;8;20.0;8;3.0;8;5.7;999.9;36.0;18.0;0.0;999.9;0;0;0;0;0;0
Presidencia_R_S_Penia_Aero;871480;20130113;28.7;8;19.4;8;1009.9;8;999.2;8;20.0;8;2.4;8;4.6;999.9;36.6;21.0;0.0;999.9;0;0;0;0;0;0
Presidencia_R_S_Penia_Aero;871480;20130114;29.1;8;19.9;8;1010.4;8;999.8;8;20.0;8;3.1;8;5.1;999.9;35.3;21.1;0.0;999.9;0;0;0;0;0;0
Presidencia_R_S_Penia_Aero;871480;20130115;28.6;8;19.8;8;1008.0;8;997.5;8;20.0;8;2.5;8;3.6;999.9;35.0;20.4;0.0;999.9;0;0;0;0;0;0
Presidencia_R_S_Penia_Aero;871480;20130116;29.4;8;19.7;8;1005.1;8;994.6;8;20.0;8;3.0;8;6.2;999.9;36.4;21.1;0.0;999.9;0;0;0;0;0;0
Presidencia_R_S_Penia_Aero;871480;20130117;29.6;8;19.1;8;1007.6;8;997.1;8;20.0;8;2.8;8;5.7;999.9;37.1;21.0;0.0;999.9;0;0;0;0;0;0
Presidencia_R_S_Penia_Aero;871480;20130118;28.7;8;20.1;8;1010.9;8;1000.4;8;20.0;8;4.5;8;6.2;999.9;36.7;22.6;0.0;999.9;0;0;0;0;0;0
Presidencia_R_S_Penia_Aero;871480;20130119;27.8;8;17.9;8;1013.1;8;1002.5;8;20.0;8;4.1;8;6.7;999.9;34.4;20.6;0.0;999.9;0;0;0;0;0;0
Presidencia_R_S_Penia_Aero;871480;20130120;26.6;8;16.7;8;1014.5;8;1003.8;8;20.0;8;3.2;8;5.7;999.9;33.6;17.8;0.0;999.9;0;0;0;0;0;0
Presidencia_R_S_Penia_Aero;871480;20130121;26.3;8;17.1;8;1014.5;8;1003.8;8;20.0;8;3.9;8;5.1;999.9;33.8;19.9;0.0;999.9;0;0;0;0;0;0
Presidencia_R_S_Penia_Aero;871480;20130122;27.9;8;18.3;8;1013.0;8;1002.4;8;20.0;8;2.6;8;3.1;999.9;35.2;19.0;0.0;999.9;0;0;0;0;0;0
Presidencia_R_S_Penia_Aero;871480;20130123;30.6;8;19.7;8;1010.2;8;999.7;8;20.0;8;2.1;8;3.6;999.9;38.1;22.6;0.0;999.9;0;0;0;0;0;0
Presidencia_R_S_Penia_Aero;871480;20130124;33.1;8;19.6;8;1004.1;8;993.7;8;20.0;8;4.7;8;8.7;999.9;41.4;26.6;0.0;999.9;0;0;0;0;1;0
Presidencia_R_S_Penia_Aero;871480;20130125;23.9;8;21.0;8;1008.0;8;997.4;8;16.6;8;4.1;8;7.2;999.9;28.2;18.8;39.1;999.9;0;1;0;0;1;0
Presidencia_R_S_Penia_Aero;871480;20130126;23.2;8;14.9;8;1014.5;8;1003.7;8;20.0;8;3.2;8;5.7;999.9;29.0;17.1;5.1;999.9;0;0;0;0;0;0
Presidencia_R_S_Penia_Aero;871480;20130127;24.4;8;16.3;8;1013.5;8;1002.7;8;20.0;8;2.6;8;3.6;999.9;31.8;17.2;0.0;999.9;0;0;0;0;0;0
Presidencia_R_S_Penia_Aero;871480;20130128;25.8;8;16.7;8;1012.3;8;1001.6;8;20.0;8;2.7;8;4.1;999.9;34.9;17.5;0.0;999.9;0;0;0;0;0;0
Presidencia_R_S_Penia_Aero;871480;20130129;29.4;8;18.5;8;1011.0;8;1000.3;8;20.0;8;3.2;8;4.6;999.9;38.6;20.2;0.0;999.9;0;0;0;0;0;0
Presidencia_R_S_Penia_Aero;871480;20130130;31.3;8;20.8;8;1008.5;8;998.0;8;15.4;8;3.1;8;4.6;999.9;39.6;24.3;0.0;999.9;0;0;0;0;0;0
Presidencia_R_S_Penia_Aero;871480;20130131;32.4;8;20.2;8;1006.0;8;995.7;8;20.0;8;3.3;8;5.1;999.9;39.2;24.2;0.0;999.9;0;0;0;0;0;0
Presidencia_R_S_Penia_Aero;871480;20130201;33.3;8;20.8;8;1004.3;8;994.0;8;17.1;8;3.4;8;5.1;999.9;41.2;24.4;0.0;999.9;0;0;0;0;0;0
Presidencia_R_S_Penia_Aero;871480;20130202;29.0;8;20.6;8;1007.9;8;997.5;8;20.0;8;5.1;8;10.3;999.9;42.0;25.0;1.0;999.9;0;0;0;0;1;0
Presidencia_R_S_Penia_Aero;871480;20130203;26.3;8;20.5;8;1012.7;8;1002.0;8;20.0;8;3.8;8;6.2;999.9;32.8;19.4;0.0;999.9;0;0;0;0;1;0
Presidencia_R_S_Penia_Aero;871480;20130204;26.8;8;17.9;8;1011.2;8;1000.6;8;20.0;8;3.5;8;4.6;999.9;33.8;19.3;0.0;999.9;0;0;0;0;0;0
Presidencia_R_S_Penia_Aero;871480;20130205;27.3;7;15.1;7;1010.7;7;1000.1;7;20.0;7;3.8;7;5.7;999.9;33.4;16.6;0.0;999.9;0;0;0;0;0;0
Presidencia_R_S_Penia_Aero;871480;20130206;26.3;8;14.6;8;1011.5;8;1000.8;8;20.0;8;3.9;8;5.1;999.9;34.1;19.0;0.0;999.9;0;0;0;0;0;0
Presidencia_R_S_Penia_Aero;871480;20130207;25.7;8;15.3;7;1011.4;7;1000.7;7;20.0;8;3.2;8;5.1;999.9;33.6;16.2;0.0;999.9;0;0;0;0;0;0
Presidencia_R_S_Penia_Aero;871480;20130208;28.8;8;18.9;8;1009.0;8;998.4;8;15.0;8;2.7;8;4.1;999.9;35.8;19.9;0.0;999.9;0;0;0;0;0;0
Presidencia_R_S_Penia_Aero;871480;20130209;29.3;7;17.1;7;1007.1;7;996.7;7;18.3;7;2.9;7;4.6;999.9;37.1;21.2;0.0;999.9;0;0;0;0;0;0
Presidencia_R_S_Penia_Aero;871480;20130210;28.1;8;20.2;8;1005.1;8;994.6;8;20.0;8;3.0;8;5.1;999.9;37.7;22.8;999.9;999.9;0;1;0;0;1;0
Presidencia_R_S_Penia_Aero;871480;20130211;24.2;8;20.1;8;1008.3;8;997.6;8;18.0;8;3.8;8;6.7;999.9;38.0;20.4;11.9;999.9;0;1;0;0;0;0
Presidencia_R_S_Penia_Aero;871480;20130212;27.9;8;20.6;8;1005.4;8;994.8;8;20.0;8;2.5;8;4.1;999.9;35.6;20.4;0.0;999.9;0;0;0;0;0;0
Presidencia_R_S_Penia_Aero;871480;20130213;30.3;8;21.4;8;1004.7;8;994.2;8;20.0;8;3.0;8;4.6;999.9;37.4;23.0;0.0;999.9;0;0;0;0;0;0
Presidencia_R_S_Penia_Aero;871480;20130214;28.3;8;22.2;8;1006.8;8;996.3;8;18.0;8;4.4;8;9.3;999.9;37.9;24.8;0.0;999.9;0;0;0;0;0;0
Presidencia_R_S_Penia_Aero;871480;20130215;28.1;8;21.6;8;1008.8;8;998.1;8;20.0;8;2.2;8;4.1;999.9;35.6;21.1;0.0;999.9;0;0;0;0;0;0
Presidencia_R_S_Penia_Aero;871480;20130216;31.5;8;21.8;8;1004.3;8;993.9;8;20.0;8;3.4;8;5.7;999.9;39.0;23.9;0.0;999.9;0;0;0;0;0;0
Presidencia_R_S_Penia_Aero;871480;20130217;33.0;8;21.8;8;1001.8;8;991.5;8;18.8;8;5.9;8;9.8;999.9;40.9;27.9;0.0;999.9;0;0;0;0;0;0
Presidencia_R_S_Penia_Aero;871480;20130218;24.6;8;21.7;8;1008.8;8;998.2;8;18.0;8;4.8;8;7.7;999.9;27.8;22.2;37.1;999.9;0;1;0;0;1;0
Presidencia_R_S_Penia_Aero;871480;20130219;22.1;8;21.7;8;1011.7;8;1000.8;8;10.9;8;3.8;8;5.7;999.9;24.3;21.0;37.1;999.9;0;1;0;0;1;0
Presidencia_R_S_Penia_Aero;871480;20130220;21.8;8;20.6;8;1011.7;8;1000.9;8;9.2;8;3.7;8;5.7;999.9;24.0;19.3;23.1;999.9;0;1;0;0;0;0
Presidencia_R_S_Penia_Aero;871480;20130221;21.8;8;19.7;8;1013.8;8;1003.0;8;17.9;8;3.8;8;5.7;999.9;24.9;19.3;0.0;999.9;0;1;0;0;0;0
Presidencia_R_S_Penia_Aero;871480;20130222;24.4;8;19.9;8;1014.4;8;1003.6;8;18.2;8;2.6;8;3.6;999.9;31.3;18.8;0.0;999.9;0;0;0;0;0;0
Presidencia_R_S_Penia_Aero;871480;20130223;27.5;8;21.4;8;1009.9;8;999.3;8;20.0;8;2.8;8;4.6;999.9;36.0;20.1;0.0;999.9;0;0;0;0;0;0
Presidencia_R_S_Penia_Aero;871480;20130224;30.8;8;21.7;8;1004.7;8;994.3;8;20.0;8;4.6;8;7.7;999.9;37.3;24.1;0.0;999.9;0;0;0;0;0;0
Presidencia_R_S_Penia_Aero;871480;20130225;25.4;8;21.7;8;1009.3;8;998.7;8;16.3;8;4.5;8;6.7;999.9;38.0;21.5;19.0;999.9;0;1;0;0;1;0
Presidencia_R_S_Penia_Aero;871480;20130226;22.7;8;16.1;8;1014.6;8;1003.8;8;20.0;8;3.3;8;4.6;999.9;27.4;16.4;0.5;999.9;0;0;0;0;0;0
Presidencia_R_S_Penia_Aero;871480;20130227;22.7;8;15.2;8;1015.1;8;1004.3;8;20.0;8;2.8;8;4.6;999.9;29.0;15.8;0.0;999.9;0;0;0;0;0;0
Presidencia_R_S_Penia_Aero;871480;20130228;23.8;8;15.3;8;1011.9;8;1001.1;8;20.0;8;2.8;8;5.1;999.9;32.5;15.1;0.0;999.9;0;0;0;0;0;0
Presidencia_R_S_Penia_Aero;871480;20130301;28.1;8;18.7;8;1005.5;8;994.9;8;12.4;8;5.2;8;8.2;999.9;37.3;19.9;0.0;999.9;0;0;0;0;0;0
Presidencia_R_S_Penia_Aero;871480;20130302;30.8;8;22.5;8;1003.5;8;993.0;8;20.0;8;5.5;8;8.2;999.9;37.9;25.3;0.0;999.9;0;0;0;0;0;0
Presidencia_R_S_Penia_Aero;871480;20130303;20.9;8;17.9;8;1013.4;8;1002.6;8;20.0;8;5.1;8;6.2;999.9;37.2;16.7;1.0;999.9;0;1;0;0;1;0
Presidencia_R_S_Penia_Aero;871480;20130304;18.7;8;16.7;8;1016.7;8;1005.7;8;20.0;8;2.7;8;4.6;999.9;21.2;15.8;0.5;999.9;0;0;0;0;0;0
Presidencia_R_S_Penia_Aero;871480;20130305;21.1;8;16.0;8;1014.6;8;1003.6;8;20.0;8;2.7;8;4.6;999.9;27.0;14.6;0.0;999.9;0;0;0;0;0;0
Presidencia_R_S_Penia_Aero;871480;20130306;22.5;8;16.0;8;1009.1;8;998.3;8;18.2;8;2.6;8;4.1;999.9;30.9;15.0;0.0;999.9;0;0;0;0;0;0
Presidencia_R_S_Penia_Aero;871480;20130307;26.5;8;20.6;8;1008.3;8;997.8;8;17.2;8;3.8;8;5.7;999.9;33.1;18.9;0.0;999.9;0;0;0;0;0;0
Presidencia_R_S_Penia_Aero;871480;20130308;31.2;8;23.8;8;1007.1;8;996.6;8;20.0;8;3.7;8;7.2;999.9;38.9;22.6;0.0;999.9;0;0;0;0;0;0
Presidencia_R_S_Penia_Aero;871480;20130309;28.3;8;23.0;8;1006.6;8;996.1;8;20.0;8;5.4;8;9.3;999.9;39.5;22.9;0.0;999.9;0;0;0;0;1;0
Presidencia_R_S_Penia_Aero;871480;20130310;25.3;8;21.1;8;1006.4;8;995.9;8;17.7;8;5.1;8;10.3;999.9;37.3;22.2;999.9;999.9;0;1;0;0;1;0
Presidencia_R_S_Penia_Aero;871480;20130311;22.5;7;20.2;7;1006.6;7;995.8;7;18.3;7;1.9;7;2.6;999.9;31.4;18.5;14.0;999.9;0;1;0;0;0;0
Presidencia_R_S_Penia_Aero;871480;20130312;25.1;8;22.4;8;1004.6;8;994.0;8;20.0;8;4.3;8;9.3;999.9;32.0;21.2;0.0;999.9;0;1;0;0;1;0
Presidencia_R_S_Penia_Aero;871480;20130313;22.4;8;18.8;8;1010.9;8;1000.0;8;20.0;8;3.6;8;6.7;999.9;27.0;17.6;24.9;999.9;0;0;0;0;0;0
Presidencia_R_S_Penia_Aero;871480;20130314;21.6;8;16.8;8;1014.2;8;1003.5;8;20.0;8;3.9;8;5.7;999.9;27.9;16.4;0.0;999.9;0;0;0;0;0;0
Presidencia_R_S_Penia_Aero;871480;20130315;20.6;7;15.8;6;1016.9;6;1006.2;6;20.0;7;4.6;7;6.2;999.9;26.8;15.2;0.0;999.9;0;0;0;0;0;0
Presidencia_R_S_Penia_Aero;871480;20130316;20.8;8;15.3;8;1019.5;8;1008.7;8;20.0;8;5.0;8;7.2;999.9;26.7;15.5;0.0;999.9;0;0;0;0;0;0
Presidencia_R_S_Penia_Aero;871480;20130317;21.1;8;14.7;8;1019.0;8;1008.3;8;20.0;8;4.6;8;7.2;999.9;27.2;17.8;0.0;999.9;0;0;0;0;0;0
Presidencia_R_S_Penia_Aero;871480;20130318;19.4;7;14.1;7;1017.4;7;1006.6;7;20.0;7;5.5;7;8.7;999.9;25.4;15.6;0.0;999.9;0;0;0;0;0;0
Presidencia_R_S_Penia_Aero;871480;20130319;18.7;8;16.8;8;1014.0;8;1003.2;8;15.9;8;3.6;8;5.7;999.9;22.4;16.7;2.0;999.9;0;1;0;0;1;0
Presidencia_R_S_Penia_Aero;871480;20130320;19.2;8;17.3;8;1010.5;8;999.7;8;20.0;8;3.3;8;4.6;999.9;23.2;16.7;8.9;999.9;0;0;0;0;0;0
Presidencia_R_S_Penia_Aero;871480;20130321;19.0;8;14.6;8;1011.8;8;1000.9;8;14.2;8;1.6;8;3.1;999.9;27.0;11.1;0.0;999.9;1;0;0;0;0;0
Presidencia_R_S_Penia_Aero;871480;20130322;20.5;7;17.0;7;1015.1;7;1004.4;7;13.2;7;1.8;7;4.6;999.9;28.6;14.4;0.0;999.9;1;0;0;0;0;0
Presidencia_R_S_Penia_Aero;871480;20130323;22.5;8;16.9;8;1014.6;8;1003.9;8;20.0;8;3.0;8;6.7;999.9;29.2;17.2;0.0;999.9;0;0;0;0;0;0
Presidencia_R_S_Penia_Aero;871480;20130324;22.9;8;15.9;8;1011.0;8;1000.3;8;20.0;8;2.0;8;3.1;999.9;29.8;14.7;0.0;999.9;0;0;0;0;0;0
Presidencia_R_S_Penia_Aero;871480;20130325;22.3;7;17.3;7;1009.7;7;999.1;7;20.0;7;2.2;7;3.6;999.9;30.6;17.0;0.0;999.9;0;0;0;0;0;0
Presidencia_R_S_Penia_Aero;871480;20130326;22.8;7;16.6;7;1016.2;7;1005.6;7;20.0;7;2.9;7;4.1;999.9;30.4;16.0;0.0;999.9;0;0;0;0;0;0
Presidencia_R_S_Penia_Aero;871480;20130327;21.2;8;12.9;8;1017.7;8;1007.0;8;17.5;8;2.3;8;4.1;999.9;29.9;10.6;0.0;999.9;0;0;0;0;0;0
Presidencia_R_S_Penia_Aero;871480;20130328;20.2;8;12.7;8;1017.7;8;1006.9;8;20.0;8;2.8;8;5.1;999.9;29.0;10.0;0.0;999.9;0;0;0;0;0;0
Presidencia_R_S_Penia_Aero;871480;20130329;20.6;7;14.8;7;1015.8;7;1005.0;7;20.0;7;2.0;7;3.1;999.9;30.2;11.4;0.0;999.9;0;0;0;0;0;0
Presidencia_R_S_Penia_Aero;871480;20130330;24.8;8;15.6;8;1012.4;8;1001.8;8;20.0;8;3.1;8;6.7;999.9;33.4;16.1;0.0;999.9;0;0;0;0;0;0
Presidencia_R_S_Penia_Aero;871480;20130331;26.2;8;16.6;8;1010.0;7;999.4;8;20.0;8;3.3;8;5.7;999.9;35.3;17.8;0.0;999.9;0;0;0;0;0;0
Presidencia_R_S_Penia_Aero;871480;20130401;26.8;7;20.9;6;1008.7;7;998.2;7;20.0;7;4.7;7;7.2;999.9;35.6;22.2;1.0;999.9;0;0;0;0;0;0
Presidencia_R_S_Penia_Aero;871480;20130402;23.0;8;20.6;8;1010.7;7;1000.1;7;20.0;8;3.9;8;4.6;999.9;31.6;21.0;0.0;999.9;0;0;0;0;0;0
Presidencia_R_S_Penia_Aero;871480;20130403;21.6;8;18.9;8;1014.2;8;1003.5;8;18.0;8;5.3;8;7.2;999.9;25.5;19.1;1.0;999.9;0;1;0;0;0;0
Presidencia_R_S_Penia_Aero;871480;20130404;19.3;8;17.3;8;1012.4;7;1000.1;7;14.0;8;3.6;8;5.1;999.9;22.7;15.5;9.9;999.9;0;1;0;0;1;0
Presidencia_R_S_Penia_Aero;871480;20130405;20.7;8;16.6;8;1012.6;8;999.2;8;16.6;8;2.3;8;3.6;999.9;28.0;14.0;11.9;999.9;1;0;0;0;0;0
Presidencia_R_S_Penia_Aero;871480;20130406;21.3;8;17.9;8;1011.9;8;998.6;8;18.5;8;2.2;8;3.1;999.9;28.6;15.4;0.0;999.9;0;0;0;0;0;0
Presidencia_R_S_Penia_Aero;871480;20130407;21.3;8;17.2;8;1016.4;8;1003.1;8;18.2;8;2.9;8;5.7;999.9;27.5;15.4;0.0;999.9;0;0;0;0;0;0
Presidencia_R_S_Penia_Aero;871480;20130408;21.0;8;14.3;8;1018.4;8;1005.0;8;20.0;8;3.4;8;4.6;999.9;27.8;14.8;0.0;999.9;0;0;0;0;0;0
Presidencia_R_S_Penia_Aero;871480;20130409;21.3;8;13.2;8;1014.9;8;1003.8;8;20.0;8;2.6;8;4.1;999.9;29.9;12.7;0.0;999.9;0;0;0;0;0;0
Presidencia_R_S_Penia_Aero;871480;20130410;24.3;8;18.3;8;1009.4;8;998.7;8;20.0;8;2.9;8;4.6;999.9;32.1;18.2;0.0;999.9;0;0;0;0;0;0
Presidencia_R_S_Penia_Aero;871480;20130411;28.3;8;22.2;8;1003.6;8;993.2;8;20.0;8;5.1;8;8.7;999.9;34.1;21.2;0.0;999.9;0;0;0;0;0;0
Presidencia_R_S_Penia_Aero;871480;20130412;20.4;8;18.1;8;1010.0;8;999.3;8;18.5;8;5.8;8;8.2;999.9;35.1;18.2;0.8;999.9;0;1;0;0;0;0
Presidencia_R_S_Penia_Aero;871480;20130413;18.1;8;12.8;8;1018.7;8;1007.8;8;20.0;8;3.5;8;5.1;999.9;23.8;12.5;4.1;999.9;0;0;0;0;0;0
Presidencia_R_S_Penia_Aero;871480;20130414;18.0;8;9.6;8;1017.9;8;1007.0;8;20.0;8;2.5;8;3.6;999.9;27.2;8.8;0.0;999.9;0;0;0;0;0;0
Presidencia_R_S_Penia_Aero;871480;20130415;18.6;8;10.2;8;1017.9;8;1007.0;8;20.0;8;1.8;8;3.1;999.9;29.4;9.0;0.0;999.9;0;0;0;0;0;0
Presidencia_R_S_Penia_Aero;871480;20130416;20.4;8;12.4;8;1017.0;8;1006.1;8;20.0;8;1.8;8;3.1;999.9;30.2;10.7;0.0;999.9;0;0;0;0;0;0
Presidencia_R_S_Penia_Aero;871480;20130417;20.2;8;13.2;8;1017.0;8;1006.2;8;16.7;8;1.9;8;3.6;999.9;30.3;10.8;0.0;999.9;0;0;0;0;0;0
Presidencia_R_S_Penia_Aero;871480;20130418;19.2;8;11.8;8;1016.4;8;1005.5;8;15.0;8;1.6;8;3.1;999.9;30.1;8.6;0.0;999.9;0;0;0;0;0;0
Presidencia_R_S_Penia_Aero;871480;20130419;19.3;8;11.1;8;1016.4;8;1005.5;8;18.5;8;1.9;8;2.6;999.9;29.4;9.1;0.0;999.9;0;0;0;0;0;0
Presidencia_R_S_Penia_Aero;871480;20130420;21.0;8;13.3;8;1016.5;8;1005.7;8;17.2;8;2.3;8;3.6;999.9;30.7;11.6;0.0;999.9;0;0;0;0;0;0
Presidencia_R_S_Penia_Aero;871480;20130421;21.6;8;14.7;8;1016.3;8;1005.5;8;15.3;8;2.1;8;4.6;999.9;31.2;12.0;0.0;999.9;0;0;0;0;0;0
Presidencia_R_S_Penia_Aero;871480;20130422;22.2;8;15.8;8;1016.9;8;1006.1;8;16.4;8;2.5;8;5.1;999.9;31.5;13.6;0.0;999.9;0;0;0;0;0;0
Presidencia_R_S_Penia_Aero;871480;20130423;21.9;8;15.5;8;1017.7;8;1007.0;8;16.4;8;2.0;8;3.1;999.9;31.5;12.6;0.0;999.9;1;0;0;0;0;0
Presidencia_R_S_Penia_Aero;871480;20130424;23.4;7;15.2;7;1016.5;7;1005.7;7;15.9;7;2.9;7;4.6;999.9;31.8;13.6;0.0;999.9;0;0;0;0;0;0
Presidencia_R_S_Penia_Aero;871480;20130425;22.7;8;14.1;8;1013.9;8;1003.3;8;20.0;8;3.0;8;5.1;999.9;32.0;14.8;0.0;999.9;0;0;0;0;0;0
Presidencia_R_S_Penia_Aero;871480;20130426;23.3;8;15.3;8;1012.0;8;1001.3;8;20.0;8;3.6;8;6.7;999.9;32.8;14.0;0.0;999.9;0;0;0;0;0;0
Presidencia_R_S_Penia_Aero;871480;20130427;27.7;8;18.9;8;1008.5;8;998.0;8;20.0;8;5.1;8;7.7;999.9;34.1;20.1;0.0;999.9;0;0;0;0;0;0
Presidencia_R_S_Penia_Aero;871480;20130428;26.4;8;20.2;8;1009.6;8;999.1;8;17.9;8;3.9;8;5.7;999.9;34.2;23.1;2.0;999.9;0;1;0;0;0;0
Presidencia_R_S_Penia_Aero;871480;20130429;23.5;8;21.8;8;1011.0;8;1000.5;8;15.6;8;3.2;8;4.6;999.9;32.1;21.6;7.1;999.9;0;1;0;0;0;0
Presidencia_R_S_Penia_Aero;871480;20130430;24.3;8;22.3;8;1010.9;8;1000.2;8;20.0;8;4.2;8;7.2;999.9;27.8;21.6;0.0;999.9;0;0;0;0;1;0
Presidencia_R_S_Penia_Aero;871480;20130501;27.1;8;21.6;8;1008.9;8;998.4;8;20.0;8;4.4;8;8.2;999.9;35.6;22.0;0.0;999.9;0;0;0;0;0;0
Presidencia_R_S_Penia_Aero;871480;20130502;29.2;8;19.8;8;1006.5;8;996.1;8;20.0;8;5.7;8;9.3;999.9;36.0;23.3;0.0;999.9;0;0;0;0;0;0
Presidencia_R_S_Penia_Aero;871480;20130503;28.8;8;21.0;8;1005.8;8;995.4;8;20.0;8;6.3;8;7.7;999.9;35.9;23.4;0.0;999.9;0;0;0;0;0;0
Presidencia_R_S_Penia_Aero;871480;20130504;22.7;8;17.6;8;1012.1;8;1001.5;8;20.0;8;4.5;8;5.7;999.9;32.8;19.0;0.0;999.9;0;0;0;0;0;0
Presidencia_R_S_Penia_Aero;871480;20130505;19.1;8;14.3;8;1018.8;8;1007.9;8;17.5;8;3.3;8;5.1;999.9;27.4;12.5;0.0;999.9;1;0;0;0;0;0
Presidencia_R_S_Penia_Aero;871480;20130506;17.6;8;10.8;8;1017.8;8;1006.8;8;16.6;8;2.1;8;4.1;999.9;27.8;9.0;0.0;999.9;0;0;0;0;0;0
Presidencia_R_S_Penia_Aero;871480;20130507;17.8;8;9.3;8;1022.1;8;1011.1;8;18.2;8;2.5;8;4.6;999.9;29.0;10.2;0.0;999.9;0;0;0;0;0;0
Presidencia_R_S_Penia_Aero;871480;20130508;17.0;8;9.2;8;1017.2;8;1006.2;8;18.8;8;4.2;8;6.7;999.9;26.8;9.2;0.0;999.9;0;0;0;0;0;0
Presidencia_R_S_Penia_Aero;871480;20130509;19.4;8;10.4;8;1013.6;8;1002.8;8;20.0;8;4.6;8;7.7;999.9;29.1;11.0;0.0;999.9;0;0;0;0;0;0
Presidencia_R_S_Penia_Aero;871480;20130510;23.1;8;14.2;8;1009.8;8;999.2;8;20.0;8;5.6;8;9.3;999.9;31.5;14.5;0.0;999.9;0;0;0;0;0;0
Presidencia_R_S_Penia_Aero;871480;20130511;26.0;8;17.9;8;1009.8;8;999.3;8;20.0;8;4.7;8;7.2;999.9;32.3;19.4;0.0;999.9;0;0;0;0;0;0
Presidencia_R_S_Penia_Aero;871480;20130512;22.2;8;20.4;8;1010.7;8;1000.1;8;16.6;8;3.3;8;5.1;999.9;32.6;21.1;0.0;999.9;0;1;0;0;0;0
Presidencia_R_S_Penia_Aero;871480;20130513;21.3;8;19.7;8;1011.8;8;1001.1;8;15.6;8;2.1;8;2.6;999.9;23.4;19.9;0.0;999.9;0;1;0;0;0;0
Presidencia_R_S_Penia_Aero;871480;20130514;21.2;8;19.2;8;1011.0;8;1000.2;8;10.9;8;2.1;8;4.1;999.9;25.8;17.4;0.0;999.9;1;0;0;0;0;0
Presidencia_R_S_Penia_Aero;871480;20130515;18.4;8;16.9;8;1012.0;8;1001.2;8;14.5;8;5.3;8;9.3;999.9;26.3;13.2;0.0;999.9;0;1;0;0;0;0
Presidencia_R_S_Penia_Aero;871480;20130516;12.2;8;1.8;8;1024.8;8;1013.6;8;20.0;8;5.1;8;7.2;999.9;20.7;8.4;2.0;999.9;0;0;0;0;0;0
Presidencia_R_S_Penia_Aero;871480;20130517;11.8;8;2.9;8;1023.7;8;1012.5;8;18.5;8;2.5;8;3.6;999.9;17.0;5.9;0.0;999.9;0;0;0;0;0;0
Presidencia_R_S_Penia_Aero;871480;20130518;12.3;8;9.8;8;1020.1;8;1009.0;8;13.8;8;3.0;8;4.1;999.9;18.0;9.6;34.0;999.9;0;1;0;0;1;0
Presidencia_R_S_Penia_Aero;871480;20130519;13.7;8;12.6;8;1020.2;8;1009.1;8;9.8;8;3.2;8;4.6;999.9;16.5;10.4;0.0;999.9;1;1;0;0;0;0
Presidencia_R_S_Penia_Aero;871480;20130520;13.6;8;12.1;8;1020.5;8;1009.4;8;15.9;8;2.2;8;3.1;999.9;17.2;11.8;0.5;999.9;0;1;0;0;0;0
Presidencia_R_S_Penia_Aero;871480;20130521;14.3;8;13.1;8;1016.5;8;1005.4;8;18.2;8;1.6;8;2.6;999.9;17.0;10.3;0.0;999.9;0;1;0;0;0;0
Presidencia_R_S_Penia_Aero;871480;20130522;16.1;8;13.7;8;1018.4;8;1007.3;8;20.0;8;3.1;8;4.6;999.9;17.8;13.6;0.0;999.9;0;0;0;0;0;0
Presidencia_R_S_Penia_Aero;871480;20130523;14.5;8;11.0;8;1019.1;8;1008.1;8;18.5;8;2.8;8;3.6;999.9;18.5;10.2;0.0;999.9;0;0;0;0;0;0
Presidencia_R_S_Penia_Aero;871480;20130524;11.1;8;8.4;8;1020.8;8;1009.6;8;11.6;8;1.8;8;2.6;999.9;19.2;4.6;0.0;999.9;1;0;0;0;0;0
Presidencia_R_S_Penia_Aero;871480;20130525;12.4;8;9.4;8;1019.8;8;1008.7;8;13.0;8;1.8;8;3.6;999.9;20.9;4.2;0.0;999.9;1;0;0;0;0;0
Presidencia_R_S_Penia_Aero;871480;20130526;15.4;8;12.1;8;1013.6;8;1002.6;8;15.6;8;2.0;8;4.6;999.9;25.0;7.0;0.0;999.9;1;0;0;0;0;0
Presidencia_R_S_Penia_Aero;871480;20130527;18.9;8;15.4;8;1009.4;8;998.6;8;12.7;8;2.4;8;5.1;999.9;27.5;8.8;0.0;999.9;1;0;0;0;0;0
Presidencia_R_S_Penia_Aero;871480;20130528;22.7;8;18.9;8;999.7;8;989.2;8;15.4;8;3.0;8;4.6;999.9;30.2;14.0;0.0;999.9;1;0;0;0;0;0
Presidencia_R_S_Penia_Aero;871480;20130529;20.6;8;15.6;8;1003.2;8;992.6;8;15.9;8;4.3;8;7.7;999.9;30.9;17.1;0.0;999.9;0;0;0;0;0;0
Presidencia_R_S_Penia_Aero;871480;20130530;13.7;8;5.6;8;1016.8;8;1005.8;8;18.5;8;2.1;8;3.6;999.9;24.7;4.0;0.0;999.9;0;0;0;0;0;0
Presidencia_R_S_Penia_Aero;871480;20130531;16.9;8;6.4;8;1010.9;8;1000.0;8;20.0;8;3.8;8;7.7;999.9;25.4;8.0;0.0;999.9;0;0;0;0;0;0
Presidencia_R_S_Penia_Aero;871480;20130601;18.7;8;13.3;8;1009.4;8;998.6;8;17.9;8;2.0;8;4.1;999.9;27.0;10.2;0.0;999.9;0;0;0;0;0;0
Presidencia_R_S_Penia_Aero;871480;20130602;18.1;8;12.6;8;1015.5;8;1004.7;8;16.7;8;2.5;8;4.6;999.9;27.6;8.6;0.0;999.9;0;0;0;0;0;0
Presidencia_R_S_Penia_Aero;871480;20130603;16.3;8;10.6;8;1020.2;8;1009.2;8;18.0;8;2.2;8;4.6;999.9;25.4;6.2;0.0;999.9;0;0;0;0;0;0
Presidencia_R_S_Penia_Aero;871480;20130604;15.2;8;7.7;8;1017.9;8;1006.8;8;19.0;8;1.9;8;4.1;999.9;26.7;5.2;0.0;999.9;0;0;0;0;0;0
Presidencia_R_S_Penia_Aero;871480;20130605;18.9;8;12.7;8;1013.6;8;1002.7;8;20.0;8;3.9;8;7.7;999.9;29.2;10.0;0.0;999.9;0;0;0;0;0;0
Presidencia_R_S_Penia_Aero;871480;20130606;18.9;8;12.2;8;1017.0;8;1006.2;8;20.0;8;3.4;8;7.2;999.9;29.3;14.0;0.0;999.9;0;0;0;0;0;0
Presidencia_R_S_Penia_Aero;871480;20130607;18.2;8;11.1;8;1016.7;8;1005.7;8;16.6;8;3.2;8;5.7;999.9;28.4;10.8;0.0;999.9;0;0;0;0;0;0
Presidencia_R_S_Penia_Aero;871480;20130608;21.6;8;15.8;8;1019.3;8;1008.5;8;20.0;8;2.6;8;4.1;999.9;29.0;13.3;0.0;999.9;0;0;0;0;0;0
Presidencia_R_S_Penia_Aero;871480;20130609;20.3;8;17.1;8;1014.8;8;1004.1;8;20.0;8;4.1;8;7.2;999.9;28.4;16.9;3.0;999.9;0;1;0;0;1;0
Presidencia_R_S_Penia_Aero;871480;20130610;19.1;8;16.1;8;1016.5;8;1005.6;8;17.5;8;2.4;8;3.6;999.9;25.5;14.4;0.0;999.9;1;0;0;0;1;0
Presidencia_R_S_Penia_Aero;871480;20130611;20.3;8;17.1;8;1018.0;8;1007.1;8;13.7;8;2.2;8;3.1;999.9;27.2;15.2;0.0;999.9;1;0;0;0;0;0
Presidencia_R_S_Penia_Aero;871480;20130612;21.1;8;16.9;8;1017.6;8;1006.8;8;15.3;8;2.6;8;5.1;999.9;28.6;15.1;0.0;999.9;1;0;0;0;0;0
Presidencia_R_S_Penia_Aero;871480;20130613;21.8;8;17.1;8;1016.1;8;1005.3;8;19.3;8;2.7;8;5.1;999.9;29.2;16.5;0.0;999.9;0;0;0;0;0;0
Presidencia_R_S_Penia_Aero;871480;20130614;19.2;8;17.7;8;1014.8;8;1004.0;8;11.9;8;4.0;8;7.2;999.9;29.5;15.0;17.0;999.9;0;1;0;0;1;0
Presidencia_R_S_Penia_Aero;871480;20130615;15.2;8;14.5;8;1016.7;8;1005.7;8;18.5;8;3.3;8;4.6;999.9;22.7;13.1;23.9;999.9;0;1;0;0;0;0
Presidencia_R_S_Penia_Aero;871480;20130616;16.3;8;15.2;8;1013.0;8;1002.1;8;11.7;8;2.9;8;6.2;999.9;19.0;13.7;0.0;999.9;0;0;0;0;0;0
Presidencia_R_S_Penia_Aero;871480;20130617;15.7;8;14.4;8;1017.1;8;1006.1;8;18.2;8;2.5;8;4.1;999.9;19.7;14.3;0.0;999.9;0;1;0;0;0;0
Presidencia_R_S_Penia_Aero;871480;20130618;14.8;8;14.5;8;1013.6;8;1002.6;8;10.8;8;3.1;8;5.1;999.9;16.8;13.5;0.0;999.9;0;1;0;0;0;0
Presidencia_R_S_Penia_Aero;871480;20130619;14.5;8;12.8;8;1018.0;8;1007.0;8;15.9;8;5.1;8;6.7;999.9;16.2;13.4;3.0;999.9;0;1;0;0;0;0
Presidencia_R_S_Penia_Aero;871480;20130620;9.9;8;6.4;8;1019.6;8;1008.4;8;16.4;8;5.4;8;6.2;999.9;14.0;7.5;0.0;999.9;0;1;0;0;0;0
Presidencia_R_S_Penia_Aero;871480;20130621;9.7;7;7.3;7;1015.9;7;1004.7;7;13.2;7;4.6;7;5.7;999.9;15.5;7.3;6.1;999.9;0;1;0;0;0;0
Presidencia_R_S_Penia_Aero;871480;20130622;10.8;8;8.4;8;1014.3;8;1003.1;8;16.3;8;3.4;8;4.6;999.9;17.7;5.6;0.0;999.9;0;0;0;0;0;0
Presidencia_R_S_Penia_Aero;871480;20130623;11.2;8;9.5;8;1018.1;8;1007.0;8;20.0;8;2.9;8;4.1;999.9;18.6;7.2;0.0;999.9;0;0;0;0;0;0
Presidencia_R_S_Penia_Aero;871480;20130624;13.2;8;10.4;8;1017.5;8;1006.4;8;20.0;8;4.1;8;7.2;999.9;17.3;9.0;0.0;999.9;0;1;0;0;0;0
Presidencia_R_S_Penia_Aero;871480;20130625;11.6;8;8.8;8;1017.6;8;1006.4;8;18.2;8;2.2;8;3.6;999.9;17.8;5.3;0.0;999.9;0;0;0;0;0;0
Presidencia_R_S_Penia_Aero;871480;20130626;9.9;8;6.9;8;1018.2;8;1007.0;8;13.7;8;1.4;8;2.6;999.9;18.2;2.4;0.0;999.9;1;0;0;0;0;0
Presidencia_R_S_Penia_Aero;871480;20130627;11.0;8;8.0;8;1016.5;8;1005.3;8;15.8;8;2.3;8;5.1;999.9;19.4;3.6;0.0;999.9;1;0;0;0;0;0
Presidencia_R_S_Penia_Aero;871480;20130628;16.3;8;15.8;8;1008.4;8;997.4;8;13.5;8;3.1;8;4.6;999.9;20.0;7.4;0.0;999.9;0;1;0;0;0;0
Presidencia_R_S_Penia_Aero;871480;20130629;16.4;8;14.8;8;1012.6;8;1001.7;8;8.9;8;3.5;8;4.1;999.9;20.4;13.5;0.5;999.9;1;0;0;0;0;0
Presidencia_R_S_Penia_Aero;871480;20130630;13.4;8;9.6;8;1017.1;8;1006.0;8;16.3;8;2.4;8;4.1;999.9;20.7;5.3;0.0;999.9;1;0;0;0;0;0
Presidencia_R_S_Penia_Aero;871480;20130701;12.9;8;4.8;8;1021.2;8;1010.1;8;20.0;8;2.8;8;4.1;999.9;22.1;2.6;0.0;999.9;0;0;0;0;0;0
Presidencia_R_S_Penia_Aero;871480;20130702;11.8;8;5.5;8;1018.0;8;1006.9;8;20.0;8;2.5;8;5.7;999.9;23.6;1.7;0.0;999.9;0;0;0;0;0;0
Presidencia_R_S_Penia_Aero;871480;20130703;17.9;8;14.7;8;1011.0;8;1000.1;8;20.0;8;4.6;8;6.7;999.9;24.5;1.7;0.0;999.9;0;0;0;0;0;0
Presidencia_R_S_Penia_Aero;871480;20130704;22.3;8;19.5;8;1009.3;8;998.6;8;16.4;8;3.2;8;5.1;999.9;26.4;15.8;0.0;999.9;0;1;0;0;0;0
Presidencia_R_S_Penia_Aero;871480;20130705;22.3;8;19.6;8;1010.7;8;999.9;8;15.4;8;3.6;8;8.7;999.9;29.4;16.6;0.0;999.9;1;1;0;0;0;0
Presidencia_R_S_Penia_Aero;871480;20130706;23.2;8;19.9;8;1009.9;8;999.3;8;17.7;8;4.0;8;7.7;999.9;30.1;19.0;0.0;999.9;0;0;0;0;0;0
Presidencia_R_S_Penia_Aero;871480;20130707;13.7;8;13.5;8;1017.9;8;1006.9;8;3.4;8;5.8;8;6.7;999.9;29.3;11.7;4.1;999.9;0;1;0;0;0;0
Presidencia_R_S_Penia_Aero;871480;20130708;12.1;8;10.1;8;1025.0;8;1013.8;8;20.0;8;3.5;8;4.1;999.9;14.1;10.3;5.1;999.9;0;1;0;0;0;0
Presidencia_R_S_Penia_Aero;871480;20130709;13.8;8;12.8;8;1019.3;8;1008.1;8;16.1;8;2.0;8;5.1;999.9;16.2;10.4;0.0;999.9;0;1;0;0;0;0
Presidencia_R_S_Penia_Aero;871480;20130710;19.9;8;17.1;8;1014.9;8;1004.0;8;12.6;8;3.3;8;6.2;999.9;27.2;12.6;0.0;999.9;1;1;0;0;0;0
Presidencia_R_S_Penia_Aero;871480;20130711;22.9;8;16.9;8;1011.6;8;1000.9;8;20.0;8;4.9;8;8.2;999.9;29.7;16.8;0.0;999.9;0;0;0;0;0;0
Presidencia_R_S_Penia_Aero;871480;20130712;19.1;8;17.2;8;1015.6;8;1004.9;8;13.7;8;4.3;8;6.7;999.9;30.2;16.0;0.0;999.9;0;1;0;0;0;0
Presidencia_R_S_Penia_Aero;871480;20130713;16.3;8;16.2;8;1016.3;8;1005.3;8;9.5;8;2.2;8;3.6;999.9;17.8;15.0;0.0;999.9;0;1;0;0;0;0
Presidencia_R_S_Penia_Aero;871480;20130714;17.6;8;16.9;8;1016.7;8;1005.8;8;15.9;8;2.2;8;6.2;999.9;18.3;15.6;0.0;999.9;1;1;0;0;0;0
Presidencia_R_S_Penia_Aero;871480;20130715;16.8;8;13.7;8;1021.1;8;1010.1;8;18.2;8;2.3;8;3.1;999.9;21.2;11.7;0.0;999.9;0;1;0;0;0;0
Presidencia_R_S_Penia_Aero;871480;20130716;15.3;8;10.5;8;1019.2;8;1008.2;8;20.0;8;2.2;8;3.1;999.9;24.0;8.6;0.0;999.9;0;0;0;0;0;0
Presidencia_R_S_Penia_Aero;871480;20130717;19.9;8;14.9;8;1013.1;8;1002.2;8;20.0;8;3.4;8;7.2;999.9;27.7;11.2;0.0;999.9;0;0;0;0;0;0
Presidencia_R_S_Penia_Aero;871480;20130718;20.5;8;15.9;8;1008.0;8;997.3;8;18.5;8;4.1;8;9.3;999.9;28.2;15.2;0.0;999.9;0;0;0;0;0;0
Presidencia_R_S_Penia_Aero;871480;20130719;11.7;8;5.1;8;1019.6;8;1008.5;8;20.0;8;5.9;8;7.2;999.9;27.2;8.7;0.0;999.9;0;0;0;0;0;0
Presidencia_R_S_Penia_Aero;871480;20130720;10.8;8;4.8;8;1012.1;8;1001.0;8;20.0;8;2.0;8;3.6;999.9;14.0;8.6;0.0;999.9;0;0;0;0;0;0
Presidencia_R_S_Penia_Aero;871480;20130721;7.6;8;0.3;8;1018.3;8;1007.0;8;18.2;8;4.9;8;8.2;999.9;14.9;2.2;0.0;999.9;0;0;0;0;0;0
Presidencia_R_S_Penia_Aero;871480;20130722;4.8;8;-2.6;8;1027.2;8;1015.8;8;20.0;8;3.9;8;6.7;999.9;12.8;-1.5;0.0;999.9;0;0;0;0;0;0
Presidencia_R_S_Penia_Aero;871480;20130723;3.3;8;-4.0;8;1029.1;8;1017.5;8;20.0;8;1.8;8;3.6;999.9;13.5;-6.2;0.0;999.9;0;0;0;0;0;0
Presidencia_R_S_Penia_Aero;871480;20130724;7.0;8;-2.1;8;1028.5;8;1017.1;8;20.0;8;2.1;8;5.1;999.9;16.7;-4.0;0.0;999.9;0;0;0;0;0;0
Presidencia_R_S_Penia_Aero;871480;20130725;7.4;7;-1.2;7;1026.7;6;1015.5;7;20.0;7;3.0;7;6.2;999.9;18.5;-0.4;0.0;999.9;0;0;0;0;0;0
Presidencia_R_S_Penia_Aero;871480;20130726;11.5;8;1.4;8;1022.6;8;1011.3;8;20.0;8;4.1;8;9.3;999.9;21.6;0.0;0.0;999.9;0;0;0;0;0;0
Presidencia_R_S_Penia_Aero;871480;20130727;15.0;8;6.4;8;1018.9;7;1007.9;7;18.8;8;2.5;8;3.6;999.9;25.6;6.0;0.0;999.9;0;0;0;0;0;0
Presidencia_R_S_Penia_Aero;871480;20130728;18.6;8;11.1;8;1018.2;8;1007.2;8;18.5;8;2.6;8;4.6;999.9;28.6;8.9;0.0;999.9;0;0;0;0;0;0
Presidencia_R_S_Penia_Aero;871480;20130729;22.5;8;14.2;8;1016.5;8;1005.7;8;20.0;8;3.5;8;5.7;999.9;33.2;12.8;0.0;999.9;0;0;0;0;0;0
Presidencia_R_S_Penia_Aero;871480;20130730;25.2;7;13.3;7;1014.1;7;1003.4;7;20.0;7;5.5;7;9.8;999.9;33.3;15.5;0.0;999.9;0;0;0;0;0;0
Presidencia_R_S_Penia_Aero;871480;20130731;24.0;8;11.2;8;1008.8;8;998.2;8;20.0;8;4.9;8;8.2;999.9;33.0;15.3;0.0;999.9;0;0;0;0;0;0
Presidencia_R_S_Penia_Aero;871480;20130801;17.9;7;12.8;7;1009.3;7;998.5;7;15.4;7;5.0;7;8.2;999.9;23.9;11.2;0.0;999.9;0;0;0;0;0;0
Presidencia_R_S_Penia_Aero;871480;20130802;14.4;7;10.5;7;1016.8;7;1005.8;7;16.3;7;6.0;7;7.7;999.9;18.5;11.4;0.0;999.9;0;0;0;0;0;0
Presidencia_R_S_Penia_Aero;871480;20130803;13.2;8;10.2;8;1016.0;8;1004.9;8;17.9;8;3.4;8;5.1;999.9;18.6;6.4;0.0;999.9;1;0;0;0;0;0
Presidencia_R_S_Penia_Aero;871480;20130804;12.9;8;8.4;8;1017.7;8;1006.6;8;12.6;8;2.7;8;6.7;999.9;21.8;3.4;0.0;999.9;1;0;0;0;0;0
Presidencia_R_S_Penia_Aero;871480;20130805;15.9;8;10.8;7;1014.6;8;1003.6;8;12.6;8;2.7;8;3.6;999.9;26.6;6.6;0.0;999.9;1;0;0;0;0;0
Presidencia_R_S_Penia_Aero;871480;20130806;20.0;8;11.3;8;1015.0;8;1004.2;8;20.0;8;3.8;8;6.2;999.9;27.9;11.4;0.0;999.9;0;0;0;0;0;0
Presidencia_R_S_Penia_Aero;871480;20130807;25.7;8;15.2;8;1003.6;8;993.1;8;15.4;8;5.8;8;11.8;999.9;35.3;15.6;0.0;999.9;0;0;0;0;0;0
Presidencia_R_S_Penia_Aero;871480;20130808;20.7;7;9.8;7;1004.4;7;993.8;7;11.7;7;6.2;7;9.8;999.9;35.6;16.5;0.0;999.9;0;0;0;0;0;0
Presidencia_R_S_Penia_Aero;871480;20130809;13.4;8;3.3;8;1022.0;8;1010.9;8;20.0;8;6.2;8;7.2;999.9;21.5;11.8;0.0;999.9;0;0;0;0;0;0
Presidencia_R_S_Penia_Aero;871480;20130810;9.6;8;-0.6;8;1026.6;8;1015.3;8;18.2;8;3.5;8;5.7;999.9;17.3;-1.4;0.0;999.9;0;0;0;0;0;0
Presidencia_R_S_Penia_Aero;871480;20130811;10.7;8;-0.1;8;1017.4;8;1006.2;8;20.0;8;3.9;8;6.7;999.9;21.4;1.9;0.0;999.9;0;0;0;0;0;0
Presidencia_R_S_Penia_Aero;871480;20130812;14.7;8;2.8;8;1010.6;8;999.6;8;15.8;8;3.8;8;5.7;999.9;24.7;4.1;0.0;999.9;0;0;0;0;0;0
Presidencia_R_S_Penia_Aero;871480;20130813;15.5;8;3.9;8;1020.1;8;1009.1;8;18.5;8;7.5;8;10.3;14.4;25.3;8.5;0.0;999.9;0;0;0;0;0;0
Presidencia_R_S_Penia_Aero;871480;20130814;6.5;8;-3.4;8;1033.0;8;1021.5;8;20.0;8;2.5;8;3.6;999.9;16.6;-4.3;0.0;999.9;0;0;0;0;0;0
Presidencia_R_S_Penia_Aero;871480;20130815;8.3;7;-3.3;7;1026.2;7;1014.7;7;14.8;7;3.3;7;5.1;999.9;18.4;-3.3;0.0;999.9;0;0;0;0;0;0
Presidencia_R_S_Penia_Aero;871480;20130816;11.7;7;-1.7;7;1021.3;7;1010.0;7;18.0;7;2.3;7;4.6;999.9;22.0;-1.1;0.0;999.9;0;0;0;0;0;0
Presidencia_R_S_Penia_Aero;871480;20130817;12.0;8;1.2;8;1023.7;8;1012.5;8;11.3;8;2.1;8;3.1;999.9;23.0;1.1;0.0;999.9;0;0;0;0;0;0
Presidencia_R_S_Penia_Aero;871480;20130818;13.9;7;5.3;7;1019.2;7;1008.1;7;12.1;7;2.7;7;5.7;10.3;26.4;5.6;0.0;999.9;0;0;0;0;0;0
Presidencia_R_S_Penia_Aero;871480;20130819;20.7;8;10.9;8;1013.3;8;1002.5;8;13.7;8;3.8;8;6.2;9.8;31.8;10.0;0.0;999.9;0;0;0;0;0;0
Presidencia_R_S_Penia_Aero;871480;20130820;25.9;8;13.5;8;1010.6;8;999.9;8;18.5;8;4.6;8;8.2;999.9;34.8;15.3;0.0;999.9;0;0;0;0;0;0
Presidencia_R_S_Penia_Aero;871480;20130821;28.4;8;14.1;8;1006.2;8;995.7;8;15.3;8;5.6;8;8.8;999.9;35.5;22.2;0.0;999.9;0;0;0;0;0;0
Presidencia_R_S_Penia_Aero;871480;20130822;23.2;8;9.7;8;1007.2;8;996.7;8;12.6;8;6.3;8;10.8;999.9;36.1;16.4;0.0;999.9;0;0;0;0;0;0
Presidencia_R_S_Penia_Aero;871480;20130823;10.9;8;2.4;8;1020.5;8;1009.4;8;20.0;8;6.2;8;7.7;12.3;25.4;9.0;0.0;999.9;0;0;0;0;0;0
Presidencia_R_S_Penia_Aero;871480;20130824;9.6;8;-2.2;8;1023.9;8;1012.5;8;18.5;8;4.3;8;6.2;999.9;11.3;8.3;999.9;999.9;0;1;0;0;0;0
Presidencia_R_S_Penia_Aero;871480;20130825;8.8;8;5.3;8;1026.8;8;1015.4;8;15.0;8;3.5;8;5.7;999.9;12.0;6.4;30.0;999.9;0;1;0;0;0;0
Presidencia_R_S_Penia_Aero;871480;20130826;9.8;8;1.6;8;1029.6;8;1018.3;8;18.5;8;5.4;8;7.2;999.9;14.8;4.6;4.1;999.9;0;1;0;0;0;0
Presidencia_R_S_Penia_Aero;871480;20130827;7.1;8;-0.8;8;1028.8;8;1017.4;8;16.7;8;1.6;8;3.1;999.9;16.9;-4.3;0.0;999.9;0;0;0;0;0;0
Presidencia_R_S_Penia_Aero;871480;20130828;11.8;8;0.8;8;1025.9;8;1014.6;8;20.0;8;3.0;8;5.1;999.9;21.7;1.8;0.0;999.9;0;0;0;0;0;0
Presidencia_R_S_Penia_Aero;871480;20130829;15.3;8;1.7;8;1020.1;8;1009.0;8;20.0;8;3.8;8;6.2;999.9;25.5;5.1;0.0;999.9;0;0;0;0;0;0
Presidencia_R_S_Penia_Aero;871480;20130830;18.1;8;4.7;8;1013.0;8;1002.2;8;20.0;8;3.1;8;5.1;999.9;28.7;8.8;0.0;999.9;0;0;0;0;0;0
Presidencia_R_S_Penia_Aero;871480;20130831;23.0;8;10.2;8;1007.4;8;996.7;8;17.1;8;2.8;8;4.1;999.9;34.6;12.4;0.0;999.9;0;0;0;0;0;0
Presidencia_R_S_Penia_Aero;871480;20130901;24.7;7;11.4;7;1006.8;7;996.2;7;13.2;7;2.4;7;4.6;999.9;34.5;11.7;0.0;999.9;0;0;0;0;0;0
Presidencia_R_S_Penia_Aero;871480;20130902;25.3;8;14.6;8;1006.1;8;995.6;8;8.9;8;3.0;8;4.1;999.9;35.9;17.2;0.0;999.9;0;0;0;0;0;0
Presidencia_R_S_Penia_Aero;871480;20130903;20.4;8;12.6;8;1014.6;8;1003.8;8;20.0;8;4.5;8;8.7;12.9;33.3;15.3;0.0;999.9;0;0;0;0;0;0
Presidencia_R_S_Penia_Aero;871480;20130904;16.8;8;5.9;8;1022.0;8;1011.0;8;13.5;8;3.9;8;5.1;999.9;24.9;7.5;0.0;999.9;0;0;0;0;0;0
Presidencia_R_S_Penia_Aero;871480;20130905;20.2;8;9.2;8;1015.4;8;1004.6;8;15.4;8;4.5;8;7.2;999.9;31.5;10.8;0.0;999.9;0;0;0;0;0;0
Presidencia_R_S_Penia_Aero;871480;20130906;26.6;8;15.4;8;1012.0;8;1001.5;8;13.8;8;4.6;8;6.7;999.9;35.3;15.0;0.0;999.9;0;0;0;0;0;0
Presidencia_R_S_Penia_Aero;871480;20130907;28.9;8;14.3;8;1008.3;8;997.9;8;20.0;8;5.5;8;9.3;999.9;37.9;21.4;0.0;999.9;0;0;0;0;0;0
Presidencia_R_S_Penia_Aero;871480;20130908;30.2;8;17.3;8;1009.3;8;998.9;8;17.1;8;3.9;8;6.7;11.3;38.8;19.9;0.0;999.9;0;0;0;0;0;0
Presidencia_R_S_Penia_Aero;871480;20130909;28.1;8;16.3;8;1013.9;8;1003.5;8;20.0;8;5.0;8;6.7;999.9;39.0;20.3;0.0;999.9;0;0;0;0;0;0
Presidencia_R_S_Penia_Aero;871480;20130910;30.5;8;16.3;8;1010.6;8;1000.2;8;18.3;8;7.5;8;12.9;15.9;38.8;22.6;0.0;999.9;0;0;0;0;0;0
Presidencia_R_S_Penia_Aero;871480;20130911;31.9;8;13.3;8;1006.6;8;996.3;8;11.6;8;6.9;8;9.8;13.9;39.5;22.9;0.0;999.9;0;0;0;0;0;0
Presidencia_R_S_Penia_Aero;871480;20130912;32.3;7;12.6;7;1003.4;7;993.2;7;12.9;7;6.1;7;10.8;999.9;39.4;25.7;0.0;999.9;0;0;0;0;0;0
Presidencia_R_S_Penia_Aero;871480;20130913;19.7;8;13.5;8;1011.3;8;1000.7;8;15.0;8;6.6;8;8.8;999.9;32.0;13.7;0.8;999.9;0;1;0;0;0;0
Presidencia_R_S_Penia_Aero;871480;20130914;13.1;8;12.3;8;1016.4;8;1005.3;8;8.0;8;4.4;8;6.7;999.9;16.3;11.8;5.1;999.9;0;1;0;0;0;0
Presidencia_R_S_Penia_Aero;871480;20130915;13.2;8;11.5;8;1015.8;8;1004.8;8;14.5;8;4.3;8;6.7;999.9;15.2;11.6;0.5;999.9;0;1;0;0;0;0
Presidencia_R_S_Penia_Aero;871480;20130916;12.3;8;9.2;8;1015.4;8;1004.2;8;20.0;8;5.7;8;9.3;999.9;16.2;11.0;0.0;999.9;0;0;0;0;0;0
Presidencia_R_S_Penia_Aero;871480;20130917;11.8;8;4.4;8;1021.0;8;1009.8;8;18.2;8;5.7;8;7.7;12.3;15.7;5.2;0.0;999.9;0;0;0;0;0;0
Presidencia_R_S_Penia_Aero;871480;20130918;10.8;8;1.4;8;1022.5;8;1011.2;8;18.5;8;2.3;8;4.1;999.9;19.9;0.8;0.0;999.9;0;0;0;0;0;0
Presidencia_R_S_Penia_Aero;871480;20130919;13.9;8;1.8;8;1020.8;8;1009.7;8;20.0;8;3.2;8;5.7;999.9;23.8;4.5;0.0;999.9;0;0;0;0;0;0
Presidencia_R_S_Penia_Aero;871480;20130920;19.8;8;7.3;8;1009.4;8;998.6;8;20.0;8;3.0;8;5.1;999.9;29.2;12.3;0.0;999.9;0;0;0;0;0;0
Presidencia_R_S_Penia_Aero;871480;20130921;23.3;8;11.3;8;1005.4;8;994.8;8;16.7;8;5.6;8;7.7;9.8;30.2;17.7;0.0;999.9;0;0;0;0;0;0
Presidencia_R_S_Penia_Aero;871480;20130922;15.8;8;7.8;8;1015.5;8;1004.6;8;20.0;8;9.2;8;12.3;999.9;28.6;11.0;0.0;999.9;0;0;0;0;0;0
Presidencia_R_S_Penia_Aero;871480;20130923;13.2;8;4.4;8;1026.4;8;1015.2;8;16.6;8;6.7;8;9.3;999.9;19.2;7.9;0.0;999.9;0;0;0;0;0;0
Presidencia_R_S_Penia_Aero;871480;20130924;11.4;8;1.0;8;1028.6;8;1017.3;8;20.0;8;3.4;8;7.2;999.9;20.2;-0.1;0.0;999.9;0;0;0;0;0;0
Presidencia_R_S_Penia_Aero;871480;20130925;14.2;8;3.4;8;1023.8;8;1012.6;8;20.0;8;4.0;8;6.7;999.9;22.4;3.2;0.0;999.9;0;0;0;0;0;0
Presidencia_R_S_Penia_Aero;871480;20130926;17.3;8;6.6;8;1016.0;8;1005.1;8;16.7;8;4.1;8;6.2;9.8;27.5;5.6;0.0;999.9;0;0;0;0;0;0
Presidencia_R_S_Penia_Aero;871480;20130927;21.4;8;9.8;8;1010.9;8;1000.1;8;18.5;8;2.9;8;4.1;999.9;28.6;14.0;0.0;999.9;0;0;0;0;0;0
Presidencia_R_S_Penia_Aero;871480;20130928;22.6;8;14.8;8;1010.6;8;999.9;8;13.2;8;4.4;8;6.2;999.9;29.5;14.4;0.0;999.9;0;0;0;0;0;0
Presidencia_R_S_Penia_Aero;871480;20130929;14.4;8;7.3;8;1017.9;8;1007.0;8;20.0;8;7.6;8;10.3;999.9;30.3;10.9;0.0;999.9;0;0;0;0;0;0
Presidencia_R_S_Penia_Aero;871480;20130930;14.2;8;5.2;8;1018.5;8;1007.3;8;18.2;8;4.8;8;6.7;999.9;21.2;9.0;3.0;999.9;0;1;0;0;1;0
Presidencia_R_S_Penia_Aero;871480;20131001;14.8;8;6.4;8;1016.4;8;1005.3;8;20.0;8;1.8;8;3.1;999.9;24.7;3.6;0.0;999.9;0;0;0;0;0;0
Presidencia_R_S_Penia_Aero;871480;20131002;18.5;8;6.9;8;1014.3;8;1003.4;8;16.7;8;3.0;8;7.2;999.9;27.7;7.6;0.0;999.9;0;0;0;0;0;0
Presidencia_R_S_Penia_Aero;871480;20131003;22.2;8;10.7;8;1011.9;8;1001.2;8;13.2;8;3.7;8;9.8;999.9;31.2;11.4;0.0;999.9;0;0;0;0;0;0
Presidencia_R_S_Penia_Aero;871480;20131004;20.8;8;7.0;8;1018.7;8;1008.2;8;20.0;8;6.6;8;9.8;999.9;32.1;14.3;0.0;999.9;0;0;0;0;0;0
Presidencia_R_S_Penia_Aero;871480;20131005;19.0;8;6.6;8;1019.2;8;1008.3;8;18.5;8;3.8;8;5.7;999.9;27.3;6.5;0.0;999.9;0;0;0;0;0;0
Presidencia_R_S_Penia_Aero;871480;20131006;20.2;8;8.0;8;1019.2;8;1008.4;8;18.5;8;3.5;8;5.1;999.9;27.9;8.4;0.0;999.9;0;0;0;0;0;0
Presidencia_R_S_Penia_Aero;871480;20131007;21.8;8;8.3;8;1018.5;8;1007.7;8;20.0;8;3.9;8;5.7;999.9;30.7;13.0;0.0;999.9;0;0;0;0;0;0
Presidencia_R_S_Penia_Aero;871480;20131008;24.8;8;11.4;8;1014.3;8;1003.6;8;13.2;8;4.5;8;6.7;999.9;34.0;14.5;0.0;999.9;0;0;0;0;0;0
Presidencia_R_S_Penia_Aero;871480;20131009;28.5;8;14.1;8;1009.2;8;998.8;8;13.0;8;6.2;8;7.7;999.9;37.0;20.6;0.0;999.9;0;0;0;0;0;0
Presidencia_R_S_Penia_Aero;871480;20131010;24.5;8;19.3;8;1010.7;8;1000.2;8;16.7;8;6.6;8;10.3;999.9;37.8;18.8;39.1;999.9;0;1;0;0;1;0
Presidencia_R_S_Penia_Aero;871480;20131011;23.1;8;19.2;8;1012.2;8;1001.6;8;18.5;8;1.5;8;2.6;999.9;28.8;17.5;0.0;999.9;0;0;0;0;0;0
Presidencia_R_S_Penia_Aero;871480;20131012;23.9;7;20.2;7;1011.0;7;1000.3;7;20.0;7;1.9;7;4.1;999.9;29.8;21.0;1.0;999.9;0;1;0;0;1;0
Presidencia_R_S_Penia_Aero;871480;20131013;23.2;8;19.5;8;1011.9;8;1001.2;8;18.3;8;2.5;8;4.1;999.9;28.5;18.4;0.0;999.9;0;0;0;0;0;0
Presidencia_R_S_Penia_Aero;871480;20131014;23.8;8;19.8;8;1013.9;8;1003.3;8;20.0;8;2.2;8;3.6;999.9;29.7;20.3;0.0;999.9;0;0;0;0;0;0
Presidencia_R_S_Penia_Aero;871480;20131015;24.2;8;19.5;8;1016.0;8;1005.3;8;18.0;8;2.2;8;4.6;999.9;28.2;19.5;0.0;999.9;0;0;0;0;0;0
Presidencia_R_S_Penia_Aero;871480;20131016;24.8;8;17.4;8;1013.6;8;1003.0;8;20.0;8;1.9;8;3.6;999.9;31.2;16.9;0.0;999.9;0;0;0;0;0;0
Presidencia_R_S_Penia_Aero;871480;20131017;24.5;8;15.8;8;1012.4;8;1001.8;8;18.5;8;3.0;8;6.2;999.9;31.5;18.2;0.0;999.9;0;0;0;0;0;0
Presidencia_R_S_Penia_Aero;871480;20131018;24.2;8;13.2;8;1011.4;8;1000.8;8;15.1;8;1.6;8;3.6;999.9;33.1;13.2;0.0;999.9;0;0;0;0;0;0
Presidencia_R_S_Penia_Aero;871480;20131019;26.2;8;13.9;8;1008.0;8;997.5;8;16.7;8;3.5;8;6.2;999.9;34.9;17.6;0.0;999.9;0;0;0;0;0;0
Presidencia_R_S_Penia_Aero;871480;20131020;28.9;8;14.4;8;999.9;8;989.5;8;18.5;8;5.8;8;8.8;999.9;38.1;20.6;0.0;999.9;0;0;0;0;0;0
Presidencia_R_S_Penia_Aero;871480;20131021;26.9;8;16.9;8;1005.3;8;994.9;8;20.0;8;7.2;8;9.3;999.9;39.0;20.2;0.0;999.9;0;1;0;0;1;0
Presidencia_R_S_Penia_Aero;871480;20131022;23.2;8;12.4;8;1009.4;8;998.8;8;20.0;8;4.4;8;9.3;999.9;30.6;12.8;0.0;999.9;0;0;0;0;0;0
Presidencia_R_S_Penia_Aero;871480;20131023;28.4;8;19.5;8;1003.5;8;993.1;8;20.0;8;3.9;8;5.1;999.9;37.0;21.8;0.0;999.9;0;0;0;0;0;0
Presidencia_R_S_Penia_Aero;871480;20131024;23.6;8;20.3;8;1010.7;8;1000.1;8;16.6;8;4.0;8;5.7;999.9;38.6;20.2;17.0;999.9;0;1;0;0;1;0
Presidencia_R_S_Penia_Aero;871480;20131025;20.6;8;18.2;8;1015.6;8;1004.8;8;20.0;8;3.6;8;4.6;999.9;22.8;18.3;7.9;999.9;0;1;0;0;0;0
Presidencia_R_S_Penia_Aero;871480;20131026;22.6;8;20.6;8;1010.9;8;1000.2;8;14.3;8;3.6;8;6.2;999.9;25.8;19.3;0.3;999.9;0;1;0;0;0;0
Presidencia_R_S_Penia_Aero;871480;20131027;22.7;8;15.7;8;1015.5;8;1004.7;8;20.0;8;4.5;8;7.2;999.9;28.5;17.5;0.0;999.9;0;0;0;0;0;0
Presidencia_R_S_Penia_Aero;871480;20131028;21.6;8;13.2;8;1014.3;8;1003.5;8;20.0;8;3.3;8;6.2;999.9;28.6;13.7;0.0;999.9;0;0;0;0;0;0
Presidencia_R_S_Penia_Aero;871480;20131029;24.6;8;16.9;8;1008.4;8;997.8;8;20.0;8;3.0;8;5.7;999.9;32.6;17.6;0.0;999.9;0;0;0;0;0;0
Presidencia_R_S_Penia_Aero;871480;20131030;27.4;7;22.4;7;1006.2;7;995.8;7;20.0;7;3.7;7;6.2;999.9;31.5;23.6;0.0;999.9;0;0;0;0;1;0
Presidencia_R_S_Penia_Aero;871480;20131031;28.8;7;22.0;7;1003.9;7;993.5;7;17.9;7;5.3;7;10.3;999.9;33.9;22.2;7.9;999.9;0;1;0;0;1;0
Presidencia_R_S_Penia_Aero;871480;20131101;28.1;7;22.7;7;1002.7;7;992.3;7;20.0;7;5.4;7;7.7;999.9;34.1;22.8;0.0;999.9;0;0;0;0;1;0
Presidencia_R_S_Penia_Aero;871480;20131102;21.5;8;17.8;8;1010.0;8;999.3;8;12.6;8;7.8;8;8.8;999.9;36.5;19.2;67.1;999.9;0;1;0;0;1;0
Presidencia_R_S_Penia_Aero;871480;20131103;19.2;7;12.7;7;1016.6;7;1005.8;7;20.0;7;3.9;7;6.2;999.9;26.9;13.5;0.0;999.9;0;0;0;0;0;0
Presidencia_R_S_Penia_Aero;871480;20131104;20.4;8;13.1;8;1015.8;8;1005.0;8;18.5;8;2.8;7;4.6;999.9;27.5;11.3;0.0;999.9;0;0;0;0;0;0
Presidencia_R_S_Penia_Aero;871480;20131105;20.8;7;13.4;7;1015.3;7;1004.5;7;20.0;7;2.3;7;4.6;999.9;28.4;11.5;0.0;999.9;0;0;0;0;0;0
Presidencia_R_S_Penia_Aero;871480;20131106;23.2;8;16.2;8;1012.4;8;1001.7;8;18.0;8;3.3;8;6.7;999.9;32.5;13.4;0.0;999.9;0;0;0;0;0;0
Presidencia_R_S_Penia_Aero;871480;20131107;27.1;8;19.1;8;1009.8;8;999.3;8;20.0;8;4.9;8;7.7;11.3;32.8;22.2;0.0;999.9;0;0;0;0;0;0
Presidencia_R_S_Penia_Aero;871480;20131108;28.2;8;19.8;8;1006.5;8;996.0;8;20.0;8;4.8;8;6.7;11.8;35.7;21.2;0.0;999.9;0;0;0;0;0;0
Presidencia_R_S_Penia_Aero;871480;20131109;31.5;8;20.9;8;1000.2;8;989.9;8;18.5;8;5.8;8;8.7;999.9;37.6;26.9;0.0;999.9;0;0;0;0;0;0
Presidencia_R_S_Penia_Aero;871480;20131110;31.5;8;22.1;8;996.5;8;986.2;8;20.0;8;5.9;8;8.8;12.9;38.3;28.9;0.0;999.9;0;0;0;0;0;0
Presidencia_R_S_Penia_Aero;871480;20131111;20.8;7;16.6;7;1006.8;7;996.2;7;17.7;7;8.0;7;9.3;999.9;35.5;16.0;33.0;999.9;0;1;0;0;1;0
Presidencia_R_S_Penia_Aero;871480;20131112;21.3;8;13.9;8;1012.0;8;1001.2;8;20.0;8;1.8;8;2.6;999.9;29.6;12.8;1.0;999.9;0;0;0;0;0;0
Presidencia_R_S_Penia_Aero;871480;20131113;23.4;8;14.7;8;1012.7;8;1001.9;8;20.0;8;3.9;8;7.7;999.9;31.6;15.4;0.0;999.9;0;0;0;0;0;0
