Resistencia_Aero;871550;2013;01;01;23.4;10;19.5;10;1012.1;8;1006.0;8;12.1;10;2.3;10;4.6;999.9;34.4;21.0;14.0;999.9;0;1;0;0;1;0
Resistencia_Aero;871550;2013;01;02;21.8;14;13.0;14;1018.1;8;1011.9;8;12.1;14;2.4;14;4.6;999.9;26.0;13.5;0.0;999.9;0;0;0;0;0;0
Resistencia_Aero;871550;2013;01;03;22.4;20;15.7;20;1014.7;8;1008.6;8;11.7;20;2.4;20;4.1;999.9;30.0;14.1;0.0;999.9;0;0;0;0;0;0
Resistencia_Aero;871550;2013;01;04;27.1;18;22.4;17;1010.8;8;1004.8;8;11.1;18;2.5;18;4.6;999.9;33.7;21.8;0.0;999.9;0;0;0;0;0;0
Resistencia_Aero;871550;2013;01;05;27.9;23;22.9;23;1007.3;8;1001.4;8;11.4;23;4.4;22;9.3;999.9;37.0;20.3;0.3;999.9;0;1;0;0;1;0
Resistencia_Aero;871550;2013;01;06;24.2;20;20.3;20;1007.0;8;1001.0;8;12.1;20;3.5;20;6.2;999.9;36.6;19.9;22.1;999.9;0;1;0;0;1;0
Resistencia_Aero;871550;2013;01;07;25.3;23;22.8;23;1002.3;8;996.3;8;9.0;23;2.0;23;6.7;999.9;29.6;21.4;96.0;999.9;0;1;0;0;1;0
Resistencia_Aero;871550;2013;01;08;26.3;20;23.0;20;1005.7;8;999.8;8;12.2;20;1.8;20;4.6;999.9;31.9;21.6;7.1;999.9;0;0;0;0;0;0
Resistencia_Aero;871550;2013;01;09;27.9;20;22.9;20;1011.0;8;1005.1;8;12.6;20;2.2;20;4.1;999.9;32.3;24.3;0.0;999.9;0;0;0;0;0;0
Resistencia_Aero;871550;2013;01;10;27.7;16;22.2;16;1013.4;8;1007.5;8;12.2;16;2.4;16;4.1;999.9;33.0;22.7;0.0;999.9;0;0;0;0;0;0
Resistencia_Aero;871550;2013;01;11;27.1;23;19.7;23;1011.6;8;1005.6;8;11.6;23;2.6;23;4.1;999.9;33.1;23.0;0.0;999.9;0;0;0;0;0;0
Resistencia_Aero;871550;2013;01;12;27.0;24;19.5;24;1008.4;7;1002.4;7;11.9;24;2.3;24;4.1;999.9;32.4;21.8;0.0;999.9;0;0;0;0;0;0
Resistencia_Aero;871550;2013;01;13;27.8;23;19.9;23;1010.3;8;1004.4;8;11.4;23;1.6;23;3.6;999.9;33.6;21.0;0.0;999.9;0;0;0;0;0;0
Resistencia_Aero;871550;2013;01;14;26.8;15;21.5;15;1010.5;8;1004.6;8;11.3;15;0.8;15;2.6;999.9;33.6;22.2;0.0;999.9;0;0;0;0;0;0
Resistencia_Aero;871550;2013;01;15;27.8;8;21.8;8;1008.0;8;1002.1;8;13.0;8;0.9;8;2.6;999.9;34.0;22.2;0.0;999.9;0;0;0;0;0;0
Resistencia_Aero;871550;2013;01;16;29.3;13;19.9;13;1005.5;8;999.6;8;11.7;13;2.0;13;3.6;999.9;34.3;22.1;0.0;999.9;0;0;0;0;0;0
Resistencia_Aero;871550;2013;01;17;28.2;24;21.6;24;1007.5;8;1001.6;8;11.1;24;1.3;24;4.1;999.9;35.2;21.2;0.0;999.9;0;0;0;0;0;0
Resistencia_Aero;871550;2013;01;18;27.2;22;21.5;22;1010.3;8;1004.3;8;12.1;22;1.5;22;3.1;999.9;34.7;22.9;0.0;999.9;0;0;0;0;0;0
Resistencia_Aero;871550;2013;01;19;26.3;24;19.4;24;1012.5;7;1006.5;7;11.3;24;1.3;24;4.6;999.9;32.6;19.0;0.0;999.9;0;0;0;0;0;0
Resistencia_Aero;871550;2013;01;20;25.6;23;19.2;23;1014.6;8;1008.6;8;11.9;22;2.4;23;5.1;999.9;33.2;19.9;0.0;999.9;0;0;0;0;0;0
Resistencia_Aero;871550;2013;01;21;24.4;24;18.4;24;1014.7;8;1008.7;8;11.6;23;1.8;24;4.6;999.9;30.8;19.5;0.0;999.9;0;0;0;0;0;0
Resistencia_Aero;871550;2013;01;22;27.0;24;20.7;24;1013.0;8;1007.0;8;10.8;24;2.0;24;5.1;999.9;33.0;20.4;0.0;999.9;0;0;0;0;0;0
Resistencia_Aero;871550;2013;01;23;28.7;23;19.8;23;1010.7;8;1004.8;8;11.4;23;2.0;23;3.6;999.9;37.0;22.4;0.0;999.9;0;0;0;0;0;0
Resistencia_Aero;871550;2013;01;24;29.4;23;20.4;23;1005.5;7;999.7;7;10.3;23;3.8;23;10.3;25.2;39.0;23.5;999.9;999.9;0;1;0;0;1;0
Resistencia_Aero;871550;2013;01;25;23.3;22;20.5;22;1008.2;7;1002.2;7;10.8;22;3.3;22;8.2;999.9;28.2;20.9;23.9;999.9;0;1;0;0;1;0
Resistencia_Aero;871550;2013;01;26;21.7;23;14.3;23;1014.4;8;1008.2;8;12.1;23;1.9;23;5.1;999.9;28.8;14.8;0.0;999.9;0;0;0;0;0;0
Resistencia_Aero;871550;2013;01;27;22.7;24;14.7;24;1014.0;8;1007.9;8;11.3;24;2.1;24;3.6;999.9;29.4;15.0;0.0;999.9;0;0;0;0;0;0
Resistencia_Aero;871550;2013;01;28;26.1;19;16.8;19;1012.9;8;1006.9;8;11.4;19;1.9;19;3.6;999.9;34.0;15.3;0.0;999.9;0;0;0;0;0;0
Resistencia_Aero;871550;2013;01;29;27.6;22;19.1;22;1011.5;8;1005.5;8;11.4;22;1.9;22;5.1;999.9;37.0;18.5;0.0;999.9;0;0;0;0;0;0
Resistencia_Aero;871550;2013;01;30;30.7;24;21.4;24;1009.3;8;1003.4;8;10.3;24;2.3;24;4.1;999.9;38.0;24.5;0.0;999.9;0;0;0;0;0;0
Resistencia_Aero;871550;2013;01;31;31.1;24;20.3;24;1007.0;8;1001.1;8;11.4;24;2.4;24;5.7;999.9;38.0;24.7;0.0;999.9;0;0;0;0;0;0
Resistencia_Aero;871550;2013;02;01;31.4;20;21.2;20;1005.2;8;999.4;8;10.8;20;3.2;20;7.2;999.9;39.2;25.0;0.0;999.9;0;0;0;0;0;0
Resistencia_Aero;871550;2013;02;02;25.4;22;21.2;22;1008.5;8;1002.6;8;10.8;22;3.6;22;11.3;19.5;40.5;22.0;999.9;999.9;0;1;0;0;1;0
Resistencia_Aero;871550;2013;02;03;25.8;22;20.9;22;1012.0;8;1006.0;8;11.9;20;2.2;22;4.1;999.9;33.0;18.6;9.9;999.9;0;0;0;0;0;0
Resistencia_Aero;871550;2013;02;04;24.6;24;17.3;24;1011.5;8;1005.4;8;11.7;24;1.8;24;4.1;999.9;33.0;16.0;0.0;999.9;0;0;0;0;0;0
Resistencia_Aero;871550;2013;02;05;25.4;24;14.7;24;1011.1;8;1005.1;8;11.3;24;2.5;24;3.6;999.9;32.0;18.4;0.0;999.9;0;0;0;0;0;0
Resistencia_Aero;871550;2013;02;06;25.1;22;16.1;22;1011.4;8;1005.4;8;10.8;22;2.2;22;6.2;999.9;33.0;16.5;0.0;999.9;0;0;0;0;0;0
Resistencia_Aero;871550;2013;02;07;26.1;20;18.2;20;1010.9;8;1004.9;8;9.5;20;1.8;20;4.1;999.9;33.0;16.8;0.0;999.9;0;0;0;0;0;0
Resistencia_Aero;871550;2013;02;08;27.1;21;18.7;21;1009.3;8;1003.3;8;11.3;21;1.9;21;4.6;999.9;35.4;17.0;0.0;999.9;0;0;0;0;0;0
Resistencia_Aero;871550;2013;02;09;28.1;24;17.7;24;1008.1;7;1002.1;7;11.1;24;2.0;24;4.6;999.9;35.4;19.9;0.0;999.9;0;0;0;0;0;0
Resistencia_Aero;871550;2013;02;10;26.1;24;20.1;24;1006.5;8;1000.5;8;8.5;24;3.1;24;10.8;999.9;36.2;21.0;0.0;999.9;0;1;0;0;1;0
Resistencia_Aero;871550;2013;02;11;22.8;19;20.3;19;1007.5;8;1001.5;8;10.0;19;1.5;19;4.1;999.9;36.9;19.6;30.0;999.9;0;1;0;0;1;0
Resistencia_Aero;871550;2013;02;12;27.7;22;20.7;22;1005.6;8;999.6;8;12.1;22;1.9;22;3.6;999.9;35.0;20.8;0.0;999.9;0;0;0;0;0;0
Resistencia_Aero;871550;2013;02;13;29.8;21;21.6;21;1005.5;8;999.6;8;12.2;21;2.2;21;3.6;999.9;35.0;22.5;0.0;999.9;0;0;0;0;0;0
Resistencia_Aero;871550;2013;02;14;26.9;23;23.3;23;1007.1;8;1001.2;8;10.0;23;2.6;23;8.2;999.9;35.6;23.8;0.0;999.9;0;1;0;0;1;0
Resistencia_Aero;871550;2013;02;15;26.9;22;22.5;22;1008.8;8;1002.9;8;11.6;22;1.4;22;5.1;999.9;34.0;21.0;13.0;999.9;0;0;0;0;0;0
Resistencia_Aero;871550;2013;02;16;29.7;24;22.6;24;1005.2;8;999.3;8;12.1;24;2.6;24;4.6;999.9;36.0;23.4;0.0;999.9;0;0;0;0;0;0
Resistencia_Aero;871550;2013;02;17;29.9;24;22.4;24;1003.1;8;997.2;8;12.6;24;4.7;24;7.7;999.9;39.2;25.0;0.0;999.9;0;0;0;0;0;0
Resistencia_Aero;871550;2013;02;18;24.2;24;21.2;24;1009.2;8;1003.2;8;12.1;24;3.0;24;6.2;999.9;39.2;22.0;0.8;999.9;0;1;0;0;1;0
Resistencia_Aero;871550;2013;02;19;24.6;20;22.8;20;1011.2;8;1005.1;8;9.5;19;1.1;19;2.6;999.9;27.4;22.2;0.5;999.9;0;1;0;0;0;0
Resistencia_Aero;871550;2013;02;20;23.8;24;22.0;24;1010.5;7;1004.5;7;9.8;24;2.5;24;5.1;999.9;28.0;21.0;52.1;999.9;0;1;0;0;1;0
Resistencia_Aero;871550;2013;02;21;23.4;22;20.4;22;1012.7;7;1006.7;7;11.6;22;2.9;22;4.6;999.9;28.2;20.2;0.0;999.9;0;1;0;0;0;0
Resistencia_Aero;871550;2013;02;22;24.0;24;18.9;24;1014.4;8;1008.4;8;11.4;24;1.1;24;3.6;999.9;31.0;17.6;0.0;999.9;0;0;0;0;0;0
Resistencia_Aero;871550;2013;02;23;26.5;24;19.5;24;1010.9;8;1004.9;8;11.6;24;2.2;24;3.6;999.9;34.0;20.0;0.0;999.9;0;0;0;0;0;0
Resistencia_Aero;871550;2013;02;24;29.7;22;20.4;22;1005.6;8;999.7;8;11.6;22;3.9;22;7.2;999.9;38.0;23.5;0.0;999.9;0;0;0;0;0;0
Resistencia_Aero;871550;2013;02;25;24.9;19;20.9;19;1008.9;8;1003.0;8;10.6;19;2.3;19;4.6;999.9;38.2;22.0;31.0;999.9;0;1;0;0;1;0
Resistencia_Aero;871550;2013;02;26;22.0;24;16.1;24;1014.3;8;1008.1;8;11.7;24;1.2;24;4.1;999.9;28.0;17.0;0.0;999.9;0;0;0;0;0;0
Resistencia_Aero;871550;2013;02;27;21.3;24;13.9;24;1015.5;8;1009.3;8;10.8;24;1.8;24;5.1;999.9;27.6;15.2;0.0;999.9;0;0;0;0;0;0
Resistencia_Aero;871550;2013;02;28;22.6;24;14.6;24;1012.6;8;1006.5;8;10.9;24;2.0;24;3.6;999.9;30.2;13.6;0.0;999.9;0;0;0;0;0;0
Resistencia_Aero;871550;2013;03;01;26.9;22;17.4;22;1006.9;8;1000.9;8;10.5;22;3.9;22;7.2;999.9;36.0;18.0;0.0;999.9;0;0;0;0;0;0
Resistencia_Aero;871550;2013;03;02;28.9;21;21.8;21;1004.7;8;998.8;8;10.0;20;5.2;21;11.3;999.9;36.6;24.0;999.9;999.9;0;1;0;0;1;0
Resistencia_Aero;871550;2013;03;03;19.8;21;19.2;21;1011.8;4;1005.7;4;8.4;21;2.5;21;5.1;999.9;36.3;16.0;48.0;999.9;0;1;0;0;1;0
Resistencia_Aero;871550;2013;03;04;18.9;24;16.8;24;1015.7;8;1009.5;8;12.2;24;1.5;24;2.6;999.9;23.0;15.9;34.0;999.9;0;0;0;0;0;0
Resistencia_Aero;871550;2013;03;05;21.0;24;16.2;24;1014.2;8;1008.1;8;12.1;24;1.5;24;3.1;999.9;26.0;16.0;0.0;999.9;0;0;0;0;0;0
Resistencia_Aero;871550;2013;03;06;21.6;24;15.7;24;1010.0;8;1003.9;8;11.4;24;1.8;24;3.6;999.9;29.0;14.8;0.0;999.9;0;0;0;0;0;0
Resistencia_Aero;871550;2013;03;07;24.6;22;20.1;22;1009.7;7;1003.7;7;11.4;22;2.7;22;4.6;999.9;29.1;20.3;0.0;999.9;0;1;0;0;1;0
Resistencia_Aero;871550;2013;03;08;27.1;23;23.3;23;1009.3;6;1003.3;6;11.7;23;3.2;23;6.7;999.9;32.0;22.4;0.0;999.9;0;1;0;0;1;0
Resistencia_Aero;871550;2013;03;09;24.3;22;21.6;22;1008.4;6;1002.4;6;10.8;22;4.7;22;7.7;999.9;32.9;22.0;26.9;999.9;0;1;0;0;1;0
Resistencia_Aero;871550;2013;03;10;21.8;21;20.3;21;1006.7;7;1000.7;7;9.2;20;2.6;20;7.2;15.4;27.5;20.0;29.0;999.9;0;1;0;0;1;0
Resistencia_Aero;871550;2013;03;11;23.6;23;21.3;23;1006.6;6;1000.5;6;6.9;23;1.2;23;2.6;999.9;29.0;20.0;21.1;999.9;1;1;0;0;0;0
Resistencia_Aero;871550;2013;03;12;23.9;24;21.9;24;1004.4;7;998.4;7;10.0;24;2.8;24;5.7;999.9;30.5;20.8;2.0;999.9;0;1;0;0;1;0
Resistencia_Aero;871550;2013;03;13;21.9;23;19.0;23;1010.7;7;1004.6;7;12.1;23;1.8;23;4.6;999.9;26.0;18.5;25.9;999.9;0;0;0;0;0;0
Resistencia_Aero;871550;2013;03;14;21.3;22;15.8;22;1014.6;8;1008.5;8;12.2;22;2.5;22;5.1;999.9;26.7;16.2;0.0;999.9;0;0;0;0;0;0
Resistencia_Aero;871550;2013;03;15;20.8;22;15.7;22;1016.5;8;1010.4;8;12.4;19;2.7;22;4.6;999.9;26.0;16.8;0.0;999.9;0;0;0;0;0;0
Resistencia_Aero;871550;2013;03;16;22.3;20;15.6;20;1019.1;7;1013.0;7;11.9;20;3.7;20;7.7;999.9;26.5;16.7;0.0;999.9;0;0;0;0;0;0
Resistencia_Aero;871550;2013;03;17;20.1;23;14.8;23;1019.2;8;1013.1;8;11.9;23;3.4;23;6.7;999.9;26.6;17.8;0.0;999.9;0;1;0;0;0;0
Resistencia_Aero;871550;2013;03;18;19.7;21;15.1;21;1017.1;8;1011.0;8;11.6;20;2.5;21;4.1;999.9;24.5;17.0;0.0;999.9;0;0;0;0;0;0
Resistencia_Aero;871550;2013;03;19;20.0;17;19.0;17;1013.1;7;1006.9;7;5.8;17;2.0;17;6.2;999.9;24.9;18.4;57.9;999.9;0;1;0;0;1;0
Resistencia_Aero;871550;2013;03;20;19.4;21;18.6;21;1009.0;8;1002.9;8;5.6;21;3.2;21;4.1;999.9;23.3;17.9;34.0;999.9;0;1;0;0;1;0
Resistencia_Aero;871550;2013;03;21;21.1;23;17.6;23;1011.2;8;1005.1;8;11.3;23;1.1;23;2.6;999.9;27.1;14.5;0.5;999.9;1;0;0;0;0;0
Resistencia_Aero;871550;2013;03;22;21.8;24;17.9;24;1015.5;8;1009.3;8;9.0;24;1.3;24;4.1;999.9;27.8;15.8;0.0;999.9;1;0;0;0;0;0
Resistencia_Aero;871550;2013;03;23;22.8;23;16.3;23;1015.2;8;1009.0;8;11.7;23;2.0;23;4.6;999.9;28.8;17.3;0.0;999.9;0;0;0;0;0;0
Resistencia_Aero;871550;2013;03;24;22.9;24;18.2;24;1010.9;8;1004.8;8;10.8;24;1.4;24;3.6;999.9;29.0;17.7;0.0;999.9;0;0;0;0;0;0
Resistencia_Aero;871550;2013;03;25;23.8;24;18.8;24;1010.1;7;1004.1;7;10.8;24;1.4;24;3.1;999.9;29.5;17.0;0.0;999.9;0;0;0;0;0;0
Resistencia_Aero;871550;2013;03;26;23.4;23;18.2;23;1016.2;8;1010.1;8;11.3;23;1.6;23;3.1;999.9;30.0;17.6;0.0;999.9;0;0;0;0;0;0
Resistencia_Aero;871550;2013;03;27;20.7;24;14.2;24;1017.8;8;1011.7;8;10.6;24;1.1;24;3.1;999.9;29.6;13.1;0.0;999.9;0;0;0;0;0;0
Resistencia_Aero;871550;2013;03;28;21.7;18;14.4;18;1018.0;8;1011.9;8;9.7;18;1.9;18;3.6;999.9;27.7;13.7;0.0;999.9;0;0;0;0;0;0
Resistencia_Aero;871550;2013;03;29;20.8;21;17.0;21;1015.9;8;1009.8;8;10.1;21;1.1;21;3.1;999.9;28.7;15.5;0.0;999.9;0;0;0;0;0;0
Resistencia_Aero;871550;2013;03;30;24.8;22;17.8;22;1013.3;8;1007.3;8;11.9;22;2.4;22;4.6;999.9;32.0;18.9;0.0;999.9;0;0;0;0;0;0
Resistencia_Aero;871550;2013;03;31;24.3;18;17.8;18;1011.6;8;1005.5;8;11.7;18;3.1;17;5.7;999.9;33.0;19.5;0.0;999.9;0;0;0;0;0;0
Resistencia_Aero;871550;2013;04;01;25.0;18;21.5;18;1009.6;7;1003.6;7;11.1;18;3.5;18;7.2;999.9;33.6;22.0;4.1;999.9;0;1;0;0;1;0
Resistencia_Aero;871550;2013;04;02;22.8;23;21.4;23;1010.8;8;1004.7;8;10.9;23;1.8;23;4.1;999.9;28.4;21.6;4.1;999.9;0;1;0;0;0;0
Resistencia_Aero;871550;2013;04;03;22.6;17;20.4;17;1013.2;7;1007.2;7;12.1;16;2.2;17;4.1;999.9;26.3;20.6;0.0;999.9;0;1;0;0;0;0
Resistencia_Aero;871550;2013;04;04;20.0;22;18.6;22;1009.6;8;1003.5;8;10.1;22;3.0;22;6.2;999.9;24.7;18.0;40.9;999.9;0;1;0;0;1;0
Resistencia_Aero;871550;2013;04;05;20.5;24;16.2;24;1009.8;8;1003.7;8;10.6;24;1.5;24;3.1;999.9;28.0;14.4;5.1;999.9;0;0;0;0;0;0
Resistencia_Aero;871550;2013;04;06;21.5;24;16.6;24;1009.9;8;1003.8;8;11.7;24;1.4;24;2.6;999.9;28.4;14.6;0.0;999.9;0;0;0;0;0;0
Resistencia_Aero;871550;2013;04;07;21.1;21;17.0;21;1014.0;8;1007.8;8;11.9;21;1.5;21;2.6;999.9;28.4;16.3;0.0;999.9;0;0;0;0;0;0
Resistencia_Aero;871550;2013;04;08;20.3;19;15.3;19;1015.8;8;1009.6;8;11.4;19;1.3;19;3.1;999.9;27.5;13.5;0.0;999.9;0;0;0;0;0;0
Resistencia_Aero;871550;2013;04;09;19.9;22;15.3;22;1015.0;8;1008.8;8;11.1;22;1.6;22;4.1;999.9;27.6;12.2;0.0;999.9;0;0;0;0;0;0
Resistencia_Aero;871550;2013;04;10;23.4;24;19.0;24;1010.4;8;1004.3;8;10.9;24;2.3;24;3.6;999.9;31.0;17.0;0.0;999.9;0;0;0;0;0;0
Resistencia_Aero;871550;2013;04;11;26.0;23;22.4;23;1004.8;8;998.9;8;10.9;23;4.1;22;9.3;999.9;32.0;21.4;999.9;999.9;0;1;0;0;1;0
Resistencia_Aero;871550;2013;04;12;20.0;22;18.3;22;1009.4;8;1003.4;8;11.1;22;3.6;22;7.2;999.9;31.8;18.0;49.0;999.9;0;1;0;0;1;0
Resistencia_Aero;871550;2013;04;13;17.8;22;12.7;22;1018.5;8;1012.3;8;11.9;22;1.6;22;3.1;999.9;22.2;12.9;0.0;999.9;0;0;0;0;0;0
Resistencia_Aero;871550;2013;04;14;15.9;24;10.0;24;1018.4;8;1012.2;8;9.7;24;1.0;24;4.1;999.9;24.0;8.5;0.0;999.9;0;0;0;0;0;0
Resistencia_Aero;871550;2013;04;15;18.1;24;11.9;24;1018.2;8;1012.0;8;10.5;23;0.5;23;2.6;999.9;27.8;9.0;0.0;999.9;0;0;0;0;0;0
Resistencia_Aero;871550;2013;04;16;18.8;21;15.0;21;1017.2;8;1011.0;8;9.5;21;0.3;21;1.5;999.9;28.3;12.7;0.0;999.9;0;0;0;0;0;0
Resistencia_Aero;871550;2013;04;17;19.7;24;15.1;24;1017.4;8;1011.2;8;9.2;24;0.6;24;2.1;999.9;28.3;12.7;0.0;999.9;0;0;0;0;0;0
Resistencia_Aero;871550;2013;04;18;17.8;24;12.7;24;1016.8;8;1010.6;8;10.3;24;0.9;24;3.1;999.9;27.4;9.8;0.0;999.9;0;0;0;0;0;0
Resistencia_Aero;871550;2013;04;19;19.7;20;13.4;20;1017.0;8;1010.8;8;9.3;20;1.2;20;2.6;999.9;28.0;9.8;0.0;999.9;0;0;0;0;0;0
Resistencia_Aero;871550;2013;04;20;20.5;24;15.3;23;1017.3;8;1011.1;8;9.3;24;1.3;24;3.6;999.9;28.0;12.0;0.0;999.9;0;0;0;0;0;0
Resistencia_Aero;871550;2013;04;21;20.6;24;16.1;24;1017.0;8;1010.8;8;7.1;24;1.0;24;3.1;999.9;29.0;13.0;0.0;999.9;0;0;0;0;0;0
Resistencia_Aero;871550;2013;04;22;21.5;21;17.1;21;1017.7;8;1011.6;8;10.5;21;1.6;21;3.1;999.9;29.3;14.9;0.0;999.9;0;0;0;0;0;0
Resistencia_Aero;871550;2013;04;23;22.2;21;17.0;21;1018.5;8;1012.4;8;10.9;21;1.9;21;3.1;999.9;29.2;16.0;0.0;999.9;0;0;0;0;0;0
Resistencia_Aero;871550;2013;04;24;22.5;22;16.7;22;1017.5;8;1011.5;8;11.3;22;2.4;22;4.1;999.9;29.1;16.4;0.0;999.9;0;0;0;0;0;0
Resistencia_Aero;871550;2013;04;25;22.1;23;15.1;23;1015.2;8;1009.1;8;10.3;23;2.4;23;4.1;999.9;29.7;15.5;0.0;999.9;0;0;0;0;0;0
Resistencia_Aero;871550;2013;04;26;22.3;24;15.8;24;1013.1;8;1007.0;8;10.1;24;2.3;24;3.6;999.9;30.4;14.5;0.0;999.9;0;0;0;0;0;0
Resistencia_Aero;871550;2013;04;27;24.4;22;19.3;22;1010.2;8;1004.1;8;9.7;22;3.1;22;11.0;999.9;32.1;19.5;0.0;999.9;0;0;0;0;0;0
Resistencia_Aero;871550;2013;04;28;25.5;23;20.7;23;1010.3;8;1004.3;8;11.3;23;3.0;23;5.1;999.9;33.0;22.3;999.9;999.9;0;1;0;0;1;0
Resistencia_Aero;871550;2013;04;29;23.1;20;21.8;20;1011.2;8;1005.2;8;9.5;20;1.6;20;3.6;999.9;33.3;20.6;35.1;999.9;0;1;0;0;1;0
Resistencia_Aero;871550;2013;04;30;22.4;19;21.2;19;1012.2;7;1006.2;7;11.3;19;2.8;19;5.7;999.9;28.6;21.0;0.0;999.9;0;1;0;0;1;0
Resistencia_Aero;871550;2013;05;01;25.8;23;21.4;23;1010.6;8;1004.5;8;11.7;23;3.3;22;4.6;999.9;32.4;19.8;47.0;999.9;0;0;0;0;1;0
Resistencia_Aero;871550;2013;05;02;28.8;13;21.4;13;1007.9;6;1002.0;6;12.4;13;4.5;13;8.2;999.9;32.8;21.9;0.0;999.9;0;0;0;0;0;0
Resistencia_Aero;871550;2013;05;03;26.9;24;21.4;24;1006.7;8;1000.8;8;12.2;24;4.2;24;7.2;999.9;32.9;23.0;0.0;999.9;0;0;0;0;1;0
Resistencia_Aero;871550;2013;05;04;21.5;18;17.9;18;1012.5;8;1006.4;8;12.7;18;2.4;18;4.1;999.9;32.4;17.5;0.0;999.9;0;0;0;0;0;0
Resistencia_Aero;871550;2013;05;05;18.5;22;14.9;22;1018.7;8;1012.6;8;12.1;22;1.4;22;4.1;999.9;24.2;14.0;0.0;999.9;0;0;0;0;0;0
Resistencia_Aero;871550;2013;05;06;15.8;21;12.4;21;1018.2;8;1012.0;8;7.7;21;0.8;21;3.1;999.9;24.4;9.7;0.0;999.9;0;0;0;0;0;0
Resistencia_Aero;871550;2013;05;07;16.3;23;11.0;23;1022.1;8;1015.8;8;10.5;23;1.3;23;5.7;999.9;25.0;12.0;0.0;999.9;0;0;0;0;0;0
Resistencia_Aero;871550;2013;05;08;15.9;20;8.3;20;1018.2;8;1011.9;8;11.3;20;2.8;20;5.7;999.9;24.0;8.6;0.0;999.9;0;0;0;0;0;0
Resistencia_Aero;871550;2013;05;09;17.4;24;11.4;24;1015.3;8;1009.0;8;11.6;24;3.2;24;5.7;999.9;26.2;10.5;0.0;999.9;0;0;0;0;0;0
Resistencia_Aero;871550;2013;05;10;20.2;24;13.6;24;1011.9;8;1005.8;8;10.6;24;3.8;24;6.2;999.9;29.0;13.5;0.0;999.9;0;0;0;0;0;0
Resistencia_Aero;871550;2013;05;11;22.9;24;16.2;24;1011.4;7;1005.4;7;10.3;23;3.4;24;6.2;999.9;31.0;17.2;999.9;999.9;0;1;0;0;1;0
Resistencia_Aero;871550;2013;05;12;20.3;22;19.6;22;1011.5;8;1005.4;8;10.0;22;2.7;22;4.6;999.9;30.8;19.4;37.1;999.9;0;1;0;0;1;0
Resistencia_Aero;871550;2013;05;13;20.3;22;19.5;22;1012.1;8;1005.9;8;8.5;22;0.9;22;2.6;999.9;22.0;19.0;2.0;999.9;0;1;0;0;0;0
Resistencia_Aero;871550;2013;05;14;20.5;15;19.5;15;1011.6;8;1005.5;8;8.7;15;0.9;15;2.6;999.9;23.0;18.6;0.0;999.9;0;1;0;0;0;0
Resistencia_Aero;871550;2013;05;15;18.6;17;16.9;17;1011.4;8;1005.2;8;7.1;17;3.2;17;6.7;999.9;24.2;14.0;0.0;999.9;0;1;0;0;0;0
Resistencia_Aero;871550;2013;05;16;11.6;19;2.8;19;1024.5;8;1018.1;8;12.1;19;2.3;19;4.6;999.9;21.7;5.3;2.0;999.9;0;0;0;0;0;0
Resistencia_Aero;871550;2013;05;17;10.8;22;6.2;22;1023.9;8;1017.6;8;12.1;22;1.0;22;3.6;999.9;16.4;5.8;0.0;999.9;0;0;0;0;0;0
Resistencia_Aero;871550;2013;05;18;12.7;22;10.3;22;1019.8;8;1013.5;8;9.3;21;1.5;22;4.6;999.9;17.4;11.0;20.1;999.9;0;1;0;0;1;0
Resistencia_Aero;871550;2013;05;19;14.2;20;13.1;20;1019.6;8;1013.3;8;11.1;20;2.6;20;4.1;999.9;15.5;10.9;5.1;999.9;0;1;0;0;0;0
Resistencia_Aero;871550;2013;05;20;14.6;24;12.9;24;1020.2;8;1013.9;8;11.7;24;1.4;24;2.6;999.9;16.0;13.4;0.0;999.9;0;1;0;0;0;0
Resistencia_Aero;871550;2013;05;21;15.8;24;14.2;24;1016.5;8;1010.2;8;11.9;24;0.5;24;2.1;999.9;18.2;13.8;0.0;999.9;0;1;0;0;0;0
Resistencia_Aero;871550;2013;05;22;15.8;21;13.4;21;1018.0;8;1011.8;8;12.2;21;1.7;21;4.1;999.9;18.5;14.3;0.5;999.9;0;1;0;0;0;0
Resistencia_Aero;871550;2013;05;23;14.3;22;12.2;22;1018.7;8;1012.4;8;12.6;22;1.6;22;3.6;999.9;18.3;13.0;0.0;999.9;0;0;0;0;0;0
Resistencia_Aero;871550;2013;05;24;16.3;17;12.7;17;1020.2;7;1014.0;7;12.2;17;2.4;17;4.6;999.9;20.0;13.0;0.0;999.9;0;0;0;0;0;0
Resistencia_Aero;871550;2013;05;25;13.8;22;10.9;22;1019.8;8;1013.5;8;9.5;22;1.4;22;3.1;999.9;21.0;8.0;0.0;999.9;1;0;0;0;0;0
Resistencia_Aero;871550;2013;05;26;17.2;22;14.3;22;1014.3;8;1008.1;8;11.6;22;1.5;22;3.6;999.9;24.0;10.9;0.0;999.9;0;0;0;0;0;0
Resistencia_Aero;871550;2013;05;27;18.9;24;16.1;24;1009.9;7;1003.8;7;7.6;24;1.4;23;3.1;999.9;26.0;13.0;0.0;999.9;1;0;0;0;0;0
Resistencia_Aero;871550;2013;05;28;21.8;23;19.1;23;1001.0;8;994.9;8;10.3;23;2.3;23;4.1;999.9;29.0;17.6;0.0;999.9;0;0;0;0;0;0
Resistencia_Aero;871550;2013;05;29;19.7;22;16.2;22;1003.4;7;997.4;7;9.3;22;2.5;22;9.3;999.9;29.5;15.0;9.9;999.9;0;1;0;0;1;0
Resistencia_Aero;871550;2013;05;30;13.6;24;8.2;24;1016.9;8;1010.6;8;11.3;24;1.2;24;3.6;999.9;22.2;6.8;0.8;999.9;0;0;0;0;0;0
Resistencia_Aero;871550;2013;05;31;14.8;23;9.1;23;1012.2;8;1006.0;8;11.4;23;2.7;23;5.1;999.9;22.7;9.0;0.0;999.9;0;0;0;0;0;0
Resistencia_Aero;871550;2013;06;01;19.9;19;15.6;19;1009.7;8;1003.6;8;10.6;19;1.2;19;2.6;999.9;26.0;12.4;0.0;999.9;0;0;0;0;0;0
Resistencia_Aero;871550;2013;06;02;17.1;21;13.3;21;1015.6;8;1009.5;8;9.8;21;1.9;21;4.6;999.9;26.3;8.8;0.0;999.9;0;0;0;0;0;0
Resistencia_Aero;871550;2013;06;03;14.4;23;9.0;23;1020.6;8;1014.3;8;10.3;23;0.6;23;2.1;999.9;23.8;6.9;0.0;999.9;0;0;0;0;0;0
Resistencia_Aero;871550;2013;06;04;14.9;21;10.3;21;1018.4;7;1012.2;7;7.9;21;1.3;21;3.6;999.9;25.0;6.0;0.0;999.9;1;0;0;0;0;0
Resistencia_Aero;871550;2013;06;05;18.1;22;13.9;22;1014.4;8;1008.2;8;9.7;22;2.7;22;6.2;999.9;27.0;10.0;0.0;999.9;1;0;0;0;0;0
Resistencia_Aero;871550;2013;06;06;18.1;24;13.1;24;1017.0;7;1010.9;7;10.3;24;2.0;24;4.6;999.9;27.2;14.0;0.0;999.9;0;0;0;0;0;0
Resistencia_Aero;871550;2013;06;07;16.6;23;11.7;23;1017.7;8;1011.4;8;11.3;23;2.2;23;3.6;999.9;27.0;10.8;0.0;999.9;0;0;0;0;0;0
Resistencia_Aero;871550;2013;06;08;19.4;23;16.1;23;1020.3;8;1014.1;8;9.8;23;1.8;23;3.1;999.9;26.8;13.6;0.0;999.9;0;0;0;0;0;0
Resistencia_Aero;871550;2013;06;09;17.6;15;17.1;15;1016.4;5;1010.2;5;7.2;15;3.1;15;8.2;999.9;20.0;16.6;0.0;999.9;0;1;0;0;1;0
Resistencia_Aero;871550;2013;06;10;17.3;24;16.1;24;1017.0;8;1010.8;8;8.5;19;1.6;24;6.2;999.9;21.6;14.0;37.1;999.9;1;1;0;0;1;0
Resistencia_Aero;871550;2013;06;11;17.3;22;15.6;22;1018.6;8;1012.4;8;6.9;20;1.2;21;2.6;999.9;23.5;12.6;0.0;999.9;1;0;0;0;0;0
Resistencia_Aero;871550;2013;06;12;20.4;24;17.5;24;1018.2;7;1012.1;7;8.4;24;1.5;24;3.1;999.9;27.1;14.3;0.0;999.9;1;0;0;0;0;0
Resistencia_Aero;871550;2013;06;13;20.7;23;15.9;23;1017.1;8;1011.0;8;10.6;22;2.2;23;5.1;999.9;27.5;15.0;0.0;999.9;0;0;0;0;0;0
Resistencia_Aero;871550;2013;06;14;17.3;23;14.4;23;1016.1;8;1009.9;8;7.9;23;2.8;23;6.2;999.9;27.0;14.8;0.0;999.9;0;1;0;0;1;0
Resistencia_Aero;871550;2013;06;15;15.2;20;14.2;20;1017.1;7;1010.9;7;8.4;20;2.1;20;3.1;999.9;18.2;13.0;43.9;999.9;1;1;0;0;0;0
Resistencia_Aero;871550;2013;06;16;16.1;23;15.1;23;1012.8;8;1006.5;8;6.8;23;1.8;23;4.1;999.9;19.0;14.0;0.0;999.9;0;1;0;0;0;0
Resistencia_Aero;871550;2013;06;17;15.4;23;14.4;23;1016.9;8;1010.7;8;7.6;23;2.1;23;4.1;999.9;19.0;14.5;0.0;999.9;0;1;0;0;0;0
Resistencia_Aero;871550;2013;06;18;15.3;20;14.6;20;1014.6;7;1008.4;7;4.2;20;2.0;19;4.6;999.9;17.0;13.2;0.0;999.9;1;1;0;0;0;0
Resistencia_Aero;871550;2013;06;19;14.6;23;12.2;23;1017.6;8;1011.3;8;11.7;23;3.7;23;6.2;999.9;17.1;13.0;5.1;999.9;0;1;0;0;0;0
Resistencia_Aero;871550;2013;06;20;10.3;24;7.3;24;1019.2;6;1012.9;6;11.1;24;3.8;24;5.7;999.9;15.3;9.0;0.0;999.9;0;1;0;0;1;0
Resistencia_Aero;871550;2013;06;21;10.2;20;8.5;20;1014.0;6;1007.7;6;7.1;19;3.7;20;5.1;999.9;15.2;9.0;11.9;999.9;0;1;0;0;0;0
Resistencia_Aero;871550;2013;06;22;9.9;24;8.1;24;1015.2;8;1008.9;8;10.3;24;3.0;24;5.1;999.9;15.7;5.8;0.0;999.9;0;0;0;0;0;0
Resistencia_Aero;871550;2013;06;23;9.9;23;8.1;23;1018.2;7;1011.8;7;5.5;23;1.2;23;3.1;999.9;16.0;4.7;0.0;999.9;1;0;0;0;0;0
Resistencia_Aero;871550;2013;06;24;13.8;23;11.1;23;1016.7;8;1010.4;8;11.7;23;2.1;23;3.6;999.9;17.0;7.7;0.0;999.9;0;0;0;0;0;0
Resistencia_Aero;871550;2013;06;25;11.9;24;9.9;24;1017.6;8;1011.3;8;10.0;24;1.6;24;4.6;999.9;18.0;9.9;0.0;999.9;0;0;0;0;0;0
Resistencia_Aero;871550;2013;06;26;10.3;23;7.2;23;1018.2;8;1011.9;8;8.9;23;0.9;23;3.1;999.9;18.0;3.8;0.0;999.9;1;0;0;0;0;0
Resistencia_Aero;871550;2013;06;27;11.1;23;9.2;23;1017.0;8;1010.7;8;7.7;23;1.5;23;4.1;999.9;18.2;4.4;0.0;999.9;0;0;0;0;0;0
Resistencia_Aero;871550;2013;06;28;17.6;23;16.4;23;1009.2;8;1003.0;8;8.9;23;1.9;23;4.6;999.9;23.0;9.6;0.0;999.9;1;1;0;0;0;0
Resistencia_Aero;871550;2013;06;29;17.7;15;14.2;15;1012.2;8;1006.0;8;10.6;15;2.7;15;4.1;999.9;24.9;14.0;1.0;999.9;0;0;0;0;0;0
Resistencia_Aero;871550;2013;06;30;13.5;20;8.6;19;1017.4;7;1011.1;7;9.8;20;2.1;20;4.6;999.9;20.5;7.5;0.0;999.9;1;0;0;0;0;0
Resistencia_Aero;871550;2013;07;01;13.9;17;6.3;17;1021.4;8;1015.1;8;11.6;17;1.6;16;3.1;999.9;21.2;3.5;0.0;999.9;0;0;0;0;0;0
Resistencia_Aero;871550;2013;07;02;11.6;23;7.8;23;1018.8;8;1012.5;8;7.6;23;1.6;23;5.1;999.9;22.4;3.3;0.0;999.9;0;0;0;0;0;0
Resistencia_Aero;871550;2013;07;03;18.6;23;15.1;23;1012.6;8;1006.4;8;11.9;23;3.7;23;6.7;999.9;25.0;9.0;0.0;999.9;0;0;0;0;0;0
Resistencia_Aero;871550;2013;07;04;21.5;22;19.4;22;1010.5;8;1004.4;8;9.8;22;2.6;22;4.6;999.9;27.0;16.4;0.0;999.9;0;1;0;0;1;0
Resistencia_Aero;871550;2013;07;05;23.8;23;20.6;23;1011.4;8;1005.4;8;10.8;22;3.4;23;9.3;999.9;29.5;19.9;3.0;999.9;0;0;0;0;0;0
Resistencia_Aero;871550;2013;07;06;25.2;21;20.1;21;1010.3;8;1004.3;8;11.9;21;3.5;21;7.7;999.9;31.0;21.2;0.0;999.9;0;0;0;0;0;0
Resistencia_Aero;871550;2013;07;07;15.8;21;15.1;21;1017.3;7;1011.2;7;6.9;21;3.6;21;6.2;999.9;21.2;13.0;15.0;999.9;0;1;0;0;1;0
Resistencia_Aero;871550;2013;07;08;13.5;23;9.3;23;1024.7;8;1018.4;8;11.9;23;3.7;23;5.7;999.9;17.0;10.6;2.0;999.9;0;1;0;0;0;0
Resistencia_Aero;871550;2013;07;09;15.6;23;13.4;23;1019.6;8;1013.3;8;11.1;23;2.4;23;6.2;999.9;19.0;11.6;0.0;999.9;0;0;0;0;0;0
Resistencia_Aero;871550;2013;07;10;20.3;23;16.4;23;1015.5;9;1009.3;9;6.0;23;2.7;23;7.2;999.9;28.0;13.7;0.0;999.9;1;0;0;0;0;0
Resistencia_Aero;871550;2013;07;11;22.6;23;17.1;23;1013.4;8;1007.3;8;11.4;23;3.9;23;6.2;999.9;29.0;16.6;0.0;999.9;0;0;0;0;0;0
Resistencia_Aero;871550;2013;07;12;20.8;24;18.2;24;1015.3;8;1009.2;8;10.6;21;2.4;23;4.6;999.9;28.8;18.0;0.0;999.9;0;0;0;0;0;0
Resistencia_Aero;871550;2013;07;13;18.4;18;17.8;18;1015.4;6;1009.3;6;9.8;18;1.3;18;3.6;999.9;23.0;17.8;2.0;999.9;0;1;0;0;1;0
Resistencia_Aero;871550;2013;07;14;18.8;20;18.4;20;1016.3;8;1010.1;8;5.3;20;1.6;20;4.6;999.9;20.3;17.0;2.0;999.9;1;1;0;0;0;0
Resistencia_Aero;871550;2013;07;15;15.6;22;11.4;22;1021.0;8;1014.8;8;8.7;22;1.4;22;3.1;999.9;20.2;10.3;1.0;999.9;1;1;0;0;0;0
Resistencia_Aero;871550;2013;07;16;13.5;23;8.4;23;1019.7;6;1013.5;6;9.7;23;1.2;23;4.1;999.9;23.0;5.5;0.0;999.9;1;0;0;0;0;0
Resistencia_Aero;871550;2013;07;17;18.4;24;13.2;24;1014.0;8;1007.7;8;11.4;24;2.4;24;4.6;999.9;26.8;11.0;0.0;999.9;0;0;0;0;0;0
Resistencia_Aero;871550;2013;07;18;20.3;23;15.6;23;1008.2;7;1002.2;7;11.6;22;4.4;23;12.3;15.4;27.0;15.6;0.0;999.9;0;0;0;0;0;0
Resistencia_Aero;871550;2013;07;19;11.2;23;4.9;23;1019.4;8;1013.1;8;12.2;23;6.5;22;12.3;999.9;26.0;8.0;0.0;999.9;0;0;0;0;0;0
Resistencia_Aero;871550;2013;07;20;10.0;22;6.3;22;1012.0;8;1005.6;8;11.6;22;1.2;22;2.6;999.9;16.0;5.9;0.0;999.9;0;1;0;0;0;0
Resistencia_Aero;871550;2013;07;21;8.8;24;2.3;24;1017.5;8;1011.1;8;11.9;24;2.6;24;8.2;999.9;13.6;4.6;0.0;999.9;0;0;0;0;0;0
Resistencia_Aero;871550;2013;07;22;4.9;23;-0.5;21;1026.2;8;1019.7;8;11.9;23;2.7;23;7.2;999.9;13.6;-2.0;0.0;999.9;0;0;0;0;0;0
Resistencia_Aero;871550;2013;07;23;5.2;24;-1.6;23;1028.7;8;1022.2;8;10.6;24;1.5;24;3.1;999.9;13.0;-3.0;0.0;999.9;0;0;0;0;0;0
Resistencia_Aero;871550;2013;07;24;6.8;20;-0.5;20;1028.6;8;1022.1;8;9.3;20;1.0;20;3.6;999.9;16.0;-2.0;0.0;999.9;1;0;0;0;0;0
Resistencia_Aero;871550;2013;07;25;9.5;21;1.2;21;1027.5;8;1021.1;8;10.8;21;2.7;21;5.7;999.9;17.0;1.0;0.0;999.9;0;0;0;0;0;0
Resistencia_Aero;871550;2013;07;26;13.8;19;4.7;19;1024.0;8;1017.7;8;10.5;18;4.2;19;8.2;999.9;21.2;5.5;0.0;999.9;0;0;0;0;0;0
Resistencia_Aero;871550;2013;07;27;13.7;19;9.4;18;1020.1;8;1013.9;8;9.2;19;1.8;19;4.1;999.9;23.1;5.6;0.0;999.9;0;0;0;0;0;0
Resistencia_Aero;871550;2013;07;28;15.6;23;11.8;22;1019.1;7;1012.9;7;5.8;23;1.3;23;3.1;999.9;26.0;7.5;0.0;999.9;1;0;0;0;0;0
Resistencia_Aero;871550;2013;07;29;21.1;22;14.7;22;1018.0;8;1011.9;8;10.8;22;2.9;22;4.1;999.9;30.1;13.5;0.0;999.9;0;0;0;0;0;0
Resistencia_Aero;871550;2013;07;30;21.7;20;16.1;20;1015.7;7;1009.6;7;9.3;20;3.5;20;6.2;999.9;30.8;16.4;0.0;999.9;0;0;0;0;0;0
Resistencia_Aero;871550;2013;07;31;22.1;24;14.0;24;1010.8;8;1004.8;8;9.7;24;3.8;24;7.7;999.9;31.2;13.2;0.0;999.9;0;0;0;0;0;0
Resistencia_Aero;871550;2013;08;01;21.7;20;14.8;20;9999.9;0;9999.9;0;7.7;16;3.6;20;5.1;999.9;29.0;14.2;0.0;999.9;0;0;0;0;0;0
Resistencia_Aero;871550;2013;08;02;14.4;23;12.8;23;1014.7;4;1008.6;4;9.2;23;4.7;23;6.7;999.9;28.9;12.4;0.8;999.9;0;1;0;0;1;0
Resistencia_Aero;871550;2013;08;03;13.0;22;10.6;22;1017.0;4;1010.7;4;10.9;22;2.7;22;4.1;999.9;15.7;11.7;0.0;999.9;0;0;0;0;0;0
Resistencia_Aero;871550;2013;08;04;13.6;24;10.6;24;1017.8;4;1011.6;4;10.3;18;2.5;24;6.7;999.9;18.3;8.6;0.0;999.9;0;0;0;0;0;0
Resistencia_Aero;871550;2013;08;05;7.8;14;6.7;14;1015.7;4;1009.4;4;2.1;14;0.3;14;1.5;999.9;23.6;4.0;0.0;999.9;1;0;0;0;0;0
Resistencia_Aero;871550;2013;08;06;17.7;4;11.4;4;1016.1;4;1009.9;4;13.0;4;2.2;4;4.1;999.9;24.7;9.3;0.0;999.9;0;0;0;0;0;0
Resistencia_Aero;871550;2013;08;07;27.3;9;14.6;9;1005.7;4;999.7;4;8.2;7;5.3;9;7.7;13.9;33.9;16.4;0.0;999.9;0;0;0;0;0;0
Resistencia_Aero;871550;2013;08;08;19.8;22;12.4;22;1003.8;4;997.8;4;9.2;17;4.9;22;19.0;30.0;34.4;15.0;0.0;999.9;0;0;0;0;0;0
Resistencia_Aero;871550;2013;08;09;13.4;24;6.6;24;1020.0;4;1013.7;4;10.9;21;4.8;23;7.2;999.9;21.5;11.7;0.0;999.9;0;0;0;0;0;0
Resistencia_Aero;871550;2013;08;10;10.9;16;3.8;16;1026.0;4;1019.7;4;10.9;9;2.4;16;5.1;999.9;16.3;2.1;0.0;999.9;0;0;0;0;0;0
Resistencia_Aero;871550;2013;08;11;11.7;19;4.2;19;1019.2;4;1012.8;4;11.3;4;2.6;19;4.6;999.9;20.0;2.9;0.0;999.9;0;0;0;0;0;0
Resistencia_Aero;871550;2013;08;12;13.7;23;6.5;23;1012.1;4;1005.8;4;12.6;4;2.4;23;4.1;999.9;22.0;6.2;0.0;999.9;0;0;0;0;0;0
Resistencia_Aero;871550;2013;08;13;13.4;23;7.4;23;1018.6;4;1012.4;4;10.8;20;4.3;23;7.7;999.9;21.9;9.0;0.0;999.9;0;0;0;0;0;0
Resistencia_Aero;871550;2013;08;14;6.7;23;0.4;22;1032.5;4;1026.0;4;12.2;4;2.6;22;4.1;999.9;15.4;-1.6;0.0;999.9;0;0;0;0;0;0
Resistencia_Aero;871550;2013;08;15;8.1;20;-0.1;18;9999.9;0;9999.9;0;999.9;0;2.3;20;5.1;999.9;17.0;-1.7;0.0;999.9;0;0;0;0;0;0
Resistencia_Aero;871550;2013;08;16;12.9;19;3.8;19;1021.5;4;1015.1;4;7.9;11;1.6;19;2.6;999.9;22.0;0.5;0.0;999.9;0;0;0;0;0;0
Resistencia_Aero;871550;2013;08;17;12.9;24;5.0;24;1024.0;4;1017.7;4;8.0;19;1.9;24;3.6;999.9;22.5;3.0;0.0;999.9;0;0;0;0;0;0
Resistencia_Aero;871550;2013;08;18;14.8;24;8.9;24;1019.8;4;1013.5;4;7.7;12;2.4;24;5.1;999.9;26.0;4.0;0.0;999.9;0;0;0;0;0;0
Resistencia_Aero;871550;2013;08;19;19.6;23;13.0;23;1015.2;4;1009.0;4;13.0;4;3.1;23;5.1;999.9;29.0;12.6;0.0;999.9;0;0;0;0;0;0
Resistencia_Aero;871550;2013;08;20;23.2;23;15.1;23;1012.3;4;1006.2;4;8.2;15;3.9;23;6.7;999.9;32.0;16.1;0.0;999.9;0;0;0;0;0;0
Resistencia_Aero;871550;2013;08;21;25.2;19;14.3;19;1008.2;4;1002.2;4;8.2;10;4.2;19;9.3;999.9;34.0;18.9;0.0;999.9;0;0;0;0;0;0
Resistencia_Aero;871550;2013;08;22;19.9;12;8.9;12;1006.5;4;1000.5;4;8.2;9;8.0;12;10.3;999.9;34.0;14.0;0.0;999.9;0;0;0;0;1;0
Resistencia_Aero;871550;2013;08;23;10.1;13;-0.4;13;1019.8;4;1013.5;4;10.8;7;5.0;12;6.7;999.9;12.5;8.3;0.3;999.9;1;0;0;0;0;0
Resistencia_Aero;871550;2013;08;24;8.8;24;2.2;24;1023.0;4;1016.6;4;10.6;14;3.3;24;4.6;999.9;10.9;7.0;0.0;999.9;0;1;0;0;1;0
Resistencia_Aero;871550;2013;08;25;8.1;23;7.3;23;1026.1;4;1019.7;4;7.7;23;3.7;23;5.7;999.9;10.5;6.5;9.9;999.9;0;1;0;0;0;0
Resistencia_Aero;871550;2013;08;26;8.9;24;2.4;24;1028.8;4;1022.4;4;8.9;17;4.2;24;7.7;13.4;13.0;5.3;5.1;999.9;0;1;0;0;0;0
Resistencia_Aero;871550;2013;08;27;6.4;23;-0.8;23;1029.2;4;1022.8;4;10.9;6;1.4;23;2.6;999.9;16.0;-2.6;0.0;999.9;0;0;0;0;0;0
Resistencia_Aero;871550;2013;08;28;11.1;24;2.1;24;1026.6;4;1020.2;4;11.3;5;2.6;24;4.1;999.9;21.0;2.1;0.0;999.9;0;0;0;0;0;0
Resistencia_Aero;871550;2013;08;29;13.2;24;5.6;24;1021.5;4;1015.3;4;9.0;10;2.6;24;4.1;999.9;24.1;4.6;0.0;999.9;0;0;0;0;0;0
Resistencia_Aero;871550;2013;08;30;17.9;22;9.1;22;1014.7;4;1008.5;4;8.4;9;3.0;22;6.0;999.9;28.0;10.3;0.0;999.9;0;0;0;0;0;0
Resistencia_Aero;871550;2013;08;31;23.4;23;12.7;23;1008.7;4;1002.6;4;7.7;18;3.3;23;6.2;999.9;34.3;13.4;0.0;999.9;0;0;0;0;0;0
Resistencia_Aero;871550;2013;09;01;23.9;24;16.7;24;1006.9;4;1000.9;4;6.9;16;1.6;24;4.6;999.9;34.6;13.1;0.0;999.9;0;0;0;0;0;0
Resistencia_Aero;871550;2013;09;02;22.9;23;17.7;23;1007.0;4;1001.0;4;7.7;18;2.2;23;5.1;999.9;33.5;16.0;0.0;999.9;0;0;0;0;1;0
Resistencia_Aero;871550;2013;09;03;19.0;22;12.7;22;1013.7;4;1007.6;4;6.9;17;3.3;22;7.7;999.9;30.4;14.0;0.0;999.9;0;0;0;0;0;0
Resistencia_Aero;871550;2013;09;04;15.5;21;6.7;21;1022.7;4;1016.5;4;10.8;6;2.9;21;5.1;999.9;23.5;9.9;0.0;999.9;0;0;0;0;0;0
Resistencia_Aero;871550;2013;09;05;19.2;23;11.0;23;1017.5;4;1011.4;4;8.9;11;3.3;23;6.2;999.9;30.1;11.5;0.0;999.9;0;0;0;0;0;0
Resistencia_Aero;871550;2013;09;06;25.1;23;16.6;23;1013.9;4;1007.8;4;7.6;15;4.1;23;7.2;999.9;34.0;15.1;0.0;999.9;0;0;0;0;0;0
Resistencia_Aero;871550;2013;09;07;26.5;20;16.4;20;1010.2;4;1004.3;4;8.7;8;4.3;20;7.2;999.9;36.0;19.9;0.0;999.9;0;0;0;0;0;0
Resistencia_Aero;871550;2013;09;08;27.1;22;19.2;22;1010.6;4;1004.6;4;7.1;15;2.8;22;5.1;999.9;36.0;21.9;0.0;999.9;0;0;0;0;0;0
Resistencia_Aero;871550;2013;09;09;25.4;24;18.0;24;1015.2;4;1009.2;4;11.4;5;3.0;24;5.7;999.9;34.6;18.4;0.0;999.9;0;0;0;0;0;0
Resistencia_Aero;871550;2013;09;10;29.7;18;16.4;18;1012.6;4;1006.6;4;7.7;14;5.1;18;9.3;999.9;37.0;20.0;0.0;999.9;0;0;0;0;0;0
Resistencia_Aero;871550;2013;09;11;29.3;24;13.6;24;1008.9;4;1003.0;4;7.2;17;5.3;24;10.8;999.9;37.6;22.0;0.0;999.9;0;0;0;0;0;0
Resistencia_Aero;871550;2013;09;12;29.0;24;14.2;24;1005.6;4;999.8;4;7.6;12;4.8;24;9.3;999.9;38.0;21.0;0.0;999.9;0;0;0;0;0;0
Resistencia_Aero;871550;2013;09;13;20.6;23;15.1;23;1009.6;4;1003.6;4;7.1;18;4.6;23;6.2;999.9;28.2;14.0;0.0;999.9;0;0;0;0;0;0
Resistencia_Aero;871550;2013;09;14;14.5;24;13.4;24;1015.2;4;1009.1;4;7.7;24;3.2;24;5.1;999.9;21.2;12.0;8.9;999.9;0;1;0;0;1;0
Resistencia_Aero;871550;2013;09;15;13.5;21;12.3;21;1015.2;4;1008.9;4;8.5;21;3.1;21;4.1;999.9;16.4;12.0;7.9;999.9;0;1;0;0;1;0
Resistencia_Aero;871550;2013;09;16;12.6;23;10.5;23;1014.3;4;1007.9;4;10.8;23;4.1;23;6.7;999.9;15.7;11.0;2.0;999.9;0;1;0;0;0;0
Resistencia_Aero;871550;2013;09;17;11.8;18;6.2;18;1019.2;4;1012.9;4;11.3;16;4.4;18;7.7;999.9;16.3;7.4;0.0;999.9;0;0;0;0;0;0
Resistencia_Aero;871550;2013;09;18;10.3;22;3.4;22;1022.8;4;1016.4;4;7.7;12;1.5;22;3.6;999.9;19.0;2.0;0.0;999.9;0;0;0;0;0;0
Resistencia_Aero;871550;2013;09;19;13.0;24;4.5;24;1022.2;4;1015.9;4;9.5;7;2.5;24;5.7;999.9;22.0;3.7;0.0;999.9;0;0;0;0;0;0
Resistencia_Aero;871550;2013;09;20;20.6;19;9.7;19;1011.0;4;1004.7;4;9.7;11;2.4;18;4.1;999.9;28.0;11.1;0.0;999.9;0;0;0;0;0;0
Resistencia_Aero;871550;2013;09;21;18.9;19;12.9;19;1006.5;5;1000.4;5;9.8;16;4.2;19;6.2;999.9;28.6;14.9;7.1;999.9;0;1;0;0;1;0
Resistencia_Aero;871550;2013;09;22;15.3;22;11.3;22;1013.2;4;1007.0;4;10.9;17;6.3;22;10.3;15.4;25.1;12.6;0.5;999.9;0;1;0;0;1;0
Resistencia_Aero;871550;2013;09;23;12.7;23;7.1;23;1025.0;4;1018.7;4;10.6;22;4.6;23;8.2;999.9;18.0;7.6;0.0;999.9;0;0;0;0;0;0
Resistencia_Aero;871550;2013;09;24;10.9;23;3.5;22;1028.8;4;1022.4;4;12.4;7;2.6;23;5.1;999.9;18.6;2.6;0.0;999.9;0;0;0;0;0;0
Resistencia_Aero;871550;2013;09;25;12.2;21;6.5;21;1025.1;4;1018.7;4;9.8;13;2.7;21;6.2;999.9;20.0;1.9;0.0;999.9;0;0;0;0;0;0
Resistencia_Aero;871550;2013;09;26;16.3;24;9.1;24;1016.8;6;1010.5;6;9.5;13;2.8;24;6.2;999.9;26.0;6.4;0.0;999.9;0;0;0;0;0;0
Resistencia_Aero;871550;2013;09;27;19.4;23;12.8;23;1012.3;4;1006.2;4;8.7;11;2.9;23;6.2;999.9;26.5;15.0;999.9;999.9;0;1;0;0;0;0
Resistencia_Aero;871550;2013;09;28;22.3;17;17.9;17;1011.6;4;1005.5;4;8.7;16;2.7;17;7.2;999.9;27.3;16.3;0.8;999.9;0;1;0;0;1;0
Resistencia_Aero;871550;2013;09;29;15.4;23;12.6;23;1017.0;4;1010.8;4;10.9;15;3.9;23;6.7;999.9;28.4;11.6;0.0;999.9;0;0;0;0;0;0
Resistencia_Aero;871550;2013;09;30;13.3;18;9.2;18;1017.8;4;1011.4;4;10.6;14;4.2;17;5.7;999.9;19.0;9.1;3.0;999.9;0;1;0;0;1;0
Resistencia_Aero;871550;2013;10;01;14.2;21;8.6;21;1016.5;4;1010.2;4;5.8;12;1.9;21;4.1;999.9;24.0;5.0;0.0;999.9;0;0;0;0;0;0
Resistencia_Aero;871550;2013;10;02;17.2;22;9.2;22;1015.1;4;1008.9;4;11.4;6;1.9;22;4.6;999.9;26.0;8.4;0.0;999.9;0;0;0;0;0;0
Resistencia_Aero;871550;2013;10;03;21.3;21;13.1;21;1012.2;5;1006.1;5;11.6;12;2.1;21;5.7;999.9;30.0;13.0;0.0;999.9;0;0;0;0;0;0
Resistencia_Aero;871550;2013;10;04;19.2;18;9.8;18;1018.0;4;1011.8;4;11.3;9;4.8;18;9.3;999.9;30.6;13.2;0.0;999.9;0;0;0;0;0;0
Resistencia_Aero;871550;2013;10;05;16.6;23;9.6;23;1019.7;4;1013.5;4;10.8;9;2.1;23;4.6;999.9;25.6;7.0;0.0;999.9;0;0;0;0;0;0
Resistencia_Aero;871550;2013;10;06;17.8;21;10.2;21;1020.1;4;1013.9;4;13.0;4;3.1;21;6.7;999.9;25.9;8.2;0.0;999.9;0;0;0;0;0;0
Resistencia_Aero;871550;2013;10;07;20.9;22;10.3;22;1019.8;4;1013.6;4;13.0;5;3.9;22;5.1;999.9;29.0;13.3;0.0;999.9;0;0;0;0;0;0
Resistencia_Aero;871550;2013;10;08;23.4;21;13.5;21;1016.3;4;1010.2;4;6.4;14;3.6;21;7.2;999.9;31.3;11.9;0.0;999.9;0;0;0;0;0;0
Resistencia_Aero;871550;2013;10;09;25.7;24;14.4;24;1011.5;4;1005.5;4;8.7;12;4.4;24;7.2;999.9;35.0;17.6;0.0;999.9;0;0;0;0;0;0
Resistencia_Aero;871550;2013;10;10;23.7;22;18.7;22;1012.8;4;1006.8;4;8.2;19;4.1;22;7.7;999.9;35.3;18.9;22.1;999.9;0;1;0;0;1;0
Resistencia_Aero;871550;2013;10;11;23.6;24;19.3;24;1012.8;4;1006.8;4;10.5;16;1.9;24;3.6;999.9;29.1;17.9;0.0;999.9;0;1;0;0;1;0
Resistencia_Aero;871550;2013;10;12;21.5;21;19.8;21;9999.9;0;9999.9;0;10.0;21;2.5;21;12.4;999.9;29.4;18.9;13.0;999.9;0;1;0;0;1;0
Resistencia_Aero;871550;2013;10;13;21.9;23;18.9;23;1012.7;5;1006.5;5;8.7;19;0.8;23;2.6;999.9;28.0;15.9;0.0;999.9;1;0;0;0;0;0
Resistencia_Aero;871550;2013;10;14;23.1;24;19.5;24;1014.1;4;1008.1;4;10.3;12;1.3;24;3.1;999.9;28.0;18.0;0.0;999.9;0;0;0;0;0;0
Resistencia_Aero;871550;2013;10;15;23.3;24;18.6;24;1016.3;4;1010.2;4;8.9;13;1.6;24;5.1;999.9;28.0;16.9;0.0;999.9;0;0;0;0;0;0
Resistencia_Aero;871550;2013;10;16;23.6;22;16.4;22;1014.3;4;1008.2;4;10.5;11;1.2;22;2.6;999.9;31.0;15.4;0.0;999.9;0;0;0;0;0;0
Resistencia_Aero;871550;2013;10;17;21.9;22;16.1;22;1012.4;4;1006.4;4;10.3;7;2.0;22;4.6;999.9;30.7;15.4;0.0;999.9;0;0;0;0;0;0
Resistencia_Aero;871550;2013;10;18;22.6;24;14.9;24;1011.7;4;1005.6;4;10.9;12;1.4;24;4.1;999.9;31.1;13.1;0.0;999.9;0;0;0;0;0;0
Resistencia_Aero;871550;2013;10;19;24.8;24;15.1;24;1009.2;4;1003.2;4;6.1;10;2.2;24;4.1;999.9;33.0;14.8;0.0;999.9;0;0;0;0;0;0
Resistencia_Aero;871550;2013;10;20;26.9;24;16.7;24;1002.3;4;996.4;4;10.6;9;4.5;24;9.3;999.9;36.1;18.0;0.0;999.9;0;0;0;0;0;0
Resistencia_Aero;871550;2013;10;21;25.0;21;19.4;21;1007.4;4;1001.5;4;9.8;18;4.1;21;6.7;17.5;36.5;18.0;6.1;999.9;0;1;0;0;1;0
Resistencia_Aero;871550;2013;10;22;21.4;24;14.9;24;1010.7;4;1004.6;4;14.0;5;2.6;24;5.7;999.9;29.0;12.1;0.3;999.9;0;0;0;0;0;0
Resistencia_Aero;871550;2013;10;23;27.0;24;21.8;24;1004.7;4;998.7;4;10.9;15;2.8;24;5.1;999.9;34.0;20.0;0.0;999.9;0;0;0;0;0;0
Resistencia_Aero;871550;2013;10;24;23.2;23;21.4;23;1011.2;4;1005.1;4;6.6;23;2.9;23;13.4;26.3;35.5;20.8;67.1;999.9;0;1;0;0;1;0
Resistencia_Aero;871550;2013;10;25;21.3;22;18.1;22;1016.3;4;1010.2;4;10.5;21;3.5;22;5.1;999.9;26.0;18.0;2.0;999.9;0;1;0;0;0;0
Resistencia_Aero;871550;2013;10;26;23.4;24;21.6;24;1010.7;4;1004.6;4;9.8;19;2.4;24;7.2;999.9;28.0;19.3;0.3;999.9;0;1;0;0;0;0
Resistencia_Aero;871550;2013;10;27;21.8;23;15.4;23;1015.5;4;1009.4;4;14.0;5;3.3;23;6.2;999.9;28.7;16.0;0.0;999.9;0;0;0;0;0;0
Resistencia_Aero;871550;2013;10;28;21.3;24;14.7;24;1015.6;5;1009.5;5;10.5;14;3.0;24;5.7;999.9;27.8;15.0;0.0;999.9;0;0;0;0;0;0
Resistencia_Aero;871550;2013;10;29;23.5;23;16.2;23;1009.9;4;1003.9;4;11.4;10;2.5;23;4.1;999.9;29.0;18.9;0.0;999.9;0;0;0;0;0;0
Resistencia_Aero;871550;2013;10;30;25.8;20;22.4;20;9999.9;0;9999.9;0;10.1;14;2.5;20;6.2;999.9;32.0;21.5;4.1;999.9;0;1;0;0;1;0
Resistencia_Aero;871550;2013;10;31;29.3;15;22.6;15;1005.2;4;999.3;4;13.0;6;4.7;15;18.0;999.9;33.0;23.2;0.0;999.9;0;0;0;0;0;0
Resistencia_Aero;871550;2013;11;01;29.1;20;23.1;20;1003.5;6;997.6;6;11.7;12;5.9;20;10.3;999.9;34.0;22.0;999.9;999.9;0;1;0;0;1;0
Resistencia_Aero;871550;2013;11;02;21.8;23;20.4;22;1008.8;7;1002.7;7;6.4;22;4.1;23;7.2;999.9;34.0;19.6;125.0;999.9;0;1;0;0;1;0
Resistencia_Aero;871550;2013;11;03;20.2;21;15.3;21;1015.5;8;1009.4;8;12.9;14;3.1;21;6.2;999.9;26.0;15.0;8.9;999.9;0;0;0;0;0;0
Resistencia_Aero;871550;2013;11;04;20.8;19;14.6;19;1016.0;8;1009.9;8;14.6;8;1.4;19;3.6;999.9;26.0;13.8;0.0;999.9;0;0;0;0;0;0
Resistencia_Aero;871550;2013;11;05;20.6;18;15.6;18;1015.7;7;1009.6;7;14.6;7;2.0;18;5.7;999.9;27.1;15.3;0.0;999.9;0;0;0;0;0;0
Resistencia_Aero;871550;2013;11;06;24.4;19;18.2;19;1013.7;4;1007.7;4;10.6;9;2.5;19;4.6;999.9;31.0;17.2;0.0;999.9;0;0;0;0;0;0
Resistencia_Aero;871550;2013;11;07;26.3;23;20.2;23;1011.6;4;1005.5;4;11.7;8;4.0;23;7.2;999.9;31.2;21.5;0.0;999.9;0;0;0;0;0;0
Resistencia_Aero;871550;2013;11;08;26.7;23;21.0;23;1008.6;4;1002.6;4;12.1;8;3.2;23;5.7;999.9;33.0;20.0;0.0;999.9;0;0;0;0;0;0
Resistencia_Aero;871550;2013;11;09;28.6;21;22.8;21;1001.7;4;995.8;4;10.9;8;4.0;21;6.2;999.9;35.0;23.7;0.0;999.9;0;0;0;0;0;0
Resistencia_Aero;871550;2013;11;10;30.1;24;23.3;24;997.9;4;992.0;4;11.6;12;4.6;24;8.8;999.9;35.0;26.2;0.0;999.9;0;0;0;0;0;0
Resistencia_Aero;871550;2013;11;11;22.2;23;19.9;23;1002.8;4;996.9;4;8.5;21;6.1;23;10.3;14.9;34.5;18.4;11.9;999.9;0;1;0;0;1;0
Resistencia_Aero;871550;2013;11;12;20.9;24;15.1;24;1011.3;4;1005.2;4;13.4;6;2.1;24;4.1;999.9;29.0;12.4;2.0;999.9;0;0;0;0;0;0
Resistencia_Aero;871550;2013;11;13;22.9;21;16.5;21;1014.2;4;1008.1;4;11.6;6;2.7;21;6.2;999.9;30.0;15.3;0.0;999.9;0;0;0;0;0;0
