Rio_Cuarto_Aero;874530;2013;01;01;17,4;8;7,1;8;1019,8;8;971,0;8;15,0;8;4,8;8;6,7;999,9;27,0;10,8;0,0;999,9;0;0;0;0;0;0
Rio_Cuarto_Aero;874530;2013;01;02;17,9;8;6,3;8;1017,9;8;968,9;8;15,0;8;7,3;8;10,3;999,9;26,8;8,7;0,0;999,9;0;0;0;0;0;0
Rio_Cuarto_Aero;874530;2013;01;03;22,9;18;11,5;18;1011,9;8;964,0;8;12,4;18;10,9;18;14,4;18,5;30,0;14,6;0,0;999,9;0;0;0;0;0;0
Rio_Cuarto_Aero;874530;2013;01;04;22,7;18;15,3;18;1009,4;8;961,8;8;12,7;18;6,3;18;11,3;17,5;30,0;18,0;6,1;999,9;0;1;0;0;1;0
Rio_Cuarto_Aero;874530;2013;01;05;22,7;24;16,3;24;1008,9;8;961,2;8;12,2;24;4,0;24;8,2;999,9;30,0;17,4;3,0;999,9;0;0;0;0;0;0
Rio_Cuarto_Aero;874530;2013;01;06;24,2;18;14,6;18;1005,7;8;958,6;8;12,2;18;4,7;18;10,3;12,9;31,7;19,5;0,0;999,9;0;0;0;0;0;0
Rio_Cuarto_Aero;874530;2013;01;07;25,4;23;14,9;23;1000,9;8;954,2;8;12,4;23;7,2;23;14,4;17,5;32,6;18,0;0,0;999,9;0;0;0;0;0;0
Rio_Cuarto_Aero;874530;2013;01;08;19,9;19;16,6;19;1008,7;8;961,1;8;11,1;19;4,9;19;10,3;18,5;30,6;16,0;25,9;999,9;0;1;0;0;1;0
Rio_Cuarto_Aero;874530;2013;01;09;22,4;23;14,8;23;1015,1;8;966,9;8;12,2;23;4,2;23;8,7;999,9;31,6;16,0;2,0;999,9;0;0;0;0;0;0
Rio_Cuarto_Aero;874530;2013;01;10;24,1;18;18,2;18;1014,0;8;966,5;8;12,2;18;7,1;18;10,8;999,9;32,0;19,6;0,0;999,9;0;0;0;0;0;0
Rio_Cuarto_Aero;874530;2013;01;11;26,4;21;17,9;21;1010,2;8;963,1;8;12,2;21;10,3;20;14,9;15,4;32,7;20,8;0,0;999,9;0;0;0;0;0;0
Rio_Cuarto_Aero;874530;2013;01;12;26,6;18;16,7;18;1007,4;8;960,2;8;12,6;18;8,5;18;10,8;13,4;31,2;20,1;3,0;999,9;0;1;0;0;1;0
Rio_Cuarto_Aero;874530;2013;01;13;23,8;22;16,5;22;1011,8;7;964,3;7;11,9;22;6,7;22;11,8;999,9;31,6;17,4;0,0;999,9;0;0;0;0;0;0
Rio_Cuarto_Aero;874530;2013;01;14;22,6;14;16,7;14;1013,0;8;965,4;8;12,6;14;6,1;14;10,3;12,3;30,8;18,9;3,0;999,9;0;1;0;0;1;0
Rio_Cuarto_Aero;874530;2013;01;15;24,2;8;16,2;8;1009,4;8;961,9;8;15,0;8;7,4;8;10,3;999,9;30,4;18,0;0,0;999,9;0;0;0;0;0;0
Rio_Cuarto_Aero;874530;2013;01;16;26,2;12;17,4;12;1006,2;8;959,1;8;13,0;12;4,9;12;7,7;999,9;31,3;17,2;14,0;999,9;0;1;0;0;1;0
Rio_Cuarto_Aero;874530;2013;01;17;22,4;16;18,2;16;1012,3;8;964,7;8;12,4;16;4,4;16;6,2;999,9;30,6;19,2;0,0;999,9;0;0;0;0;0;0
Rio_Cuarto_Aero;874530;2013;01;18;23,8;20;16,1;20;1015,4;8;967,5;8;12,6;20;3,9;20;7,2;999,9;29,5;17,6;0,0;999,9;0;0;0;0;0;0
Rio_Cuarto_Aero;874530;2013;01;19;23,2;15;17,0;15;1017,2;8;969,3;8;13,2;15;6,4;15;9,3;999,9;29,8;18,5;0,0;999,9;0;0;0;0;0;0
Rio_Cuarto_Aero;874530;2013;01;20;18,4;16;13,5;16;1019,8;8;971,3;8;12,7;16;3,9;16;8,2;999,9;27,8;14,7;0,0;999,9;0;0;0;0;0;0
Rio_Cuarto_Aero;874530;2013;01;21;22,3;22;13,5;22;1016,9;8;968,8;8;12,4;22;7,8;22;11,8;15,4;28,0;15,0;0,0;999,9;0;0;0;0;0;0
Rio_Cuarto_Aero;874530;2013;01;22;25,7;17;12,9;17;1014,1;8;966,4;8;12,9;17;6,4;17;11,3;999,9;30,6;17,9;0,0;999,9;0;0;0;0;0;0
Rio_Cuarto_Aero;874530;2013;01;23;25,7;18;14,9;18;1009,3;8;962,3;8;12,4;18;2,9;18;7,7;999,9;34,3;21,6;0,0;999,9;0;0;0;0;0;0
Rio_Cuarto_Aero;874530;2013;01;24;27,4;20;13,9;20;1003,3;8;956,6;8;12,7;20;5,2;20;10,3;999,9;35,0;19,2;0,0;999,9;0;0;0;0;0;0
Rio_Cuarto_Aero;874530;2013;01;25;20,1;16;12,9;16;1012,7;8;964,9;8;13,0;16;4,9;16;8,2;999,9;34,2;15,9;0,0;999,9;0;0;0;0;0;0
Rio_Cuarto_Aero;874530;2013;01;26;19,6;21;7,8;21;1014,0;8;965,5;8;12,1;21;6,1;21;9,3;999,9;30,0;12,5;0,0;999,9;0;0;0;0;0;0
Rio_Cuarto_Aero;874530;2013;01;27;26,6;23;13,4;23;1009,3;8;962,1;8;12,1;23;5,9;23;12,3;999,9;35,6;17,8;0,0;999,9;0;0;0;0;0;0
Rio_Cuarto_Aero;874530;2013;01;28;21,9;16;16,1;16;1013,0;8;965,5;8;12,6;16;4,7;15;8,2;999,9;36,9;18,5;7,9;999,9;0;1;0;0;1;0
Rio_Cuarto_Aero;874530;2013;01;29;22,9;17;15,8;17;1013,3;8;965,5;8;12,6;17;4,3;17;9,3;999,9;30,0;18,0;7,1;999,9;0;0;0;0;1;0
Rio_Cuarto_Aero;874530;2013;01;30;25,9;22;14,8;22;1009,8;8;962,7;8;12,6;22;5,6;22;11,3;999,9;33,4;19,8;0,0;999,9;0;1;0;0;1;0
Rio_Cuarto_Aero;874530;2013;01;31;23,4;15;17,9;15;1008,8;7;961,2;7;11,6;15;6,4;15;9,8;999,9;33,7;17,8;16,0;999,9;0;1;0;0;1;0
Rio_Cuarto_Aero;874530;2013;02;01;25,9;21;20,6;21;1004,6;8;957,5;8;10,8;21;3,8;21;6,2;999,9;32,6;19,6;0,0;999,9;0;0;0;0;1;0
Rio_Cuarto_Aero;874530;2013;02;02;25,0;21;13,5;21;1010,8;8;963,6;8;12,6;21;3,7;21;7,2;999,9;33,0;20,0;0,0;999,9;0;0;0;0;0;0
Rio_Cuarto_Aero;874530;2013;02;03;21,9;22;13,4;22;1016,6;8;968,6;8;12,1;22;6,7;22;10,8;11,3;28,6;16,0;0,0;999,9;0;0;0;0;0;0
Rio_Cuarto_Aero;874530;2013;02;04;23,4;22;14,4;22;1010,6;8;962,9;8;11,7;22;8,0;22;10,3;999,9;31,2;16,0;0,0;999,9;0;0;0;0;0;0
Rio_Cuarto_Aero;874530;2013;02;05;24,6;22;15,5;22;1010,7;8;963,2;8;12,4;22;8,3;22;11,8;999,9;31,3;18,0;0,0;999,9;0;0;0;0;0;0
Rio_Cuarto_Aero;874530;2013;02;06;24,8;19;14,9;19;1012,7;8;965,2;8;12,2;19;7,4;19;9,8;999,9;32,0;18,0;0,0;999,9;0;0;0;0;0;0
Rio_Cuarto_Aero;874530;2013;02;07;23,8;23;12,8;23;1013,4;8;965,8;8;11,7;23;7,6;23;10,3;999,9;31,9;17,4;0,0;999,9;0;0;0;0;0;0
Rio_Cuarto_Aero;874530;2013;02;08;24,8;24;13,8;24;1009,6;8;962,2;8;11,6;24;7,1;24;11,3;13,9;32,0;17,8;0,0;999,9;0;0;0;0;0;0
Rio_Cuarto_Aero;874530;2013;02;09;26,7;20;15,5;20;1007,1;7;960,1;7;11,7;20;6,5;20;9,8;999,9;34,0;17,8;0,0;999,9;0;0;0;0;0;0
Rio_Cuarto_Aero;874530;2013;02;10;22,2;23;16,6;23;1007,7;8;960,5;8;11,4;23;4,2;23;11,8;999,9;34,0;18,7;5,1;999,9;0;1;0;0;1;0
Rio_Cuarto_Aero;874530;2013;02;11;24,3;23;15,6;23;1008,4;8;960,7;8;11,9;23;2,4;23;3,1;999,9;32,0;17,6;0,0;999,9;0;0;0;0;0;0
Rio_Cuarto_Aero;874530;2013;02;12;26,3;22;15,7;22;1003,1;8;956,3;8;11,7;22;4,9;22;7,7;999,9;32,4;17,6;0,0;999,9;0;0;0;0;0;0
Rio_Cuarto_Aero;874530;2013;02;13;20,2;23;16,6;23;1007,2;7;959,8;7;9,8;23;4,8;23;10,8;999,9;32,0;17,8;24,9;999,9;0;1;0;0;1;0
Rio_Cuarto_Aero;874530;2013;02;14;21,3;24;17,1;24;1010,5;8;962,4;8;9,3;24;4,0;24;8,2;999,9;29,0;14,8;13,0;999,9;1;0;0;0;0;0
Rio_Cuarto_Aero;874530;2013;02;15;25,7;20;18,1;20;1008,8;8;961,4;8;11,9;20;6,0;20;9,3;999,9;32,0;14,8;0,0;999,9;0;0;0;0;0;0
Rio_Cuarto_Aero;874530;2013;02;16;25,2;23;18,0;23;1002,8;8;955,9;8;12,4;23;4,8;23;6,7;999,9;32,5;20,6;0,0;999,9;0;0;0;0;0;0
Rio_Cuarto_Aero;874530;2013;02;17;20,8;21;13,8;21;1007,1;8;959,6;8;11,7;21;6,8;21;11,3;20,6;30,6;17,0;5,1;999,9;0;1;0;0;1;0
Rio_Cuarto_Aero;874530;2013;02;18;16,5;22;6,3;21;1018,3;8;969,4;8;11,9;22;3,4;22;6,2;999,9;22,2;10,0;0,0;999,9;0;1;0;0;0;0
Rio_Cuarto_Aero;874530;2013;02;19;14,6;22;11,8;22;1019,0;8;969,7;8;12,2;22;5,9;22;8,2;999,9;20,5;10,5;11,9;999,9;0;1;0;0;0;0
Rio_Cuarto_Aero;874530;2013;02;20;15,3;24;13,6;24;1016,7;8;967,5;8;12,1;24;4,5;24;6,7;999,9;18,0;13,0;0,0;999,9;0;1;0;0;0;0
Rio_Cuarto_Aero;874530;2013;02;21;18,7;22;15,4;22;1015,8;8;967,0;8;9,7;22;4,0;22;9,8;999,9;24,0;13,2;0,0;999,9;0;1;0;0;0;0
Rio_Cuarto_Aero;874530;2013;02;22;19,9;22;14,9;22;1013,8;8;965,5;8;12,1;22;8,3;22;14,4;19,0;26,6;15,0;0,0;999,9;0;0;0;0;0;0
Rio_Cuarto_Aero;874530;2013;02;23;23,4;23;18,6;23;1007,2;8;959,7;8;12,1;23;8,5;23;11,3;999,9;29,4;19,3;0,0;999,9;0;0;0;0;0;0
Rio_Cuarto_Aero;874530;2013;02;24;21,6;22;14,7;22;1008,7;8;961,1;8;12,4;22;5,4;22;9,8;999,9;29,8;16,9;0,0;999,9;0;0;0;0;1;0
Rio_Cuarto_Aero;874530;2013;02;25;16,3;24;9,7;24;1016,4;8;967,6;8;11,9;24;4,3;24;8,2;999,9;25,6;10,2;0,0;999,9;0;0;0;0;0;0
Rio_Cuarto_Aero;874530;2013;02;26;17,4;23;9,9;23;1016,9;8;967,9;8;11,7;23;5,0;23;9,8;999,9;24,4;10,0;0,0;999,9;0;0;0;0;0;0
Rio_Cuarto_Aero;874530;2013;02;27;20,5;23;11,5;23;1012,1;8;963,9;8;11,7;23;8,1;23;12,9;999,9;28,0;12,4;0,0;999,9;0;0;0;0;0;0
Rio_Cuarto_Aero;874530;2013;02;28;22,4;22;14,2;22;1008,0;8;960,4;8;11,7;22;9,4;22;13,9;19,5;29,0;16,0;0,0;999,9;0;0;0;0;0;0
Rio_Cuarto_Aero;874530;2013;03;01;22,9;24;14,6;24;1001,9;8;954,6;8;11,7;24;9,7;24;13,4;17,0;32,1;15,5;0,0;999,9;0;0;0;0;1;0
Rio_Cuarto_Aero;874530;2013;03;02;18,6;22;12,6;22;1008,6;8;960,7;8;12,1;22;7,8;22;15,4;22,6;32,8;15,5;13,0;999,9;0;1;0;0;1;0
Rio_Cuarto_Aero;874530;2013;03;03;15,9;22;10,4;22;1018,4;8;969,3;8;12,1;22;4,5;22;6,2;999,9;23,0;10,8;0,0;999,9;0;0;0;0;0;0
Rio_Cuarto_Aero;874530;2013;03;04;16,6;22;10,2;22;1018,6;8;969,5;8;12,1;22;4,1;22;8,7;999,9;23,0;10,7;0,0;999,9;0;0;0;0;0;0
Rio_Cuarto_Aero;874530;2013;03;05;19,1;24;11,3;24;1012,7;8;964,2;8;11,6;24;6,2;24;11,3;15,4;28,0;10,7;0,0;999,9;0;0;0;0;0;0
Rio_Cuarto_Aero;874530;2013;03;06;21,8;24;12,8;24;1006,0;8;958,3;8;11,6;24;4,8;24;7,7;999,9;28,5;12,7;0,0;999,9;0;0;0;0;0;0
Rio_Cuarto_Aero;874530;2013;03;07;20,7;21;12,3;21;1009,9;8;961,9;8;12,1;21;5,6;21;11,3;15,4;30,0;12,4;0,0;999,9;0;0;0;0;0;0
Rio_Cuarto_Aero;874530;2013;03;08;25,1;9;15,1;9;1009,5;8;962,0;8;14,5;9;8,2;9;10,3;999,9;30,0;15,6;0,0;999,9;0;0;0;0;0;0
Rio_Cuarto_Aero;874530;2013;03;09;23,9;23;19,8;23;1006,2;8;958,8;8;12,1;23;6,8;23;13,4;18,5;34,0;19,0;999,9;999,9;0;1;0;0;1;0
Rio_Cuarto_Aero;874530;2013;03;10;20,2;18;12,9;18;1009,8;8;961,8;8;12,4;17;4,2;18;8,2;999,9;33,7;15,8;25,9;999,9;0;0;0;0;0;0
Rio_Cuarto_Aero;874530;2013;03;11;18,1;22;13,4;22;1007,4;7;959,2;7;11,9;22;4,3;22;9,3;999,9;24,0;15,0;0,0;999,9;0;1;0;0;1;0
Rio_Cuarto_Aero;874530;2013;03;12;18,3;22;16,1;22;1009,9;8;961,6;8;10,0;22;3,4;22;6,2;999,9;23,1;15,6;0,0;999,9;1;0;0;0;0;0
Rio_Cuarto_Aero;874530;2013;03;13;15,6;24;13,5;24;1016,0;8;967,1;8;10,6;24;5,0;22;7,2;999,9;24,1;12,0;23,9;999,9;0;1;0;0;1;0
Rio_Cuarto_Aero;874530;2013;03;14;11,1;20;10,3;20;1021,6;8;971,7;8;7,4;17;5,1;17;7,7;999,9;16,6;9,9;11,9;999,9;0;1;0;0;1;0
Rio_Cuarto_Aero;874530;2013;03;15;11,2;24;10,9;24;1023,3;8;973,1;8;8,9;24;4,7;24;6,7;999,9;13,0;10,0;19,0;999,9;0;1;0;0;0;0
Rio_Cuarto_Aero;874530;2013;03;16;13,8;20;11,2;20;1024,6;7;974,5;7;11,9;20;5,5;20;9,8;999,9;18,0;10,3;3,0;999,9;0;1;0;0;0;0
Rio_Cuarto_Aero;874530;2013;03;17;13,3;21;11,7;21;1024,2;8;974,4;8;11,1;20;6,8;20;9,8;999,9;18,0;10,3;0,3;999,9;0;1;0;0;0;0
Rio_Cuarto_Aero;874530;2013;03;18;14,4;22;9,6;22;1021,7;8;972,0;8;12,1;22;7,0;22;9,3;999,9;19,4;11,0;0,8;999,9;0;0;0;0;0;0
Rio_Cuarto_Aero;874530;2013;03;19;16,4;23;10,1;23;1017,7;8;968,6;8;12,1;23;5,0;23;9,3;12,3;21,1;12,0;0,0;999,9;0;0;0;0;0;0
Rio_Cuarto_Aero;874530;2013;03;20;17,4;19;12,0;19;1012,1;8;963,4;8;12,4;19;2,8;18;5,1;999,9;23,4;10,0;0,0;999,9;0;0;0;0;0;0
Rio_Cuarto_Aero;874530;2013;03;21;18,3;23;13,3;23;1012,6;8;964,1;8;11,9;23;3,6;23;6,7;999,9;25,0;11,9;0,0;999,9;0;0;0;0;0;0
Rio_Cuarto_Aero;874530;2013;03;22;20,7;17;11,6;17;1015,2;8;966,6;8;12,6;17;6,1;17;9,3;12,3;27,0;12,0;0,0;999,9;0;0;0;0;1;0
Rio_Cuarto_Aero;874530;2013;03;23;19,7;24;15,4;24;1015,1;8;966,8;8;11,9;24;6,0;24;11,3;999,9;27,2;12,0;8,9;999,9;0;1;0;0;1;0
Rio_Cuarto_Aero;874530;2013;03;24;19,6;21;14,8;21;1011,0;8;962,7;8;12,1;21;5,9;20;10,8;999,9;26,8;14,0;0,0;999,9;0;0;0;0;0;0
Rio_Cuarto_Aero;874530;2013;03;25;18,1;23;10,2;23;1013,1;8;964,6;8;11,7;23;5,2;23;11,3;999,9;26,9;13,5;9,9;999,9;0;1;0;0;1;0
Rio_Cuarto_Aero;874530;2013;03;26;17,1;21;6,6;21;1019,8;8;970,8;8;12,2;19;4,3;19;7,2;999,9;24,3;8,0;0,0;999,9;0;0;0;0;0;0
Rio_Cuarto_Aero;874530;2013;03;27;19,7;24;9,1;24;1018,0;8;969,3;8;11,6;24;6,2;24;10,3;13,4;27,3;12,5;0,0;999,9;0;0;0;0;0;0
Rio_Cuarto_Aero;874530;2013;03;28;22,0;18;10,4;18;1016,8;8;968,5;8;12,2;18;6,2;18;11,3;999,9;28,1;14,6;0,0;999,9;0;0;0;0;0;0
Rio_Cuarto_Aero;874530;2013;03;29;21,2;20;12,6;20;1014,2;8;966,0;8;12,1;20;8,2;18;14,4;999,9;28,1;14,6;0,0;999,9;0;0;0;0;0;0
Rio_Cuarto_Aero;874530;2013;03;30;21,6;23;13,6;23;1010,8;8;962,9;8;11,9;23;6,1;23;9,8;999,9;29,0;15,0;0,0;999,9;0;0;0;0;0;0
Rio_Cuarto_Aero;874530;2013;03;31;17,7;23;15,1;23;1012,9;8;964,7;8;8,4;22;5,3;23;7,7;999,9;29,5;14,7;0,0;999,9;1;1;0;0;1;0
Rio_Cuarto_Aero;874530;2013;04;01;15,1;13;13,7;13;1016,1;8;967,0;8;6,1;13;4,2;13;9,3;999,9;20,6;12,0;24,9;999,9;0;1;0;0;1;0
Rio_Cuarto_Aero;874530;2013;04;02;13,7;22;11,7;22;1017,7;8;968,5;8;9,8;22;5,6;22;8,7;999,9;21,0;11,0;7,9;999,9;0;1;0;0;1;0
Rio_Cuarto_Aero;874530;2013;04;03;15,5;14;10,6;14;1018,1;8;968,6;8;13,2;14;4,9;14;8,2;999,9;20,1;10,7;0,5;999,9;0;0;0;0;0;0
Rio_Cuarto_Aero;874530;2013;04;04;16,7;20;11,2;20;1011,4;8;962,5;8;12,4;19;2,3;20;4,6;999,9;24,0;10,0;0,0;999,9;0;0;0;0;0;0
Rio_Cuarto_Aero;874530;2013;04;05;18,8;22;9,4;22;1007,5;8;959,2;8;11,7;22;3,8;22;8,2;14,4;28,0;11,3;0,0;999,9;0;0;0;0;0;0
Rio_Cuarto_Aero;874530;2013;04;06;16,9;16;8,0;15;1011,3;8;963,0;8;12,4;16;4,4;16;9,3;999,9;28,1;13,0;0,0;999,9;0;0;0;0;0;0
Rio_Cuarto_Aero;874530;2013;04;07;14,7;20;6,0;20;1017,1;8;967,8;8;12,4;20;4,8;20;8,7;999,9;22,5;9,4;0,0;999,9;0;0;0;0;0;0
Rio_Cuarto_Aero;874530;2013;04;08;19,2;17;9,8;17;1017,0;8;968,1;8;12,4;17;5,4;17;9,3;12,3;26,0;9,5;0,0;999,9;0;0;0;0;0;0
Rio_Cuarto_Aero;874530;2013;04;09;17,8;23;7,7;23;1014,5;8;965,9;8;11,7;23;7,3;23;12,9;17,5;26,2;11,0;0,0;999,9;0;0;0;0;0;0
Rio_Cuarto_Aero;874530;2013;04;10;18,3;24;12,0;24;1009,7;8;961,3;8;12,1;24;6,9;23;10,3;13,4;25,0;11,0;0,0;999,9;0;0;0;0;0;0
Rio_Cuarto_Aero;874530;2013;04;11;16,7;24;14,6;24;1008,4;8;960,0;8;11,1;24;5,2;24;9,8;13,9;24,8;14,8;4,1;999,9;0;1;0;0;1;0
Rio_Cuarto_Aero;874530;2013;04;12;14,0;21;4,1;21;1017,6;8;968,3;8;12,2;20;5,1;21;8,7;999,9;18,7;9,5;1,0;999,9;0;0;0;0;0;0
Rio_Cuarto_Aero;874530;2013;04;13;10,3;14;3,3;14;1020,3;8;970,3;8;10,5;14;3,5;14;7,2;999,9;20,9;4,0;0,0;999,9;0;0;0;0;0;0
Rio_Cuarto_Aero;874530;2013;04;14;17,0;23;8,5;23;1015,8;8;966,7;8;11,7;23;3,3;23;5,7;999,9;26,0;7,0;0,0;999,9;0;0;0;0;0;0
Rio_Cuarto_Aero;874530;2013;04;15;20,8;18;10,4;18;1016,1;8;967,5;8;12,2;18;3,3;18;5,7;999,9;28,0;11,9;0,0;999,9;0;0;0;0;0;0
Rio_Cuarto_Aero;874530;2013;04;16;21,6;21;10,3;21;1016,0;7;967,7;7;11,9;21;5,5;21;9,8;999,9;29,0;11,9;0,0;999,9;0;0;0;0;0;0
Rio_Cuarto_Aero;874530;2013;04;17;20,9;22;11,0;22;1016,6;8;968,4;8;11,7;22;6,2;22;10,3;15,4;29,1;13,0;0,0;999,9;0;0;0;0;0;0
Rio_Cuarto_Aero;874530;2013;04;18;21,2;23;10,6;23;1015,7;6;967,5;6;11,1;23;6,0;20;10,3;999,9;30,4;13,3;0,0;999,9;0;0;0;0;0;0
Rio_Cuarto_Aero;874530;2013;04;19;20,0;19;8,4;19;1016,7;8;968,4;8;12,1;19;6,4;19;13,4;16,5;30,6;11,7;0,0;999,9;0;0;0;0;0;0
Rio_Cuarto_Aero;874530;2013;04;20;19,6;23;7,3;23;1014,9;8;966,5;8;11,7;23;7,1;23;12,3;17,0;29,0;13,5;0,0;999,9;0;0;0;0;0;0
Rio_Cuarto_Aero;874530;2013;04;21;22,7;16;11,9;16;1015,1;8;966,8;8;12,4;16;7,3;16;10,8;14,4;28,0;14,0;0,0;999,9;0;0;0;0;0;0
Rio_Cuarto_Aero;874530;2013;04;22;20,5;23;13,2;23;1015,6;8;967,4;8;11,7;23;6,9;23;11,8;15,4;28,4;14,0;0,0;999,9;0;0;0;0;0;0
Rio_Cuarto_Aero;874530;2013;04;23;20,7;20;14,3;20;1016,3;8;968,2;8;11,9;20;6,3;20;11,3;12,9;28,4;16,7;0,0;999,9;0;0;0;0;0;0
Rio_Cuarto_Aero;874530;2013;04;24;22,6;19;14,2;19;1014,7;8;966,7;8;11,9;19;8,2;19;12,9;16,5;28,6;16,3;0,0;999,9;0;0;0;0;0;0
Rio_Cuarto_Aero;874530;2013;04;25;21,8;23;12,2;23;1012,0;8;964,1;8;11,7;18;6,5;18;9,8;12,9;30,0;14,0;0,0;999,9;0;0;0;0;0;0
Rio_Cuarto_Aero;874530;2013;04;26;21,8;24;11,4;24;1010,4;8;962,7;8;11,6;24;7,2;24;12,3;17,5;30,0;18,0;0,0;999,9;0;0;0;0;0;0
Rio_Cuarto_Aero;874530;2013;04;27;16,2;16;12,2;16;1011,4;8;963,0;8;12,7;16;5,8;15;9,3;999,9;26,5;11,3;20,1;999,9;0;1;0;0;1;0
Rio_Cuarto_Aero;874530;2013;04;28;15,1;21;9,7;21;1013,3;7;964,1;7;10,9;19;4,3;18;6,7;999,9;23,0;10,0;2,0;999,9;0;0;0;0;0;0
Rio_Cuarto_Aero;874530;2013;04;29;15,7;24;10,0;24;1014,4;8;965,4;8;11,6;24;3,2;24;5,1;999,9;23,2;9,0;0,0;999,9;0;0;0;0;0;0
Rio_Cuarto_Aero;874530;2013;04;30;18,1;22;11,9;22;1013,7;8;965,0;8;12,2;22;6,1;22;10,3;12,3;23,5;11,7;0,0;999,9;0;0;0;0;0;0
Rio_Cuarto_Aero;874530;2013;05;01;17,7;20;15,0;20;1010,1;8;961,7;8;11,7;17;6,4;17;9,3;999,9;23,5;13,3;0,0;999,9;0;0;0;0;0;0
Rio_Cuarto_Aero;874530;2013;05;02;16,9;17;16,6;17;1010,6;8;962,1;8;3,5;17;4,1;17;6,7;999,9;21,8;15,2;0,0;999,9;1;1;0;0;0;0
Rio_Cuarto_Aero;874530;2013;05;03;16,8;17;14,1;17;1011,0;8;962,3;8;8,7;17;3,3;17;5,1;999,9;20,0;12,6;17,0;999,9;0;1;0;0;1;0
Rio_Cuarto_Aero;874530;2013;05;04;14,7;23;12,6;23;1016,0;8;966,8;8;10,0;23;2,7;23;6,2;999,9;21,0;10,9;0,0;999,9;1;0;0;0;1;0
Rio_Cuarto_Aero;874530;2013;05;05;16,3;20;12,6;20;1020,3;8;970,9;8;11,4;16;2,7;16;7,2;999,9;23,0;10,1;0,0;999,9;0;0;0;0;0;0
Rio_Cuarto_Aero;874530;2013;05;06;16,7;24;8,6;24;1016,6;8;967,6;8;11,7;24;5,4;24;11,3;15,4;23,4;12,0;0,0;999,9;0;0;0;0;0;0
Rio_Cuarto_Aero;874530;2013;05;07;12,3;18;-1,3;18;1022,5;8;972,8;8;12,2;18;5,2;18;11,3;13,4;22,8;4,0;0,0;999,9;0;0;0;0;0;0
Rio_Cuarto_Aero;874530;2013;05;08;15,9;24;6,2;24;1011,5;8;962,4;8;11,6;24;2,8;24;6,2;999,9;26,0;7,0;0,0;999,9;0;0;0;0;0;0
Rio_Cuarto_Aero;874530;2013;05;09;17,1;18;9,5;18;1010,6;8;961,8;8;11,6;18;3,2;18;6,7;999,9;26,0;7,8;0,0;999,9;0;0;0;0;0;0
Rio_Cuarto_Aero;874530;2013;05;10;18,0;21;10,6;21;1007,9;8;959,4;8;12,1;20;3,4;20;5,1;999,9;26,2;7,8;0,0;999,9;0;0;0;0;0;0
Rio_Cuarto_Aero;874530;2013;05;11;15,1;16;8,8;16;1016,2;8;967,3;8;12,4;16;3,3;16;5,7;999,9;25,7;10,9;0,0;999,9;0;0;0;0;0;0
Rio_Cuarto_Aero;874530;2013;05;12;15,1;22;4,4;22;1015,4;8;966,2;8;11,9;22;3,7;22;6,2;999,9;22,2;10,8;0,0;999,9;0;0;0;0;0;0
Rio_Cuarto_Aero;874530;2013;05;13;15,0;22;8,4;22;1013,9;8;964,9;8;12,2;22;2,9;22;5,7;999,9;22,4;10,2;0,0;999,9;0;0;0;0;0;0
Rio_Cuarto_Aero;874530;2013;05;14;13,5;24;10,8;24;1013,0;8;963,9;8;11,6;24;4,7;24;9,8;999,9;21,9;9,0;0,0;999,9;0;0;0;0;0;0
Rio_Cuarto_Aero;874530;2013;05;15;7,6;24;0,9;24;1021,8;8;971,3;8;11,3;24;4,3;24;7,2;999,9;16,4;3,2;2,0;999,9;0;1;0;0;0;0
Rio_Cuarto_Aero;874530;2013;05;16;7,0;18;-2,6;16;1026,0;8;974,9;8;12,2;18;4,4;18;8,7;12,3;14,3;0,0;0,0;999,9;0;0;0;0;0;0
Rio_Cuarto_Aero;874530;2013;05;17;8,4;24;-1,5;24;1022,6;8;971,9;8;11,6;24;6,7;24;13,4;17,0;16,0;2,2;0,0;999,9;0;0;0;0;0;0
Rio_Cuarto_Aero;874530;2013;05;18;9,7;15;4,9;15;1020,5;7;970,2;7;11,9;15;6,1;15;8,2;999,9;15,5;4,4;2,0;999,9;0;1;0;0;0;0
Rio_Cuarto_Aero;874530;2013;05;19;8,9;16;4,9;16;1022,4;8;971,8;8;11,6;13;4,4;12;7,7;999,9;17,0;3,0;0,0;999,9;0;0;0;0;0;0
Rio_Cuarto_Aero;874530;2013;05;20;11,1;23;5,7;23;1020,9;8;970,6;8;11,7;23;4,9;23;10,3;999,9;20,0;4,8;0,0;999,9;0;0;0;0;0;0
Rio_Cuarto_Aero;874530;2013;05;21;10,8;18;6,4;18;1016,8;8;966,8;8;9,7;18;4,5;18;7,7;999,9;20,1;4,4;0,0;999,9;1;0;0;0;0;0
Rio_Cuarto_Aero;874530;2013;05;22;8,8;22;4,9;21;1020,8;8;970,3;8;11,6;22;3,5;22;5,7;999,9;17,7;3,0;0,0;999,9;0;0;0;0;0;0
Rio_Cuarto_Aero;874530;2013;05;23;10,9;23;4,9;23;1018,7;8;968,6;8;11,7;23;4,2;23;8,2;999,9;21,1;4,4;0,0;999,9;0;0;0;0;0;0
Rio_Cuarto_Aero;874530;2013;05;24;13,1;21;5,1;21;1020,3;8;970,3;8;11,9;21;3,6;21;6,7;999,9;21,3;4,5;0,0;999,9;0;0;0;0;0;0
Rio_Cuarto_Aero;874530;2013;05;25;11,1;14;4,8;14;1016,4;7;966,8;7;11,9;14;3,3;14;9,3;999,9;22,6;4,5;0,0;999,9;0;0;0;0;0;0
Rio_Cuarto_Aero;874530;2013;05;26;14,0;19;5,6;19;1011,7;8;962,5;8;12,1;19;3,8;19;6,7;999,9;23,0;6,0;0,0;999,9;0;0;0;0;0;0
Rio_Cuarto_Aero;874530;2013;05;27;14,8;17;8,3;17;1007,1;8;958,0;8;12,2;17;6,5;17;10,3;14,4;22,0;5,1;0,0;999,9;0;0;0;0;0;0
Rio_Cuarto_Aero;874530;2013;05;28;14,6;21;7,2;21;999,8;8;951,3;8;12,2;21;5,6;21;9,3;13,4;22,8;5,1;0,0;999,9;0;0;0;0;0;0
Rio_Cuarto_Aero;874530;2013;05;29;13,1;21;0,9;21;1010,5;8;961,3;8;12,2;21;5,7;21;12,3;18,5;20,5;6,8;2,0;999,9;0;0;0;0;0;0
Rio_Cuarto_Aero;874530;2013;05;30;14,8;20;-1,9;20;1013,3;8;963,8;8;11,9;20;5,3;20;8,7;12,3;23,2;6,5;0,0;999,9;0;0;0;0;0;0
Rio_Cuarto_Aero;874530;2013;05;31;13,6;20;4,4;20;1004,4;8;955,7;8;12,9;14;5,5;14;10,3;14,4;23,5;9,7;0,0;999,9;0;0;0;0;0;0
Rio_Cuarto_Aero;874530;2013;06;01;15,2;22;1,2;22;1010,8;8;961,6;8;11,9;21;3,6;22;6,7;999,9;25,0;7,3;0,0;999,9;0;0;0;0;0;0
Rio_Cuarto_Aero;874530;2013;06;02;13,7;16;-0,6;16;1018,8;8;969,4;8;12,6;16;4,5;16;7,2;999,9;25,6;5,8;0,0;999,9;0;0;0;0;0;0
Rio_Cuarto_Aero;874530;2013;06;03;13,4;23;0,2;23;1019,6;8;969,8;8;11,7;23;4,2;23;6,2;999,9;24,0;5,5;0,0;999,9;0;0;0;0;0;0
Rio_Cuarto_Aero;874530;2013;06;04;14,9;22;3,8;22;1014,9;8;965,8;8;11,7;22;3,4;21;5,7;999,9;24,0;7,7;0,0;999,9;0;0;0;0;0;0
Rio_Cuarto_Aero;874530;2013;06;05;15,9;19;2,8;19;1011,9;8;963,0;8;12,1;19;5,5;19;11,8;15,4;23,5;8,6;0,0;999,9;0;0;0;0;0;0
Rio_Cuarto_Aero;874530;2013;06;06;9,3;20;-4,4;20;1020,8;8;970,8;8;11,6;20;4,8;20;10,3;12,3;22,8;1,7;0,0;999,9;0;0;0;0;0;0
Rio_Cuarto_Aero;874530;2013;06;07;11,9;20;-1,6;20;1016,3;8;966,4;8;11,7;20;5,5;20;10,3;14,4;20,0;2,8;0,0;999,9;0;0;0;0;0;0
Rio_Cuarto_Aero;874530;2013;06;08;12,6;16;1,8;16;1023,5;8;973,2;8;12,4;16;6,1;16;10,3;999,9;20,0;1,6;0,0;999,9;0;0;0;0;0;0
Rio_Cuarto_Aero;874530;2013;06;09;14,5;21;6,4;21;1016,9;8;967,4;8;12,2;20;3,6;20;8,7;999,9;21,3;1,6;0,0;999,9;0;0;0;0;0;0
Rio_Cuarto_Aero;874530;2013;06;10;14,7;23;8,4;23;1017,3;8;968,0;8;11,6;22;4,2;23;8,2;999,9;24,0;8,0;0,0;999,9;0;0;0;0;0;0
Rio_Cuarto_Aero;874530;2013;06;11;14,4;16;9,5;16;1016,4;8;967,2;8;12,1;16;4,2;16;9,3;999,9;24,0;6,1;0,0;999,9;0;0;0;0;0;0
Rio_Cuarto_Aero;874530;2013;06;12;16,3;22;12,6;22;1015,7;8;966,7;8;10,9;21;3,3;22;6,2;999,9;23,8;7,0;0,0;999,9;1;0;0;0;0;0
Rio_Cuarto_Aero;874530;2013;06;13;16,6;24;12,1;24;1015,0;8;966,0;8;10,8;24;3,1;24;5,7;999,9;25,0;9,7;0,0;999,9;1;0;0;0;0;0
Rio_Cuarto_Aero;874530;2013;06;14;11,6;18;5,8;18;1021,1;8;971,5;8;12,6;18;4,6;18;7,7;999,9;25,2;7,9;0,0;999,9;0;0;0;0;0;0
Rio_Cuarto_Aero;874530;2013;06;15;11,9;18;7,0;18;1016,0;8;965,9;8;12,1;18;7,9;18;10,8;999,9;20,2;4,8;0,0;999,9;0;0;0;0;0;0
Rio_Cuarto_Aero;874530;2013;06;16;11,6;23;7,1;23;1015,5;8;966,0;8;12,1;17;5,9;17;11,8;25,7;20,5;8,0;0,0;999,9;0;1;0;0;0;0
Rio_Cuarto_Aero;874530;2013;06;17;8,2;22;-2,3;22;1019,4;8;968,9;8;12,6;22;4,7;22;9,8;12,9;13,7;4,7;0,0;999,9;0;0;0;0;0;0
Rio_Cuarto_Aero;874530;2013;06;18;7,7;20;-2,0;19;1015,7;8;965,2;8;11,3;16;7,5;15;18,0;21,6;13,2;2,0;0,0;999,9;0;0;0;0;0;0
Rio_Cuarto_Aero;874530;2013;06;19;4,7;23;-8,2;23;1026,8;8;975,4;8;11,7;23;4,6;23;9,3;999,9;13,6;-0,2;0,0;999,9;0;0;0;0;0;0
Rio_Cuarto_Aero;874530;2013;06;20;8,0;17;-9,3;17;1023,8;8;972,7;8;12,4;16;5,1;17;7,7;999,9;14,0;0,2;0,0;999,9;0;0;0;0;0;0
Rio_Cuarto_Aero;874530;2013;06;21;7,6;20;-4,4;20;1013,3;8;963,1;8;11,9;20;3,0;20;4,6;999,9;21,2;0,0;0,0;999,9;0;0;0;0;0;0
Rio_Cuarto_Aero;874530;2013;06;22;9,7;21;-3,2;21;1013,6;8;963,9;8;12,7;15;3,4;15;5,1;999,9;21,8;4,0;0,0;999,9;0;0;0;0;0;0
Rio_Cuarto_Aero;874530;2013;06;23;7,2;21;2,3;21;1021,9;8;971,2;8;12,1;21;3,3;21;6,2;999,9;13,4;3,6;0,0;999,9;0;0;0;0;0;0
Rio_Cuarto_Aero;874530;2013;06;24;6,9;18;2,1;18;1022,1;8;971,2;8;12,7;16;3,7;16;7,7;999,9;14,7;1,0;0,0;999,9;0;0;0;0;0;0
Rio_Cuarto_Aero;874530;2013;06;25;10,1;24;2,4;24;1018,1;8;967,8;8;12,1;24;3,4;23;6,2;999,9;19,0;2,0;0,0;999,9;0;0;0;0;0;0
Rio_Cuarto_Aero;874530;2013;06;26;12,4;18;0,4;18;1015,7;8;965,8;8;11,6;18;4,2;18;7,7;999,9;20,0;2,5;0,0;999,9;0;0;0;0;0;0
Rio_Cuarto_Aero;874530;2013;06;27;11,4;23;1,8;23;1009,9;8;960,3;8;11,3;23;7,4;23;12,3;17,0;20,9;2,5;0,0;999,9;0;0;0;0;0;0
Rio_Cuarto_Aero;874530;2013;06;28;12,7;17;3,6;17;1008,2;7;959,0;7;11,6;17;4,2;16;7,2;999,9;20,3;5,2;0,0;999,9;0;0;0;0;0;0
Rio_Cuarto_Aero;874530;2013;06;29;12,1;16;-0,7;16;1015,6;8;965,8;8;12,4;16;5,4;16;9,3;999,9;20,5;2,6;0,0;999,9;0;0;0;0;0;0
Rio_Cuarto_Aero;874530;2013;06;30;7,9;16;1,5;16;1019,1;8;968,6;8;12,4;16;3,3;16;6,2;999,9;19,0;2,7;0,0;999,9;0;0;0;0;0;0
Rio_Cuarto_Aero;874530;2013;07;01;9,2;23;2,6;23;1021,9;8;971,2;8;11,4;23;4,5;23;9,8;999,9;20,0;0,8;0,0;999,9;0;0;0;0;0;0
Rio_Cuarto_Aero;874530;2013;07;02;12,8;18;0,4;18;1010,5;8;961,0;8;11,9;18;6,7;18;12,3;14,4;24,0;1,2;0,0;999,9;0;0;0;0;0;0
Rio_Cuarto_Aero;874530;2013;07;03;13,8;21;0,9;21;1006,2;8;957,2;8;11,1;21;4,9;21;8,7;12,3;24,8;2,0;0,0;999,9;0;0;0;0;0;0
Rio_Cuarto_Aero;874530;2013;07;04;10,1;23;5,0;23;1014,1;8;964,3;8;12,6;23;4,9;23;7,7;999,9;20,7;2,8;0,0;999,9;0;0;0;0;0;0
Rio_Cuarto_Aero;874530;2013;07;05;11,2;21;8,2;21;1013,6;8;963,9;8;11,9;17;3,3;17;5,7;999,9;14,0;6,3;0,0;999,9;0;0;0;0;0;0
Rio_Cuarto_Aero;874530;2013;07;06;8,2;20;6,8;20;1018,4;8;968,1;8;8,2;20;6,3;20;8,7;999,9;14,2;7,0;0,0;999,9;1;1;0;0;0;0
Rio_Cuarto_Aero;874530;2013;07;07;5,8;24;3,8;24;1027,1;8;975,9;8;11,6;24;2,4;24;4,1;999,9;9,3;3,0;0,0;999,9;1;0;0;0;0;0
Rio_Cuarto_Aero;874530;2013;07;08;7,3;19;1,8;19;1028,4;8;977,1;8;12,6;19;7,4;19;14,4;15,9;11,8;1,5;0,0;999,9;0;0;0;0;0;0
Rio_Cuarto_Aero;874530;2013;07;09;9,1;24;4,5;24;1017,9;8;967,6;8;12,2;24;6,6;24;11,3;999,9;14,0;4,3;0,0;999,9;0;1;0;0;1;0
Rio_Cuarto_Aero;874530;2013;07;10;9,0;24;8,1;24;1015,0;8;964,9;8;5,6;24;5,2;24;7,2;999,9;14,3;4,4;0,0;999,9;1;0;0;0;0;0
Rio_Cuarto_Aero;874530;2013;07;11;9,6;22;8,8;22;1015,8;8;965,9;8;6,4;22;4,1;22;7,7;999,9;13,7;4,4;0,0;999,9;1;0;0;0;0;0
Rio_Cuarto_Aero;874530;2013;07;12;9,9;21;4,0;21;1022,4;11;972,0;11;12,2;21;3,9;21;7,2;999,9;18,0;4,6;0,0;999,9;0;0;0;0;0;0
Rio_Cuarto_Aero;874530;2013;07;13;12,7;24;-0,3;24;1015,6;8;965,7;8;11,6;24;3,7;24;6,7;999,9;24,0;3,0;0,0;999,9;0;0;0;0;0;0
Rio_Cuarto_Aero;874530;2013;07;14;12,1;18;-0,7;18;1019,9;8;970,2;8;12,2;18;4,1;18;8,2;999,9;24,6;5,6;0,0;999,9;0;0;0;0;0;0
Rio_Cuarto_Aero;874530;2013;07;15;12,7;17;-2,4;17;1021,6;7;971,2;7;12,1;17;4,4;17;8,2;999,9;22,0;2,5;0,0;999,9;0;0;0;0;0;0
Rio_Cuarto_Aero;874530;2013;07;16;14,2;23;2,2;23;1015,2;8;965,7;8;11,7;23;3,4;23;5,1;999,9;23,8;3,0;0,0;999,9;0;0;0;0;0;0
Rio_Cuarto_Aero;874530;2013;07;17;14,8;24;2,4;24;1009,8;8;960,8;8;11,6;24;3,8;24;6,2;999,9;26,0;6,3;0,0;999,9;0;0;0;0;0;0
Rio_Cuarto_Aero;874530;2013;07;18;8,0;23;2,0;23;1018,1;8;968,3;8;11,3;23;7,1;23;13,4;19,0;17,4;3,0;0,0;999,9;0;1;0;0;0;0
Rio_Cuarto_Aero;874530;2013;07;19;4,3;22;-2,5;22;1025,0;8;973,4;8;12,4;22;4,0;22;10,3;12,3;9,0;1,6;0,0;999,9;0;0;0;0;0;0
Rio_Cuarto_Aero;874530;2013;07;20;4,9;24;-4,7;24;1013,1;8;962,3;8;11,4;24;6,2;24;15,4;19,5;12,0;-1,8;0,0;999,9;0;0;0;0;0;0
Rio_Cuarto_Aero;874530;2013;07;21;3,0;24;-6,1;24;1023,0;8;971,5;8;11,3;24;8,8;24;12,9;15,9;12,2;-0,4;0,0;999,9;0;0;0;0;0;0
Rio_Cuarto_Aero;874530;2013;07;22;2,4;24;-7,1;24;1028,7;8;976,6;8;11,7;24;7,2;24;10,8;12,9;7,0;-1,7;0,0;999,9;0;0;0;0;0;0
Rio_Cuarto_Aero;874530;2013;07;23;2,0;24;-5,7;24;1026,8;8;974,8;8;11,7;24;3,6;24;7,7;999,9;12,4;-4,1;0,0;999,9;0;0;0;0;0;0
Rio_Cuarto_Aero;874530;2013;07;24;5,6;23;-5,3;22;1027,3;8;975,7;8;12,1;23;3,1;23;6,2;999,9;15,0;-4,1;0,0;999,9;0;0;0;0;0;0
Rio_Cuarto_Aero;874530;2013;07;25;9,2;22;-8,2;22;1020,0;8;969,3;8;11,7;22;7,1;22;12,9;16,5;21,0;-2,8;0,0;999,9;0;0;0;0;0;0
Rio_Cuarto_Aero;874530;2013;07;26;10,6;22;-4,5;22;1015,5;8;965,6;8;9,2;22;11,6;22;16,5;20,6;21,3;0,6;0,0;999,9;0;0;0;0;0;0
Rio_Cuarto_Aero;874530;2013;07;27;10,9;21;-2,7;21;1020,2;8;970,2;8;11,7;21;4,1;21;5,7;999,9;17,8;4,0;0,0;999,9;0;0;0;0;0;0
Rio_Cuarto_Aero;874530;2013;07;28;10,4;23;-0,6;22;1020,4;8;970,2;8;12,1;23;3,9;23;8,7;999,9;21,0;2,2;0,0;999,9;0;0;0;0;0;0
Rio_Cuarto_Aero;874530;2013;07;29;15,1;20;2,9;20;1018,8;8;969,3;8;11,9;20;6,0;20;12,9;14,4;22,4;4,0;0,0;999,9;0;0;0;0;0;0
Rio_Cuarto_Aero;874530;2013;07;30;14,7;17;10,4;17;1013,2;8;964,3;8;12,4;17;6,6;17;9,8;12,3;22,7;7,0;0,0;999,9;0;0;0;0;0;0
Rio_Cuarto_Aero;874530;2013;07;31;12,8;23;9,5;23;1013,5;8;964,4;8;10,3;23;6,2;23;8,7;12,3;23,6;8,5;0,0;999,9;1;1;0;0;0;0
Rio_Cuarto_Aero;874530;2013;08;01;8,3;17;4,8;17;1018,6;7;968,2;7;9,5;13;4,8;17;8,8;999,9;11,2;4,2;0,0;999,9;1;0;0;0;0;0
Rio_Cuarto_Aero;874530;2013;08;02;8,0;22;1,6;22;1021,3;8;970,4;8;14,3;8;3,0;22;6,7;999,9;16,0;0,4;0,0;999,9;0;0;0;0;0;0
Rio_Cuarto_Aero;874530;2013;08;03;9,4;20;2,8;20;1015,3;8;965,1;8;13,0;13;6,3;17;12,4;999,9;16,3;2,4;0,0;999,9;0;0;0;0;0;0
Rio_Cuarto_Aero;874530;2013;08;04;11,2;24;-2,4;24;1017,3;8;967,2;8;15,0;8;3,6;24;12,4;15,4;21,0;2,9;0,0;999,9;0;0;0;0;0;0
Rio_Cuarto_Aero;874530;2013;08;05;12,7;11;0,1;11;1012,9;8;963,7;8;13,7;11;6,6;8;9,3;999,9;22,4;2,9;0,0;999,9;0;0;0;0;0;0
Rio_Cuarto_Aero;874530;2013;08;06;12,8;8;-4,4;8;1016,1;8;966,6;8;12,2;8;5,1;8;12,4;999,9;22,7;3,6;0,0;999,9;0;0;0;0;0;0
Rio_Cuarto_Aero;874530;2013;08;07;14,2;12;-0,2;12;1003,0;8;954,2;8;10,6;8;9,6;12;15,4;999,9;21,7;6,0;0,0;999,9;0;0;0;0;0;0
Rio_Cuarto_Aero;874530;2013;08;08;9,6;23;-3,5;23;1016,8;8;966,9;8;12,4;15;5,7;23;12,4;999,9;19,3;5,7;0,0;999,9;0;1;0;0;0;0
Rio_Cuarto_Aero;874530;2013;08;09;7,4;22;-8,6;22;1028,3;8;977,2;8;12,4;13;3,6;18;9,3;999,9;13,0;-2,0;0,0;999,9;0;0;0;0;0;0
Rio_Cuarto_Aero;874530;2013;08;10;9,0;22;-11,5;22;1024,0;8;973,1;8;15,0;8;3,2;22;9,3;999,9;18,0;1,0;0,0;999,9;0;0;0;0;0;0
Rio_Cuarto_Aero;874530;2013;08;11;11,8;17;-6,0;17;1012,4;8;962,5;8;13,7;11;4,2;17;12,4;999,9;19,0;1,0;0,0;999,9;0;0;0;0;0;0
Rio_Cuarto_Aero;874530;2013;08;12;9,8;22;1,9;22;1017,6;10;967,6;10;12,4;21;5,6;22;9,3;999,9;19,5;5,0;0,0;999,9;0;0;0;0;0;0
Rio_Cuarto_Aero;874530;2013;08;13;5,4;23;-1,9;23;1029,1;8;977,8;8;12,6;16;0,9;23;6,7;999,9;11,0;-0,5;0,0;999,9;0;0;0;0;0;0
Rio_Cuarto_Aero;874530;2013;08;14;7,7;18;-6,4;18;1031,3;8;979,7;8;15,0;8;6,7;18;12,4;999,9;15,0;-0,2;0,0;999,9;0;0;0;0;0;0
Rio_Cuarto_Aero;874530;2013;08;15;12,4;16;-6,9;16;1017,4;8;967,0;8;14,3;9;5,6;16;12,4;999,9;23,0;-3,0;0,0;999,9;0;0;0;0;0;0
Rio_Cuarto_Aero;874530;2013;08;16;11,7;20;-6,8;20;1023,6;7;973,6;7;14,2;7;4,9;20;9,3;999,9;23,4;0,6;0,0;999,9;0;0;0;0;0;0
Rio_Cuarto_Aero;874530;2013;08;17;11,4;19;-3,9;19;1025,2;8;974,6;8;13,7;11;6,4;17;12,4;15,4;19,2;2,0;0,0;999,9;0;0;0;0;0;0
Rio_Cuarto_Aero;874530;2013;08;18;11,9;19;-4,2;19;1016,9;8;967,2;8;12,4;11;4,6;19;9,3;999,9;23,0;4,0;0,0;999,9;0;0;0;0;0;0
Rio_Cuarto_Aero;874530;2013;08;19;14,7;23;1,0;23;1012,1;8;963,1;8;12,2;10;2,5;22;6,7;999,9;24,0;3,2;0,0;999,9;0;0;0;0;0;0
Rio_Cuarto_Aero;874530;2013;08;20;16,6;20;4,8;20;1012,8;8;963,7;8;11,1;12;3,7;20;9,3;999,9;26,2;5,0;0,0;999,9;0;0;0;0;0;0
Rio_Cuarto_Aero;874530;2013;08;21;16,9;18;7,1;18;1008,5;8;960,0;8;13,2;10;2,5;16;6,7;999,9;26,5;6,7;0,0;999,9;0;0;0;0;0;0
Rio_Cuarto_Aero;874530;2013;08;22;8,1;23;-8,8;23;1019,2;8;969,2;8;11,1;11;7,6;23;12,4;19,0;23,5;1,5;0,0;999,9;0;0;0;0;0;0
Rio_Cuarto_Aero;874530;2013;08;23;4,3;22;-10,5;22;1025,5;7;974,0;7;12,7;13;2,4;17;4,1;999,9;10,0;-0,5;0,0;999,9;0;0;0;0;0;0
Rio_Cuarto_Aero;874530;2013;08;24;3,9;18;-6,1;18;1029,4;8;977,7;8;13,4;12;1,4;18;4,1;999,9;10,0;0,6;0,0;999,9;0;0;0;0;0;0
Rio_Cuarto_Aero;874530;2013;08;25;4,1;22;-5,3;22;1032,5;8;980,8;8;13,7;11;1,7;22;6,7;999,9;11,0;-3,5;0,0;999,9;0;0;0;0;0;0
Rio_Cuarto_Aero;874530;2013;08;26;6,6;19;-3,7;19;1032,9;8;981,2;8;15,0;8;3,1;19;4,1;999,9;14,0;-1,2;0,0;999,9;0;0;0;0;0;0
Rio_Cuarto_Aero;874530;2013;08;27;11,4;23;-4,7;23;1024,2;8;973,5;8;15,0;8;3,7;23;6,7;999,9;24,0;0,6;0,0;999,9;0;0;0;0;0;0
Rio_Cuarto_Aero;874530;2013;08;28;18,8;24;-1,4;24;1018,1;8;969,1;8;14,0;8;2,4;24;6,7;999,9;31,0;5,6;0,0;999,9;0;0;0;0;0;0
Rio_Cuarto_Aero;874530;2013;08;29;21,8;24;-2,7;24;1011,5;8;963,5;8;11,9;15;5,6;18;9,3;12,4;33,3;10,5;0,0;999,9;0;0;0;0;0;0
Rio_Cuarto_Aero;874530;2013;08;30;18,2;18;-2,0;18;1007,9;8;960,0;8;12,7;10;1,7;18;4,1;999,9;33,3;7,5;0,0;999,9;0;0;0;0;0;0
Rio_Cuarto_Aero;874530;2013;08;31;21,0;16;-0,1;16;1007,9;8;959,9;8;13,0;10;0,6;16;2,6;999,9;30,0;12,0;0,0;999,9;0;0;0;0;0;0
Rio_Cuarto_Aero;874530;2013;09;01;18,3;19;3,9;19;1011,4;8;963,0;8;13,8;9;2,0;19;4,1;999,9;30,6;8,1;0,0;999,9;0;0;0;0;0;0
Rio_Cuarto_Aero;874530;2013;09;02;14,7;20;2,7;20;1013,2;8;964,3;8;14,2;9;3,6;20;6,7;999,9;25,1;8,7;0,0;999,9;0;0;0;0;0;0
Rio_Cuarto_Aero;874530;2013;09;03;11,7;22;-0,4;22;1024,4;8;974,4;8;14,5;9;3,8;22;6,7;999,9;21,4;6,0;0,0;999,9;0;0;0;0;0;0
Rio_Cuarto_Aero;874530;2013;09;04;11,2;18;-3,2;18;1021,2;8;970,9;8;10,1;16;8,2;15;12,4;15,4;18,0;4,5;0,0;999,9;0;0;0;0;0;0
Rio_Cuarto_Aero;874530;2013;09;05;14,9;24;1,1;24;1013,9;8;964,5;8;13,4;8;4,2;24;6,7;999,9;26,0;7,5;0,0;999,9;0;0;0;0;0;0
Rio_Cuarto_Aero;874530;2013;09;06;20,2;24;7,2;24;1012,0;8;963,5;8;12,2;11;4,3;24;12,4;15,4;30,0;9,0;0,0;999,9;0;0;0;0;0;0
Rio_Cuarto_Aero;874530;2013;09;07;19,9;20;10,1;20;1007,3;8;959,5;8;14,5;9;5,5;20;12,4;999,9;30,6;12,5;0,0;999,9;0;0;0;0;0;0
Rio_Cuarto_Aero;874530;2013;09;08;20,1;24;11,2;24;1014,6;8;966,2;8;12,1;18;2,4;17;12,4;999,9;30,0;10,6;0,0;999,9;0;0;0;0;0;0
Rio_Cuarto_Aero;874530;2013;09;09;26,2;24;9,2;22;1007,3;8;960,0;8;10,1;12;5,3;24;9,3;12,4;38,0;16,0;0,0;999,9;0;0;0;0;0;0
Rio_Cuarto_Aero;874530;2013;09;10;28,1;22;8,2;22;1001,3;8;955,0;8;6,4;17;2,6;15;6,7;999,9;38,3;16,8;0,0;999,9;0;0;0;0;0;0
Rio_Cuarto_Aero;874530;2013;09;11;18,3;22;4,3;22;1006,5;8;958,9;8;11,9;15;6,9;22;12,4;999,9;23,0;13,1;0,0;999,9;0;0;0;0;0;0
Rio_Cuarto_Aero;874530;2013;09;12;11,2;24;6,0;24;1010,5;8;961,4;8;9,5;21;5,9;24;12,4;15,4;23,0;7,0;0,0;999,9;0;1;0;0;0;0
Rio_Cuarto_Aero;874530;2013;09;13;7,3;22;3,6;22;1023,2;8;972,4;8;11,6;21;6,1;22;9,3;999,9;11,7;3,7;0,0;999,9;0;1;0;0;0;0
Rio_Cuarto_Aero;874530;2013;09;14;7,4;24;2,9;24;1023,6;8;972,8;8;12,1;20;3,2;16;4,1;999,9;10,7;5,2;0,0;999,9;0;0;0;0;0;0
Rio_Cuarto_Aero;874530;2013;09;15;6,3;19;1,8;19;1022,9;8;971,9;8;10,6;19;3,1;19;6,7;999,9;9,4;5,0;0,0;999,9;0;1;0;0;0;0
Rio_Cuarto_Aero;874530;2013;09;16;4,4;23;0,2;22;1023,5;8;972,2;8;11,1;23;5,7;16;9,3;12,4;8,5;1,0;1,0;999,9;0;1;0;0;0;0
Rio_Cuarto_Aero;874530;2013;09;17;6,3;22;-4,1;22;1023,6;8;972,4;8;13,7;11;4,2;22;8,2;12,9;14,0;0,4;0,0;999,9;0;0;0;0;0;0
Rio_Cuarto_Aero;874530;2013;09;18;10,3;24;-5,7;24;1020,6;8;970,1;8;15,0;8;2,9;24;4,6;999,9;20,1;0,5;0,0;999,9;0;0;0;0;0;0
Rio_Cuarto_Aero;874530;2013;09;19;14,2;23;-3,8;23;1016,3;8;966,8;8;11,7;10;8,2;23;999,9;45,0;24,7;5,1;0,0;999,9;0;0;0;0;0;0
Rio_Cuarto_Aero;874530;2013;09;20;15,3;21;-0,6;21;1009,7;8;960,8;8;13,0;13;5,8;18;9,3;15,4;22,7;7,2;0,0;999,9;0;0;0;0;0;0
Rio_Cuarto_Aero;874530;2013;09;21;8,4;22;-0,5;22;1015,9;8;966,1;8;12,7;13;4,4;22;7,2;999,9;21,8;5,5;0,0;999,9;0;1;0;0;0;0
Rio_Cuarto_Aero;874530;2013;09;22;8,8;21;-2,4;20;1024,6;8;973,7;8;11,9;21;4,7;15;6,7;999,9;15,0;2,6;0,3;999,9;0;0;0;0;0;0
Rio_Cuarto_Aero;874530;2013;09;23;6,9;24;-2,4;24;1031,2;8;980,0;8;11,7;20;4,8;24;9,8;999,9;15,5;0,8;0,0;999,9;0;0;0;0;0;0
Rio_Cuarto_Aero;874530;2013;09;24;7,4;24;-4,6;24;1030,2;8;978,8;8;15,0;8;5,1;24;10,8;14,9;17,0;-2,5;0,0;999,9;0;0;0;0;0;0
Rio_Cuarto_Aero;874530;2013;09;25;11,1;23;-2,7;23;1022,4;8;972,1;8;14,6;8;9,2;23;16,5;24,2;18,0;2,3;0,0;999,9;0;0;0;0;0;0
Rio_Cuarto_Aero;874530;2013;09;26;14,7;22;1,9;22;1015,1;8;965,6;8;12,1;12;10,1;22;23,0;33,0;23,0;6,5;0,0;999,9;0;0;0;0;0;0
Rio_Cuarto_Aero;874530;2013;09;27;16,4;24;2,9;24;1013,5;8;964,6;8;12,9;14;8,0;24;12,4;17,0;24,0;5,8;0,0;999,9;0;0;0;0;0;0
Rio_Cuarto_Aero;874530;2013;09;28;6,1;23;1,9;23;1021,3;7;971,0;7;11,3;23;9,5;23;12,9;20,1;16,0;1,3;0,5;999,9;0;1;0;0;0;0
Rio_Cuarto_Aero;874530;2013;09;29;8,1;22;-2,1;22;1022,6;8;971,6;8;13,4;9;9,7;21;13,4;24,7;16,0;0,9;0,0;999,9;0;0;0;0;0;0
Rio_Cuarto_Aero;874530;2013;09;30;11,6;20;4,0;20;1020,4;8;970,4;8;12,1;20;8,9;20;14,4;18,0;16,0;0,9;0,0;999,9;0;0;0;0;0;0
Rio_Cuarto_Aero;874530;2013;10;01;12,3;24;5,7;24;1017,8;8;968,1;8;12,1;19;3,4;24;6,2;999,9;19,0;6,9;0,0;999,9;0;0;0;0;0;0
Rio_Cuarto_Aero;874530;2013;10;02;13,4;23;4,5;23;1016,0;8;966,4;8;14,0;10;6,2;23;11,3;17,5;23,0;5,4;0,0;999,9;0;0;0;0;0;0
Rio_Cuarto_Aero;874530;2013;10;03;13,2;22;6,2;22;1017,3;8;968,0;8;10,0;21;6,9;22;10,8;18,0;23,5;8,7;5,1;999,9;0;1;0;0;0;0
Rio_Cuarto_Aero;874530;2013;10;04;12,7;24;3,9;24;1023,3;8;973,2;8;13,7;11;3,8;24;6,2;999,9;20,4;5,5;0,3;999,9;0;0;0;0;0;0
Rio_Cuarto_Aero;874530;2013;10;05;16,1;24;3,6;24;1018,9;8;969,6;8;15,0;8;6,3;24;9,8;15,4;25,0;8,6;0,0;999,9;0;0;0;0;0;0
Rio_Cuarto_Aero;874530;2013;10;06;18,4;21;3,7;21;1018,9;8;970,2;8;15,0;8;7,3;21;13,4;999,9;26,0;10,8;0,0;999,9;0;0;0;0;0;0
Rio_Cuarto_Aero;874530;2013;10;07;19,1;24;3,8;24;1018,3;8;969,6;8;15,0;8;8,8;24;14,9;19,6;26,2;11,4;0,0;999,9;0;0;0;0;0;0
Rio_Cuarto_Aero;874530;2013;10;08;22,1;24;3,4;24;1012,6;8;964,6;8;13,0;11;8,6;24;12,4;22,1;30,5;11,4;0,3;999,9;0;1;0;0;1;0
Rio_Cuarto_Aero;874530;2013;10;09;20,4;24;2,8;24;1010,9;8;963,1;8;8,7;16;8,9;24;18,0;32,0;30,8;16,7;0,0;999,9;0;0;0;0;0;0
Rio_Cuarto_Aero;874530;2013;10;10;17,9;24;6,0;24;1015,7;4;966,8;4;11,7;11;4,1;24;9,3;13,9;28,0;6,1;0,0;999,9;0;0;0;0;0;0
Rio_Cuarto_Aero;874530;2013;10;11;19,2;23;14,4;23;1014,8;7;966,4;7;9,5;19;7,5;23;12,4;14,9;28,0;14,0;999,9;999,9;0;1;0;0;1;0
Rio_Cuarto_Aero;874530;2013;10;12;15,8;21;14,8;21;1016,1;7;967,2;7;8,4;21;4,3;21;10,3;999,9;26,0;13,8;18,0;999,9;1;1;0;0;0;0
Rio_Cuarto_Aero;874530;2013;10;13;17,1;24;13,9;24;1013,5;8;964,6;8;8,2;24;4,8;24;10,3;999,9;25,4;12,0;0,0;999,9;0;1;0;0;1;0
Rio_Cuarto_Aero;874530;2013;10;14;19,6;24;13,6;24;1015,1;6;966,5;6;11,7;17;4,5;24;10,3;16,0;29,0;13,0;5,1;999,9;0;0;0;0;1;0
Rio_Cuarto_Aero;874530;2013;10;15;23,4;24;13,8;24;1014,2;8;966,4;8;12,1;19;6,1;24;12,9;18,0;30,3;17,2;0,8;999,9;0;1;0;0;1;0
Rio_Cuarto_Aero;874530;2013;10;16;17,9;23;13,6;23;1015,0;8;966,8;8;11,6;23;5,7;23;10,3;17,0;30,5;14,5;5,1;999,9;0;1;0;0;1;0
Rio_Cuarto_Aero;874530;2013;10;17;18,8;22;13,9;22;1015,8;8;967,0;8;8,9;17;2,9;22;5,1;999,9;26,0;13,7;4,1;999,9;1;0;0;0;0;0
Rio_Cuarto_Aero;874530;2013;10;18;22,2;24;11,6;24;1011,8;8;963,8;8;13,7;11;3,9;24;8,2;999,9;31,0;13,8;0,0;999,9;0;0;0;0;0;0
Rio_Cuarto_Aero;874530;2013;10;19;24,9;22;10,7;22;1004,6;8;957,4;8;10,6;17;9,0;22;13,9;22,1;34,0;16,0;0,0;999,9;0;0;0;0;0;0
Rio_Cuarto_Aero;874530;2013;10;20;22,9;24;8,7;24;998,8;8;952,0;8;11,4;14;9,5;24;17,0;24,7;33,8;16,7;4,1;999,9;0;1;0;0;1;0
Rio_Cuarto_Aero;874530;2013;10;21;16,1;24;4,3;24;1014,1;8;965,4;8;15,0;8;4,9;24;8,8;999,9;25,3;10,0;0,0;999,9;0;0;0;0;0;0
Rio_Cuarto_Aero;874530;2013;10;22;19,5;24;4,2;24;1007,5;8;959,1;8;11,9;13;8,4;24;14,9;22,7;29,0;11,0;0,0;999,9;0;0;0;0;0;0
Rio_Cuarto_Aero;874530;2013;10;23;18,9;23;5,5;23;1007,7;8;959,8;8;13,4;12;7,8;23;12,9;20,1;29,5;13,8;0,0;999,9;0;0;0;0;0;0
Rio_Cuarto_Aero;874530;2013;10;24;15,1;21;2,2;21;1022,7;8;973,3;8;13,4;12;5,0;21;7,7;999,9;23,0;7,5;0,0;999,9;0;0;0;0;0;0
Rio_Cuarto_Aero;874530;2013;10;25;15,2;21;2,4;21;1018,8;8;969,5;8;14,0;10;7,8;21;11,3;16,5;23,0;11,2;0,0;999,9;0;0;0;0;0;0
Rio_Cuarto_Aero;874530;2013;10;26;18,8;24;7,2;24;1013,9;8;965,1;8;15,0;8;3,7;24;8,2;999,9;28,0;10,0;0,0;999,9;0;0;0;0;0;0
Rio_Cuarto_Aero;874530;2013;10;27;22,3;22;5,7;22;1016,0;8;967,7;8;13,0;13;7,1;22;13,9;19,0;29,0;13,6;0,0;999,9;0;0;0;0;0;0
Rio_Cuarto_Aero;874530;2013;10;28;22,3;24;6,9;24;1010,3;7;962,5;7;9,8;13;12,1;24;18,0;25,2;30,0;14,5;0,0;999,9;0;0;0;0;0;0
Rio_Cuarto_Aero;874530;2013;10;29;23,9;24;8,3;24;1007,5;8;960,0;8;12,6;13;7,1;24;10,3;16,5;32,0;16,5;0,0;999,9;0;0;0;0;0;0
Rio_Cuarto_Aero;874530;2013;10;30;20,8;20;12,1;20;1007,6;8;960,0;8;11,9;18;8,8;20;17,0;22,1;32,8;16,5;0,0;999,9;0;1;0;0;0;0
Rio_Cuarto_Aero;874530;2013;10;31;18,3;17;16,5;17;1005,3;8;957,3;8;6,3;17;7,4;17;11,3;999,9;28,6;13,8;6,1;999,9;0;1;0;0;1;0
Rio_Cuarto_Aero;874530;2013;11;01;17,4;18;13,8;17;1010,6;8;962,1;8;7,7;18;8,3;18;11,3;17,5;21,8;13,5;82,0;999,9;0;1;0;0;1;0
Rio_Cuarto_Aero;874530;2013;11;02;18,1;24;6,7;24;1016,2;8;967,4;8;12,6;16;5,5;24;10,3;999,9;23,0;12,5;0,0;999,9;0;0;0;0;0;0
Rio_Cuarto_Aero;874530;2013;11;03;18,3;20;5,2;20;1017,6;6;968,9;7;15,0;7;3,3;20;7,2;999,9;27,0;8,8;0,0;999,9;0;0;0;0;0;0
Rio_Cuarto_Aero;874530;2013;11;04;20,5;14;7,3;14;1014,4;8;966,2;8;15,0;8;8,0;14;13,9;20,1;27,2;13,5;0,0;999,9;0;0;0;0;0;0
Rio_Cuarto_Aero;874530;2013;11;05;22,3;20;8,0;20;1013,5;8;965,6;8;15,0;8;8,5;20;12,4;19,0;30,0;14,7;0,0;999,9;0;0;0;0;0;0
Rio_Cuarto_Aero;874530;2013;11;06;23,8;18;7,9;18;1008,4;8;960,9;8;10,3;13;13,0;17;16,5;25,7;31,2;15,6;0,0;999,9;0;0;0;0;0;0
Rio_Cuarto_Aero;874530;2013;11;07;20,7;24;9,3;24;1011,6;8;963,8;8;10,9;18;7,2;24;13,4;20,1;31,6;14,8;0,0;999,9;0;0;0;0;0;0
Rio_Cuarto_Aero;874530;2013;11;08;17,4;23;13,7;23;1010,7;8;962,3;8;11,4;22;5,7;23;10,3;13,9;24,4;13,5;7,1;999,9;0;1;0;0;1;0
Rio_Cuarto_Aero;874530;2013;11;09;18,0;22;16,6;22;1005,6;8;957,4;8;9,3;22;6,5;22;8,8;999,9;22,7;15,5;0,5;999,9;0;1;0;0;1;0
Rio_Cuarto_Aero;874530;2013;11;10;14,1;22;13,5;20;1006,9;8;958,2;8;7,6;21;6,0;22;9,8;16,5;20,9;10,2;8,9;999,9;0;1;0;0;1;0
Rio_Cuarto_Aero;874530;2013;11;11;18,4;22;9,7;22;1010,4;8;961,7;8;13,7;11;5,0;22;9,3;999,9;25,0;12,0;0,3;999,9;0;0;0;0;0;0
Rio_Cuarto_Aero;874530;2013;11;12;20,2;24;8,9;24;1009,6;8;961,5;8;15,0;8;5,0;24;10,8;999,9;29,0;11,4;0,0;999,9;0;0;0;0;0;0
Rio_Cuarto_Aero;874530;2013;11;13;24,2;23;11,4;23;1008,0;8;960,5;8;12,4;9;10,8;23;15,4;24,2;31,0;17,2;0,0;999,9;0;0;0;0;0;0
