Rio_Grande_Aero;879340;2013;01;01;17.3;6;11.2;6;9999.9;0;9999.9;0;11.3;6;7.4;6;9.8;999.9;19.0;15.0;0.0;999.9;0;0;0;0;0;0
Rio_Grande_Aero;879340;2013;01;02;11.1;13;9.3;13;9999.9;0;9999.9;0;10.6;13;7.2;13;8.7;999.9;14.0;9.0;999.9;999.9;0;1;0;0;0;0
Rio_Grande_Aero;879340;2013;01;03;12.2;13;7.9;13;9999.9;0;9999.9;0;10.1;13;10.6;11;12.3;17.5;16.0;8.0;999.9;999.9;0;1;0;0;0;0
Rio_Grande_Aero;879340;2013;01;04;14.2;7;9.0;7;9999.9;0;9999.9;0;11.3;7;10.1;7;10.8;999.9;17.0;11.0;0.0;999.9;0;0;0;0;0;0
Rio_Grande_Aero;879340;2013;01;05;12.3;7;11.3;7;9999.9;0;9999.9;0;10.6;7;4.9;7;9.3;999.9;15.0;10.0;0.0;999.9;0;0;0;0;0;0
Rio_Grande_Aero;879340;2013;01;06;7.0;7;5.7;7;9999.9;0;9999.9;0;4.8;7;7.8;7;10.8;999.9;10.0;5.0;999.9;999.9;0;1;0;0;0;0
Rio_Grande_Aero;879340;2013;01;07;10.6;5;7.0;5;9999.9;0;9999.9;0;11.3;5;10.0;5;10.8;999.9;13.0;8.0;0.0;999.9;0;0;0;0;0;0
Rio_Grande_Aero;879340;2013;01;08;10.8;18;6.1;18;9999.9;0;9999.9;0;11.3;18;9.3;18;12.9;18.5;15.0;5.0;0.0;999.9;0;0;0;0;0;0
Rio_Grande_Aero;879340;2013;01;09;14.7;13;10.3;13;9999.9;0;9999.9;0;11.3;13;8.2;13;11.8;999.9;19.0;10.0;999.9;999.9;0;1;0;0;0;0
Rio_Grande_Aero;879340;2013;01;10;14.9;16;11.7;16;9999.9;0;9999.9;0;11.1;16;7.1;16;11.3;999.9;18.0;13.0;0.0;999.9;0;0;0;0;0;0
Rio_Grande_Aero;879340;2013;01;11;14.6;13;8.2;13;9999.9;0;9999.9;0;11.3;13;13.7;13;17.0;21.6;16.0;12.0;0.0;999.9;0;0;0;0;0;0
Rio_Grande_Aero;879340;2013;01;12;12.9;15;6.4;15;9999.9;0;9999.9;0;10.9;15;11.8;15;13.9;19.5;16.0;9.0;0.0;999.9;0;0;0;0;0;0
Rio_Grande_Aero;879340;2013;01;13;14.4;12;10.2;12;9999.9;0;9999.9;0;11.1;12;5.0;12;6.7;999.9;16.0;11.0;0.0;999.9;0;0;0;0;0;0
Rio_Grande_Aero;879340;2013;01;14;14.2;14;11.3;14;9999.9;0;9999.9;0;11.1;14;6.1;14;8.7;999.9;20.0;10.0;0.0;999.9;0;0;0;0;0;0
Rio_Grande_Aero;879340;2013;01;15;17.3;6;12.3;6;9999.9;0;9999.9;0;11.3;6;10.5;6;12.3;999.9;20.0;16.0;999.9;999.9;0;1;0;0;0;0
Rio_Grande_Aero;879340;2013;01;16;16.2;7;8.7;7;9999.9;0;9999.9;0;11.3;7;10.0;7;10.8;15.4;18.0;14.0;0.0;999.9;0;0;0;0;0;0
Rio_Grande_Aero;879340;2013;01;17;13.5;6;9.5;6;9999.9;0;9999.9;0;11.3;6;9.2;6;11.3;999.9;17.0;12.0;999.9;999.9;0;1;0;0;0;0
Rio_Grande_Aero;879340;2013;01;18;15.6;11;10.8;11;9999.9;0;9999.9;0;10.9;11;6.7;11;9.8;999.9;18.0;10.0;0.0;999.9;0;0;0;0;0;0
Rio_Grande_Aero;879340;2013;01;19;21.5;14;15.3;14;9999.9;0;9999.9;0;10.8;14;9.1;14;12.9;999.9;25.0;16.0;0.0;999.9;0;0;0;0;0;0
Rio_Grande_Aero;879340;2013;01;20;21.8;17;15.2;17;9999.9;0;9999.9;0;10.8;17;8.8;17;10.8;999.9;26.0;15.0;0.0;999.9;0;0;0;0;0;0
Rio_Grande_Aero;879340;2013;01;21;17.4;9;13.2;9;9999.9;0;9999.9;0;9.8;9;5.0;9;8.2;999.9;23.0;15.0;999.9;999.9;0;1;0;0;0;0
Rio_Grande_Aero;879340;2013;01;22;17.1;10;10.2;10;9999.9;0;9999.9;0;10.8;10;7.5;10;10.3;14.4;20.0;12.0;0.0;999.9;0;0;0;0;0;0
Rio_Grande_Aero;879340;2013;01;23;11.8;7;6.0;7;9999.9;0;9999.9;0;11.3;7;7.9;7;10.8;999.9;14.0;10.0;0.0;999.9;0;0;0;0;0;0
Rio_Grande_Aero;879340;2013;01;24;10.4;14;5.7;14;9999.9;0;9999.9;0;11.3;14;7.0;14;10.8;999.9;13.0;5.0;999.9;999.9;0;1;0;0;0;0
Rio_Grande_Aero;879340;2013;01;25;14.5;4;8.5;4;9999.9;0;9999.9;0;11.3;4;8.9;4;9.8;999.9;18.0;11.0;0.0;999.9;0;0;0;0;0;0
Rio_Grande_Aero;879340;2013;01;26;15.9;15;10.4;15;9999.9;0;9999.9;0;11.3;15;6.4;15;12.3;16.5;21.0;9.0;0.0;999.9;0;0;0;0;0;0
Rio_Grande_Aero;879340;2013;01;27;17.0;14;10.9;14;9999.9;0;9999.9;0;11.1;14;11.3;14;14.4;18.5;20.0;13.0;0.0;999.9;0;0;0;0;0;0
Rio_Grande_Aero;879340;2013;01;28;13.9;14;7.8;14;9999.9;0;9999.9;0;11.3;14;12.5;14;16.5;23.7;16.0;9.0;999.9;999.9;0;1;0;0;0;0
Rio_Grande_Aero;879340;2013;01;29;16.6;7;10.6;7;9999.9;0;9999.9;0;10.3;7;11.5;7;13.9;18.5;19.0;14.0;0.0;999.9;0;0;0;0;0;0
Rio_Grande_Aero;879340;2013;01;30;12.7;14;7.9;14;9999.9;0;9999.9;0;10.6;14;8.7;14;11.3;999.9;16.0;9.0;999.9;999.9;0;1;0;0;0;0
Rio_Grande_Aero;879340;2013;01;31;14.7;16;8.8;16;9999.9;0;9999.9;0;9.5;16;16.2;16;21.1;27.8;17.0;12.0;999.9;999.9;0;1;0;0;0;0
Rio_Grande_Aero;879340;2013;02;01;12.2;15;5.7;15;9999.9;0;9999.9;0;11.3;15;11.9;15;15.9;20.6;15.0;8.0;0.0;999.9;0;0;0;0;0;0
Rio_Grande_Aero;879340;2013;02;02;11.6;9;7.3;9;9999.9;0;9999.9;0;10.9;9;8.9;9;12.3;17.5;15.0;7.0;0.0;999.9;0;0;0;0;0;0
Rio_Grande_Aero;879340;2013;02;03;13.6;14;9.8;14;9999.9;0;9999.9;0;10.6;14;16.8;14;23.7;31.9;19.0;10.0;0.0;999.9;0;0;0;0;0;0
Rio_Grande_Aero;879340;2013;02;04;14.2;13;7.8;13;9999.9;0;9999.9;0;10.8;13;10.2;13;15.4;20.6;17.0;10.0;0.0;999.9;0;0;0;0;0;0
Rio_Grande_Aero;879340;2013;02;05;15.3;17;11.8;17;9999.9;0;9999.9;0;10.0;17;8.0;17;13.4;999.9;20.0;11.0;999.9;999.9;0;1;0;0;0;0
Rio_Grande_Aero;879340;2013;02;06;13.3;13;7.2;13;9999.9;0;9999.9;0;11.1;13;14.4;13;19.0;25.7;15.0;9.0;0.0;999.9;0;0;0;0;0;0
Rio_Grande_Aero;879340;2013;02;07;12.8;12;6.2;12;9999.9;0;9999.9;0;11.1;12;10.8;12;12.9;18.0;15.0;9.0;0.0;999.9;0;0;0;0;0;0
Rio_Grande_Aero;879340;2013;02;08;11.1;14;8.7;14;9999.9;0;9999.9;0;9.2;13;4.0;14;9.3;999.9;13.0;6.0;999.9;999.9;0;1;0;0;0;0
Rio_Grande_Aero;879340;2013;02;09;15.5;14;10.3;14;9999.9;0;9999.9;0;10.0;14;9.1;14;11.3;15.9;20.0;8.0;0.0;999.9;0;0;0;0;0;0
Rio_Grande_Aero;879340;2013;02;10;15.1;14;11.2;14;9999.9;0;9999.9;0;10.8;14;5.5;14;9.3;999.9;21.0;9.0;0.0;999.9;0;0;0;0;0;0
Rio_Grande_Aero;879340;2013;02;11;12.8;9;11.7;9;9999.9;0;9999.9;0;3.7;9;2.9;9;4.1;999.9;14.0;11.0;999.9;999.9;0;1;0;0;0;0
Rio_Grande_Aero;879340;2013;02;12;10.8;15;7.7;15;9999.9;0;9999.9;0;10.1;15;5.3;15;8.7;999.9;14.0;8.0;0.0;999.9;0;0;0;0;0;0
Rio_Grande_Aero;879340;2013;02;13;13.2;13;7.7;13;9999.9;0;9999.9;0;11.1;13;6.6;13;10.8;999.9;17.0;7.0;0.0;999.9;0;0;0;0;0;0
Rio_Grande_Aero;879340;2013;02;14;14.2;14;10.0;14;9999.9;0;9999.9;0;10.9;14;8.8;14;12.9;16.5;18.0;12.0;999.9;999.9;0;1;0;0;0;0
Rio_Grande_Aero;879340;2013;02;15;11.2;13;5.8;13;9999.9;0;9999.9;0;11.1;13;10.9;13;13.9;17.0;14.0;4.0;0.0;999.9;0;0;0;0;0;0
Rio_Grande_Aero;879340;2013;02;16;9.6;16;3.8;16;9999.9;0;9999.9;0;10.9;16;9.0;16;13.4;16.5;13.0;5.0;0.0;999.9;0;0;0;0;0;0
Rio_Grande_Aero;879340;2013;02;17;9.8;13;3.6;13;9999.9;0;9999.9;0;11.3;13;8.3;13;9.8;999.9;13.0;5.0;0.0;999.9;0;0;0;0;0;0
Rio_Grande_Aero;879340;2013;02;18;12.0;14;6.3;14;9999.9;0;9999.9;0;10.9;14;13.3;14;17.0;23.7;16.0;7.0;0.0;999.9;0;0;0;0;0;0
Rio_Grande_Aero;879340;2013;02;19;9.8;14;2.8;14;9999.9;0;9999.9;0;10.6;14;11.9;14;14.4;18.5;13.0;4.0;0.0;999.9;0;0;0;0;0;0
Rio_Grande_Aero;879340;2013;02;20;9.9;16;6.8;16;9999.9;0;9999.9;0;11.1;16;4.7;16;8.2;999.9;15.0;5.0;999.9;999.9;0;1;0;0;0;0
Rio_Grande_Aero;879340;2013;02;21;12.1;9;9.2;9;9999.9;0;9999.9;0;11.3;9;4.1;9;5.1;999.9;13.0;8.0;999.9;999.9;0;1;0;0;0;0
Rio_Grande_Aero;879340;2013;02;22;10.8;14;9.2;14;9999.9;0;9999.9;0;11.1;14;4.2;14;6.2;999.9;13.0;6.0;0.0;999.9;0;0;0;0;0;0
Rio_Grande_Aero;879340;2013;02;23;9.1;13;6.1;13;9999.9;0;9999.9;0;11.3;13;4.2;13;5.1;999.9;10.0;8.0;0.0;999.9;0;0;0;0;0;0
Rio_Grande_Aero;879340;2013;02;24;10.7;14;7.8;14;9999.9;0;9999.9;0;10.5;14;5.0;14;8.2;999.9;14.0;4.0;0.0;999.9;0;0;0;0;0;0
Rio_Grande_Aero;879340;2013;02;25;11.2;13;9.6;13;9999.9;0;9999.9;0;9.8;13;3.5;13;5.1;999.9;14.0;7.0;0.0;999.9;0;0;0;0;0;0
Rio_Grande_Aero;879340;2013;02;26;11.5;14;10.0;14;9999.9;0;9999.9;0;11.3;14;3.0;14;5.1;999.9;13.0;10.0;0.0;999.9;0;0;0;0;0;0
Rio_Grande_Aero;879340;2013;02;27;10.4;13;9.3;13;9999.9;0;9999.9;0;6.9;13;3.4;13;5.1;999.9;13.0;6.0;999.9;999.9;1;1;0;0;0;0
Rio_Grande_Aero;879340;2013;02;28;12.2;14;9.1;14;9999.9;0;9999.9;0;8.9;14;4.0;14;7.7;999.9;17.0;6.0;0.0;999.9;1;0;0;0;0;0
Rio_Grande_Aero;879340;2013;03;01;11.9;12;9.4;12;9999.9;0;9999.9;0;10.9;12;4.2;12;6.7;999.9;14.0;6.0;0.0;999.9;0;0;0;0;0;0
Rio_Grande_Aero;879340;2013;03;02;14.4;16;9.2;16;9999.9;0;9999.9;0;6.3;16;9.0;16;13.9;18.5;19.0;3.0;0.0;999.9;0;0;0;0;0;0
Rio_Grande_Aero;879340;2013;03;03;18.3;11;13.7;11;9999.9;0;9999.9;0;10.8;11;5.4;11;8.2;999.9;24.0;11.0;0.0;999.9;0;0;0;0;0;0
Rio_Grande_Aero;879340;2013;03;04;16.1;16;11.7;16;9999.9;0;9999.9;0;11.1;16;5.6;16;8.7;999.9;19.0;10.0;999.9;999.9;0;1;0;0;0;0
Rio_Grande_Aero;879340;2013;03;05;11.8;14;10.9;14;9999.9;0;9999.9;0;10.3;14;3.9;14;5.7;999.9;13.0;10.0;0.0;999.9;0;0;0;0;0;0
Rio_Grande_Aero;879340;2013;03;06;9.3;8;7.0;8;9999.9;0;9999.9;0;10.0;8;2.4;8;3.1;999.9;10.0;8.0;999.9;999.9;0;1;0;0;0;0
Rio_Grande_Aero;879340;2013;03;07;6.6;9;4.6;9;9999.9;0;9999.9;0;10.3;9;2.7;9;5.7;999.9;8.0;5.0;999.9;999.9;0;1;0;0;0;0
Rio_Grande_Aero;879340;2013;03;08;7.2;12;4.9;12;9999.9;0;9999.9;0;10.8;12;5.2;12;7.7;999.9;10.0;5.0;999.9;999.9;0;1;0;0;0;0
Rio_Grande_Aero;879340;2013;03;09;7.4;11;2.7;11;9999.9;0;9999.9;0;10.9;11;5.8;11;7.7;999.9;8.0;6.0;0.0;999.9;0;0;0;0;0;0
Rio_Grande_Aero;879340;2013;03;10;7.6;9;5.6;9;9999.9;0;9999.9;0;9.5;9;4.6;9;9.3;999.9;9.0;6.0;999.9;999.9;0;1;0;0;0;0
Rio_Grande_Aero;879340;2013;03;11;7.4;11;5.4;11;9999.9;0;9999.9;0;7.9;11;5.6;11;8.2;999.9;9.0;6.0;999.9;999.9;0;1;0;0;0;0
Rio_Grande_Aero;879340;2013;03;12;6.2;14;3.2;14;9999.9;0;9999.9;0;10.3;14;4.0;14;5.7;999.9;10.0;1.0;999.9;999.9;0;1;0;0;0;0
Rio_Grande_Aero;879340;2013;03;13;6.8;14;4.2;14;9999.9;0;9999.9;0;11.1;14;2.6;14;3.6;999.9;11.0;-2.0;0.0;999.9;0;0;0;0;0;0
Rio_Grande_Aero;879340;2013;03;14;5.8;8;3.5;8;9999.9;0;9999.9;0;10.3;8;4.8;8;10.3;999.9;12.0;-2.0;0.0;999.9;0;0;0;0;0;0
Rio_Grande_Aero;879340;2013;03;15;9.4;16;6.7;16;9999.9;0;9999.9;0;9.3;16;4.6;16;7.2;999.9;16.0;0.0;0.0;999.9;1;0;0;0;0;0
Rio_Grande_Aero;879340;2013;03;16;7.6;12;6.7;12;9999.9;0;9999.9;0;11.1;12;3.6;12;5.7;999.9;11.0;0.0;0.0;999.9;0;0;0;0;0;0
Rio_Grande_Aero;879340;2013;03;17;11.2;12;10.0;12;9999.9;0;9999.9;0;6.9;12;2.5;12;4.1;999.9;14.0;8.0;0.0;999.9;1;0;0;0;0;0
Rio_Grande_Aero;879340;2013;03;18;8.7;18;8.1;18;9999.9;0;9999.9;0;4.5;18;3.0;18;7.7;999.9;13.0;5.0;0.0;999.9;1;0;0;0;0;0
Rio_Grande_Aero;879340;2013;03;19;11.9;9;10.8;9;9999.9;0;9999.9;0;8.7;9;2.0;9;3.1;999.9;15.0;10.0;0.0;999.9;0;0;0;0;0;0
Rio_Grande_Aero;879340;2013;03;20;12.1;9;7.8;9;9999.9;0;9999.9;0;8.2;9;4.6;9;6.7;999.9;14.0;8.0;999.9;999.9;0;1;0;0;0;0
Rio_Grande_Aero;879340;2013;03;21;10.6;13;7.7;13;9999.9;0;9999.9;0;9.0;13;12.6;13;14.4;19.5;13.0;8.0;999.9;999.9;0;1;0;0;0;0
Rio_Grande_Aero;879340;2013;03;22;10.4;8;4.0;8;9999.9;0;9999.9;0;11.1;8;10.6;8;12.9;19.0;13.0;5.0;0.0;999.9;0;0;0;0;0;0
Rio_Grande_Aero;879340;2013;03;23;6.2;19;4.1;19;9999.9;0;9999.9;0;10.9;19;2.9;19;6.7;999.9;11.0;0.0;999.9;999.9;0;1;0;0;0;0
Rio_Grande_Aero;879340;2013;03;24;11.6;13;10.2;13;9999.9;0;9999.9;0;7.9;13;5.7;13;12.3;17.5;14.0;10.0;999.9;999.9;0;1;0;0;0;0
Rio_Grande_Aero;879340;2013;03;25;9.8;12;7.7;12;9999.9;0;9999.9;0;10.8;12;8.3;12;11.3;999.9;12.0;3.0;0.0;999.9;0;0;0;0;0;0
Rio_Grande_Aero;879340;2013;03;26;9.5;8;5.3;8;9999.9;0;9999.9;0;10.8;8;12.7;8;15.9;22.6;12.0;8.0;0.0;999.9;0;0;0;0;0;0
Rio_Grande_Aero;879340;2013;03;27;11.3;13;7.2;13;9999.9;0;9999.9;0;10.8;13;8.0;13;11.3;999.9;15.0;6.0;0.0;999.9;0;0;0;0;0;0
Rio_Grande_Aero;879340;2013;03;28;9.9;10;6.0;10;9999.9;0;9999.9;0;10.8;10;8.8;10;14.4;20.6;14.0;6.0;999.9;999.9;0;1;0;0;0;0
Rio_Grande_Aero;879340;2013;03;29;11.6;7;7.3;7;9999.9;0;9999.9;0;11.3;7;9.4;7;12.9;16.5;14.0;7.0;0.0;999.9;0;0;0;0;0;0
Rio_Grande_Aero;879340;2013;03;30;13.6;8;7.0;8;9999.9;0;9999.9;0;10.1;8;9.0;8;10.8;999.9;16.0;9.0;0.0;999.9;0;0;0;0;0;0
Rio_Grande_Aero;879340;2013;03;31;12.3;6;8.0;6;9999.9;0;9999.9;0;10.8;6;8.3;6;9.8;999.9;14.0;9.0;999.9;999.9;0;1;0;0;0;0
Rio_Grande_Aero;879340;2013;04;01;14.6;8;8.8;8;9999.9;0;9999.9;0;11.1;8;8.9;8;11.3;15.4;20.0;12.0;999.9;999.9;0;1;0;0;0;0
Rio_Grande_Aero;879340;2013;04;02;9.3;12;5.3;12;9999.9;0;9999.9;0;10.3;12;9.7;12;21.0;999.9;13.0;5.0;0.0;999.9;0;0;0;0;0;0
Rio_Grande_Aero;879340;2013;04;03;13.2;7;9.2;7;9999.9;0;9999.9;0;11.1;7;8.0;7;10.8;999.9;15.0;10.0;999.9;999.9;0;1;0;0;0;0
Rio_Grande_Aero;879340;2013;04;04;10.4;11;7.3;11;9999.9;0;9999.9;0;11.3;11;9.2;11;12.9;16.5;14.0;7.0;0.0;999.9;0;0;0;0;0;0
Rio_Grande_Aero;879340;2013;04;05;7.4;10;3.2;10;9999.9;0;9999.9;0;10.9;10;7.7;10;12.3;999.9;11.0;5.0;0.0;999.9;0;0;0;0;0;0
Rio_Grande_Aero;879340;2013;04;06;6.8;14;1.4;14;9999.9;0;9999.9;0;10.9;14;14.3;14;18.5;24.7;9.0;3.0;0.0;999.9;0;0;0;0;0;0
Rio_Grande_Aero;879340;2013;04;07;6.4;17;3.2;17;9999.9;0;9999.9;0;10.8;17;10.8;17;14.9;19.5;11.0;2.0;0.0;999.9;0;0;0;0;0;0
Rio_Grande_Aero;879340;2013;04;08;8.0;7;6.0;7;9999.9;0;9999.9;0;10.6;7;8.0;7;10.3;999.9;11.0;6.0;0.0;999.9;0;0;0;0;0;0
Rio_Grande_Aero;879340;2013;04;09;12.1;9;9.4;9;9999.9;0;9999.9;0;10.6;9;3.9;9;6.2;999.9;15.0;10.0;0.0;999.9;0;0;0;0;0;0
Rio_Grande_Aero;879340;2013;04;13;1.9;9;0.6;9;9999.9;0;9999.9;0;8.2;9;1.8;8;3.1;999.9;10.0;-2.0;0.0;999.9;0;0;0;0;0;0
Rio_Grande_Aero;879340;2013;04;14;9.8;5;7.8;5;9999.9;0;9999.9;0;9.3;5;5.5;5;9.3;999.9;13.0;6.0;0.0;999.9;1;0;0;0;0;0
Rio_Grande_Aero;879340;2013;04;15;9.0;4;7.2;4;9999.9;0;9999.9;0;8.9;4;6.9;4;7.2;999.9;9999.9;9999.9;0.0;999.9;0;0;0;0;0;0
Rio_Grande_Aero;879340;2013;04;16;11.6;10;10.9;10;9999.9;0;9999.9;0;7.9;10;4.3;10;7.2;999.9;15.0;8.0;999.9;999.9;1;1;0;0;0;0
Rio_Grande_Aero;879340;2013;04;17;10.8;7;10.6;7;9999.9;0;9999.9;0;8.7;7;4.1;7;5.7;999.9;13.0;9.0;999.9;999.9;0;1;0;0;0;0
Rio_Grande_Aero;879340;2013;04;18;10.6;5;9.8;5;9999.9;0;9999.9;0;10.5;5;3.0;5;5.1;999.9;11.0;10.0;0.0;999.9;0;0;0;0;0;0
Rio_Grande_Aero;879340;2013;04;19;11.2;8;8.0;8;9999.9;0;9999.9;0;10.6;8;5.4;8;7.2;999.9;13.0;9.0;999.9;999.9;0;1;0;0;0;0
Rio_Grande_Aero;879340;2013;04;20;7.7;20;6.0;20;9999.9;0;9999.9;0;9.2;20;2.6;20;6.2;999.9;11.0;2.0;0.0;999.9;1;0;0;0;0;0
Rio_Grande_Aero;879340;2013;04;21;8.1;8;7.1;8;9999.9;0;9999.9;0;8.7;8;3.2;8;4.1;999.9;11.0;5.0;0.0;999.9;1;0;0;0;0;0
Rio_Grande_Aero;879340;2013;04;22;7.8;9;4.6;9;9999.9;0;9999.9;0;10.6;9;4.6;9;6.7;999.9;9.0;3.0;0.0;999.9;0;0;0;0;0;0
Rio_Grande_Aero;879340;2013;04;23;7.7;14;4.8;14;9999.9;0;9999.9;0;10.0;14;3.7;14;6.2;999.9;15.0;-1.0;0.0;999.9;0;0;0;0;0;0
Rio_Grande_Aero;879340;2013;04;24;9.9;11;7.1;11;9999.9;0;9999.9;0;10.3;11;6.0;11;9.8;999.9;14.0;6.0;0.0;999.9;0;0;0;0;0;0
Rio_Grande_Aero;879340;2013;04;25;9.3;14;8.0;14;9999.9;0;9999.9;0;10.6;14;6.0;14;8.2;999.9;14.0;6.0;0.0;999.9;0;0;0;0;0;0
Rio_Grande_Aero;879340;2013;04;26;9.8;12;7.2;12;9999.9;0;9999.9;0;10.3;12;7.3;12;13.9;18.5;15.0;7.0;0.0;999.9;0;0;0;0;0;0
Rio_Grande_Aero;879340;2013;04;27;5.7;18;2.9;18;9999.9;0;9999.9;0;10.3;18;6.8;18;13.0;999.9;11.0;1.0;0.0;999.9;0;0;0;0;0;0
Rio_Grande_Aero;879340;2013;04;28;9.4;17;8.2;17;9999.9;0;9999.9;0;9.2;17;6.8;17;9.3;999.9;11.0;8.0;0.0;999.9;0;0;0;0;0;0
Rio_Grande_Aero;879340;2013;04;29;5.6;12;3.3;12;9999.9;0;9999.9;0;10.3;12;6.4;12;9.3;999.9;10.0;2.0;0.0;999.9;0;0;0;0;0;0
Rio_Grande_Aero;879340;2013;04;30;4.7;12;1.9;12;9999.9;0;9999.9;0;10.6;12;9.6;12;13.4;999.9;7.0;1.0;0.0;999.9;0;0;0;0;0;0
Rio_Grande_Aero;879340;2013;05;01;7.2;16;4.1;16;9999.9;0;9999.9;0;10.3;16;9.7;16;13.4;18.5;11.0;3.0;0.0;999.9;0;0;0;0;0;0
Rio_Grande_Aero;879340;2013;05;02;4.9;13;3.4;13;9999.9;0;9999.9;0;10.3;13;6.7;13;9.8;999.9;8.0;3.0;0.0;999.9;0;0;0;0;0;0
Rio_Grande_Aero;879340;2013;05;03;6.7;21;5.9;21;9999.9;0;9999.9;0;9.8;21;3.6;21;8.7;999.9;10.0;3.0;0.0;999.9;1;0;0;0;0;0
Rio_Grande_Aero;879340;2013;05;04;5.3;18;4.6;18;9999.9;0;9999.9;0;8.2;16;3.3;18;10.8;999.9;9.0;2.0;999.9;999.9;1;1;0;0;0;0
Rio_Grande_Aero;879340;2013;05;05;6.3;17;4.7;17;9999.9;0;9999.9;0;9.7;17;7.8;17;11.3;999.9;10.0;2.0;999.9;999.9;0;1;0;0;0;0
Rio_Grande_Aero;879340;2013;05;06;4.8;14;2.4;14;9999.9;0;9999.9;0;10.0;14;11.3;14;15.4;20.6;7.0;3.0;0.0;999.9;0;0;0;0;0;0
Rio_Grande_Aero;879340;2013;05;07;5.9;10;3.2;10;9999.9;0;9999.9;0;10.5;10;12.3;10;23.0;999.9;8.0;4.0;0.0;999.9;0;0;0;0;0;0
Rio_Grande_Aero;879340;2013;05;08;4.3;13;2.9;13;9999.9;0;9999.9;0;10.8;13;5.9;13;9.8;999.9;9.0;1.0;0.0;999.9;0;0;0;0;0;0
Rio_Grande_Aero;879340;2013;05;09;4.9;11;3.1;11;9999.9;0;9999.9;0;10.8;11;9.9;11;14.4;19.0;7.0;2.0;0.0;999.9;0;0;0;0;0;0
Rio_Grande_Aero;879340;2013;05;10;5.9;18;3.6;18;9999.9;0;9999.9;0;10.5;18;8.0;18;14.0;999.9;8.0;2.0;999.9;999.9;0;1;0;0;0;0
Rio_Grande_Aero;879340;2013;05;11;4.4;22;2.5;22;9999.9;0;9999.9;0;10.5;22;7.5;22;12.3;18.0;8.0;1.0;999.9;999.9;0;1;0;0;0;0
Rio_Grande_Aero;879340;2013;05;12;4.3;22;2.1;22;9999.9;0;9999.9;0;10.9;21;9.2;22;14.9;20.6;7.0;2.0;0.0;999.9;0;0;0;0;0;0
Rio_Grande_Aero;879340;2013;05;13;1.3;14;-0.2;14;9999.9;0;9999.9;0;10.1;14;8.6;14;11.8;999.9;3.0;-2.0;0.0;999.9;0;0;0;0;0;0
Rio_Grande_Aero;879340;2013;05;14;0.8;5;-0.6;5;9999.9;0;9999.9;0;9.5;5;4.6;5;7.2;999.9;3.0;-2.0;999.9;999.9;0;1;0;0;0;0
Rio_Grande_Aero;879340;2013;05;15;0.6;19;-0.6;19;9999.9;0;9999.9;0;10.3;19;1.8;19;4.6;999.9;5.0;-5.0;999.9;999.9;0;1;1;0;0;0
Rio_Grande_Aero;879340;2013;05;16;3.8;16;2.6;16;9999.9;0;9999.9;0;10.6;16;4.2;16;6.7;999.9;9.0;0.0;999.9;999.9;0;1;0;0;0;0
Rio_Grande_Aero;879340;2013;05;17;6.6;15;5.1;15;9999.9;0;9999.9;0;10.9;15;7.8;15;10.8;999.9;10.0;4.0;0.0;999.9;0;0;0;0;0;0
Rio_Grande_Aero;879340;2013;05;18;3.6;23;2.6;23;9999.9;0;9999.9;0;10.1;21;6.6;23;13.0;999.9;9.0;0.0;0.0;999.9;0;0;0;0;0;0
Rio_Grande_Aero;879340;2013;05;19;0.6;19;0.1;19;9999.9;0;9999.9;0;9.7;18;1.8;19;7.0;999.9;4.0;-4.0;0.0;999.9;1;0;0;0;0;0
Rio_Grande_Aero;879340;2013;05;20;3.8;20;3.3;20;9999.9;0;9999.9;0;9.8;20;2.0;20;5.1;999.9;9.0;0.0;0.0;999.9;0;0;0;0;0;0
Rio_Grande_Aero;879340;2013;05;21;4.2;20;2.8;20;9999.9;0;9999.9;0;9.3;19;6.1;19;10.3;999.9;6.0;1.0;999.9;999.9;0;1;0;0;0;0
Rio_Grande_Aero;879340;2013;05;22;4.6;22;1.7;22;9999.9;0;9999.9;0;10.6;22;13.6;22;21.1;28.8;7.0;1.0;999.9;999.9;0;1;0;0;0;0
Rio_Grande_Aero;879340;2013;05;23;-0.1;20;-1.7;20;9999.9;0;9999.9;0;10.0;20;5.2;20;7.7;999.9;5.0;-4.0;0.0;999.9;0;0;0;0;0;0
Rio_Grande_Aero;879340;2013;05;24;0.5;19;-1.4;19;9999.9;0;9999.9;0;10.0;19;5.5;19;7.7;999.9;6.0;-2.0;0.0;999.9;0;0;0;0;0;0
Rio_Grande_Aero;879340;2013;05;25;-4.2;21;-5.4;20;9999.9;0;9999.9;0;10.5;21;2.7;21;3.6;999.9;1.0;-9.0;0.0;999.9;0;0;0;0;0;0
Rio_Grande_Aero;879340;2013;05;26;-4.3;13;-5.7;13;9999.9;0;9999.9;0;9.0;13;2.0;13;3.6;999.9;0.0;-8.0;999.9;999.9;0;1;1;0;0;0
Rio_Grande_Aero;879340;2013;05;27;-0.1;9;-1.4;9;9999.9;0;9999.9;0;9.8;9;4.5;9;6.7;999.9;2.0;-3.0;999.9;999.9;0;1;1;0;0;0
Rio_Grande_Aero;879340;2013;05;28;3.9;13;2.0;13;9999.9;0;9999.9;0;10.9;13;5.4;13;9.3;999.9;6.0;2.0;999.9;999.9;0;1;0;0;0;0
Rio_Grande_Aero;879340;2013;05;29;2.0;22;1.2;22;9999.9;0;9999.9;0;11.1;22;2.5;22;4.6;999.9;4.0;1.0;999.9;999.9;0;1;0;0;0;0
Rio_Grande_Aero;879340;2013;05;30;1.4;16;0.7;16;9999.9;0;9999.9;0;10.0;16;1.6;16;3.6;999.9;3.0;0.0;999.9;999.9;0;1;0;0;0;0
Rio_Grande_Aero;879340;2013;05;31;0.4;16;-0.4;16;9999.9;0;9999.9;0;9.5;15;3.0;16;5.1;999.9;3.0;-2.0;0.0;999.9;1;0;0;0;0;0
Rio_Grande_Aero;879340;2013;06;01;-0.4;18;-1.6;18;9999.9;0;9999.9;0;10.5;18;2.0;18;4.1;999.9;2.0;-4.0;999.9;999.9;0;1;0;0;0;0
Rio_Grande_Aero;879340;2013;06;02;0.0;19;-0.7;19;9999.9;0;9999.9;0;9.5;19;1.6;19;3.1;999.9;3.0;-1.0;0.0;999.9;1;0;0;0;0;0
Rio_Grande_Aero;879340;2013;06;03;1.5;14;0.9;14;9999.9;0;9999.9;0;8.4;14;2.0;14;4.6;999.9;3.0;-1.0;0.0;999.9;1;0;0;0;0;0
Rio_Grande_Aero;879340;2013;06;04;0.8;18;0.0;18;9999.9;0;9999.9;0;10.5;18;2.4;18;3.6;999.9;5.0;-1.0;0.0;999.9;0;0;0;0;0;0
Rio_Grande_Aero;879340;2013;06;05;-0.2;20;-1.2;20;9999.9;0;9999.9;0;6.6;19;2.8;20;7.2;999.9;4.0;-3.0;0.0;999.9;1;0;0;0;0;0
Rio_Grande_Aero;879340;2013;06;06;4.5;16;3.3;16;9999.9;0;9999.9;0;10.5;16;7.5;16;10.3;999.9;7.0;3.0;0.0;999.9;0;0;0;0;0;0
Rio_Grande_Aero;879340;2013;06;07;3.4;11;1.4;11;9999.9;0;9999.9;0;10.1;11;10.1;11;12.9;999.9;6.0;2.0;0.0;999.9;0;0;0;0;0;0
Rio_Grande_Aero;879340;2013;06;08;4.6;18;2.8;18;9999.9;0;9999.9;0;10.9;18;9.3;18;12.9;999.9;10.0;0.0;0.0;999.9;0;0;0;0;0;0
Rio_Grande_Aero;879340;2013;06;09;3.7;21;3.1;21;9999.9;0;9999.9;0;10.1;21;4.8;21;7.2;999.9;6.0;2.0;999.9;999.9;0;1;0;0;0;0
Rio_Grande_Aero;879340;2013;06;10;4.6;13;3.3;13;9999.9;0;9999.9;0;9.8;13;6.0;13;13.4;999.9;7.0;1.0;999.9;999.9;0;1;0;0;0;0
Rio_Grande_Aero;879340;2013;06;11;-0.3;14;-1.2;14;9999.9;0;9999.9;0;9.3;14;2.8;14;6.2;999.9;2.0;-2.0;999.9;999.9;0;1;1;0;0;0
Rio_Grande_Aero;879340;2013;06;12;0.7;21;-0.2;21;9999.9;0;9999.9;0;10.5;21;8.0;21;13.9;999.9;2.0;-1.0;0.0;999.9;0;0;0;0;0;0
Rio_Grande_Aero;879340;2013;06;13;1.1;23;-0.3;23;9999.9;0;9999.9;0;10.1;23;7.7;23;11.3;999.9;3.0;-1.0;0.0;999.9;0;0;0;0;0;0
Rio_Grande_Aero;879340;2013;06;14;0.1;17;-0.9;17;9999.9;0;9999.9;0;10.1;17;5.6;17;9.8;999.9;5.0;-2.0;0.0;999.9;0;0;0;0;0;0
Rio_Grande_Aero;879340;2013;06;15;3.4;22;2.4;22;9999.9;0;9999.9;0;7.6;22;5.4;22;9.3;999.9;5.0;2.0;999.9;999.9;1;1;0;0;0;0
Rio_Grande_Aero;879340;2013;06;16;1.6;22;-0.1;22;9999.9;0;9999.9;0;10.6;22;10.1;22;14.4;19.5;4.0;-1.0;0.0;999.9;0;0;0;0;0;0
Rio_Grande_Aero;879340;2013;06;17;-1.4;18;-2.9;18;9999.9;0;9999.9;0;10.8;18;4.3;18;10.3;999.9;1.0;-4.0;999.9;999.9;0;1;0;0;0;0
Rio_Grande_Aero;879340;2013;06;18;-3.3;20;-4.8;20;9999.9;0;9999.9;0;10.1;20;5.8;20;10.3;999.9;1.0;-5.0;0.0;999.9;0;0;0;0;0;0
Rio_Grande_Aero;879340;2013;06;19;-0.3;15;-1.7;15;9999.9;0;9999.9;0;9.5;11;8.0;15;13.4;17.5;3.0;-4.0;999.9;999.9;0;1;1;0;0;0
Rio_Grande_Aero;879340;2013;06;20;3.6;22;2.4;22;9999.9;0;9999.9;0;10.9;18;9.8;21;15.4;20.1;6.0;2.0;999.9;999.9;0;1;0;0;0;0
Rio_Grande_Aero;879340;2013;06;21;0.8;17;-1.0;17;9999.9;0;9999.9;0;11.3;17;20.2;17;33.0;999.9;2.0;-1.0;0.0;999.9;0;0;0;0;0;0
Rio_Grande_Aero;879340;2013;06;22;2.8;12;1.6;12;9999.9;0;9999.9;0;10.6;12;8.1;12;11.3;999.9;6.0;-3.0;0.0;999.9;0;0;0;0;0;0
Rio_Grande_Aero;879340;2013;06;23;6.1;23;3.9;23;9999.9;0;9999.9;0;10.6;23;10.7;23;17.0;22.6;8.0;5.0;0.0;999.9;0;0;0;0;0;0
Rio_Grande_Aero;879340;2013;06;24;8.8;9;7.1;9;9999.9;0;9999.9;0;11.1;9;11.6;9;15.4;999.9;9.0;8.0;0.0;999.9;0;0;0;0;0;0
Rio_Grande_Aero;879340;2013;06;25;6.6;18;5.0;18;9999.9;0;9999.9;0;10.6;14;7.8;18;11.3;999.9;9.0;5.0;999.9;999.9;0;1;0;0;0;0
Rio_Grande_Aero;879340;2013;06;26;6.8;21;5.3;21;9999.9;0;9999.9;0;11.1;21;6.0;21;12.9;999.9;11.0;3.0;999.9;999.9;0;1;0;0;0;0
Rio_Grande_Aero;879340;2013;06;27;3.2;15;2.1;15;9999.9;0;9999.9;0;8.5;15;2.9;15;7.2;999.9;6.0;0.0;999.9;999.9;0;1;0;0;0;0
Rio_Grande_Aero;879340;2013;06;28;5.6;14;4.8;14;9999.9;0;9999.9;0;10.8;12;3.0;14;6.2;999.9;6.0;3.0;999.9;999.9;0;1;0;0;0;0
Rio_Grande_Aero;879340;2013;06;29;0.7;16;-0.6;16;9999.9;0;9999.9;0;10.9;16;2.2;16;3.1;999.9;3.0;-1.0;0.0;999.9;0;0;0;0;0;0
Rio_Grande_Aero;879340;2013;06;30;-1.9;17;-3.2;17;9999.9;0;9999.9;0;10.3;17;2.2;17;4.6;999.9;3.0;-5.0;0.0;999.9;0;0;0;0;0;0
Rio_Grande_Aero;879340;2013;07;01;1.9;17;1.0;17;9999.9;0;9999.9;0;6.9;17;7.1;17;13.4;999.9;5.0;-5.0;999.9;999.9;1;1;0;0;0;0
Rio_Grande_Aero;879340;2013;07;02;3.0;18;2.8;18;9999.9;0;9999.9;0;6.1;11;2.4;18;4.6;999.9;5.0;1.0;0.0;999.9;0;0;0;0;0;0
Rio_Grande_Aero;879340;2013;07;03;-0.7;13;-1.1;13;9999.9;0;9999.9;0;9.3;9;2.0;13;3.1;999.9;2.0;-3.0;999.9;999.9;0;1;1;0;0;0
Rio_Grande_Aero;879340;2013;07;04;0.9;23;0.2;23;9999.9;0;9999.9;0;10.8;23;2.1;23;4.6;999.9;4.0;-1.0;0.0;999.9;0;0;0;0;0;0
Rio_Grande_Aero;879340;2013;07;05;0.3;13;-0.3;13;9999.9;0;9999.9;0;10.1;13;1.2;13;2.1;999.9;4.0;-2.0;0.0;999.9;0;0;0;0;0;0
Rio_Grande_Aero;879340;2013;07;06;2.4;18;1.2;18;9999.9;0;9999.9;0;10.3;18;5.5;18;13.9;999.9;5.0;0.0;0.0;999.9;0;0;0;0;0;0
Rio_Grande_Aero;879340;2013;07;07;4.1;21;2.6;21;9999.9;0;9999.9;0;10.8;21;10.0;21;14.9;999.9;7.0;2.0;0.0;999.9;0;0;0;0;0;0
Rio_Grande_Aero;879340;2013;07;08;5.4;9;3.3;9;9999.9;0;9999.9;0;10.5;9;8.5;9;14.4;17.0;8.0;4.0;0.0;999.9;0;0;0;0;0;0
Rio_Grande_Aero;879340;2013;07;09;4.1;18;3.1;18;9999.9;0;9999.9;0;11.3;18;6.0;18;9.8;999.9;7.0;2.0;0.0;999.9;0;0;0;0;0;0
Rio_Grande_Aero;879340;2013;07;10;0.3;11;-0.6;11;9999.9;0;9999.9;0;10.0;11;1.8;11;3.6;999.9;2.0;-1.0;0.0;999.9;0;0;0;0;0;0
Rio_Grande_Aero;879340;2013;07;11;2.2;7;1.4;7;9999.9;0;9999.9;0;10.6;7;3.8;7;6.7;999.9;4.0;1.0;999.9;999.9;0;1;0;0;0;0
Rio_Grande_Aero;879340;2013;07;12;4.8;7;3.3;7;9999.9;0;9999.9;0;10.6;7;7.3;7;12.3;999.9;6.0;4.0;0.0;999.9;0;0;0;0;0;0
Rio_Grande_Aero;879340;2013;07;13;2.6;21;0.2;21;9999.9;0;9999.9;0;10.9;21;11.1;21;14.9;19.5;4.0;1.0;0.0;999.9;0;0;0;0;0;0
Rio_Grande_Aero;879340;2013;07;14;2.7;14;1.0;14;9999.9;0;9999.9;0;10.6;14;7.8;14;12.3;15.4;4.0;1.0;0.0;999.9;0;0;0;0;0;0
Rio_Grande_Aero;879340;2013;07;15;3.4;11;2.0;11;9999.9;0;9999.9;0;10.5;11;8.5;11;12.9;999.9;7.0;1.0;0.0;999.9;0;0;0;0;0;0
Rio_Grande_Aero;879340;2013;07;16;-0.2;18;-1.9;18;9999.9;0;9999.9;0;10.1;18;9.4;18;13.9;999.9;3.0;-3.0;0.0;999.9;0;0;0;0;0;0
Rio_Grande_Aero;879340;2013;07;17;-1.4;11;-2.9;11;9999.9;0;9999.9;0;10.1;11;5.8;11;7.7;999.9;2.0;-4.0;0.0;999.9;0;0;0;0;0;0
Rio_Grande_Aero;879340;2013;07;18;3.8;17;1.4;17;9999.9;0;9999.9;0;10.3;17;8.3;17;12.9;18.0;8.0;2.0;0.0;999.9;0;0;0;0;0;0
Rio_Grande_Aero;879340;2013;07;19;3.6;14;1.5;14;9999.9;0;9999.9;0;10.9;14;9.8;14;13.4;999.9;5.0;1.0;0.0;999.9;0;0;0;0;0;0
Rio_Grande_Aero;879340;2013;07;20;1.4;16;-1.9;16;9999.9;0;9999.9;0;10.9;14;6.1;16;8.7;999.9;3.0;-1.0;0.0;999.9;0;0;0;0;0;0
Rio_Grande_Aero;879340;2013;07;21;-1.7;20;-2.8;20;9999.9;0;9999.9;0;10.1;20;3.3;20;6.2;999.9;3.0;-7.0;999.9;999.9;0;1;0;0;0;0
Rio_Grande_Aero;879340;2013;07;22;5.0;18;2.9;18;9999.9;0;9999.9;0;10.9;18;7.1;18;11.3;16.5;8.0;3.0;999.9;999.9;0;1;0;0;0;0
Rio_Grande_Aero;879340;2013;07;23;3.1;16;1.4;16;9999.9;0;9999.9;0;10.0;16;6.1;16;8.7;999.9;6.0;1.0;999.9;999.9;0;1;0;0;0;0
Rio_Grande_Aero;879340;2013;07;24;4.9;19;2.9;19;9999.9;0;9999.9;0;9.5;19;9.8;19;14.9;19.5;10.0;3.0;999.9;999.9;0;1;0;0;0;0
Rio_Grande_Aero;879340;2013;07;25;2.3;17;0.1;17;9999.9;0;9999.9;0;10.3;17;12.8;17;15.9;23.1;5.0;1.0;999.9;999.9;0;0;1;0;0;0
Rio_Grande_Aero;879340;2013;07;26;0.2;20;-1.0;20;9999.9;0;9999.9;0;10.3;20;9.8;19;13.9;17.0;2.0;-2.0;0.0;999.9;0;0;0;0;0;0
Rio_Grande_Aero;879340;2013;07;27;3.3;19;1.3;19;9999.9;0;9999.9;0;10.6;19;9.6;19;11.8;15.9;8.0;-1.0;0.0;999.9;0;0;0;0;0;0
Rio_Grande_Aero;879340;2013;07;28;5.4;19;3.5;19;9999.9;0;9999.9;0;10.3;19;9.8;19;14.4;19.5;8.0;4.0;0.0;999.9;0;0;0;0;0;0
Rio_Grande_Aero;879340;2013;07;29;5.3;21;3.2;21;9999.9;0;9999.9;0;10.6;21;9.5;21;11.3;17.5;8.0;3.0;0.0;999.9;0;0;0;0;0;0
Rio_Grande_Aero;879340;2013;07;30;4.2;10;1.6;10;9999.9;0;9999.9;0;10.1;10;7.3;10;10.8;999.9;6.0;3.0;0.0;999.9;0;0;0;0;0;0
Rio_Grande_Aero;879340;2013;07;31;4.8;17;3.4;17;9999.9;0;9999.9;0;10.9;17;6.6;17;10.3;999.9;9.0;1.0;0.0;999.9;0;0;0;0;0;0
Rio_Grande_Aero;879340;2013;08;01;-0.7;16;-2.6;16;9999.9;0;9999.9;0;10.0;4;3.3;16;6.2;999.9;1.0;-3.0;0.0;999.9;0;0;0;0;0;0
Rio_Grande_Aero;879340;2013;08;02;0.3;10;-0.2;10;9999.9;0;9999.9;0;5.0;10;1.6;10;2.6;999.9;1.0;-1.0;999.9;999.9;1;0;1;0;0;0
Rio_Grande_Aero;879340;2013;08;03;2.9;21;2.5;21;9999.9;0;9999.9;0;3.7;14;4.8;21;9.0;999.9;4.0;1.0;0.0;999.9;0;0;0;0;0;0
Rio_Grande_Aero;879340;2013;08;04;2.2;18;1.2;18;9999.9;0;9999.9;0;10.0;7;2.1;18;4.6;999.9;6.0;-1.0;0.0;999.9;0;0;0;0;0;0
Rio_Grande_Aero;879340;2013;08;05;2.2;5;1.8;5;9999.9;0;9999.9;0;8.7;5;4.1;5;5.1;999.9;3.0;1.0;0.0;999.9;0;0;0;0;0;0
Rio_Grande_Aero;879340;2013;08;08;1.9;20;-0.3;20;9999.9;0;9999.9;0;999.9;0;7.2;20;10.8;999.9;5.0;0.0;0.0;999.9;0;0;0;0;0;0
Rio_Grande_Aero;879340;2013;08;09;2.2;19;0.8;19;9999.9;0;9999.9;0;9.5;10;8.8;19;11.3;999.9;4.0;1.0;999.9;999.9;0;1;1;0;0;0
Rio_Grande_Aero;879340;2013;08;10;5.2;13;2.8;13;9999.9;0;9999.9;0;999.9;0;9.7;13;11.8;16.0;8.0;2.0;0.0;999.9;0;0;0;0;0;0
Rio_Grande_Aero;879340;2013;08;11;0.4;13;-1.9;13;9999.9;0;9999.9;0;10.0;8;11.3;13;22.0;999.9;3.0;-1.0;0.0;999.9;0;0;0;0;0;0
Rio_Grande_Aero;879340;2013;08;12;3.7;13;2.2;13;9999.9;0;9999.9;0;9.7;11;13.6;13;33.0;44.0;6.0;-1.0;999.9;999.9;0;1;0;0;0;0
Rio_Grande_Aero;879340;2013;08;13;0.0;21;-2.1;21;9999.9;0;9999.9;0;9.5;11;8.5;17;15.4;22.1;3.0;-3.0;0.0;999.9;0;0;0;0;0;0
Rio_Grande_Aero;879340;2013;08;14;5.8;6;3.5;6;9999.9;0;9999.9;0;9.0;5;9.8;6;12.9;999.9;8.0;3.0;999.9;999.9;0;1;0;0;0;0
Rio_Grande_Aero;879340;2013;08;15;2.3;18;-0.1;18;9999.9;0;9999.9;0;10.0;13;10.7;18;14.4;19.0;6.0;0.0;0.0;999.9;0;0;0;0;0;0
Rio_Grande_Aero;879340;2013;08;16;1.6;9;-0.2;9;9999.9;0;9999.9;0;10.0;6;9.4;9;23.0;999.9;5.0;-1.0;0.0;999.9;0;0;0;0;0;0
Rio_Grande_Aero;879340;2013;08;17;4.6;15;1.1;15;9999.9;0;9999.9;0;9.7;6;11.3;15;14.4;19.6;7.0;1.0;0.0;999.9;0;0;0;0;0;0
Rio_Grande_Aero;879340;2013;08;18;1.4;5;0.4;5;9999.9;0;9999.9;0;999.9;0;4.1;5;8.2;999.9;4.0;-1.0;0.0;999.9;0;0;0;0;0;0
Rio_Grande_Aero;879340;2013;08;19;2.1;21;0.0;21;9999.9;0;9999.9;0;10.0;14;8.9;21;11.3;16.5;6.0;0.0;0.0;999.9;0;0;0;0;0;0
Rio_Grande_Aero;879340;2013;08;20;1.6;18;-1.3;18;9999.9;0;9999.9;0;10.0;11;8.0;18;10.8;999.9;4.0;-1.0;0.0;999.9;0;0;0;0;0;0
Rio_Grande_Aero;879340;2013;08;21;-1.7;10;-3.8;10;9999.9;0;9999.9;0;10.0;8;4.4;10;14.0;999.9;2.0;-5.0;0.0;999.9;0;0;0;0;0;0
Rio_Grande_Aero;879340;2013;08;22;-3.6;15;-4.8;14;9999.9;0;9999.9;0;10.5;13;5.6;15;8.8;999.9;0.0;-7.0;0.0;999.9;0;0;0;0;0;0
Rio_Grande_Aero;879340;2013;08;23;-2.4;14;-6.2;14;9999.9;0;9999.9;0;10.0;9;3.2;14;5.7;999.9;3.0;-8.0;0.0;999.9;0;0;0;0;0;0
Rio_Grande_Aero;879340;2013;08;24;-2.4;15;-4.7;15;9999.9;0;9999.9;0;999.9;0;3.7;15;6.2;999.9;3.0;-8.0;0.0;999.9;0;0;0;0;0;0
Rio_Grande_Aero;879340;2013;08;25;2.3;18;-0.1;18;9999.9;0;9999.9;0;10.3;6;5.6;18;10.0;999.9;5.0;0.0;0.0;999.9;0;0;0;0;0;0
Rio_Grande_Aero;879340;2013;08;26;1.2;14;0.5;14;9999.9;0;9999.9;0;6.8;8;3.7;14;6.7;999.9;4.0;-2.0;999.9;999.9;0;1;0;0;0;0
Rio_Grande_Aero;879340;2013;08;27;3.1;15;0.6;15;9999.9;0;9999.9;0;9.5;9;10.8;15;17.0;21.1;7.0;1.0;0.0;999.9;0;0;0;0;0;0
Rio_Grande_Aero;879340;2013;08;28;2.1;20;-0.4;20;9999.9;0;9999.9;0;10.1;9;10.9;20;30.0;999.9;7.0;-1.0;0.0;999.9;0;0;0;0;0;0
Rio_Grande_Aero;879340;2013;08;29;0.7;18;-1.8;18;9999.9;0;9999.9;0;10.0;4;9.8;18;21.0;999.9;6.0;-3.0;0.0;999.9;0;0;0;0;0;0
Rio_Grande_Aero;879340;2013;08;30;-1.9;17;-3.8;17;9999.9;0;9999.9;0;999.9;0;3.4;17;7.2;999.9;5.0;-7.0;0.0;999.9;0;0;0;0;0;0
Rio_Grande_Aero;879340;2013;08;31;1.1;21;-1.7;21;9999.9;0;9999.9;0;999.9;0;6.5;21;8.8;999.9;7.0;-3.0;0.0;999.9;0;0;0;0;0;0
Rio_Grande_Aero;879340;2013;09;01;1.4;17;-1.3;17;9999.9;0;9999.9;0;999.9;0;2.1;16;3.6;999.9;8.0;-6.0;0.0;999.9;0;0;0;0;0;0
Rio_Grande_Aero;879340;2013;09;02;0.6;18;-1.2;18;9999.9;0;9999.9;0;10.0;9;2.6;18;4.1;999.9;8.0;-4.0;0.0;999.9;0;0;0;0;0;0
Rio_Grande_Aero;879340;2013;09;03;1.0;10;-1.0;10;9999.9;0;9999.9;0;10.3;10;2.7;10;7.0;999.9;5.0;-4.0;0.0;999.9;0;0;0;0;0;0
Rio_Grande_Aero;879340;2013;09;04;-1.4;12;-2.6;12;9999.9;0;9999.9;0;3.5;11;2.3;12;5.7;999.9;3.0;-4.0;0.0;999.9;1;0;0;0;0;0
Rio_Grande_Aero;879340;2013;09;05;3.6;16;2.9;16;9999.9;0;9999.9;0;6.9;16;5.6;16;7.7;999.9;5.0;3.0;999.9;999.9;0;1;0;0;0;0
Rio_Grande_Aero;879340;2013;09;06;3.2;16;2.2;16;9999.9;0;9999.9;0;9.2;16;3.3;16;5.7;999.9;6.0;2.0;999.9;999.9;0;1;0;0;0;0
Rio_Grande_Aero;879340;2013;09;07;3.6;15;3.4;15;9999.9;0;9999.9;0;2.7;8;4.6;15;6.7;999.9;5.0;2.0;0.0;999.9;1;0;0;0;0;0
Rio_Grande_Aero;879340;2013;09;08;3.6;22;3.3;22;9999.9;0;9999.9;0;8.0;17;2.6;22;5.1;999.9;7.0;0.0;0.0;999.9;1;0;0;0;0;0
Rio_Grande_Aero;879340;2013;09;09;2.8;17;1.6;17;9999.9;0;9999.9;0;8.0;9;9.5;17;19.0;999.9;7.0;0.0;999.9;999.9;0;0;1;0;0;0
Rio_Grande_Aero;879340;2013;09;10;0.1;12;-3.0;12;9999.9;0;9999.9;0;999.9;0;5.5;12;7.7;999.9;4.0;-6.0;0.0;999.9;0;0;0;0;0;0
Rio_Grande_Aero;879340;2013;09;11;1.4;12;-1.8;12;9999.9;0;9999.9;0;10.0;7;8.8;12;15.4;17.0;6.0;-3.0;0.0;999.9;0;0;0;0;0;0
Rio_Grande_Aero;879340;2013;09;12;3.1;10;0.0;10;9999.9;0;9999.9;0;10.0;4;7.5;10;11.8;999.9;8.0;-2.0;0.0;999.9;0;0;0;0;0;0
Rio_Grande_Aero;879340;2013;09;13;3.8;6;1.3;6;9999.9;0;9999.9;0;10.0;4;6.0;6;8.2;999.9;7.0;2.0;0.0;999.9;0;0;0;0;0;0
Rio_Grande_Aero;879340;2013;09;14;3.9;17;1.8;17;9999.9;0;9999.9;0;10.0;12;8.4;17;14.4;19.6;8.0;0.0;0.0;999.9;0;0;0;0;0;0
Rio_Grande_Aero;879340;2013;09;15;6.3;18;3.4;18;9999.9;0;9999.9;0;10.1;12;7.3;18;19.0;999.9;11.0;2.0;999.9;999.9;0;1;0;0;0;0
Rio_Grande_Aero;879340;2013;09;16;2.5;10;0.6;10;9999.9;0;9999.9;0;999.9;0;3.5;10;6.7;999.9;6.0;-1.0;0.0;999.9;0;0;0;0;0;0
Rio_Grande_Aero;879340;2013;09;17;2.6;15;1.8;15;9999.9;0;9999.9;0;5.1;10;2.3;10;4.6;999.9;8.0;0.0;0.0;999.9;1;0;0;0;0;0
Rio_Grande_Aero;879340;2013;09;18;2.3;15;0.7;15;9999.9;0;9999.9;0;10.0;11;4.5;15;9.3;999.9;8.0;-2.0;0.0;999.9;0;0;0;0;0;0
Rio_Grande_Aero;879340;2013;09;19;3.2;20;2.2;20;9999.9;0;9999.9;0;9.2;19;3.3;20;5.7;999.9;6.0;0.0;999.9;999.9;0;1;0;0;0;0
Rio_Grande_Aero;879340;2013;09;20;0.9;19;-0.8;19;9999.9;0;9999.9;0;10.0;10;3.0;19;6.2;999.9;6.0;-4.0;0.0;999.9;0;0;0;0;0;0
Rio_Grande_Aero;879340;2013;09;21;4.2;20;0.7;20;9999.9;0;9999.9;0;10.0;12;8.2;20;12.9;999.9;10.0;-2.0;0.0;999.9;0;0;0;0;0;0
Rio_Grande_Aero;879340;2013;09;22;6.7;18;2.4;18;9999.9;0;9999.9;0;10.0;10;11.1;18;14.9;20.1;12.0;2.0;0.0;999.9;0;0;0;0;0;0
Rio_Grande_Aero;879340;2013;09;23;7.8;22;3.2;22;9999.9;0;9999.9;0;999.9;0;8.9;22;13.9;18.5;13.0;4.0;0.0;999.9;0;0;0;0;0;0
Rio_Grande_Aero;879340;2013;09;24;8.6;20;3.8;20;9999.9;0;9999.9;0;10.0;11;8.0;20;11.3;999.9;13.0;4.0;0.0;999.9;0;0;0;0;0;0
Rio_Grande_Aero;879340;2013;09;25;5.4;17;2.2;17;9999.9;0;9999.9;0;10.0;10;4.3;17;9.3;999.9;10.0;0.0;0.0;999.9;0;0;0;0;0;0
Rio_Grande_Aero;879340;2013;09;26;4.9;16;0.7;15;9999.9;0;9999.9;0;10.0;9;5.1;16;9.8;999.9;10.0;-3.0;0.0;999.9;0;0;0;0;0;0
Rio_Grande_Aero;879340;2013;09;27;7.7;12;3.2;12;9999.9;0;9999.9;0;10.0;6;4.1;12;10.0;999.9;14.0;1.0;0.0;999.9;0;0;0;0;0;0
Rio_Grande_Aero;879340;2013;09;28;4.4;15;4.1;15;9999.9;0;9999.9;0;5.5;12;2.6;15;5.1;999.9;7.0;2.0;999.9;999.9;1;1;0;0;0;0
Rio_Grande_Aero;879340;2013;09;29;5.1;12;4.0;12;9999.9;0;9999.9;0;7.7;11;5.4;12;9.3;999.9;10.0;2.0;0.0;999.9;0;0;0;0;0;0
Rio_Grande_Aero;879340;2013;09;30;4.8;9;4.1;9;9999.9;0;9999.9;0;5.1;9;5.9;9;8.2;999.9;5.0;4.0;999.9;999.9;1;1;0;0;0;0
Rio_Grande_Aero;879340;2013;10;01;5.3;4;5.0;4;9999.9;0;9999.9;0;0.8;4;6.1;4;9.3;999.9;6.0;5.0;0.0;999.9;1;0;0;0;0;0
Rio_Grande_Aero;879340;2013;10;02;7.0;10;4.5;10;9999.9;0;9999.9;0;10.0;9;4.3;10;6.7;999.9;10.0;2.0;0.0;999.9;0;0;0;0;0;0
Rio_Grande_Aero;879340;2013;10;03;1.0;4;0.0;4;9999.9;0;9999.9;0;999.9;0;2.7;4;3.6;999.9;4.0;-1.0;0.0;999.9;0;0;0;0;0;0
Rio_Grande_Aero;879340;2013;10;04;3.9;19;2.6;19;9999.9;0;9999.9;0;9.3;13;3.3;19;7.7;999.9;8.0;-2.0;0.0;999.9;0;0;0;0;0;0
Rio_Grande_Aero;879340;2013;10;05;6.5;22;2.4;22;9999.9;0;9999.9;0;10.0;16;7.1;22;12.4;16.5;12.0;1.0;999.9;999.9;0;1;0;0;0;0
Rio_Grande_Aero;879340;2013;10;06;10.0;8;3.6;8;9999.9;0;9999.9;0;10.0;8;13.3;8;18.0;22.1;12.0;7.0;999.9;999.9;0;1;0;0;0;0
Rio_Grande_Aero;879340;2013;10;07;4.3;14;2.4;14;9999.9;0;9999.9;0;9.2;13;2.8;14;5.7;999.9;10.0;0.0;999.9;999.9;0;1;0;0;0;0
Rio_Grande_Aero;879340;2013;10;08;6.1;15;4.9;15;9999.9;0;9999.9;0;10.0;11;2.9;15;7.7;999.9;11.0;3.0;999.9;999.9;0;1;0;0;0;0
Rio_Grande_Aero;879340;2013;10;09;4.8;12;2.0;12;9999.9;0;9999.9;0;10.0;7;7.1;12;11.8;999.9;11.0;0.0;0.0;999.9;0;0;0;0;0;0
Rio_Grande_Aero;879340;2013;10;10;7.1;11;1.9;11;9999.9;0;9999.9;0;10.0;7;8.7;11;10.8;999.9;11.0;1.0;0.0;999.9;0;0;0;0;0;0
Rio_Grande_Aero;879340;2013;10;11;6.4;13;2.4;13;9999.9;0;9999.9;0;10.0;13;9.6;13;13.4;16.5;10.0;3.0;0.0;999.9;0;0;0;0;0;0
Rio_Grande_Aero;879340;2013;10;12;6.2;9;3.9;9;9999.9;0;9999.9;0;10.0;6;8.6;9;13.4;17.0;10.0;1.0;0.0;999.9;0;0;0;0;0;0
Rio_Grande_Aero;879340;2013;10;13;8.3;11;5.3;11;9999.9;0;9999.9;0;9.3;11;9.8;11;18.5;22.7;13.0;6.0;999.9;999.9;0;1;0;0;0;0
Rio_Grande_Aero;879340;2013;10;14;8.0;15;1.7;15;9999.9;0;9999.9;0;10.0;12;12.6;15;17.0;23.2;11.0;5.0;0.0;999.9;0;0;0;0;0;0
Rio_Grande_Aero;879340;2013;10;15;3.7;15;-0.4;15;9999.9;0;9999.9;0;10.0;6;7.7;15;17.0;22.1;11.0;-1.0;0.0;999.9;0;0;0;0;0;0
Rio_Grande_Aero;879340;2013;10;16;3.5;14;-0.4;14;9999.9;0;9999.9;0;10.0;6;11.8;14;15.4;20.6;9.0;0.0;0.0;999.9;0;0;0;0;0;0
Rio_Grande_Aero;879340;2013;10;17;10.4;11;4.6;11;9999.9;0;9999.9;0;10.0;11;13.3;11;14.9;18.5;13.0;7.0;0.0;999.9;0;0;0;0;0;0
Rio_Grande_Aero;879340;2013;10;18;8.1;16;3.9;16;9999.9;0;9999.9;0;10.0;14;13.4;16;19.0;24.7;13.0;5.0;0.0;999.9;0;0;0;0;0;0
Rio_Grande_Aero;879340;2013;10;19;6.0;16;0.3;16;9999.9;0;9999.9;0;10.0;11;12.3;16;16.5;21.6;10.0;2.0;0.0;999.9;0;0;0;0;0;0
Rio_Grande_Aero;879340;2013;10;20;5.0;13;-2.2;13;9999.9;0;9999.9;0;10.0;11;10.8;13;13.4;18.0;7.0;0.0;0.0;999.9;0;0;0;0;0;0
Rio_Grande_Aero;879340;2013;10;21;4.5;14;0.7;14;9999.9;0;9999.9;0;10.0;10;9.3;14;11.8;999.9;9.0;1.0;0.0;999.9;0;0;0;0;0;0
Rio_Grande_Aero;879340;2013;10;22;5.2;16;1.9;16;9999.9;0;9999.9;0;10.0;16;3.5;16;6.2;999.9;10.0;-1.0;0.0;999.9;0;0;0;0;0;0
Rio_Grande_Aero;879340;2013;10;23;10.5;8;4.1;8;9999.9;0;9999.9;0;10.0;7;9.4;8;11.8;17.0;15.0;4.0;0.0;999.9;0;0;0;0;0;0
Rio_Grande_Aero;879340;2013;10;24;10.4;7;5.6;7;9999.9;0;9999.9;0;10.0;7;10.6;7;25.0;999.9;12.0;8.0;0.0;999.9;0;0;0;0;0;0
Rio_Grande_Aero;879340;2013;10;25;10.6;15;5.8;15;9999.9;0;9999.9;0;10.0;12;10.3;15;13.4;16.5;14.0;6.0;0.0;999.9;0;0;0;0;0;0
Rio_Grande_Aero;879340;2013;10;26;8.5;16;3.1;16;9999.9;0;9999.9;0;10.0;15;12.6;16;16.5;24.2;12.0;5.0;999.9;999.9;0;1;0;0;0;0
Rio_Grande_Aero;879340;2013;10;27;8.9;19;4.1;19;9999.9;0;9999.9;0;9.8;12;17.5;19;26.0;26.8;15.0;4.0;0.0;999.9;0;0;0;0;0;0
Rio_Grande_Aero;879340;2013;10;28;7.4;16;1.8;16;9999.9;0;9999.9;0;10.0;8;6.5;16;9.3;999.9;14.0;-1.0;0.0;999.9;0;0;0;0;0;0
Rio_Grande_Aero;879340;2013;10;29;9.9;12;7.2;12;9999.9;0;9999.9;0;10.0;4;4.6;12;12.0;999.9;13.0;7.0;0.0;999.9;0;0;0;0;0;0
Rio_Grande_Aero;879340;2013;10;30;7.8;11;6.6;11;9999.9;0;9999.9;0;6.3;11;3.3;11;7.7;999.9;11.0;5.0;0.0;999.9;0;0;0;0;0;0
Rio_Grande_Aero;879340;2013;10;31;11.0;9;4.2;9;9999.9;0;9999.9;0;10.0;8;6.7;9;7.7;999.9;14.0;6.0;0.0;999.9;0;0;0;0;0;0
Rio_Grande_Aero;879340;2013;11;01;14.0;6;6.0;6;9999.9;0;9999.9;0;10.0;6;8.5;6;9.3;999.9;17.0;11.0;0.0;999.9;0;0;0;0;0;0
Rio_Grande_Aero;879340;2013;11;02;9.9;18;4.2;18;9999.9;0;9999.9;0;9.8;18;12.5;18;17.5;23.7;14.0;7.0;0.0;999.9;0;0;0;0;0;0
Rio_Grande_Aero;879340;2013;11;03;7.5;10;1.4;10;9999.9;0;9999.9;0;10.0;9;13.9;10;16.0;21.1;10.0;5.0;0.0;999.9;0;0;0;0;0;0
Rio_Grande_Aero;879340;2013;11;04;9.2;19;4.0;19;9999.9;0;9999.9;0;9.5;16;15.3;19;18.5;25.2;14.0;6.0;0.0;999.9;0;0;0;0;0;0
Rio_Grande_Aero;879340;2013;11;05;10.7;18;5.4;18;9999.9;0;9999.9;0;10.0;8;9.6;18;12.9;17.0;17.0;4.0;0.0;999.9;0;0;0;0;0;0
Rio_Grande_Aero;879340;2013;11;06;12.7;13;6.7;13;9999.9;0;9999.9;0;10.0;12;9.4;13;13.9;18.0;16.0;7.0;0.0;999.9;0;0;0;0;0;0
Rio_Grande_Aero;879340;2013;11;07;5.9;19;0.7;19;9999.9;0;9999.9;0;8.9;19;8.9;19;13.0;16.5;9.0;1.0;0.0;999.9;0;0;0;0;0;0
Rio_Grande_Aero;879340;2013;11;08;3.7;19;-1.4;19;9999.9;0;9999.9;0;10.0;12;7.5;19;9.3;999.9;8.0;-2.0;0.0;999.9;0;0;0;0;0;0
Rio_Grande_Aero;879340;2013;11;09;3.7;11;0.0;11;9999.9;0;9999.9;0;10.0;7;9.1;11;12.4;999.9;8.0;1.0;0.0;999.9;0;0;0;0;0;0
Rio_Grande_Aero;879340;2013;11;10;9.8;18;4.2;18;9999.9;0;9999.9;0;10.0;17;11.0;18;14.4;20.6;14.0;6.0;0.0;999.9;0;0;0;0;0;0
Rio_Grande_Aero;879340;2013;11;11;7.9;20;3.8;20;9999.9;0;9999.9;0;9.8;18;8.1;20;14.4;19.0;12.0;3.0;999.9;999.9;0;1;0;0;0;0
Rio_Grande_Aero;879340;2013;11;12;6.4;19;1.9;19;9999.9;0;9999.9;0;10.0;13;12.3;19;14.9;20.1;9.0;4.0;0.0;999.9;0;0;0;0;0;0
Rio_Grande_Aero;879340;2013;11;13;7.8;13;2.6;13;9999.9;0;9999.9;0;10.0;13;11.3;13;17.0;18.0;10.0;4.0;0.0;999.9;0;0;0;0;0;0
