Rosario_Aero;874800;2013;01;01;18,4;8;5,8;8;1017,8;8;1014,9;8;15,0;8;5,5;8;8,2;999,9;32,2;10,9;0,0;999,9;0;0;0;0;0;0
Rosario_Aero;874800;2013;01;02;20,3;14;9,1;14;1020,4;8;1017,5;8;12,9;14;3,1;14;4,1;999,9;25,0;9,9;0,0;999,9;0;0;0;0;0;0
Rosario_Aero;874800;2013;01;03;22,4;21;12,8;21;1016,6;8;1013,6;8;11,6;21;4,2;21;6,7;999,9;28,9;16,1;0,0;999,9;0;0;0;0;0;0
Rosario_Aero;874800;2013;01;04;25,4;24;18,4;24;1012,3;7;1009,4;7;11,7;24;3,2;24;9,8;14,9;33,0;19,0;999,9;999,9;0;1;0;0;1;0
Rosario_Aero;874800;2013;01;05;24,5;23;20,7;23;1008,5;8;1005,5;8;9,8;23;2,2;23;4,1;999,9;33,8;20,8;7,9;999,9;1;1;0;0;1;0
Rosario_Aero;874800;2013;01;06;24,7;24;19,7;24;1007,3;8;1004,4;8;10,8;24;2,6;24;5,7;999,9;30,1;18,2;0,0;999,9;0;0;0;0;0;0
Rosario_Aero;874800;2013;01;07;26,3;24;20,3;24;1002,5;8;999,6;8;12,1;24;2,4;24;4,1;999,9;31,6;20,8;0,0;999,9;0;0;0;0;0;0
Rosario_Aero;874800;2013;01;08;23,7;24;18,4;24;1008,2;8;1005,3;8;10,9;24;2,9;23;5,1;10,3;32,7;19,0;0,5;999,9;0;1;0;0;0;0
Rosario_Aero;874800;2013;01;09;25,2;23;18,8;23;1014,6;8;1011,7;8;11,4;23;2,7;23;5,1;999,9;33,0;18,0;3,0;999,9;0;0;0;0;0;0
Rosario_Aero;874800;2013;01;10;27,9;22;20,5;22;1016,2;8;1013,2;8;11,4;22;3,4;22;6,7;999,9;33,2;22,6;0,0;999,9;0;0;0;0;0;0
Rosario_Aero;874800;2013;01;11;26,7;20;16,4;20;1014,0;8;1011,1;8;11,7;20;4,7;20;6,2;999,9;33,8;22,0;0,0;999,9;0;0;0;0;0;0
Rosario_Aero;874800;2013;01;12;25,8;24;15,5;24;1011,0;8;1008,0;8;11,6;24;4,5;24;7,7;999,9;33,4;20,0;0,0;999,9;0;0;0;0;0;0
Rosario_Aero;874800;2013;01;13;26,3;22;16,6;22;1013,6;8;1010,6;8;12,1;22;3,6;22;6,2;999,9;31,4;20,0;0,0;999,9;0;0;0;0;0;0
Rosario_Aero;874800;2013;01;14;25,7;9;16,2;9;1014,5;8;1011,6;8;14,6;9;3,6;8;6,7;999,9;31,2;16,9;0,0;999,9;0;0;0;0;0;0
Rosario_Aero;874800;2013;01;15;26,6;9;17,5;9;1011,2;8;1008,3;8;14,0;9;3,3;9;4,6;999,9;31,2;18,3;0,0;999,9;0;0;0;0;0;0
Rosario_Aero;874800;2013;01;16;28,0;12;19,1;12;1006,9;8;1004,0;8;12,9;12;3,0;12;12,9;27,3;31,9;20,0;999,9;999,9;0;1;0;1;1;0
Rosario_Aero;874800;2013;01;17;25,0;24;19,4;24;1009,4;7;1006,5;7;11,6;24;3,1;24;5,1;999,9;31,9;17,9;36,1;999,9;0;1;0;0;1;0
Rosario_Aero;874800;2013;01;18;25,1;22;18,8;22;1014,9;8;1011,9;8;11,4;22;2,8;22;4,6;999,9;31,2;17,8;0,3;999,9;0;0;0;0;0;0
Rosario_Aero;874800;2013;01;19;23,1;24;16,6;24;1017,0;8;1014,2;8;11,4;24;4,5;24;8,7;999,9;31,1;16,5;0,0;999,9;0;0;0;0;0;0
Rosario_Aero;874800;2013;01;20;22,9;24;14,6;24;1020,2;8;1017,4;8;11,9;24;5,8;24;7,2;999,9;29,2;19,0;0,0;999,9;0;0;0;0;0;0
Rosario_Aero;874800;2013;01;21;24,0;24;15,2;24;1019,4;8;1016,5;8;11,9;24;4,8;24;6,7;999,9;29,0;17,9;0,0;999,9;0;0;0;0;0;0
Rosario_Aero;874800;2013;01;22;26,0;23;16,6;23;1016,2;8;1013,3;8;11,7;23;3,8;23;5,1;999,9;31,2;20,9;0,0;999,9;0;0;0;0;0;0
Rosario_Aero;874800;2013;01;23;27,4;23;19,4;23;1011,2;6;1008,3;6;11,3;23;2,9;23;5,1;999,9;32,4;21,1;0,0;999,9;0;1;0;0;1;0
Rosario_Aero;874800;2013;01;24;28,7;24;19,8;24;1002,9;8;1000,1;8;10,3;24;3,8;24;8,7;999,9;37,0;21,9;4,1;999,9;0;1;0;0;1;0
Rosario_Aero;874800;2013;01;25;21,4;22;12,2;22;1011,1;8;1008,2;8;11,7;22;5,4;22;8,2;999,9;36,5;14,9;0,0;999,9;0;0;0;0;0;0
Rosario_Aero;874800;2013;01;26;18,9;24;7,2;24;1015,7;8;1012,7;8;10,6;24;2,3;24;4,1;999,9;28,0;9,1;0,0;999,9;0;0;0;0;0;0
Rosario_Aero;874800;2013;01;27;24,3;24;13,9;24;1013,1;8;1010,2;8;11,1;24;3,3;24;6,2;999,9;33,0;15,0;0,0;999,9;0;0;0;0;0;0
Rosario_Aero;874800;2013;01;28;25,8;23;16,4;23;1014,2;8;1011,2;8;11,4;23;2,1;23;4,1;999,9;34,2;17,6;0,0;999,9;0;0;0;0;0;0
Rosario_Aero;874800;2013;01;29;26,6;23;17,8;23;1014,1;7;1011,2;7;10,8;23;2,2;23;6,7;999,9;34,5;20,2;0,0;999,9;0;1;0;0;1;0
Rosario_Aero;874800;2013;01;30;27,6;24;16,5;24;1010,7;8;1007,8;8;10,5;24;1,7;24;3,6;999,9;37,0;18,0;0,0;999,9;0;0;0;0;0;0
Rosario_Aero;874800;2013;01;31;25,3;24;19,7;24;1008,6;7;1005,7;7;9,5;24;3,7;24;9,8;999,9;37,1;20,2;15,0;999,9;0;1;0;0;1;0
Rosario_Aero;874800;2013;02;01;27,1;21;22,1;21;1006,1;8;1003,2;8;10,0;21;2,4;21;5,1;999,9;37,0;20,3;5,1;999,9;0;0;0;0;0;0
Rosario_Aero;874800;2013;02;02;27,2;22;21,7;22;1008,4;8;1005,6;8;10,8;22;3,4;22;7,7;999,9;36,8;22,4;0,0;999,9;0;1;0;0;1;0
Rosario_Aero;874800;2013;02;03;23,6;22;13,4;22;1017,2;8;1014,3;8;11,4;22;5,5;22;8,2;999,9;31,6;18,4;0,0;999,9;0;0;0;0;1;0
Rosario_Aero;874800;2013;02;04;21,9;24;11,2;24;1014,2;8;1011,3;8;11,6;24;3,4;24;5,7;999,9;29,0;14,3;0,0;999,9;0;0;0;0;0;0
Rosario_Aero;874800;2013;02;05;24,2;24;14,2;24;1013,6;8;1010,7;8;11,6;24;3,1;24;6,2;999,9;29,2;17,3;0,0;999,9;0;0;0;0;0;0
Rosario_Aero;874800;2013;02;06;24,4;24;14,7;24;1015,6;8;1012,7;8;11,4;24;3,0;24;4,6;999,9;30,0;17,0;0,0;999,9;0;0;0;0;0;0
Rosario_Aero;874800;2013;02;07;25,2;24;15,9;24;1015,5;8;1012,7;8;11,6;24;3,4;24;7,7;999,9;30,1;18,4;0,0;999,9;0;0;0;0;0;0
Rosario_Aero;874800;2013;02;08;25,8;24;18,1;24;1012,1;8;1009,2;8;11,7;24;2,9;24;5,7;999,9;33,0;18,4;0,0;999,9;0;0;0;0;0;0
Rosario_Aero;874800;2013;02;09;27,7;24;18,0;24;1009,9;7;1007,0;7;10,8;24;3,1;24;5,1;999,9;34,0;20,2;0,0;999,9;0;0;0;0;0;0
Rosario_Aero;874800;2013;02;10;26,8;24;20,7;24;1006,9;8;1004,1;8;10,6;24;2,7;24;7,2;19,0;33,7;22,0;7,9;999,9;0;1;0;0;1;0
Rosario_Aero;874800;2013;02;11;25,4;24;20,0;24;1007,6;7;1004,7;7;10,8;24;2,6;24;7,2;999,9;33,9;19,5;27,9;999,9;0;1;0;0;1;0
Rosario_Aero;874800;2013;02;12;27,1;24;19,6;24;1004,2;8;1001,3;8;10,8;24;2,2;24;4,1;999,9;35,0;18,9;0,0;999,9;0;0;0;0;0;0
Rosario_Aero;874800;2013;02;13;21,6;23;18,8;23;1008,4;8;1005,5;8;9,5;23;3,8;23;14,4;23,1;35,1;17,7;15,0;999,9;0;1;0;0;1;0
Rosario_Aero;874800;2013;02;14;22,7;24;18,6;24;1010,5;8;1007,5;8;9,3;24;2,2;24;3,6;999,9;31,0;16,4;11,9;999,9;1;0;0;0;0;0
Rosario_Aero;874800;2013;02;15;26,6;22;20,3;22;1010,3;8;1007,4;8;10,6;22;1,8;21;5,7;999,9;32,1;19,4;0,0;999,9;0;0;0;0;0;0
Rosario_Aero;874800;2013;02;16;26,2;24;19,9;24;1005,3;8;1002,4;8;11,7;24;3,6;24;9,3;15,9;33,0;20,0;3,0;999,9;0;1;0;0;1;0
Rosario_Aero;874800;2013;02;17;23,1;21;19,8;21;1004,9;7;1002,0;7;10,5;21;3,9;21;7,2;999,9;33,3;20,4;7,1;999,9;0;1;0;0;1;0
Rosario_Aero;874800;2013;02;18;19,6;24;12,8;24;1016,1;8;1013,1;8;11,7;24;4,8;23;7,2;999,9;27,4;16,1;6,1;999,9;0;1;0;0;0;0
Rosario_Aero;874800;2013;02;19;17,3;24;13,2;24;1018,6;8;1015,6;8;9,7;24;4,3;24;5,7;999,9;22,7;13,6;6,1;999,9;0;1;0;0;0;0
Rosario_Aero;874800;2013;02;20;17,6;23;16,2;23;1015,9;8;1012,9;8;8,5;23;3,8;23;5,7;999,9;20,0;14,1;0,8;999,9;0;1;0;0;0;0
Rosario_Aero;874800;2013;02;21;20,7;22;16,7;22;1014,5;7;1011,5;7;10,6;22;3,5;22;7,2;999,9;26,0;14,9;7,9;999,9;0;1;0;0;0;0
Rosario_Aero;874800;2013;02;22;22,1;23;17,2;23;1016,6;8;1013,5;8;11,6;23;2,8;23;5,7;999,9;29,0;16,5;0,0;999,9;0;0;0;0;0;0
Rosario_Aero;874800;2013;02;23;24,6;22;18,3;22;1011,0;8;1008,1;8;11,3;22;4,8;22;6,7;999,9;31,0;20,6;0,0;999,9;0;0;0;0;0;0
Rosario_Aero;874800;2013;02;24;24,6;24;20,2;24;1007,0;8;1004,1;8;10,5;24;2,9;24;8,7;13,9;31,4;20,5;9,9;999,9;0;1;0;0;1;0
Rosario_Aero;874800;2013;02;25;19,1;24;13,2;24;1013,8;8;1010,8;8;11,9;24;4,0;24;6,2;999,9;27,4;13,4;0,3;999,9;0;0;0;0;0;0
Rosario_Aero;874800;2013;02;26;17,3;24;10,4;24;1017,0;8;1014,0;8;11,4;24;2,0;24;3,6;999,9;23,5;10,3;0,0;999,9;0;0;0;0;0;0
Rosario_Aero;874800;2013;02;27;19,6;24;12,7;24;1016,0;8;1013,0;8;10,8;24;2,5;24;6,2;999,9;27,0;12,9;0,0;999,9;0;0;0;0;0;0
Rosario_Aero;874800;2013;02;28;22,8;24;13,6;24;1013,1;8;1010,2;8;11,6;24;4,2;24;8,2;999,9;30,0;16,0;0,0;999,9;0;0;0;0;0;0
Rosario_Aero;874800;2013;03;01;24,6;23;16,7;23;1007,3;8;1004,4;8;10,8;23;4,4;23;6,2;999,9;33,3;17,0;0,0;999,9;0;0;0;0;0;0
Rosario_Aero;874800;2013;03;02;23,2;24;17,7;24;1005,9;6;1003,0;6;10,9;24;6,1;24;17,0;22,6;33,5;18,6;23,9;999,9;0;1;0;0;1;0
Rosario_Aero;874800;2013;03;03;18,2;22;13,7;22;1015,8;8;1012,8;8;12,2;22;4,7;22;6,2;999,9;25,5;15,3;0,0;999,9;0;0;0;0;0;0
Rosario_Aero;874800;2013;03;04;16,1;22;11,2;22;1018,5;8;1015,5;8;11,1;22;2,1;22;4,1;999,9;22,4;10,6;0,0;999,9;0;0;0;0;0;0
Rosario_Aero;874800;2013;03;05;18,2;24;12,5;24;1015,0;8;1012,0;8;9,3;24;1,2;24;4,6;999,9;25,2;10,2;0,0;999,9;0;0;0;0;0;0
Rosario_Aero;874800;2013;03;06;21,3;24;15,1;24;1009,0;8;1006,1;8;10,8;24;2,7;24;5,7;999,9;29,0;14,1;0,0;999,9;0;0;0;0;0;0
Rosario_Aero;874800;2013;03;07;22,9;23;15,4;23;1011,5;8;1008,5;8;10,0;23;2,7;23;6,7;999,9;30,0;14,9;0,0;999,9;0;0;0;0;0;0
Rosario_Aero;874800;2013;03;08;24,1;23;17,3;23;1011,7;8;1008,8;8;10,8;23;2,4;23;5,7;999,9;30,0;17,4;0,0;999,9;0;0;0;0;0;0
Rosario_Aero;874800;2013;03;09;26,6;24;21,1;24;1007,8;8;1004,9;8;10,9;24;2,8;24;12,3;20,1;32,0;22,0;999,9;999,9;0;1;0;0;1;0
Rosario_Aero;874800;2013;03;10;21,4;22;16,8;22;1008,3;7;1005,3;7;11,1;22;4,0;22;12,3;18,0;25,9;16,4;7,1;999,9;0;1;0;0;1;0
Rosario_Aero;874800;2013;03;11;18,8;23;14,3;23;1008,3;7;1005,4;7;10,9;23;1,8;22;4,1;999,9;26,4;12,4;0,0;999,9;0;1;0;0;1;0
Rosario_Aero;874800;2013;03;12;18,3;24;14,2;24;1010,2;8;1007,2;8;11,7;24;3,2;24;6,7;999,9;25,6;13,3;3,0;999,9;0;0;0;0;0;0
Rosario_Aero;874800;2013;03;13;16,6;24;11,8;24;1016,3;8;1013,3;8;10,9;24;3,4;24;5,7;999,9;23,9;14,0;0,0;999,9;0;1;0;0;0;0
Rosario_Aero;874800;2013;03;14;12,9;24;10,9;24;1021,6;8;1018,6;8;11,6;24;2,5;24;4,6;999,9;20,5;9,5;0,5;999,9;0;1;0;0;0;0
Rosario_Aero;874800;2013;03;15;15,4;24;10,7;24;1022,9;8;1019,9;8;11,7;24;2,0;24;4,6;999,9;21,0;11,0;0,0;999,9;0;0;0;0;0;0
Rosario_Aero;874800;2013;03;16;14,9;23;9,7;23;1025,3;8;1022,3;8;11,4;23;3,4;23;5,7;999,9;21,4;10,8;0,0;999,9;0;0;0;0;0;0
Rosario_Aero;874800;2013;03;17;16,0;23;8,7;23;1025,8;8;1022,8;8;12,1;23;4,3;23;6,7;999,9;21,0;10,6;0,0;999,9;0;0;0;0;0;0
Rosario_Aero;874800;2013;03;18;17,6;22;10,6;22;1023,0;8;1020,0;8;11,9;22;4,0;22;5,7;999,9;23,1;13,1;0,0;999,9;0;0;0;0;0;0
Rosario_Aero;874800;2013;03;19;19,1;24;13,4;24;1018,8;7;1015,2;8;11,7;24;4,0;24;6,7;999,9;23,7;13,4;999,9;999,9;0;1;0;0;0;0
Rosario_Aero;874800;2013;03;20;20,3;24;17,3;24;1011,5;8;1008,6;8;9,8;24;2,2;24;4,1;999,9;25,0;16,9;5,1;999,9;0;1;0;0;0;0
Rosario_Aero;874800;2013;03;21;20,3;23;15,8;23;1011,1;8;1008,1;8;9,3;23;2,9;23;4,6;999,9;28,0;14,3;0,0;999,9;1;0;0;0;0;0
Rosario_Aero;874800;2013;03;22;20,4;24;13,8;24;1015,8;8;1012,9;8;11,4;24;2,7;24;4,6;999,9;28,2;12,0;0,0;999,9;0;0;0;0;0;0
Rosario_Aero;874800;2013;03;23;21,4;24;17,0;24;1016,8;8;1014,0;8;9,7;24;2,3;24;6,7;999,9;28,9;16,0;0,0;999,9;0;0;0;0;0;0
Rosario_Aero;874800;2013;03;24;21,9;24;16,3;24;1013,0;8;1010,1;8;10,3;23;2,8;24;6,7;999,9;29,0;14,9;0,0;999,9;0;0;0;0;0;0
Rosario_Aero;874800;2013;03;25;21,3;24;15,1;24;1012,2;8;1009,3;8;11,9;24;2,3;24;6,2;999,9;29,8;16,2;0,0;999,9;0;0;0;0;0;0
Rosario_Aero;874800;2013;03;26;18,7;24;9,0;24;1018,7;8;1015,7;8;11,6;24;2,2;24;5,1;999,9;27,6;11,0;0,0;999,9;0;0;0;0;0;0
Rosario_Aero;874800;2013;03;27;17,9;23;10,3;23;1020,3;8;1017,3;8;10,6;23;2,1;23;4,1;999,9;26,6;8,8;0,0;999,9;0;0;0;0;0;0
Rosario_Aero;874800;2013;03;28;19,4;24;11,3;24;1019,8;8;1016,9;8;11,4;24;2,5;24;4,6;999,9;27,0;10,6;0,0;999,9;0;0;0;0;0;0
Rosario_Aero;874800;2013;03;29;20,2;24;13,8;24;1017,8;8;1014,9;8;10,5;24;2,7;23;6,7;999,9;28,0;12,5;0,0;999,9;0;0;0;0;0;0
Rosario_Aero;874800;2013;03;30;21,5;24;15,7;24;1013,9;8;1011,0;8;10,6;24;2,2;23;5,1;999,9;30,0;13,3;0,0;999,9;0;0;0;0;0;0
Rosario_Aero;874800;2013;03;31;24,6;24;17,7;24;1012,6;8;1009,7;8;10,9;24;2,7;24;5,7;999,9;32,1;18,3;0,0;999,9;0;0;0;0;0;0
Rosario_Aero;874800;2013;04;01;20,9;23;18,5;23;1013,9;8;1011,0;8;10,3;23;4,1;23;6,7;999,9;32,3;17,9;5,1;999,9;0;1;0;0;0;0
Rosario_Aero;874800;2013;04;02;19,2;24;17,4;24;1014,8;7;1011,8;7;9,5;24;3,4;24;6,2;999,9;23,5;17,5;4,1;999,9;1;1;0;0;0;0
Rosario_Aero;874800;2013;04;03;17,5;20;14,6;20;1016,3;8;1013,3;8;12,7;20;3,4;20;5,1;999,9;22,1;14,7;4,1;999,9;0;0;0;0;0;0
Rosario_Aero;874800;2013;04;04;17,3;24;12,1;24;1011,6;8;1008,6;8;10,1;24;2,3;24;6,2;999,9;25,3;8,7;0,0;999,9;1;0;0;0;0;0
Rosario_Aero;874800;2013;04;05;20,1;24;12,3;24;1006,9;8;1004,0;8;10,5;24;2,9;24;7,2;999,9;29,0;12,2;0,0;999,9;0;0;0;0;0;0
Rosario_Aero;874800;2013;04;06;17,2;24;8,3;24;1010,7;8;1007,8;8;11,1;24;3,2;24;9,3;999,9;29,5;11,8;0,0;999,9;0;0;0;0;0;0
Rosario_Aero;874800;2013;04;07;11,8;22;4,2;22;1018,2;8;1015,2;8;11,1;22;1,4;22;3,1;999,9;22,4;3,4;0,0;999,9;0;0;0;0;0;0
Rosario_Aero;874800;2013;04;08;15,1;22;6,5;22;1019,0;7;1016,0;8;11,1;22;1,0;22;3,1;999,9;24,0;6,4;0,0;999,9;0;0;0;0;0;0
Rosario_Aero;874800;2013;04;09;16,8;23;9,8;23;1017,7;8;1014,7;8;10,6;23;2,6;23;6,2;999,9;26,0;9,6;0,0;999,9;0;0;0;0;0;0
Rosario_Aero;874800;2013;04;10;18,4;24;12,4;24;1013,7;7;1010,7;7;11,4;24;4,4;24;5,7;999,9;26,5;14,2;0,0;999,9;0;1;0;0;0;0
Rosario_Aero;874800;2013;04;11;18,7;24;15,9;24;1008,3;5;1005,4;5;10,5;24;4,3;24;9,3;999,9;23,5;15,8;5,1;999,9;0;1;0;0;1;0
Rosario_Aero;874800;2013;04;12;16,7;23;9,9;23;1014,1;8;1011,0;8;11,1;23;4,8;23;7,7;999,9;21,1;13,4;0,5;999,9;0;0;0;0;0;0
Rosario_Aero;874800;2013;04;13;11,8;24;2,6;24;1020,0;8;1017,0;8;11,6;24;1,9;24;5,1;999,9;21,7;2,5;0,0;999,9;0;0;0;0;0;0
Rosario_Aero;874800;2013;04;14;15,7;24;7,3;24;1016,4;8;1013,3;8;11,7;24;3,0;24;6,2;999,9;27,1;6,5;0,0;999,9;0;0;0;0;0;0
Rosario_Aero;874800;2013;04;15;19,7;24;11,4;24;1015,8;8;1012,8;8;11,3;24;2,5;24;4,1;999,9;29,3;10,8;0,0;999,9;0;0;0;0;0;0
Rosario_Aero;874800;2013;04;16;18,5;23;12,5;23;1017,7;8;1014,7;8;10,1;23;2,3;23;4,1;999,9;29,7;10,8;0,0;999,9;0;0;0;0;0;0
Rosario_Aero;874800;2013;04;17;19,1;24;13,0;24;1018,2;8;1015,2;8;10,0;24;2,7;24;4,6;999,9;26,3;10,6;0,0;999,9;0;0;0;0;0;0
Rosario_Aero;874800;2013;04;18;18,3;24;12,4;24;1016,5;6;1013,4;6;7,2;24;2,2;24;7,2;999,9;27,5;9,4;0,0;999,9;1;0;0;0;0;0
Rosario_Aero;874800;2013;04;19;18,4;23;11,3;23;1017,2;7;1014,2;7;8,4;23;1,8;23;5,1;999,9;28,5;9,0;0,0;999,9;1;0;0;0;0;0
Rosario_Aero;874800;2013;04;20;18,6;24;12,6;24;1018,4;8;1015,4;8;10,1;24;2,0;24;5,1;999,9;28,9;9,9;0,0;999,9;1;0;0;0;0;0
Rosario_Aero;874800;2013;04;21;20,3;23;13,1;23;1018,5;8;1015,5;8;10,9;23;2,3;23;5,1;999,9;28,1;11,2;0,0;999,9;0;0;0;0;0;0
Rosario_Aero;874800;2013;04;22;20,9;23;13,9;23;1018,7;7;1015,8;7;10,6;23;2,9;23;5,7;999,9;28,4;13,8;0,0;999,9;0;0;0;0;0;0
Rosario_Aero;874800;2013;04;23;20,0;24;15,2;24;1019,5;8;1016,5;8;8,7;24;1,8;24;4,1;999,9;28,3;12,8;0,0;999,9;1;0;0;0;0;0
Rosario_Aero;874800;2013;04;24;20,5;24;15,7;24;1018,0;7;1015,1;7;6,6;24;1,8;24;5,1;999,9;27,8;13,7;0,0;999,9;1;0;0;0;0;0
Rosario_Aero;874800;2013;04;25;21,1;24;15,1;24;1015,2;7;1012,2;7;9,7;24;2,7;24;7,7;999,9;29,0;13,7;0,0;999,9;1;0;0;0;0;0
Rosario_Aero;874800;2013;04;26;19,9;24;13,7;24;1013,7;8;1010,8;8;7,9;24;2,7;24;6,2;999,9;29,4;12,0;0,0;999,9;1;0;0;0;0;0
Rosario_Aero;874800;2013;04;27;19,5;24;15,7;24;1011,5;8;1008,6;8;10,3;24;3,9;24;6,2;999,9;27,7;15,9;2,0;999,9;0;1;0;0;1;0
Rosario_Aero;874800;2013;04;28;18,9;24;14,5;24;1011,5;8;1008,5;8;11,9;24;3,3;24;6,2;999,9;22,7;16,0;0,0;999,9;0;1;0;0;0;0
Rosario_Aero;874800;2013;04;29;15,9;24;11,9;24;1013,5;8;1010,5;8;10,8;24;1,6;24;3,6;999,9;24,0;8,4;0,0;999,9;1;0;0;0;0;0
Rosario_Aero;874800;2013;04;30;16,5;24;12,9;24;1015,4;8;1012,4;8;7,9;24;2,4;24;8,7;999,9;24,4;10,0;0,0;999,9;1;0;0;0;0;0
Rosario_Aero;874800;2013;05;01;19,7;24;16,4;24;1012,3;8;1009,4;8;10,8;24;3,8;24;6,2;999,9;23,1;12,7;0,0;999,9;0;1;0;0;0;0
Rosario_Aero;874800;2013;05;02;20,4;24;19,4;24;1009,9;6;1006,9;6;9,5;24;3,1;24;5,7;999,9;23,2;18,7;18,0;999,9;0;1;0;0;1;0
Rosario_Aero;874800;2013;05;03;19,5;24;17,3;24;1009,5;7;1006,6;7;10,3;24;4,6;24;9,8;999,9;23,0;16,0;39,1;999,9;0;1;0;0;1;0
Rosario_Aero;874800;2013;05;04;15,1;24;12,1;24;1016,0;8;1013,0;8;10,8;24;2,5;24;6,7;999,9;23,1;12,0;4,1;999,9;0;1;0;0;0;0
Rosario_Aero;874800;2013;05;05;16,6;22;10,4;22;1020,2;8;1017,2;8;9,5;22;1,5;22;3,6;999,9;24,0;10,3;0,0;999,9;0;1;0;0;0;0
Rosario_Aero;874800;2013;05;06;16,9;24;10,4;24;1016,2;8;1013,2;8;10,0;24;3,7;24;8,7;999,9;26,0;10,0;0,0;999,9;0;0;0;0;0;0
Rosario_Aero;874800;2013;05;07;12,4;24;3,9;24;1022,7;8;1019,7;8;11,6;24;2,8;24;5,7;999,9;26,3;3,9;0,0;999,9;0;0;0;0;0;0
Rosario_Aero;874800;2013;05;08;13,9;24;7,8;24;1014,6;8;1011,6;8;11,3;24;4,1;24;8,7;999,9;24,0;6,2;0,0;999,9;0;0;0;0;0;0
Rosario_Aero;874800;2013;05;09;18,1;24;12,7;24;1013,5;8;1010,5;8;10,9;24;3,0;24;5,1;999,9;25,0;11,6;0,0;999,9;0;0;0;0;0;0
Rosario_Aero;874800;2013;05;10;19,4;24;14,4;24;1010,5;8;1007,6;8;10,9;24;3,2;24;5,1;999,9;25,3;14,0;0,0;999,9;0;0;0;0;0;0
Rosario_Aero;874800;2013;05;11;19,9;24;12,2;23;1013,4;8;1010,5;8;9,8;24;2,9;24;7,2;999,9;25,6;15,9;0,0;999,9;0;1;0;0;0;0
Rosario_Aero;874800;2013;05;12;14,7;24;10,0;24;1015,6;8;1012,6;8;10,5;24;2,4;24;4,1;999,9;23,8;7,6;0,0;999,9;0;0;0;0;0;0
Rosario_Aero;874800;2013;05;13;15,5;24;14,0;24;1014,4;6;1011,3;6;5,6;24;1,4;24;3,1;999,9;22,4;9,9;0,0;999,9;1;0;0;0;0;0
Rosario_Aero;874800;2013;05;14;16,7;24;14,2;24;1012,4;7;1009,4;7;6,6;24;1,7;24;3,1;999,9;22,2;11,2;0,0;999,9;1;0;0;0;0;0
Rosario_Aero;874800;2013;05;15;10,6;24;2,8;24;1018,6;7;1015,6;7;10,6;24;6,3;24;10,3;13,4;22,5;7,0;15,0;999,9;0;1;0;0;0;0
Rosario_Aero;874800;2013;05;16;6,0;24;-0,6;24;1025,6;8;1022,5;8;11,6;24;1,9;24;3,1;999,9;14,0;-1,1;0,0;999,9;0;0;0;0;0;0
Rosario_Aero;874800;2013;05;17;7,7;24;2,3;24;1025,5;8;1022,4;8;11,1;24;1,4;24;4,1;999,9;16,0;0,3;0,0;999,9;0;0;0;0;0;0
Rosario_Aero;874800;2013;05;18;10,6;24;7,9;24;1023,7;7;1020,7;7;9,7;24;2,0;24;5,1;999,9;16,1;1,9;0,0;999,9;0;1;0;0;0;0
Rosario_Aero;874800;2013;05;19;11,1;22;9,5;22;1022,8;8;1019,8;8;10,9;22;2,6;22;4,6;999,9;14,0;8,5;7,9;999,9;0;1;0;0;0;0
Rosario_Aero;874800;2013;05;20;8,9;24;7,1;24;1022,3;7;1019,2;7;5,3;24;1,3;24;3,1;999,9;15,0;4,0;0,0;999,9;1;0;0;0;0;0
Rosario_Aero;874800;2013;05;21;8,6;24;7,1;24;1019,1;8;1016,0;8;5,0;24;0,9;24;3,1;999,9;15,4;2,7;0,0;999,9;1;0;0;0;0;0
Rosario_Aero;874800;2013;05;22;9,7;24;6,6;24;1020,8;8;1017,8;8;6,0;24;1,8;24;3,1;999,9;17,0;3,2;0,0;999,9;1;0;0;0;0;0
Rosario_Aero;874800;2013;05;23;11,1;23;8,4;23;1020,2;8;1017,2;8;7,9;23;1,2;23;3,6;999,9;18,0;5,4;0,0;999,9;1;0;0;0;0;0
Rosario_Aero;874800;2013;05;24;10,8;24;6,9;24;1020,3;8;1017,2;8;5,6;24;1,5;24;4,1;999,9;21,0;2,0;0,0;999,9;1;0;0;0;0;0
Rosario_Aero;874800;2013;05;25;11,6;22;8,9;22;1019,2;8;1016,2;8;5,0;22;1,6;22;4,6;999,9;21,7;4,7;0,0;999,9;1;0;0;0;0;0
Rosario_Aero;874800;2013;05;26;13,9;22;9,7;22;1014,5;8;1011,5;8;8,7;22;2,2;22;4,6;999,9;20,6;6,4;0,0;999,9;1;0;0;0;0;0
Rosario_Aero;874800;2013;05;27;12,9;24;10,3;24;1010,1;8;1007,1;8;6,8;24;1,5;24;4,1;999,9;21,0;6,4;0,0;999,9;1;0;0;0;0;0
Rosario_Aero;874800;2013;05;28;18,8;24;15,3;24;999,9;8;997,0;8;11,3;24;3,5;24;7,2;999,9;24,0;8,0;0,0;999,9;0;1;0;0;0;0
Rosario_Aero;874800;2013;05;29;15,8;24;7,8;24;1007,6;8;1004,6;8;10,6;24;4,8;24;8,7;999,9;23,7;10,4;2,0;999,9;0;1;0;0;0;0
Rosario_Aero;874800;2013;05;30;12,8;24;3,1;24;1013,5;8;1010,5;8;11,6;24;3,8;24;7,7;999,9;22,0;4,0;0,0;999,9;0;0;0;0;0;0
Rosario_Aero;874800;2013;05;31;16,4;23;6,7;23;1007,8;8;1004,7;8;10,8;23;5,5;23;10,3;17,0;24,0;5,7;0,0;999,9;0;0;0;0;0;0
Rosario_Aero;874800;2013;06;01;12,2;24;7,7;24;1010,7;8;1007,7;8;8,7;24;1,4;24;4,6;999,9;22,1;4,1;0,0;999,9;0;0;0;0;0;0
Rosario_Aero;874800;2013;06;02;11,6;21;4,1;21;1017,2;8;1014,1;8;10,0;21;2,5;21;4,6;999,9;21,8;5,5;0,0;999,9;0;0;0;0;0;0
Rosario_Aero;874800;2013;06;03;10,4;24;3,6;24;1020,3;8;1017,3;8;11,1;24;2,7;24;5,7;999,9;21,1;1,8;0,0;999,9;0;0;0;0;0;0
Rosario_Aero;874800;2013;06;04;12,3;22;7,1;22;1016,0;8;1013,0;8;10,1;22;2,4;22;6,2;999,9;24,0;2,9;0,0;999,9;0;0;0;0;0;0
Rosario_Aero;874800;2013;06;05;16,3;21;9,3;21;1012,1;8;1009,1;8;9,7;21;3,1;21;6,2;999,9;25,2;7,0;0,0;999,9;0;0;0;0;0;0
Rosario_Aero;874800;2013;06;06;10,1;23;3,4;23;1020,5;8;1017,5;8;10,9;23;2,6;23;4,1;999,9;25,5;4,0;0,0;999,9;0;0;0;0;0;0
Rosario_Aero;874800;2013;06;07;11,3;24;6,3;24;1018,4;8;1015,3;8;10,9;24;2,2;24;5,7;999,9;21,0;4,4;0,0;999,9;0;0;0;0;0;0
Rosario_Aero;874800;2013;06;08;12,4;24;6,1;24;1024,0;8;1021,0;8;10,6;24;4,1;24;7,7;999,9;20,7;5,9;0,0;999,9;0;0;0;0;0;0
Rosario_Aero;874800;2013;06;09;13,5;24;11,4;24;1018,5;8;1015,5;8;8,4;24;2,4;24;6,2;999,9;17,8;10,5;4,1;999,9;0;1;0;0;0;0
Rosario_Aero;874800;2013;06;10;12,1;24;11,7;24;1018,1;6;1015,1;6;1,0;24;0,9;24;2,1;999,9;16,0;7,7;3,0;999,9;1;0;0;0;0;0
Rosario_Aero;874800;2013;06;11;16,8;24;14,9;24;1018,9;8;1015,9;8;3,5;24;1,9;24;5,7;999,9;23,1;10,0;0,0;999,9;1;0;0;0;0;0
Rosario_Aero;874800;2013;06;12;17,7;24;14,7;24;1017,2;8;1014,2;8;8,9;24;2,7;24;6,2;999,9;25,4;10,4;0,0;999,9;1;0;0;0;0;0
Rosario_Aero;874800;2013;06;13;19,3;24;16,7;24;1015,2;7;1012,2;7;5,5;24;2,2;24;7,2;999,9;27,2;12,1;0,0;999,9;1;0;0;0;0;0
Rosario_Aero;874800;2013;06;14;16,0;24;10,0;24;1020,0;8;1017,1;8;10,6;24;4,4;24;7,2;999,9;27,3;11,7;0,0;999,9;0;0;0;0;1;0
Rosario_Aero;874800;2013;06;15;11,1;23;7,6;23;1019,6;8;1016,5;8;12,1;23;4,2;23;6,7;999,9;16,2;7,9;0,0;999,9;0;0;0;0;0;0
Rosario_Aero;874800;2013;06;16;12,0;24;9,4;24;1015,7;7;1012,7;7;8,5;24;3,3;24;9,3;15,9;14,8;8,8;0,0;999,9;1;1;0;0;0;0
Rosario_Aero;874800;2013;06;17;7,4;23;4,4;23;1019,9;8;1016,9;8;11,4;23;2,3;23;4,1;999,9;14,3;1,9;0,0;999,9;0;0;0;0;0;0
Rosario_Aero;874800;2013;06;18;11,3;24;9,4;24;1015,5;6;1012,4;6;8,9;24;1,8;24;6,2;999,9;15,3;3,0;0,0;999,9;0;1;0;0;0;0
Rosario_Aero;874800;2013;06;19;5,2;24;-3,1;24;1025,4;8;1022,3;8;11,3;24;2,7;24;4,6;999,9;16,1;0,5;2,0;999,9;0;0;0;0;0;0
Rosario_Aero;874800;2013;06;20;3,7;24;-2,3;24;1025,5;8;1022,3;8;9,3;24;1,6;24;3,1;999,9;12,0;-3,2;0,0;999,9;0;0;0;0;0;0
Rosario_Aero;874800;2013;06;21;3,3;21;-1,1;21;1015,3;7;1012,1;7;9,2;21;1,3;21;3,1;999,9;15,4;-3,9;0,0;999,9;0;0;0;0;0;0
Rosario_Aero;874800;2013;06;22;7,8;24;2,1;24;1012,9;8;1009,8;8;10,3;24;1,5;24;3,6;999,9;17,0;-1,9;0,0;999,9;0;0;0;0;0;0
Rosario_Aero;874800;2013;06;23;8,8;24;3,6;24;1021,5;8;1018,4;8;10,8;24;2,8;24;4,6;999,9;17,3;0,9;0,0;999,9;0;0;0;0;0;0
Rosario_Aero;874800;2013;06;24;9,1;24;5,2;24;1021,9;8;1018,8;8;10,6;24;2,4;24;3,6;999,9;16,0;4,6;0,0;999,9;0;0;0;0;0;0
Rosario_Aero;874800;2013;06;25;7,0;24;4,3;24;1018,5;6;1015,5;6;7,1;24;1,7;24;4,1;999,9;16,2;-0,1;0,0;999,9;1;0;0;0;0;0
Rosario_Aero;874800;2013;06;26;8,9;24;5,3;24;1017,1;7;1014,1;7;4,8;24;2,1;24;6,2;999,9;19,6;-0,5;0,0;999,9;1;0;0;0;0;0
Rosario_Aero;874800;2013;06;27;10,3;23;6,9;23;1015,0;8;1012,0;8;8,2;23;3,3;23;7,2;999,9;19,6;0,3;0,0;999,9;1;0;0;0;0;0
Rosario_Aero;874800;2013;06;28;13,8;23;10,7;23;1009,4;8;1006,4;8;11,1;23;2,6;23;6,2;999,9;18,3;4,0;0,0;999,9;0;0;0;0;0;0
Rosario_Aero;874800;2013;06;29;12,9;16;5,9;16;1014,7;7;1011,7;7;8,9;16;1,6;16;3,1;999,9;18,7;5,7;0,0;999,9;0;0;0;0;0;0
Rosario_Aero;874800;2013;06;30;9,6;24;3,5;24;1019,8;8;1016,7;8;9,5;24;2,1;24;4,6;999,9;19,0;2,6;0,0;999,9;0;0;0;0;0;0
Rosario_Aero;874800;2013;07;01;9,8;24;5,0;24;1022,3;7;1019,3;7;9,5;24;2,1;24;4,1;999,9;20,0;2,4;0,0;999,9;0;0;0;0;0;0
Rosario_Aero;874800;2013;07;02;12,2;23;4,2;23;1016,2;8;1013,1;8;10,0;23;4,7;23;9,3;13,9;20,3;3,1;0,0;999,9;1;0;0;0;0;0
Rosario_Aero;874800;2013;07;03;16,4;23;10,6;23;1010,0;8;1007,0;8;10,9;23;5,3;23;8,2;999,9;23,0;7,5;0,0;999,9;0;0;0;0;0;0
Rosario_Aero;874800;2013;07;04;18,9;24;15,4;24;1012,1;8;1009,1;8;10,3;24;2,2;24;5,1;999,9;23,3;13,3;0,0;999,9;0;0;0;0;0;0
Rosario_Aero;874800;2013;07;05;14,5;24;13,7;24;1012,4;5;1009,4;5;3,4;24;2,2;24;5,1;999,9;23,7;11,2;0,0;999,9;1;1;0;0;0;0
Rosario_Aero;874800;2013;07;06;13,3;24;12,0;24;1014,9;7;1011,9;7;7,9;24;4,9;24;7,2;999,9;16,8;11,0;0,0;999,9;1;1;0;0;0;0
Rosario_Aero;874800;2013;07;07;9,3;24;5,3;24;1024,9;8;1021,8;8;11,9;24;3,1;24;5,1;999,9;12,4;4,1;0,0;999,9;0;0;0;0;0;0
Rosario_Aero;874800;2013;07;08;7,1;24;3,0;24;1030,1;8;1027,0;8;9,7;24;3,4;24;6,2;999,9;13,4;0,8;0,0;999,9;0;0;0;0;0;0
Rosario_Aero;874800;2013;07;09;10,2;24;6,6;24;1021,3;7;1018,2;7;8,5;24;4,2;24;9,8;999,9;13,9;1,8;0,0;999,9;0;1;0;0;1;0
Rosario_Aero;874800;2013;07;10;12,8;24;12,6;24;1017,1;7;1014,1;7;4,8;24;2,2;24;4,1;999,9;16,0;8,7;19,0;999,9;1;1;0;0;0;0
Rosario_Aero;874800;2013;07;11;16,1;24;15,8;24;1013,4;8;1010,4;8;2,3;24;2,0;24;6,2;999,9;17,7;12,3;6,1;999,9;1;1;0;0;0;0
Rosario_Aero;874800;2013;07;12;11,9;24;11,2;24;1020,8;9;1017,8;9;8,9;24;3,7;24;5,7;999,9;17,8;10,0;0,8;999,9;0;1;0;0;0;0
Rosario_Aero;874800;2013;07;13;12,1;24;9,8;24;1017,5;7;1014,5;7;4,3;24;1,7;24;5,7;999,9;18,0;5,9;0,0;999,9;1;0;0;0;0;0
Rosario_Aero;874800;2013;07;14;11,5;20;4,4;20;1018,8;8;1015,8;8;9,7;20;3,1;20;5,7;999,9;18,6;6,6;0,0;999,9;0;0;0;0;0;0
Rosario_Aero;874800;2013;07;15;9,1;20;2,9;20;1022,4;8;1019,3;8;11,3;20;2,1;20;5,1;999,9;18,0;-0,3;0,0;999,9;0;0;0;0;0;0
Rosario_Aero;874800;2013;07;16;11,4;24;7,2;24;1016,5;8;1013,5;8;10,9;24;3,1;24;5,7;999,9;23,0;1,3;0,0;999,9;0;0;0;0;0;0
Rosario_Aero;874800;2013;07;17;14,4;24;11,0;24;1010,5;8;1007,5;8;8,9;24;2,9;24;6,7;999,9;24,5;5,2;0,0;999,9;1;0;0;0;0;0
Rosario_Aero;874800;2013;07;18;11,3;24;5,3;24;1014,2;8;1011,2;8;11,9;24;5,7;24;11,8;17,5;25,5;6,0;0,0;999,9;0;1;0;0;0;0
Rosario_Aero;874800;2013;07;19;5,7;24;0,5;24;1024,8;8;1021,7;8;11,4;24;2,4;24;3,6;999,9;11,4;1,8;0,0;999,9;0;0;0;0;0;0
Rosario_Aero;874800;2013;07;20;8,1;24;0,8;24;1012,7;8;1009,5;8;11,1;24;3,8;24;8,2;999,9;14,0;3,1;0,0;999,9;0;0;0;0;0;0
Rosario_Aero;874800;2013;07;21;4,2;24;-1,9;24;1018,5;8;1015,4;8;11,9;24;7,0;24;12,9;17,0;14,4;-1,0;0,0;999,9;0;0;0;0;0;0
Rosario_Aero;874800;2013;07;22;5,4;24;-0,4;24;1024,5;8;1021,4;8;12,2;24;6,8;24;8,7;999,9;9,5;1,6;0,0;999,9;0;0;0;0;0;0
Rosario_Aero;874800;2013;07;23;3,4;24;-4,1;24;1026,8;8;1023,6;8;11,6;24;2,8;24;7,2;999,9;11,0;-5,8;0,0;999,9;0;0;0;0;0;0
Rosario_Aero;874800;2013;07;24;6,6;24;-1,0;24;1026,7;8;1023,5;8;11,1;24;1,8;24;2,6;999,9;13,0;-4,1;0,0;999,9;0;0;0;0;0;0
Rosario_Aero;874800;2013;07;25;7,1;24;-0,4;24;1024,8;7;1021,7;7;7,6;24;3,2;24;9,8;999,9;16,5;-1,6;0,0;999,9;1;0;0;0;0;0
Rosario_Aero;874800;2013;07;26;11,5;23;3,1;23;1022,8;8;1019,7;8;10,5;23;5,5;23;9,3;999,9;16,9;1,3;0,0;999,9;0;0;0;0;0;0
Rosario_Aero;874800;2013;07;27;12,8;22;7,4;22;1021,0;8;1017,9;8;9,5;22;1,9;22;3,1;999,9;20,3;5,6;0,0;999,9;0;0;0;0;0;0
Rosario_Aero;874800;2013;07;28;10,7;24;6,4;24;1021,2;8;1018,1;8;5,0;24;0,9;24;3,6;999,9;21,1;1,2;0,0;999,9;1;0;0;0;0;0
Rosario_Aero;874800;2013;07;29;13,1;24;9,1;24;1021,1;8;1018,1;8;6,8;24;1,8;24;3,6;999,9;21,9;2,4;0,0;999,9;1;0;0;0;0;0
Rosario_Aero;874800;2013;07;30;16,4;20;11,8;20;1016,4;8;1013,4;8;11,3;20;4,0;20;6,7;999,9;22,2;8,2;0,0;999,9;0;0;0;0;0;0
Rosario_Aero;874800;2013;07;31;19,4;24;14,8;24;1010,3;8;1007,3;8;10,0;24;3,4;24;8,2;999,9;23,0;14,7;0,0;999,9;0;0;0;0;0;0
Rosario_Aero;874800;2013;08;01;12,6;23;10,1;23;1014,4;7;1011,4;7;10,0;23;5,8;23;8,8;999,9;17,3;10,9;0,0;999,9;0;1;0;0;0;0
Rosario_Aero;874800;2013;08;02;9,6;23;5,9;23;1019,3;7;1016,3;7;11,7;15;3,6;23;6,2;999,9;15,0;4,5;0,0;999,9;0;0;0;0;0;0
Rosario_Aero;874800;2013;08;03;6,8;24;4,7;23;1018,3;7;1015,2;7;5,6;21;2,1;24;7,7;999,9;14,8;-0,1;0,0;999,9;1;0;0;0;0;0
Rosario_Aero;874800;2013;08;04;8,8;24;5,3;24;1019,0;8;1015,9;8;6,3;24;1,8;24;4,6;999,9;19,2;-0,7;0,0;999,9;1;0;0;0;0;0
Rosario_Aero;874800;2013;08;05;10,6;16;6,9;16;1014,7;8;1011,7;8;13,5;8;3,8;16;6,2;999,9;22,9;0,3;0,0;999,9;0;0;0;0;0;0
Rosario_Aero;874800;2013;08;06;11,4;9;2,3;9;1018,3;8;1015,2;8;10,0;9;3,2;9;6,2;999,9;23,5;1,6;0,0;999,9;0;0;0;0;0;0
Rosario_Aero;874800;2013;08;07;18,9;12;7,2;12;1003,8;8;1000,9;8;10,5;12;6,3;12;10,3;999,9;25,5;4,9;0,0;999,9;0;0;0;0;0;0
Rosario_Aero;874800;2013;08;08;13,3;24;-0,2;24;1013,2;8;1010,2;8;11,9;17;5,6;24;10,8;16,0;25,8;9,0;0,0;999,9;0;0;0;0;0;0
Rosario_Aero;874800;2013;08;09;8,1;24;-2,8;24;1026,3;8;1023,2;8;13,4;11;3,3;24;5,1;999,9;15,8;1,4;0,0;999,9;0;0;0;0;0;0
Rosario_Aero;874800;2013;08;10;7,1;24;-2,2;24;1026,0;8;1022,9;8;11,7;11;3,0;24;6,2;999,9;17,0;-2,9;0,0;999,9;0;0;0;0;0;0
Rosario_Aero;874800;2013;08;11;10,1;24;0,2;24;1015,3;8;1012,2;8;12,2;13;4,1;24;8,2;999,9;19,0;1,7;0,0;999,9;0;0;0;0;0;0
Rosario_Aero;874800;2013;08;12;10,6;23;3,3;23;1014,0;8;1010,9;8;11,3;13;3,7;23;10,3;999,9;18,6;4,3;0,0;999,9;0;0;0;0;0;0
Rosario_Aero;874800;2013;08;13;6,6;24;-1,3;24;1027,1;8;1024,0;8;12,2;15;4,2;24;6,2;999,9;16,4;-1,3;0,0;999,9;0;0;0;0;0;0
Rosario_Aero;874800;2013;08;14;4,3;24;-4,2;24;1033,2;8;1030,0;8;13,5;9;2,6;24;5,7;999,9;13,0;-5,6;0,0;999,9;0;0;0;0;0;0
Rosario_Aero;874800;2013;08;15;8,4;23;-1,7;23;1023,5;8;1020,4;8;14,3;9;6,2;23;11,8;16,5;16,0;-2,1;0,0;999,9;0;0;0;0;0;0
Rosario_Aero;874800;2013;08;16;9,9;21;0,3;21;1022,5;7;1019,4;7;8,0;19;3,1;21;6,2;999,9;19,3;0,6;0,0;999,9;0;0;0;0;0;0
Rosario_Aero;874800;2013;08;17;8,8;24;0,3;24;1027,3;8;1024,2;8;14,0;9;4,0;24;8,8;999,9;19,6;-0,9;0,0;999,9;0;0;0;0;0;0
Rosario_Aero;874800;2013;08;18;13,9;24;6,1;24;1020,8;8;1017,8;8;10,9;14;4,6;24;6,7;999,9;21,0;7,5;0,0;999,9;0;0;0;0;0;0
Rosario_Aero;874800;2013;08;19;16,5;24;10,5;24;1015,0;8;1012,0;8;10,5;13;2,9;24;6,2;999,9;26,2;9,6;0,0;999,9;1;0;0;0;0;0
Rosario_Aero;874800;2013;08;20;17,4;24;12,6;24;1014,1;8;1011,0;8;10,8;17;2,8;24;5,7;999,9;26,7;10,1;0,0;999,9;0;0;0;0;0;0
Rosario_Aero;874800;2013;08;21;18,9;22;13,7;22;1007,4;8;1004,5;8;8,5;20;2,1;22;4,6;999,9;27,0;11,9;0,0;999,9;0;0;0;0;0;0
Rosario_Aero;874800;2013;08;22;11,9;23;-2,3;23;1014,8;8;1011,8;8;8,9;17;8,2;23;11,8;18,0;27,3;6,4;0,0;999,9;0;0;0;0;0;0
Rosario_Aero;874800;2013;08;23;5,4;23;-8,2;23;1025,6;7;1022,5;7;13,2;11;2,7;23;5,1;999,9;10,0;0,3;0,0;999,9;0;0;0;0;0;0
Rosario_Aero;874800;2013;08;24;6,7;24;-2,3;24;1029,4;8;1026,3;8;12,4;15;3,6;24;6,2;999,9;12,0;-1,4;0,0;999,9;0;0;0;0;0;0
Rosario_Aero;874800;2013;08;25;6,7;24;0,1;24;1032,6;8;1029,5;8;10,1;17;3,0;24;5,1;999,9;12,2;0,4;0,0;999,9;0;0;0;0;0;0
Rosario_Aero;874800;2013;08;26;4,9;24;-4,4;24;1034,0;8;1031,1;8;11,3;15;3,1;24;6,2;999,9;12,7;-2,3;0,0;999,9;0;0;0;0;0;0
Rosario_Aero;874800;2013;08;27;5,8;23;-1,9;23;1027,7;8;1024,6;8;11,3;10;2,2;23;6,2;999,9;17,0;-4,1;0,0;999,9;0;0;0;0;0;0
Rosario_Aero;874800;2013;08;28;13,8;24;0,1;24;1021,6;8;1018,6;8;8,5;16;6,1;24;11,3;999,9;26,0;-0,7;0,0;999,9;0;0;0;0;0;0
Rosario_Aero;874800;2013;08;29;15,9;23;2,3;23;1016,8;8;1013,8;8;10,3;12;6,4;23;10,8;15,4;26,0;8,0;0,0;999,9;0;0;0;0;0;0
Rosario_Aero;874800;2013;08;30;17,9;23;5,3;23;1012,3;8;1009,3;8;12,6;10;4,6;23;7,2;999,9;27,0;8,0;0,0;999,9;0;0;0;0;0;0
Rosario_Aero;874800;2013;08;31;17,7;23;8,9;23;1010,7;8;1007,7;8;9,8;16;1,2;23;4,1;999,9;27,3;8,0;0,0;999,9;0;0;0;0;0;0
Rosario_Aero;874800;2013;09;01;17,7;24;8,6;24;1010,9;8;1007,9;8;8,0;21;1,8;24;3,6;999,9;28,2;7,8;0,0;999,9;0;0;0;0;0;0
Rosario_Aero;874800;2013;09;02;18,3;23;10,7;23;1010,5;8;1007,5;8;9,3;17;3,6;23;7,7;999,9;28,5;10,7;0,0;999,9;0;0;0;0;0;0
Rosario_Aero;874800;2013;09;03;13,1;24;1,6;24;1022,5;8;1019,5;8;15,0;8;6,1;24;9,3;999,9;26,3;8,9;0,0;999,9;0;0;0;0;0;0
Rosario_Aero;874800;2013;09;04;10,3;21;2,7;21;1024,9;8;1021,9;8;14,6;8;2,9;21;7,7;999,9;17,2;3,8;0,0;999,9;0;0;0;0;0;0
Rosario_Aero;874800;2013;09;05;15,8;24;4,8;24;1017,6;8;1014,6;8;15,0;8;5,2;24;7,7;999,9;20,3;10,3;0,0;999,9;0;0;0;0;0;0
Rosario_Aero;874800;2013;09;06;18,8;24;11,2;24;1015,0;8;1012,1;8;13,5;8;3,6;24;5,7;999,9;27,0;10,1;0,0;999,9;0;0;0;0;0;0
Rosario_Aero;874800;2013;09;07;23,0;22;16,8;22;1007,9;8;1004,9;8;11,6;12;3,5;22;5,1;999,9;28,0;16,1;999,9;999,9;0;1;0;0;1;0
Rosario_Aero;874800;2013;09;08;19,3;24;14,1;23;1014,6;7;1011,7;7;4,3;16;1,9;24;5,1;999,9;28,5;12,4;2,0;999,9;1;0;0;0;0;0
Rosario_Aero;874800;2013;09;09;22,8;24;15,3;24;1012,1;8;1009,2;8;10,3;14;4,7;24;8,2;999,9;33,0;14,1;0,0;999,9;0;0;0;0;0;0
Rosario_Aero;874800;2013;09;10;29,1;23;16,4;23;1006,6;8;1003,8;8;11,3;9;8,3;23;14,4;16,5;37,1;19,4;0,0;999,9;0;0;0;0;0;0
Rosario_Aero;874800;2013;09;11;29,2;23;14,6;23;1004,6;8;1001,7;8;10,5;12;6,4;23;11,8;999,9;37,3;21,7;0,0;999,9;0;0;0;0;0;0
Rosario_Aero;874800;2013;09;12;17,4;24;13,8;24;1005,1;8;1002,1;8;9,8;20;5,3;24;8,2;999,9;26,2;13,5;999,9;999,9;0;1;1;0;1;0
Rosario_Aero;874800;2013;09;13;12,3;23;9,3;23;1017,9;8;1014,8;8;8,9;23;8,1;23;11,3;13,4;19,0;10,3;20,1;999,9;0;1;0;0;1;0
Rosario_Aero;874800;2013;09;14;10,3;24;6,0;24;1022,3;8;1019,2;8;11,6;24;6,0;24;7,2;999,9;14,0;6,7;0,5;999,9;0;0;0;0;0;0
Rosario_Aero;874800;2013;09;15;9,7;23;5,3;23;1020,1;8;1017,0;8;11,3;23;6,6;23;8,8;999,9;14,1;5,8;0,0;999,9;0;1;0;0;0;0
Rosario_Aero;874800;2013;09;16;9,2;24;6,8;24;1017,8;8;1014,7;8;8,5;24;7,7;24;10,3;999,9;13,8;6,8;5,1;999,9;0;1;0;0;0;0
Rosario_Aero;874800;2013;09;17;8,2;23;2,2;23;1020,7;8;1017,7;8;12,6;16;4,9;23;7,7;999,9;15,0;3,4;0,0;999,9;0;0;0;0;0;0
Rosario_Aero;874800;2013;09;18;10,4;24;-2,4;24;1020,4;7;1017,4;7;12,9;11;4,1;24;8,2;999,9;21,0;1,0;0,0;999,9;0;0;0;0;0;0
Rosario_Aero;874800;2013;09;19;12,8;24;0,3;24;1020,4;8;1017,4;8;15,0;8;3,8;24;9,8;999,9;22,0;2,9;0,0;999,9;0;0;0;0;0;0
Rosario_Aero;874800;2013;09;20;16,0;24;5,1;24;1011,6;8;1008,6;8;11,3;13;3,3;24;5,1;999,9;25,0;8,2;0,0;999,9;0;0;0;0;0;0
Rosario_Aero;874800;2013;09;21;12,5;19;4,6;19;1011,7;7;1008,7;7;12,1;10;4,7;19;11,3;13,9;25,0;7,3;0,0;999,9;0;1;0;0;1;0
Rosario_Aero;874800;2013;09;22;10,9;22;4,2;22;1022,5;8;1019,4;8;11,3;17;4,0;22;7,2;999,9;16,1;7,6;9,9;999,9;0;1;0;0;0;0
Rosario_Aero;874800;2013;09;23;8,7;24;2,8;24;1029,4;7;1026,3;7;12,2;15;2,9;24;7,7;999,9;18,0;1,6;0,0;999,9;0;1;0;0;1;0
Rosario_Aero;874800;2013;09;24;8,9;23;3,2;23;1030,9;8;1027,8;8;9,2;17;2,0;23;4,1;999,9;16,0;1,0;0,5;999,9;1;0;0;0;0;0
Rosario_Aero;874800;2013;09;25;12,1;23;5,6;23;1026,5;8;1023,5;8;13,0;12;3,3;23;6,7;999,9;18,3;5,7;0,0;999,9;0;0;0;0;0;0
Rosario_Aero;874800;2013;09;26;14,8;24;7,2;24;1019,5;8;1016,5;8;11,9;12;4,4;24;6,7;999,9;22,0;8,2;0,0;999,9;0;0;0;0;0;0
Rosario_Aero;874800;2013;09;27;16,7;24;9,3;24;1016,4;8;1013,4;8;15,0;8;4,7;24;7,7;999,9;22,0;11,5;0,0;999,9;0;0;0;0;0;0
Rosario_Aero;874800;2013;09;28;12,9;22;9,6;22;1016,9;8;1013,9;8;12,1;18;5,3;22;8,2;999,9;21,7;9,0;0,0;999,9;0;1;0;0;0;0
Rosario_Aero;874800;2013;09;29;10,6;24;3,6;24;1020,9;8;1017,9;8;11,3;19;6,0;24;8,2;999,9;19,0;4,9;0,8;999,9;0;1;0;0;0;0
Rosario_Aero;874800;2013;09;30;12,6;22;5,5;22;1017,7;8;1014,7;8;12,4;15;4,9;22;9,3;999,9;19,1;5,4;0,0;999,9;0;0;0;0;0;0
Rosario_Aero;874800;2013;10;01;13,6;24;6,7;24;1016,3;8;1013,4;8;12,6;16;4,0;24;5,7;999,9;20,0;7,4;0,0;999,9;0;0;0;0;0;0
Rosario_Aero;874800;2013;10;02;13,2;24;7,8;24;1017,3;8;1014,4;8;13,4;9;2,9;24;6,2;999,9;21,0;4,1;0,0;999,9;0;0;0;0;0;0
Rosario_Aero;874800;2013;10;03;15,8;24;10,8;24;1017,1;8;1014,1;8;11,6;17;4,3;24;6,7;999,9;21,7;11,2;999,9;999,9;0;1;0;0;0;0
Rosario_Aero;874800;2013;10;04;15,4;24;9,6;24;1020,7;8;1017,8;8;11,3;22;4,7;24;7,2;999,9;21,0;11,0;0,8;999,9;0;1;0;0;0;0
Rosario_Aero;874800;2013;10;05;15,1;24;8,3;24;1021,5;8;1018,5;8;11,1;13;2,2;24;5,1;999,9;22,0;5,9;0,0;999,9;0;0;0;0;0;0
Rosario_Aero;874800;2013;10;06;17,2;22;8,8;22;1022,3;8;1019,3;8;12,6;10;2,7;22;4,6;999,9;24,8;8,6;0,0;999,9;0;0;0;0;0;0
Rosario_Aero;874800;2013;10;07;20,1;24;8,4;24;1022,4;8;1019,5;8;15,0;8;5,1;24;8,2;999,9;26,0;13,6;0,0;999,9;0;0;0;0;0;0
Rosario_Aero;874800;2013;10;08;20,3;23;9,0;23;1017,3;8;1014,4;8;10,8;13;4,5;23;6,7;999,9;29,2;11,9;0,0;999,9;0;0;0;0;0;0
Rosario_Aero;874800;2013;10;09;23,3;24;13,3;24;1011,5;8;1008,5;8;11,1;13;4,8;24;8,8;999,9;29,2;17,1;1,0;999,9;0;1;0;0;1;0
Rosario_Aero;874800;2013;10;10;20,6;24;16,0;24;1015,1;8;1012,1;8;7,7;21;3,8;24;7,2;999,9;28,5;14,0;4,1;999,9;1;1;0;0;1;0
Rosario_Aero;874800;2013;10;11;21,4;24;16,1;24;1015,6;7;1012,7;7;11,1;17;6,1;24;12,9;18,0;27,1;16,9;3,0;999,9;0;1;0;0;1;0
Rosario_Aero;874800;2013;10;12;19,2;21;15,5;21;1015,7;7;1012,7;7;10,5;21;5,3;21;6,7;999,9;24,4;16,9;0,0;999,9;0;0;0;0;0;0
Rosario_Aero;874800;2013;10;13;20,7;24;16,4;24;1014,5;7;1011,6;7;9,2;20;3,1;24;8,8;999,9;26,0;17,0;0,0;999,9;0;1;0;0;0;0
Rosario_Aero;874800;2013;10;14;21,7;24;15,7;24;1015,7;8;1012,7;8;10,0;16;2,3;24;5,1;999,9;28,0;13,0;0,0;999,9;0;0;0;0;0;0
Rosario_Aero;874800;2013;10;15;23,8;23;15,8;23;1016,8;7;1013,9;7;11,9;9;3,3;23;6,7;999,9;31,4;15,9;0,0;999,9;0;0;0;0;0;0
Rosario_Aero;874800;2013;10;16;24,7;24;13,4;24;1015,6;8;1012,7;8;13,4;10;3,9;24;7,2;999,9;31,6;17,3;0,0;999,9;0;0;0;0;0;0
Rosario_Aero;874800;2013;10;17;20,9;24;15,4;24;1014,6;8;1011,6;8;12,1;13;2,2;24;7,2;999,9;31,0;15,3;0,0;999,9;0;1;0;0;1;0
Rosario_Aero;874800;2013;10;18;20,7;24;14,2;24;1012,7;8;1009,8;8;10,1;16;1,8;24;5,1;999,9;28,4;13,0;7,9;999,9;0;0;0;0;0;0
Rosario_Aero;874800;2013;10;19;24,3;24;14,3;23;1007,9;8;1005,0;8;13,7;10;3,9;24;6,7;999,9;32,0;15,7;0,0;999,9;0;1;0;0;0;0
Rosario_Aero;874800;2013;10;20;26,0;24;13,1;24;999,7;8;996,9;8;10,5;16;6,9;24;9,8;14,9;35,4;22,8;0,0;999,9;0;1;0;0;0;0
Rosario_Aero;874800;2013;10;21;19,3;24;6,3;24;1011,8;8;1008,9;8;14,3;8;4,1;24;7,7;999,9;30,7;12,3;0,0;999,9;0;0;0;0;0;0
Rosario_Aero;874800;2013;10;22;18,8;24;9,4;24;1011,5;8;1008,5;8;15,0;8;4,5;24;9,3;999,9;28,0;10,6;0,0;999,9;0;0;0;0;0;0
Rosario_Aero;874800;2013;10;23;22,2;24;13,9;24;1007,2;8;1004,2;8;13,7;11;5,1;24;11,8;17,5;30,0;16,9;0,0;999,9;0;0;0;0;0;0
Rosario_Aero;874800;2013;10;24;15,9;24;5,2;24;1021,3;8;1018,3;8;13,0;10;5,4;24;8,8;999,9;29,9;9,9;0,0;999,9;0;0;0;0;0;0
Rosario_Aero;874800;2013;10;25;14,6;22;6,6;22;1021,8;8;1018,8;8;13,2;12;5,8;22;8,2;999,9;22,6;8,8;999,9;999,9;0;1;0;0;1;0
Rosario_Aero;874800;2013;10;26;18,1;24;13,7;24;1015,0;8;1011,9;8;10,1;21;2,9;24;7,7;999,9;25,0;13,0;19,0;999,9;0;1;0;0;1;0
Rosario_Aero;874800;2013;10;27;19,6;24;11,6;24;1017,9;8;1014,9;8;14,3;8;4,8;24;8,8;999,9;25,5;14,6;0,0;999,9;0;0;0;0;0;0
Rosario_Aero;874800;2013;10;28;19,8;24;9,4;24;1016,5;8;1013,5;8;15,0;8;5,6;24;8,8;999,9;27,0;13,0;0,0;999,9;0;0;0;0;0;0
Rosario_Aero;874800;2013;10;29;20,8;24;9,8;24;1012,0;8;1009,1;8;15,0;8;4,1;24;6,2;999,9;28,0;12,7;0,0;999,9;0;0;0;0;0;0
Rosario_Aero;874800;2013;10;30;22,0;21;11,7;21;1011,2;8;1008,3;8;15,0;8;5,1;21;8,2;999,9;28,2;15,6;0,0;999,9;0;0;0;0;0;0
Rosario_Aero;874800;2013;10;31;20,2;18;17,5;18;1007,5;8;1004,6;8;10,3;18;6,2;18;12,9;999,9;27,7;17,0;6,1;999,9;0;1;0;0;1;0
Rosario_Aero;874800;2013;11;01;19,9;22;18,9;22;1005,9;6;1002,9;6;7,7;22;6,2;22;8,8;999,9;23,6;16,8;119,9;999,9;0;1;0;0;1;0
Rosario_Aero;874800;2013;11;02;18,9;24;14,1;24;1012,9;8;1010,0;8;12,2;15;5,7;24;8,2;999,9;23,0;14,8;16,0;999,9;0;1;0;0;0;0
Rosario_Aero;874800;2013;11;03;18,6;20;11,3;20;1017,0;8;1014,0;8;14,0;10;3,2;20;5,1;999,9;25,0;12,2;0,0;999,9;0;0;0;0;0;0
Rosario_Aero;874800;2013;11;04;20,4;19;12,7;19;1017,4;8;1014,4;8;12,1;10;2,0;19;4,6;999,9;26,1;12,4;0,0;999,9;0;0;0;0;0;0
Rosario_Aero;874800;2013;11;05;20,9;19;13,7;19;1017,9;8;1015,0;8;15,0;8;4,7;19;6,7;999,9;27,0;15,1;0,0;999,9;0;0;0;0;0;0
Rosario_Aero;874800;2013;11;06;23,1;19;13,1;19;1014,5;8;1011,6;8;14,3;8;5,8;19;9,3;999,9;30,0;15,6;0,0;999,9;0;0;0;0;0;0
Rosario_Aero;874800;2013;11;07;20,8;23;15,2;23;1012,1;8;1009,2;8;13,0;12;5,8;23;10,3;16,0;30,2;16,0;1,0;999,9;0;1;0;0;0;0
Rosario_Aero;874800;2013;11;08;18,7;24;17,3;24;1011,9;7;1008,9;7;9,2;24;3,7;24;7,2;10,3;22,0;15,0;33,0;999,9;0;1;0;0;1;0
Rosario_Aero;874800;2013;11;09;21,2;22;17,2;22;1007,1;8;1004,2;8;11,9;20;4,7;22;6,7;999,9;25,0;17,7;6,1;999,9;0;0;0;0;0;0
Rosario_Aero;874800;2013;11;10;22,5;24;18,7;24;1002,8;7;999,8;7;10,6;22;4,4;22;11,3;16,5;26,0;19,3;4,1;999,9;0;1;0;0;1;0
Rosario_Aero;874800;2013;11;11;20,1;22;13,6;22;1006,3;8;1003,4;8;12,1;19;5,2;22;7,7;999,9;26,6;16,6;0,0;999,9;0;0;0;0;0;0
Rosario_Aero;874800;2013;11;12;21,9;24;11,0;24;1009,3;8;1006,3;8;15,0;8;2,5;24;4,1;999,9;30,0;13,7;0,0;999,9;0;0;0;0;0;0
Rosario_Aero;874800;2013;11;13;24,1;23;14,0;23;1013,1;8;1010,2;8;13,8;8;5,2;23;11,8;16,5;31,4;18,3;0,0;999,9;0;0;0;0;0;0
