San_Antonio_Oeste_Aero;877840;2013;01;01;15.3;4;4.0;4;1024.2;4;1021.8;4;29.9;4;8.2;4;12.9;999.9;19.2;7.6;0.0;999.9;0;0;0;0;0;0
San_Antonio_Oeste_Aero;877840;2013;01;02;22.2;4;0.3;4;1018.8;4;1016.4;4;29.9;4;7.2;4;10.3;999.9;27.5;7.0;0.0;999.9;0;0;0;0;0;0
San_Antonio_Oeste_Aero;877840;2013;01;03;27.0;4;9.9;4;1008.2;4;1005.9;4;29.9;4;8.0;4;10.3;999.9;31.4;18.7;0.0;999.9;0;0;0;0;0;0
San_Antonio_Oeste_Aero;877840;2013;01;04;23.0;4;12.0;4;1010.3;4;1008.0;4;29.9;4;5.0;4;6.7;999.9;32.5;15.6;0.0;999.9;0;0;0;0;0;0
San_Antonio_Oeste_Aero;877840;2013;01;22;30.8;4;13.4;4;1012.4;4;1010.1;4;29.9;4;10.3;4;11.8;999.9;34.0;23.2;0.0;999.9;0;0;0;0;0;0
San_Antonio_Oeste_Aero;877840;2013;01;23;27.7;4;14.2;4;1007.8;4;1005.5;4;29.9;4;5.9;4;7.2;999.9;37.1;21.6;0.0;999.9;0;0;0;0;0;0
San_Antonio_Oeste_Aero;877840;2013;01;24;19.8;4;13.5;4;1010.2;4;1007.8;4;27.5;4;8.4;4;12.3;999.9;30.0;17.1;0.0;999.9;0;0;0;0;0;0
San_Antonio_Oeste_Aero;877840;2013;01;25;20.6;4;2.4;4;1016.5;4;1014.1;4;29.9;4;7.7;4;10.3;999.9;27.1;8.3;0.0;999.9;0;0;0;0;0;0
San_Antonio_Oeste_Aero;877840;2013;01;26;24.8;4;3.2;4;1009.2;4;1006.8;4;29.9;4;5.0;4;10.3;999.9;30.4;13.5;0.0;999.9;0;0;0;0;0;0
San_Antonio_Oeste_Aero;877840;2013;01;27;21.1;4;14.3;4;1009.6;4;1007.2;4;29.9;4;999.9;0;999.9;999.9;26.4;17.0;0.0;999.9;0;0;0;0;0;0
San_Antonio_Oeste_Aero;877840;2013;01;28;24.5;4;13.8;4;1013.0;4;1010.6;4;29.9;4;6.9;4;9.3;999.9;35.1;15.5;0.0;999.9;0;0;0;0;0;0
San_Antonio_Oeste_Aero;877840;2013;01;29;22.4;4;14.8;4;1014.7;4;1012.4;4;29.9;4;4.6;4;6.7;999.9;28.4;17.5;0.0;999.9;0;0;0;0;0;0
San_Antonio_Oeste_Aero;877840;2013;01;30;24.1;4;14.8;4;1013.1;4;1010.8;4;29.9;4;7.8;4;8.7;999.9;26.9;19.0;0.0;999.9;0;0;0;0;0;0
San_Antonio_Oeste_Aero;877840;2013;01;31;31.0;4;14.7;4;1005.9;4;1003.5;4;29.9;4;8.7;4;11.3;999.9;37.2;19.8;0.0;999.9;0;0;0;0;0;0
San_Antonio_Oeste_Aero;877840;2013;02;02;21.6;4;5.7;4;1017.6;4;1015.2;4;29.9;4;5.8;4;8.2;999.9;28.6;14.1;0.0;999.9;0;0;0;0;0;0
San_Antonio_Oeste_Aero;877840;2013;02;03;25.7;4;1.5;4;1015.8;4;1013.5;4;29.9;4;7.8;4;8.7;999.9;31.5;14.5;0.0;999.9;0;0;0;0;0;0
San_Antonio_Oeste_Aero;877840;2013;02;04;25.7;4;11.1;4;1011.7;4;1009.4;4;29.9;4;10.8;4;12.9;999.9;36.3;20.0;0.0;999.9;0;0;0;0;0;0
San_Antonio_Oeste_Aero;877840;2013;02;05;22.7;4;13.1;4;1015.6;4;1013.2;4;29.9;4;5.9;4;11.3;999.9;29.0;10.4;0.0;999.9;0;0;0;0;0;0
San_Antonio_Oeste_Aero;877840;2013;02;06;30.4;4;13.4;4;1012.0;4;1009.7;4;29.9;4;5.1;4;6.2;999.9;36.4;17.6;0.0;999.9;0;0;0;0;0;0
San_Antonio_Oeste_Aero;877840;2013;02;07;32.3;4;12.6;4;1011.8;4;1008.9;4;29.9;4;9.9;4;12.3;999.9;38.5;19.2;0.0;999.9;0;0;0;0;0;0
San_Antonio_Oeste_Aero;877840;2013;02;08;23.0;4;16.4;4;1013.4;4;1011.1;4;29.9;4;7.2;4;12.3;999.9;24.0;20.0;0.0;999.9;0;0;0;0;0;0
San_Antonio_Oeste_Aero;877840;2013;02;10;23.5;4;18.8;4;1006.2;4;1003.8;4;29.9;4;6.7;4;10.3;999.9;33.4;20.9;0.5;999.9;0;0;0;0;1;0
San_Antonio_Oeste_Aero;877840;2013;02;11;26.2;4;10.7;4;1004.6;4;1002.3;4;29.9;4;8.8;4;11.3;999.9;30.7;16.2;0.0;999.9;0;0;0;0;0;0
San_Antonio_Oeste_Aero;877840;2013;02;12;27.0;4;0.9;4;1002.2;4;999.8;4;29.9;4;10.8;4;12.3;999.9;34.9;19.4;0.0;999.9;0;0;0;0;0;0
San_Antonio_Oeste_Aero;877840;2013;02;13;23.4;4;7.1;4;1007.5;4;1005.1;4;29.9;4;5.9;4;8.2;999.9;30.0;16.8;0.0;999.9;0;0;0;0;0;0
San_Antonio_Oeste_Aero;877840;2013;02;14;23.6;4;4.3;4;1008.5;4;1006.2;4;29.9;4;8.3;4;12.3;999.9;29.0;9.7;0.0;999.9;0;0;0;0;0;0
San_Antonio_Oeste_Aero;877840;2013;02;15;30.3;4;8.7;4;1004.8;4;1002.5;4;29.9;4;10.1;4;12.3;999.9;33.4;18.2;0.0;999.9;0;0;0;0;0;0
San_Antonio_Oeste_Aero;877840;2013;02;16;27.5;4;11.0;4;1001.0;4;998.7;4;29.9;4;7.9;4;9.3;999.9;35.1;18.3;0.0;999.9;0;0;0;0;0;0
San_Antonio_Oeste_Aero;877840;2013;02;17;19.5;4;7.1;4;1011.2;4;1008.8;4;29.9;4;6.7;4;10.8;999.9;34.9;12.1;0.0;999.9;0;0;0;0;0;0
San_Antonio_Oeste_Aero;877840;2013;02;18;18.3;4;5.1;4;1021.3;4;1018.9;4;29.9;4;3.5;4;4.6;999.9;22.4;4.7;0.0;999.9;0;0;0;0;0;0
San_Antonio_Oeste_Aero;877840;2013;02;19;24.3;4;0.6;4;1017.6;4;1015.2;4;29.9;4;7.2;4;7.7;999.9;29.6;10.5;0.0;999.9;0;0;0;0;0;0
San_Antonio_Oeste_Aero;877840;2013;02;20;26.3;4;5.0;4;1017.8;4;1015.4;4;29.9;4;9.1;4;12.3;999.9;31.9;11.0;0.0;999.9;0;0;0;0;0;0
San_Antonio_Oeste_Aero;877840;2013;02;21;27.7;4;7.2;4;1017.0;4;1013.8;4;29.9;4;7.1;4;10.3;999.9;32.7;14.8;0.0;999.9;0;0;0;0;0;0
San_Antonio_Oeste_Aero;877840;2013;02;22;26.7;4;12.4;4;1013.2;4;1010.8;4;29.9;4;9.8;4;11.3;999.9;33.6;21.2;0.0;999.9;0;0;0;0;0;0
San_Antonio_Oeste_Aero;877840;2013;02;23;24.7;4;11.8;4;1006.5;4;1004.1;4;29.9;4;6.4;4;10.3;999.9;31.1;15.0;0.0;999.9;0;0;0;0;1;0
San_Antonio_Oeste_Aero;877840;2013;02;24;18.5;4;10.8;4;1014.6;4;1012.2;4;29.9;4;10.8;4;14.4;999.9;30.1;14.4;0.0;999.9;0;0;0;0;0;0
San_Antonio_Oeste_Aero;877840;2013;02;25;15.2;5;5.2;5;1023.6;5;1021.2;5;29.9;4;8.5;5;12.3;999.9;18.0;9.3;0.0;999.9;0;0;0;0;0;0
San_Antonio_Oeste_Aero;877840;2013;02;26;15.6;5;4.6;5;1019.7;5;1017.3;5;29.9;4;3.8;5;6.2;999.9;22.1;3.5;0.0;999.9;0;0;0;0;0;0
San_Antonio_Oeste_Aero;877840;2013;02;27;23.3;4;7.6;4;1012.8;4;1010.4;4;29.9;4;7.3;4;11.3;999.9;29.0;13.0;0.0;999.9;0;0;0;0;0;0
San_Antonio_Oeste_Aero;877840;2013;02;28;17.8;4;15.3;4;1015.3;4;1012.9;4;24.0;4;9.4;4;14.4;999.9;30.4;15.6;3.0;999.9;0;1;0;0;1;0
San_Antonio_Oeste_Aero;877840;2013;03;01;16.2;4;15.3;4;1015.0;4;1012.5;4;13.0;4;5.7;4;13.4;999.9;17.4;15.0;81.0;999.9;0;1;0;0;1;0
San_Antonio_Oeste_Aero;877840;2013;03;02;15.7;4;13.5;4;1015.8;4;1013.4;4;27.5;4;10.1;4;12.9;999.9;17.2;13.8;10.9;999.9;0;1;0;0;0;0
San_Antonio_Oeste_Aero;877840;2013;03;03;15.9;4;11.1;4;1022.1;4;1019.7;4;29.9;4;7.2;4;7.7;999.9;18.0;12.0;0.0;999.9;0;0;0;0;0;0
San_Antonio_Oeste_Aero;877840;2013;03;04;19.7;4;8.8;4;1020.7;4;1018.3;4;29.9;4;5.0;4;7.2;999.9;26.8;9.0;0.0;999.9;0;0;0;0;0;0
San_Antonio_Oeste_Aero;877840;2013;03;05;24.4;4;8.5;4;1011.7;4;1009.2;4;29.9;4;6.2;4;9.3;999.9;30.6;11.8;0.0;999.9;0;0;0;0;0;0
San_Antonio_Oeste_Aero;877840;2013;03;06;21.6;4;2.4;4;1006.2;4;1003.8;4;29.9;4;10.0;4;12.3;999.9;31.6;11.6;0.0;999.9;0;0;0;0;0;0
San_Antonio_Oeste_Aero;877840;2013;03;07;18.0;4;4.1;4;1013.0;4;1010.6;4;29.9;4;4.2;4;7.7;999.9;24.9;8.8;0.0;999.9;0;0;0;0;0;0
San_Antonio_Oeste_Aero;877840;2013;03;08;21.4;4;5.9;4;1011.6;4;1009.2;4;29.9;4;7.6;4;11.3;999.9;27.2;12.0;0.0;999.9;0;0;0;0;0;0
San_Antonio_Oeste_Aero;877840;2013;03;12;17.1;4;3.6;4;1017.3;4;1014.9;4;29.9;4;7.8;4;10.3;999.9;19.9;7.5;0.0;999.9;0;0;0;0;0;0
San_Antonio_Oeste_Aero;877840;2013;03;13;13.3;4;4.3;4;1028.2;4;1025.8;4;29.9;4;9.5;4;11.3;999.9;19.9;8.8;0.0;999.9;0;0;0;0;0;0
San_Antonio_Oeste_Aero;877840;2013;03;14;11.5;4;5.2;4;1027.8;4;1025.3;4;29.9;4;6.1;4;7.2;999.9;15.6;6.5;0.0;999.9;0;0;0;0;0;0
San_Antonio_Oeste_Aero;877840;2013;03;15;13.4;4;4.0;4;1028.2;4;1025.7;4;29.9;4;5.7;4;8.2;999.9;18.2;7.0;2.0;999.9;0;0;0;0;0;0
San_Antonio_Oeste_Aero;877840;2013;03;16;15.5;4;4.1;4;1028.5;4;1026.1;4;22.7;4;999.9;0;999.9;999.9;22.0;5.7;0.0;999.9;0;0;0;0;0;0
San_Antonio_Oeste_Aero;877840;2013;03;18;18.9;4;10.1;4;9999.9;0;1021.4;4;29.9;4;7.5;4;8.2;999.9;22.5;12.8;0.0;999.9;0;0;0;0;0;0
San_Antonio_Oeste_Aero;877840;2013;03;19;20.3;4;11.5;4;1019.0;4;1016.7;4;29.9;4;8.3;4;12.3;999.9;24.9;8.8;0.0;999.9;0;0;0;0;0;0
San_Antonio_Oeste_Aero;877840;2013;03;20;21.8;4;10.8;4;1009.8;4;1007.5;4;29.9;4;8.4;4;10.3;999.9;27.4;13.0;0.0;999.9;0;0;0;0;0;0
San_Antonio_Oeste_Aero;877840;2013;03;21;18.2;4;3.2;4;9999.9;0;1014.3;4;29.9;4;4.9;4;7.2;999.9;28.7;14.2;0.0;999.9;0;0;0;0;0;0
San_Antonio_Oeste_Aero;877840;2013;03;22;14.8;4;5.0;4;1015.4;4;1013.0;4;29.9;4;3.6;4;4.1;999.9;23.4;0.6;0.0;999.9;0;0;0;0;0;0
San_Antonio_Oeste_Aero;877840;2013;03;23;17.1;5;11.4;5;1019.5;5;1017.1;5;29.9;5;3.5;5;4.6;999.9;25.2;11.8;0.0;999.9;0;0;0;0;0;0
San_Antonio_Oeste_Aero;877840;2013;03;24;17.3;5;12.1;5;1010.8;5;1008.4;5;29.9;5;2.9;5;5.1;999.9;19.2;13.7;999.9;999.9;0;1;0;0;0;0
San_Antonio_Oeste_Aero;877840;2013;03;25;16.1;4;3.2;4;1016.6;4;1014.2;4;29.9;4;6.1;4;8.2;999.9;19.1;11.0;0.0;999.9;0;0;0;0;0;0
San_Antonio_Oeste_Aero;877840;2013;03;26;20.3;5;3.1;5;1019.1;5;1016.7;5;29.9;5;4.2;5;7.2;999.9;29.7;8.7;0.0;999.9;0;0;0;0;0;0
San_Antonio_Oeste_Aero;877840;2013;03;27;18.3;5;11.8;5;1020.7;5;1018.2;5;29.9;5;5.4;5;8.2;999.9;29.9;13.6;0.0;999.9;0;0;0;0;0;0
San_Antonio_Oeste_Aero;877840;2013;03;28;16.8;5;9.2;5;1017.4;5;1015.0;5;29.9;5;4.1;5;6.2;999.9;23.9;7.0;0.0;999.9;0;0;0;0;0;0
San_Antonio_Oeste_Aero;877840;2013;03;29;19.2;5;14.7;5;1015.7;5;1013.3;5;24.9;5;5.3;5;8.2;999.9;26.4;12.3;5.1;999.9;0;1;0;0;1;0
San_Antonio_Oeste_Aero;877840;2013;03;30;17.9;5;15.2;5;1016.4;5;1013.9;5;29.9;5;6.9;5;10.3;999.9;26.4;15.0;0.0;999.9;0;0;0;0;0;0
San_Antonio_Oeste_Aero;877840;2013;03;31;14.7;5;11.4;5;1027.2;5;1024.8;5;29.9;5;10.0;5;14.4;999.9;18.5;12.1;0.0;999.9;0;0;0;0;0;0
San_Antonio_Oeste_Aero;877840;2013;04;01;12.3;5;8.6;5;1026.2;5;1023.7;5;20.0;5;3.6;5;5.1;999.9;18.4;6.4;0.0;999.9;0;0;0;0;0;0
San_Antonio_Oeste_Aero;877840;2013;04;02;13.8;5;13.4;5;1023.2;5;1020.7;5;10.9;5;5.9;5;12.3;999.9;15.9;8.2;17.0;999.9;0;1;0;0;0;0
San_Antonio_Oeste_Aero;877840;2013;04;03;16.4;5;16.0;5;1022.7;5;1020.3;5;4.3;5;5.2;5;8.2;999.9;16.7;13.5;8.9;999.9;0;1;0;0;0;0
San_Antonio_Oeste_Aero;877840;2013;04;04;16.3;5;14.4;5;1010.2;5;1007.8;5;11.3;5;6.1;5;12.3;999.9;21.0;11.8;0.0;999.9;1;0;0;0;0;0
San_Antonio_Oeste_Aero;877840;2013;04;05;16.8;5;6.5;5;1005.6;5;1003.2;5;29.9;5;5.5;5;12.3;999.9;24.9;12.8;0.0;999.9;0;0;0;0;0;0
San_Antonio_Oeste_Aero;877840;2013;04;06;13.6;5;0.3;5;1010.4;5;1007.9;5;29.9;5;5.6;5;6.2;999.9;22.4;2.9;0.0;999.9;0;0;0;0;0;0
San_Antonio_Oeste_Aero;877840;2013;04;07;14.2;5;4.2;5;1014.2;5;1011.8;5;29.9;5;3.2;5;4.6;999.9;21.4;5.0;0.0;999.9;0;0;0;0;0;0
San_Antonio_Oeste_Aero;877840;2013;04;08;13.9;5;6.8;5;1020.1;5;1017.6;5;29.9;5;2.5;5;3.6;999.9;22.9;4.6;0.0;999.9;0;0;0;0;0;0
San_Antonio_Oeste_Aero;877840;2013;04;09;18.1;5;8.5;5;1012.5;5;1010.0;5;29.9;5;4.2;5;7.7;999.9;26.3;8.4;0.0;999.9;0;0;0;0;0;0
San_Antonio_Oeste_Aero;877840;2013;04;10;20.0;5;7.5;5;1009.6;5;1007.2;5;29.9;5;7.4;5;11.3;999.9;29.4;11.3;0.0;999.9;0;0;0;0;0;0
San_Antonio_Oeste_Aero;877840;2013;04;11;14.8;5;2.3;5;1015.0;5;1012.6;5;29.9;5;7.7;5;12.3;999.9;25.1;11.7;0.0;999.9;0;0;0;0;0;0
San_Antonio_Oeste_Aero;877840;2013;04;12;10.9;5;1.2;5;1020.5;5;1018.1;5;29.9;5;7.4;5;10.3;999.9;15.6;7.4;0.0;999.9;0;0;0;0;0;0
San_Antonio_Oeste_Aero;877840;2013;04;13;11.6;5;0.9;5;1017.1;5;1014.7;5;29.9;5;4.4;5;6.2;999.9;20.0;4.0;0.0;999.9;0;0;0;0;0;0
San_Antonio_Oeste_Aero;877840;2013;04;14;16.2;5;6.0;5;1010.7;5;1010.6;5;29.9;5;2.9;5;4.1;999.9;22.3;8.0;0.0;999.9;0;0;0;0;0;0
San_Antonio_Oeste_Aero;877840;2013;04;15;14.0;5;10.1;5;1018.1;5;1015.7;5;29.9;5;2.3;5;4.6;999.9;23.9;7.6;0.0;999.9;0;0;0;0;0;0
San_Antonio_Oeste_Aero;877840;2013;04;16;17.2;5;7.6;5;1016.9;5;1014.5;5;29.9;5;5.3;5;7.2;999.9;23.0;8.4;0.0;999.9;0;0;0;0;0;0
San_Antonio_Oeste_Aero;877840;2013;04;17;18.6;5;9.6;5;1015.8;5;1013.4;5;29.9;5;3.5;5;5.1;999.9;26.9;12.7;0.0;999.9;0;0;0;0;0;0
San_Antonio_Oeste_Aero;877840;2013;04;18;18.6;5;9.9;5;1012.1;5;1009.7;5;29.9;5;3.2;5;5.7;999.9;29.3;9.4;0.0;999.9;0;0;0;0;0;0
San_Antonio_Oeste_Aero;877840;2013;04;19;17.4;5;7.6;5;1014.0;5;1011.6;5;29.9;5;3.8;5;4.6;999.9;31.7;9.4;0.0;999.9;0;0;0;0;0;0
San_Antonio_Oeste_Aero;877840;2013;04;20;16.7;5;10.1;5;1016.9;5;1014.4;5;26.1;5;3.0;5;9.3;999.9;25.1;8.1;0.0;999.9;0;0;0;0;0;0
San_Antonio_Oeste_Aero;877840;2013;04;21;20.3;5;8.8;5;1016.4;5;1014.0;5;29.9;5;3.1;5;6.2;999.9;30.6;10.7;0.0;999.9;0;0;0;0;0;0
San_Antonio_Oeste_Aero;877840;2013;04;22;16.2;5;10.4;5;1018.1;5;1015.7;5;29.9;5;2.4;5;5.1;999.9;26.5;10.8;0.0;999.9;0;0;0;0;0;0
San_Antonio_Oeste_Aero;877840;2013;04;23;16.7;4;15.0;4;1021.5;4;1019.2;4;29.9;4;4.0;4;4.1;999.9;21.9;13.0;0.0;999.9;0;0;0;0;0;0
San_Antonio_Oeste_Aero;877840;2013;04;24;16.3;5;15.3;5;1017.3;5;1014.9;5;17.4;5;3.1;5;4.1;999.9;18.0;12.8;0.0;999.9;0;0;0;0;0;0
San_Antonio_Oeste_Aero;877840;2013;04;25;17.1;5;15.1;5;1016.3;5;1013.9;5;29.9;5;6.8;5;7.2;999.9;19.2;14.6;0.0;999.9;0;0;0;0;0;0
San_Antonio_Oeste_Aero;877840;2013;04;26;15.2;5;12.8;4;1019.0;5;1016.6;5;20.0;5;2.4;5;4.1;999.9;20.5;7.2;0.0;999.9;0;0;0;0;0;0
San_Antonio_Oeste_Aero;877840;2013;04;27;15.7;5;14.3;5;1016.2;5;1013.8;5;17.9;5;2.5;5;3.6;999.9;22.1;12.6;0.0;999.9;0;0;0;0;0;0
San_Antonio_Oeste_Aero;877840;2013;04;28;15.2;5;13.5;5;1014.5;5;1012.1;5;9.8;5;7.0;5;8.2;999.9;19.1;13.8;0.0;999.9;0;1;0;0;0;0
San_Antonio_Oeste_Aero;877840;2013;04;29;16.3;5;13.3;5;1014.4;5;1012.0;5;19.0;5;3.4;5;7.2;999.9;20.5;14.2;0.0;999.9;0;0;0;0;0;0
San_Antonio_Oeste_Aero;877840;2013;04;30;16.4;5;7.5;5;1013.2;5;1010.7;5;29.9;5;4.7;5;5.7;999.9;24.9;9.2;0.0;999.9;0;0;0;0;0;0
San_Antonio_Oeste_Aero;877840;2013;05;01;15.3;5;12.2;5;1012.2;5;1009.7;5;29.9;5;3.5;5;6.2;999.9;24.6;12.1;16.0;999.9;0;0;0;0;1;0
San_Antonio_Oeste_Aero;877840;2013;05;02;13.1;5;10.6;5;1017.3;5;1014.9;5;29.9;5;3.5;5;4.1;999.9;18.4;9.8;0.0;999.9;0;0;0;0;0;0
San_Antonio_Oeste_Aero;877840;2013;05;03;14.6;5;11.7;5;1015.1;5;1012.7;5;25.6;5;4.9;5;9.3;999.9;17.9;10.0;0.5;999.9;0;1;0;0;0;0
San_Antonio_Oeste_Aero;877840;2013;05;04;16.0;5;9.3;5;1013.3;5;1010.8;5;29.9;5;4.4;5;5.7;999.9;20.5;11.0;0.0;999.9;0;0;0;0;0;0
San_Antonio_Oeste_Aero;877840;2013;05;05;11.5;5;4.0;4;1019.5;4;1014.2;5;29.9;5;5.1;5;9.3;999.9;20.6;4.7;0.0;999.9;0;0;0;0;0;0
San_Antonio_Oeste_Aero;877840;2013;05;06;15.8;5;-0.8;5;1015.7;5;1013.3;5;29.9;5;9.3;5;11.8;999.9;20.1;6.5;0.0;999.9;0;0;0;0;0;0
San_Antonio_Oeste_Aero;877840;2013;05;07;10.3;5;-2.3;5;1015.0;5;1012.5;5;29.9;5;6.6;5;12.3;999.9;19.0;2.6;0.0;999.9;0;0;0;0;0;0
San_Antonio_Oeste_Aero;877840;2013;05;08;18.1;5;4.7;5;1007.6;5;1005.2;5;29.9;5;10.1;5;12.3;999.9;21.1;6.8;0.0;999.9;0;0;0;0;0;0
San_Antonio_Oeste_Aero;877840;2013;05;09;16.6;5;7.0;5;1009.5;5;1007.1;5;29.9;5;6.4;5;9.3;999.9;22.5;10.4;0.0;999.9;0;0;0;0;0;0
San_Antonio_Oeste_Aero;877840;2013;05;10;14.6;5;5.8;5;1005.7;5;1003.3;5;29.9;5;5.1;5;7.7;999.9;22.9;8.0;0.0;999.9;0;0;0;0;0;0
San_Antonio_Oeste_Aero;877840;2013;05;11;14.1;4;-0.3;4;1015.5;4;1013.1;4;29.9;4;5.8;4;8.2;999.9;20.1;4.9;0.0;999.9;0;0;0;0;0;0
San_Antonio_Oeste_Aero;877840;2013;05;12;12.4;4;-1.6;4;1014.7;4;1012.3;4;29.9;4;4.9;4;6.2;999.9;18.1;3.6;0.0;999.9;0;0;0;0;0;0
San_Antonio_Oeste_Aero;877840;2013;05;13;11.3;5;-0.1;5;1013.0;5;1010.6;5;29.9;5;6.9;5;11.3;999.9;18.4;4.4;0.0;999.9;0;0;0;0;0;0
San_Antonio_Oeste_Aero;877840;2013;05;14;5.9;5;-1.2;5;1018.3;5;1015.8;5;29.9;5;8.0;5;15.4;999.9;17.4;-1.5;0.0;999.9;0;0;0;0;0;0
San_Antonio_Oeste_Aero;877840;2013;05;15;5.0;5;-4.2;5;1020.3;5;1017.8;5;28.0;5;11.3;5;17.5;999.9;10.9;-1.3;0.0;999.9;0;0;0;0;0;0
San_Antonio_Oeste_Aero;877840;2013;05;16;6.3;5;-2.4;5;1022.8;5;1020.4;5;29.9;5;4.0;5;4.6;999.9;15.0;-2.2;0.0;999.9;0;0;0;0;0;0
San_Antonio_Oeste_Aero;877840;2013;05;17;8.0;5;-3.1;5;1022.2;5;1019.7;5;29.9;5;5.3;5;8.2;999.9;17.7;-2.2;0.0;999.9;0;0;0;0;0;0
San_Antonio_Oeste_Aero;877840;2013;05;18;9.4;5;-1.6;5;1020.1;5;1017.6;5;29.9;5;4.0;5;6.2;999.9;18.9;1.4;0.0;999.9;0;0;0;0;0;0
San_Antonio_Oeste_Aero;877840;2013;05;19;6.2;5;1.2;5;1023.8;5;1021.3;5;29.9;5;2.0;5;3.6;999.9;16.9;-2.0;0.0;999.9;0;0;0;0;0;0
San_Antonio_Oeste_Aero;877840;2013;05;20;7.6;4;-1.4;4;1020.1;4;1017.6;4;29.9;4;3.9;4;6.2;999.9;18.1;-1.8;0.0;999.9;0;0;0;0;0;0
San_Antonio_Oeste_Aero;877840;2013;05;21;9.4;5;0.7;5;1015.9;5;1013.4;5;29.9;5;4.6;5;5.1;999.9;19.3;0.5;0.0;999.9;0;0;0;0;0;0
San_Antonio_Oeste_Aero;877840;2013;05;22;10.2;5;1.6;5;1017.9;5;1015.5;5;29.9;5;5.6;5;8.7;999.9;19.4;3.4;0.0;999.9;0;0;0;0;0;0
San_Antonio_Oeste_Aero;877840;2013;05;23;12.0;5;1.1;5;1013.3;5;1010.8;5;29.9;5;7.2;5;9.3;999.9;18.7;4.2;0.0;999.9;0;0;0;0;0;0
San_Antonio_Oeste_Aero;877840;2013;05;24;10.1;5;1.8;5;1022.7;5;1020.3;5;29.9;5;5.9;5;10.3;999.9;20.6;3.9;0.0;999.9;0;0;0;0;0;0
San_Antonio_Oeste_Aero;877840;2013;05;25;9.6;5;1.7;5;1014.8;5;1012.3;5;29.9;5;6.3;5;10.3;999.9;15.7;4.2;0.0;999.9;0;0;0;0;0;0
San_Antonio_Oeste_Aero;877840;2013;05;26;15.4;5;3.2;5;1008.3;5;1005.9;5;29.9;5;7.1;5;7.7;999.9;21.0;5.4;0.0;999.9;0;0;0;0;0;0
San_Antonio_Oeste_Aero;877840;2013;05;27;12.3;5;4.0;5;1006.3;5;1003.9;5;29.9;5;3.8;5;6.2;999.9;21.4;6.4;0.0;999.9;0;0;0;0;0;0
San_Antonio_Oeste_Aero;877840;2013;05;28;11.5;5;4.4;5;999.7;5;997.2;5;29.9;5;7.3;5;11.3;999.9;16.9;5.6;0.0;999.9;0;0;0;0;0;0
San_Antonio_Oeste_Aero;877840;2013;05;29;9.0;5;-0.6;5;1007.4;5;1004.9;5;29.9;5;7.6;5;10.3;999.9;17.1;0.8;0.0;999.9;0;0;0;0;0;0
San_Antonio_Oeste_Aero;877840;2013;05;30;12.6;5;-0.7;5;1004.4;5;1002.0;5;29.9;5;9.3;5;15.4;999.9;16.6;3.9;0.0;999.9;0;0;0;0;0;0
San_Antonio_Oeste_Aero;877840;2013;05;31;15.3;4;1.7;4;996.5;4;994.1;4;29.9;4;8.1;4;999.9;999.9;17.9;12.0;0.0;999.9;0;0;0;0;0;0
San_Antonio_Oeste_Aero;877840;2013;06;01;13.7;5;1.3;5;1002.8;5;1000.4;5;29.9;5;9.1;5;10.3;999.9;17.9;7.0;0.0;999.9;0;0;0;0;0;0
San_Antonio_Oeste_Aero;877840;2013;06;02;8.8;5;1.3;5;1014.6;5;1012.1;5;29.9;5;4.3;5;6.2;999.9;19.6;1.9;0.0;999.9;0;0;0;0;0;0
San_Antonio_Oeste_Aero;877840;2013;06;03;11.9;5;4.7;5;1013.5;5;1011.1;5;29.9;5;5.4;5;6.7;999.9;18.2;2.0;0.0;999.9;0;0;0;0;0;0
San_Antonio_Oeste_Aero;877840;2013;06;04;15.6;5;4.6;5;1014.0;5;1011.5;5;29.9;5;6.8;5;9.3;999.9;19.4;10.0;0.0;999.9;0;0;0;0;0;0
San_Antonio_Oeste_Aero;877840;2013;06;05;14.4;5;2.0;5;1008.5;4;1006.1;4;23.0;5;14.6;5;22.1;999.9;18.6;12.9;0.0;999.9;0;0;0;0;0;0
San_Antonio_Oeste_Aero;877840;2013;06;06;7.6;5;0.1;5;1016.5;5;1014.0;5;29.9;5;6.0;5;10.3;999.9;15.4;1.1;0.0;999.9;0;0;0;0;0;0
San_Antonio_Oeste_Aero;877840;2013;06;07;14.1;5;-6.8;5;1015.8;5;1013.3;5;29.9;5;10.4;5;14.4;999.9;17.1;3.8;0.0;999.9;0;0;0;0;0;0
San_Antonio_Oeste_Aero;877840;2013;06;08;6.2;5;-8.2;5;1023.0;5;1020.5;5;29.9;5;7.1;5;12.3;999.9;15.6;-2.6;0.0;999.9;0;0;0;0;0;0
San_Antonio_Oeste_Aero;877840;2013;06;09;6.2;5;-7.7;5;1015.0;5;1012.5;5;29.9;5;5.0;5;7.2;999.9;13.7;-1.5;0.0;999.9;0;0;0;0;0;0
San_Antonio_Oeste_Aero;877840;2013;06;10;11.3;4;0.3;4;1013.8;4;1011.3;4;29.9;4;7.1;4;9.3;999.9;19.5;-1.0;0.0;999.9;0;0;0;0;0;0
San_Antonio_Oeste_Aero;877840;2013;06;11;8.7;5;-6.2;5;1012.3;5;1009.9;5;29.9;5;5.3;5;6.7;999.9;23.8;1.2;0.0;999.9;0;0;0;0;0;0
San_Antonio_Oeste_Aero;877840;2013;06;12;11.9;5;0.8;5;1014.9;5;1012.5;5;29.9;5;3.1;5;4.6;999.9;18.9;3.5;0.0;999.9;0;0;0;0;0;0
San_Antonio_Oeste_Aero;877840;2013;06;13;8.6;5;7.5;5;1017.0;5;1014.5;5;29.9;5;2.4;5;4.1;999.9;17.3;5.2;3.0;999.9;0;0;0;0;0;0
San_Antonio_Oeste_Aero;877840;2013;06;14;3.1;5;-1.4;4;1027.8;5;1025.2;5;29.9;5;3.9;5;7.2;999.9;13.6;-3.6;0.0;999.9;0;0;0;0;0;0
San_Antonio_Oeste_Aero;877840;2013;06;15;9.2;5;-0.7;5;1009.8;5;1007.4;5;29.9;5;9.9;5;12.3;999.9;11.5;-3.6;0.0;999.9;0;0;0;0;0;0
San_Antonio_Oeste_Aero;877840;2013;06;16;8.0;5;-3.1;5;1016.3;5;1013.8;5;29.9;5;4.0;5;5.1;999.9;16.9;-1.2;0.0;999.9;0;0;0;0;0;0
San_Antonio_Oeste_Aero;877840;2013;06;17;7.1;5;-7.7;5;1012.3;5;1009.8;5;29.9;5;7.9;5;9.8;999.9;13.5;-0.4;0.0;999.9;0;0;0;0;0;0
San_Antonio_Oeste_Aero;877840;2013;06;18;7.3;5;-6.7;5;1012.1;5;1009.6;5;29.9;5;9.4;5;13.4;999.9;14.9;3.0;0.0;999.9;0;0;0;0;0;0
San_Antonio_Oeste_Aero;877840;2013;06;19;3.9;5;-5.7;5;1024.2;5;1021.7;5;29.9;5;6.9;5;11.3;999.9;11.8;-3.2;0.0;999.9;0;0;0;0;0;0
San_Antonio_Oeste_Aero;877840;2013;06;20;5.5;5;-6.6;5;1019.0;5;1016.6;5;29.9;5;4.2;5;6.2;999.9;14.3;-2.4;0.0;999.9;0;0;0;0;0;0
San_Antonio_Oeste_Aero;877840;2013;06;21;12.9;4;-2.8;4;1002.6;4;1000.2;4;29.9;4;9.8;4;13.4;999.9;15.5;8.5;0.0;999.9;0;0;0;0;0;0
San_Antonio_Oeste_Aero;877840;2013;06;22;5.9;5;-3.1;5;1015.7;5;1013.2;5;28.0;5;5.7;5;12.3;999.9;16.4;-2.1;0.0;999.9;0;1;0;0;0;0
San_Antonio_Oeste_Aero;877840;2013;06;23;4.5;5;-3.6;5;1020.5;5;1018.1;5;29.9;5;2.9;5;5.1;999.9;14.1;-1.7;0.0;999.9;0;0;0;0;0;0
San_Antonio_Oeste_Aero;877840;2013;06;24;4.1;5;-3.7;5;1020.7;5;1018.2;5;29.9;5;6.7;5;10.3;999.9;14.2;-3.4;0.0;999.9;0;0;0;0;0;0
San_Antonio_Oeste_Aero;877840;2013;06;25;7.5;5;-0.7;5;1015.0;5;1012.5;5;29.9;5;4.5;5;5.1;999.9;15.4;-1.3;0.0;999.9;0;0;0;0;0;0
San_Antonio_Oeste_Aero;877840;2013;06;26;10.0;5;-4.5;5;1009.8;5;1007.3;5;29.9;5;6.6;5;15.4;999.9;17.9;0.6;0.0;999.9;0;0;0;0;0;0
San_Antonio_Oeste_Aero;877840;2013;06;27;10.8;5;1.2;5;1006.3;5;1003.9;5;29.9;5;7.1;5;11.3;999.9;18.4;5.6;0.0;999.9;0;1;0;0;0;0
San_Antonio_Oeste_Aero;877840;2013;06;28;9.6;5;2.0;5;1004.8;5;1002.3;5;29.9;5;6.2;5;8.7;999.9;15.1;2.6;0.0;999.9;0;0;0;0;0;0
San_Antonio_Oeste_Aero;877840;2013;06;29;7.3;5;-3.6;5;1014.0;5;1011.5;5;29.9;5;6.1;5;10.3;999.9;17.2;-0.4;0.0;999.9;0;0;0;0;0;0
San_Antonio_Oeste_Aero;877840;2013;06;30;1.4;5;-6.8;5;1020.8;5;1018.3;5;29.9;5;5.4;5;7.7;999.9;13.5;-6.7;0.0;999.9;0;0;0;0;0;0
San_Antonio_Oeste_Aero;877840;2013;07;01;5.4;5;-1.1;5;1016.3;5;1013.8;5;29.9;5;7.1;5;10.3;999.9;10.5;-4.5;0.0;999.9;0;0;0;0;0;0
San_Antonio_Oeste_Aero;877840;2013;07;02;11.2;5;-1.4;5;1003.5;5;1001.1;5;29.9;5;6.3;5;11.8;999.9;17.1;4.3;0.0;999.9;0;0;0;0;0;0
San_Antonio_Oeste_Aero;877840;2013;07;03;11.9;5;1.6;5;1007.6;5;1005.2;5;29.9;5;6.6;5;7.7;999.9;17.4;6.0;0.0;999.9;0;0;0;0;0;0
San_Antonio_Oeste_Aero;877840;2013;07;04;10.9;5;-2.7;5;1018.4;5;1016.0;5;29.9;5;5.7;5;7.7;999.9;15.8;7.0;0.0;999.9;0;0;0;0;0;0
San_Antonio_Oeste_Aero;877840;2013;07;05;7.7;5;3.7;5;1022.1;5;1019.6;5;29.9;5;2.2;5;2.6;999.9;13.9;5.2;0.0;999.9;0;1;0;0;0;0
San_Antonio_Oeste_Aero;877840;2013;07;06;7.4;5;5.7;5;1023.0;5;1020.4;5;17.2;5;4.6;5;8.2;999.9;10.1;5.4;5.1;999.9;0;1;0;0;0;0
San_Antonio_Oeste_Aero;877840;2013;07;07;3.9;5;0.3;5;1028.8;5;1027.3;5;29.9;5;3.5;5;6.7;999.9;9.7;-4.2;0.3;999.9;0;0;0;0;0;0
San_Antonio_Oeste_Aero;877840;2013;07;08;1.0;5;-3.3;5;1027.6;5;1025.1;5;29.9;5;5.3;5;8.2;999.9;10.4;-4.4;0.0;999.9;0;0;0;0;0;0
San_Antonio_Oeste_Aero;877840;2013;07;09;8.2;5;1.6;5;1016.9;5;1014.4;5;29.9;5;6.8;5;9.3;999.9;13.0;-3.8;0.0;999.9;0;0;0;0;0;0
San_Antonio_Oeste_Aero;877840;2013;07;10;11.2;6;4.4;6;1012.9;6;1010.5;6;29.9;6;6.4;6;8.2;999.9;17.2;4.8;0.0;999.9;0;0;0;0;0;0
San_Antonio_Oeste_Aero;877840;2013;07;11;10.9;7;2.4;7;1016.4;7;1013.9;7;29.9;7;4.3;7;6.2;999.9;18.7;5.0;0.0;999.9;0;0;0;0;0;0
San_Antonio_Oeste_Aero;877840;2013;07;12;8.2;5;2.8;5;1016.6;5;1014.1;5;29.9;5;7.7;5;14.4;999.9;18.7;2.0;0.0;999.9;0;0;0;0;0;0
San_Antonio_Oeste_Aero;877840;2013;07;13;12.2;5;1.7;5;1009.5;5;1007.1;5;29.9;5;7.5;5;12.3;999.9;15.5;3.1;0.0;999.9;0;0;0;0;0;0
San_Antonio_Oeste_Aero;877840;2013;07;14;7.2;5;-4.5;5;1019.1;5;1016.6;5;29.9;5;3.6;5;6.7;999.9;17.6;-0.2;0.0;999.9;0;0;0;0;0;0
San_Antonio_Oeste_Aero;877840;2013;07;15;8.8;5;-1.5;5;1016.4;5;1014.4;4;29.9;5;4.7;5;5.1;999.9;17.5;0.3;0.0;999.9;0;0;0;0;0;0
San_Antonio_Oeste_Aero;877840;2013;07;16;13.2;5;2.6;5;1010.9;5;1008.5;5;29.9;5;9.1;5;12.3;999.9;18.4;3.8;0.0;999.9;0;0;0;0;0;0
San_Antonio_Oeste_Aero;877840;2013;07;17;8.2;5;6.4;5;1009.6;5;1007.2;5;29.9;5;3.2;5;5.1;999.9;19.9;5.2;0.0;999.9;0;1;0;0;0;0
San_Antonio_Oeste_Aero;877840;2013;07;18;3.0;5;-3.4;5;1026.8;5;1024.3;5;26.1;5;8.1;5;14.4;999.9;8.1;-0.2;11.9;999.9;0;1;0;0;0;0
San_Antonio_Oeste_Aero;877840;2013;07;20;4.5;4;-5.6;4;1010.8;4;1008.2;4;29.9;4;10.3;4;12.3;999.9;10.7;-4.9;0.0;999.9;0;0;0;0;0;0
San_Antonio_Oeste_Aero;877840;2013;07;21;4.0;5;1.5;5;1023.6;5;1021.2;5;28.0;5;16.2;5;23.6;999.9;7.8;1.6;2.0;999.9;0;1;0;0;0;0
San_Antonio_Oeste_Aero;877840;2013;07;22;3.4;5;-2.2;5;1028.1;5;1025.6;5;29.9;5;7.7;5;12.9;999.9;5.9;0.5;0.0;999.9;0;0;0;0;0;0
San_Antonio_Oeste_Aero;877840;2013;07;23;7.6;5;1.7;5;1024.7;5;1022.2;5;29.9;5;9.0;5;12.3;999.9;10.5;1.0;0.0;999.9;0;0;0;0;0;0
San_Antonio_Oeste_Aero;877840;2013;07;24;8.3;4;-0.4;4;1020.5;4;1015.2;4;29.9;4;8.1;4;11.3;999.9;17.1;1.6;0.0;999.9;0;0;0;0;0;0
San_Antonio_Oeste_Aero;877840;2013;07;25;8.4;5;-3.9;5;1012.0;5;1009.6;5;29.9;5;6.7;5;8.2;999.9;18.7;-3.3;0.0;999.9;0;0;0;0;0;0
San_Antonio_Oeste_Aero;877840;2013;07;26;7.4;5;-1.2;5;1015.1;5;1012.6;5;29.9;5;2.3;5;4.6;999.9;20.4;3.0;0.0;999.9;0;0;0;0;0;0
San_Antonio_Oeste_Aero;877840;2013;07;27;5.0;5;-3.8;5;1023.6;5;1021.1;5;29.9;5;4.3;5;8.2;999.9;13.1;-2.9;0.0;999.9;0;0;0;0;0;0
San_Antonio_Oeste_Aero;877840;2013;07;28;5.4;5;-2.7;5;1021.6;5;1019.2;5;29.9;5;2.7;5;5.1;999.9;14.2;-2.2;0.0;999.9;0;0;0;0;0;0
San_Antonio_Oeste_Aero;877840;2013;07;29;4.3;5;0.7;5;1022.4;5;1019.9;5;29.9;5;4.7;5;7.7;999.9;12.9;-4.0;0.0;999.9;0;0;0;0;0;0
San_Antonio_Oeste_Aero;877840;2013;07;30;3.9;5;1.8;5;1020.8;4;1018.3;4;20.9;5;2.4;5;4.1;999.9;11.7;-3.8;0.0;999.9;0;0;0;0;0;0
San_Antonio_Oeste_Aero;877840;2013;07;31;8.7;5;6.4;5;1018.6;5;1016.1;5;24.9;5;6.9;5;8.7;999.9;9.8;-0.4;3.0;999.9;0;1;0;0;0;0
San_Antonio_Oeste_Aero;877840;2013;08;01;9.7;4;3.1;4;1019.7;4;1017.2;4;29.9;4;3.5;4;4.1;999.9;14.8;4.6;0.0;999.9;0;0;0;0;0;0
San_Antonio_Oeste_Aero;877840;2013;08;02;7.8;5;3.6;5;1021.4;5;1018.9;5;29.9;5;3.2;5;6.2;999.9;15.1;2.0;0.0;999.9;0;0;0;0;0;0
San_Antonio_Oeste_Aero;877840;2013;08;03;7.6;5;3.3;5;1013.2;5;1010.7;5;29.9;5;4.4;5;6.2;999.9;16.1;3.0;0.0;999.9;0;0;0;0;0;0
San_Antonio_Oeste_Aero;877840;2013;08;04;9.6;5;0.6;5;1011.6;5;1009.1;5;29.9;5;7.2;5;9.3;999.9;14.4;3.4;0.0;999.9;0;0;0;0;0;0
San_Antonio_Oeste_Aero;877840;2013;08;05;13.6;5;-2.2;5;1003.6;5;1001.2;5;29.9;5;13.9;5;16.5;999.9;18.4;9.5;0.0;999.9;0;0;0;0;0;0
San_Antonio_Oeste_Aero;877840;2013;08;06;9.9;5;-3.3;5;1012.7;4;1009.1;5;29.9;5;5.9;5;9.3;999.9;16.1;0.9;0.0;999.9;0;0;0;0;0;0
San_Antonio_Oeste_Aero;877840;2013;08;07;12.7;5;-1.1;5;999.2;5;996.8;5;29.9;5;9.9;5;12.9;999.9;15.9;9.2;0.0;999.9;0;0;0;0;0;0
San_Antonio_Oeste_Aero;877840;2013;08;08;8.2;5;-4.4;5;1014.4;5;1012.0;5;29.9;5;7.8;5;10.3;999.9;17.9;-1.0;0.0;999.9;0;0;0;0;0;0
San_Antonio_Oeste_Aero;877840;2013;08;09;5.6;5;-4.6;5;1026.8;5;1024.4;5;29.9;5;4.3;5;8.8;999.9;14.5;-1.3;0.0;999.9;0;0;0;0;0;0
San_Antonio_Oeste_Aero;877840;2013;08;10;11.2;5;-3.2;5;1012.9;5;1010.5;5;29.9;5;9.6;5;12.4;999.9;14.7;-0.2;0.0;999.9;0;0;0;0;0;0
San_Antonio_Oeste_Aero;877840;2013;08;11;10.2;5;0.1;5;1007.3;5;1004.8;5;29.9;5;5.7;5;7.2;999.9;19.9;2.3;0.0;999.9;0;0;0;0;0;0
San_Antonio_Oeste_Aero;877840;2013;08;12;6.9;5;-0.6;5;1020.0;5;1017.6;5;26.1;5;6.4;5;11.3;999.9;17.2;2.8;0.5;999.9;0;1;0;0;0;0
San_Antonio_Oeste_Aero;877840;2013;08;13;3.3;5;-4.0;5;1028.2;5;1025.7;5;29.9;5;4.8;5;10.3;999.9;10.6;-5.6;0.0;999.9;0;0;0;0;0;0
San_Antonio_Oeste_Aero;877840;2013;08;14;6.2;5;-8.2;5;1023.4;5;1020.9;5;29.9;5;8.6;5;13.4;999.9;13.3;-3.9;0.0;999.9;0;0;0;0;0;0
San_Antonio_Oeste_Aero;877840;2013;08;15;14.3;5;-2.6;5;1007.1;5;1004.7;5;29.9;5;7.9;5;10.3;999.9;21.1;4.2;0.0;999.9;0;0;0;0;0;0
San_Antonio_Oeste_Aero;877840;2013;08;16;10.3;5;-5.8;5;1024.0;5;1021.6;5;25.3;5;5.6;5;10.3;999.9;22.4;-0.4;0.0;999.9;0;0;0;0;0;0
San_Antonio_Oeste_Aero;877840;2013;08;17;9.4;5;-6.6;5;1021.4;5;1018.9;5;29.9;5;7.7;5;12.4;999.9;18.0;1.0;0.0;999.9;0;0;0;0;0;0
San_Antonio_Oeste_Aero;877840;2013;08;18;13.0;5;-4.2;5;1010.1;5;1007.7;5;20.6;5;6.7;5;12.3;999.9;20.9;4.4;0.0;999.9;1;0;0;0;0;0
San_Antonio_Oeste_Aero;877840;2013;08;19;14.7;5;-1.4;5;1010.4;5;1008.0;5;29.9;5;8.4;5;12.4;999.9;25.2;5.6;0.0;999.9;0;0;0;0;0;0
San_Antonio_Oeste_Aero;877840;2013;08;20;11.8;5;-4.7;5;1015.8;5;1013.3;5;29.9;5;5.4;5;7.2;999.9;18.1;7.5;0.0;999.9;0;0;0;0;0;0
San_Antonio_Oeste_Aero;877840;2013;08;21;7.7;5;-3.2;5;1009.9;5;1007.4;5;28.0;5;4.5;5;9.8;999.9;16.2;-1.0;0.0;999.9;0;1;0;0;0;0
San_Antonio_Oeste_Aero;877840;2013;08;22;3.9;5;-1.9;5;1022.9;5;1020.5;5;24.9;5;11.9;5;20.6;999.9;16.6;1.8;6.1;999.9;0;1;0;0;0;0
San_Antonio_Oeste_Aero;877840;2013;08;23;2.7;4;-7.6;4;1030.2;4;1027.7;4;29.9;4;8.4;4;9.3;999.9;7.8;-0.2;0.0;999.9;0;0;0;0;0;0
San_Antonio_Oeste_Aero;877840;2013;08;24;1.9;5;-3.9;5;1036.7;5;1034.1;5;29.9;5;7.0;5;8.2;999.9;6.3;-0.8;0.0;999.9;0;0;0;0;0;0
San_Antonio_Oeste_Aero;877840;2013;08;25;1.1;5;-3.6;5;1038.2;5;1035.6;5;29.9;5;3.5;5;5.1;999.9;8.0;-8.0;0.0;999.9;0;0;0;0;0;0
San_Antonio_Oeste_Aero;877840;2013;08;26;4.9;5;-5.5;5;1032.1;5;1029.6;5;29.9;5;7.6;5;13.4;999.9;13.2;-4.5;0.0;999.9;0;0;0;0;0;0
San_Antonio_Oeste_Aero;877840;2013;08;27;12.8;5;0.3;5;1014.6;5;1012.2;5;29.9;5;10.0;5;12.4;999.9;17.5;2.7;0.0;999.9;0;0;0;0;0;0
San_Antonio_Oeste_Aero;877840;2013;08;28;15.1;5;0.8;5;1013.1;5;1010.7;5;29.9;5;7.8;5;12.4;999.9;23.0;6.5;0.0;999.9;0;0;0;0;0;0
San_Antonio_Oeste_Aero;877840;2013;08;29;18.0;5;-0.8;5;1007.9;5;1005.5;5;29.9;5;6.2;5;7.2;999.9;24.9;11.3;0.0;999.9;0;0;0;0;0;0
San_Antonio_Oeste_Aero;877840;2013;08;30;11.7;5;5.7;5;1010.4;5;1008.0;5;24.8;5;3.3;5;6.2;999.9;24.1;5.2;0.0;999.9;0;0;0;0;0;0
San_Antonio_Oeste_Aero;877840;2013;08;31;13.3;5;4.1;5;1014.3;5;1011.9;5;29.9;5;6.1;5;9.3;999.9;20.7;5.6;0.0;999.9;0;0;0;0;0;0
San_Antonio_Oeste_Aero;877840;2013;09;01;14.2;5;0.9;5;1014.4;5;1011.9;5;29.9;5;3.9;5;7.2;999.9;19.9;7.2;0.0;999.9;0;0;0;0;0;0
San_Antonio_Oeste_Aero;877840;2013;09;02;11.3;5;-1.3;5;1015.9;5;1015.4;5;29.9;5;4.3;5;5.1;999.9;19.7;7.5;0.0;999.9;0;0;0;0;0;0
San_Antonio_Oeste_Aero;877840;2013;09;03;6.1;5;2.2;5;1029.3;5;1026.8;5;29.9;5;5.0;5;10.8;999.9;13.6;0.1;0.0;999.9;0;0;0;0;0;0
San_Antonio_Oeste_Aero;877840;2013;09;04;11.2;5;-0.8;5;1020.8;5;1018.3;5;29.9;5;7.3;5;12.4;999.9;16.1;3.5;0.0;999.9;0;0;0;0;0;0
San_Antonio_Oeste_Aero;877840;2013;09;05;15.4;5;0.9;5;1011.7;5;1009.3;5;27.0;5;7.4;5;12.4;999.9;23.6;6.4;0.0;999.9;0;0;0;0;0;0
San_Antonio_Oeste_Aero;877840;2013;09;06;15.7;5;5.8;5;1014.9;5;1012.4;5;29.9;5;5.9;5;7.7;999.9;24.5;10.7;0.0;999.9;0;0;0;0;0;0
San_Antonio_Oeste_Aero;877840;2013;09;07;14.8;5;10.3;5;1009.6;5;1007.1;5;29.9;5;4.4;5;6.2;999.9;18.7;10.4;999.9;999.9;0;1;0;0;0;0
San_Antonio_Oeste_Aero;877840;2013;09;08;12.2;5;2.7;5;1011.2;5;1008.8;5;29.9;5;6.2;5;10.3;999.9;22.2;4.7;0.0;999.9;0;0;0;0;0;0
San_Antonio_Oeste_Aero;877840;2013;09;09;19.6;5;6.5;5;1003.7;5;1001.5;5;29.9;5;7.3;5;12.4;999.9;28.9;7.8;0.0;999.9;0;0;0;0;0;0
San_Antonio_Oeste_Aero;877840;2013;09;10;21.3;5;-7.8;5;1004.6;5;1002.3;5;24.6;5;10.5;5;15.4;999.9;31.9;12.8;0.0;999.9;0;0;0;0;0;0
San_Antonio_Oeste_Aero;877840;2013;09;11;11.1;4;3.3;4;1019.5;4;1017.1;4;29.9;4;5.1;4;6.2;999.9;17.9;8.8;0.0;999.9;0;0;0;0;0;0
San_Antonio_Oeste_Aero;877840;2013;09;12;7.3;5;4.8;5;1021.7;5;1019.2;5;15.9;5;7.5;5;9.8;999.9;12.6;6.0;5.1;999.9;0;1;0;0;0;0
San_Antonio_Oeste_Aero;877840;2013;09;13;6.7;5;2.2;5;1030.0;5;1027.6;5;29.9;5;6.2;5;8.2;999.9;10.3;-0.4;3.0;999.9;0;0;0;0;0;0
San_Antonio_Oeste_Aero;877840;2013;09;14;4.7;5;-2.6;5;1031.1;5;1028.6;5;29.9;5;2.3;5;5.1;999.9;10.3;-4.5;0.0;999.9;0;0;0;0;0;0
San_Antonio_Oeste_Aero;877840;2013;09;15;4.3;5;-1.6;5;1032.3;5;1029.8;5;29.9;5;2.9;5;5.1;999.9;11.2;-3.0;0.0;999.9;0;0;0;0;0;0
San_Antonio_Oeste_Aero;877840;2013;09;16;6.1;5;0.7;5;1028.6;5;1026.1;5;29.9;5;3.4;5;5.7;999.9;9.1;-1.0;0.0;999.9;0;0;0;0;0;0
San_Antonio_Oeste_Aero;877840;2013;09;17;5.7;5;-0.2;5;1021.8;5;1019.3;5;29.9;5;4.7;5;6.2;999.9;10.9;-3.9;0.0;999.9;0;0;0;0;0;0
San_Antonio_Oeste_Aero;877840;2013;09;18;10.2;5;-2.8;5;1017.4;5;1014.9;5;29.9;5;4.5;5;8.8;999.9;16.6;-0.6;0.0;999.9;0;0;0;0;0;0
San_Antonio_Oeste_Aero;877840;2013;09;19;14.1;5;-2.2;5;1011.5;5;1009.1;5;29.9;5;6.4;5;10.3;999.9;23.1;2.9;0.0;999.9;0;0;0;0;0;0
San_Antonio_Oeste_Aero;877840;2013;09;20;9.5;5;-1.7;5;1009.4;5;1006.9;5;29.9;5;7.7;5;11.8;999.9;24.4;2.4;0.0;999.9;0;0;0;0;0;0
San_Antonio_Oeste_Aero;877840;2013;09;21;8.4;5;1.8;5;1019.2;5;1016.8;5;29.9;5;7.1;5;9.3;999.9;15.9;4.5;0.0;999.9;0;0;0;0;0;0
San_Antonio_Oeste_Aero;877840;2013;09;22;9.4;5;2.7;5;1030.3;5;1027.8;5;25.6;5;10.9;5;15.4;999.9;12.5;6.6;0.0;999.9;0;1;0;0;0;0
San_Antonio_Oeste_Aero;877840;2013;09;23;8.6;5;-4.6;5;1032.9;5;1030.4;5;29.9;5;5.1;5;8.2;999.9;18.5;-2.9;0.0;999.9;0;0;0;0;0;0
San_Antonio_Oeste_Aero;877840;2013;09;24;8.3;5;-4.1;5;1029.7;5;1027.2;5;29.9;5;2.8;5;4.1;999.9;19.9;-3.5;0.0;999.9;0;0;0;0;0;0
San_Antonio_Oeste_Aero;877840;2013;09;25;13.5;5;-0.2;5;1020.5;5;1018.1;5;29.9;5;8.0;5;12.4;999.9;21.6;4.7;0.0;999.9;0;0;0;0;0;0
San_Antonio_Oeste_Aero;877840;2013;09;26;14.4;5;1.5;5;1014.9;5;1012.4;5;25.6;5;8.2;5;10.8;999.9;23.9;10.1;0.0;999.9;0;0;0;0;0;0
San_Antonio_Oeste_Aero;877840;2013;09;27;7.9;5;1.2;5;1028.1;5;1025.6;5;29.9;5;10.2;5;12.4;999.9;14.9;4.7;0.0;999.9;0;0;0;0;0;0
San_Antonio_Oeste_Aero;877840;2013;09;28;7.6;5;3.9;5;1031.1;4;1028.7;5;18.2;5;12.4;5;13.4;999.9;10.9;6.6;0.0;999.9;0;1;0;0;0;0
San_Antonio_Oeste_Aero;877840;2013;09;29;8.9;5;8.3;5;1028.2;5;1025.7;5;8.0;5;13.4;5;14.4;999.9;9.4;6.6;10.9;999.9;0;1;0;0;0;0
San_Antonio_Oeste_Aero;877840;2013;09;30;10.3;5;8.2;5;1027.7;5;1025.2;5;20.9;5;8.8;5;9.3;999.9;11.8;8.4;2.0;999.9;0;1;0;0;0;0
San_Antonio_Oeste_Aero;877840;2013;10;01;10.2;5;6.4;5;1022.8;5;1020.4;5;25.6;5;6.4;5;8.2;999.9;12.6;7.2;0.0;999.9;0;0;0;0;0;0
San_Antonio_Oeste_Aero;877840;2013;10;02;10.3;5;6.1;5;1019.6;5;1017.2;5;26.1;5;5.4;5;7.2;999.9;15.5;3.4;2.0;999.9;0;0;0;0;0;0
San_Antonio_Oeste_Aero;877840;2013;10;03;10.9;5;4.8;5;1022.3;5;1019.8;5;29.9;5;3.9;5;5.1;999.9;16.0;4.9;0.0;999.9;0;0;0;0;0;0
San_Antonio_Oeste_Aero;877840;2013;10;04;15.4;5;2.7;5;1021.2;5;1018.8;5;29.9;5;7.4;5;11.3;999.9;24.4;5.7;0.0;999.9;0;0;0;0;0;0
San_Antonio_Oeste_Aero;877840;2013;10;05;14.1;5;5.2;5;1020.5;5;1018.2;5;29.9;5;4.2;5;6.2;999.9;25.2;8.5;0.0;999.9;0;0;0;0;0;0
San_Antonio_Oeste_Aero;877840;2013;10;06;16.2;5;1.3;5;1021.6;5;1019.2;5;29.9;5;4.9;5;7.2;999.9;24.9;6.0;0.0;999.9;0;0;0;0;0;0
San_Antonio_Oeste_Aero;877840;2013;10;07;21.0;5;5.4;5;1017.3;5;1015.0;5;29.9;5;7.2;5;10.8;999.9;31.6;11.1;0.0;999.9;0;0;0;0;0;0
San_Antonio_Oeste_Aero;877840;2013;10;08;23.3;5;3.5;5;1009.3;5;1007.0;5;29.9;5;8.9;5;10.3;999.9;32.6;14.6;0.0;999.9;0;0;0;0;0;0
San_Antonio_Oeste_Aero;877840;2013;10;09;18.2;5;0.2;5;1013.4;5;1011.0;5;29.9;5;4.4;5;5.1;999.9;30.4;11.7;0.0;999.9;0;0;0;0;0;0
San_Antonio_Oeste_Aero;877840;2013;10;10;17.8;5;-0.8;5;1016.4;5;1014.0;5;29.9;5;6.3;5;7.2;999.9;23.9;11.1;0.0;999.9;0;0;0;0;0;0
San_Antonio_Oeste_Aero;877840;2013;10;11;10.4;5;4.4;5;1026.6;5;1024.1;5;29.9;5;4.4;5;8.8;999.9;21.1;0.8;0.0;999.9;0;0;0;0;0;0
San_Antonio_Oeste_Aero;877840;2013;10;12;14.4;4;5.3;4;1022.4;4;1020.0;4;29.9;4;3.2;4;5.7;999.9;20.0;4.9;0.0;999.9;0;0;0;0;0;0
San_Antonio_Oeste_Aero;877840;2013;10;13;17.4;5;13.1;5;1014.7;5;1012.3;5;29.9;5;5.1;5;8.2;999.9;24.0;11.2;29.0;999.9;0;1;0;0;0;0
San_Antonio_Oeste_Aero;877840;2013;10;14;18.9;5;7.2;5;1014.6;5;1012.2;5;29.9;5;4.4;5;6.2;999.9;26.0;10.5;0.0;999.9;0;0;0;0;0;0
San_Antonio_Oeste_Aero;877840;2013;10;15;19.5;5;6.8;5;1015.2;5;1012.7;5;29.9;5;3.9;5;6.2;999.9;26.4;9.6;0.0;999.9;0;0;0;0;0;0
San_Antonio_Oeste_Aero;877840;2013;10;16;17.8;5;10.4;5;1017.9;5;1015.5;5;29.9;5;5.9;5;8.2;999.9;31.4;14.9;0.0;999.9;0;0;0;0;0;0
San_Antonio_Oeste_Aero;877840;2013;10;17;16.1;5;8.3;5;1018.3;5;1015.9;5;29.9;5;3.7;5;9.3;999.9;25.4;6.1;0.0;999.9;0;0;0;0;0;0
San_Antonio_Oeste_Aero;877840;2013;10;18;15.9;5;10.8;5;1011.6;5;1009.2;5;29.9;5;3.4;5;7.2;999.9;26.9;12.2;0.0;999.9;0;0;0;0;0;0
San_Antonio_Oeste_Aero;877840;2013;10;19;16.9;5;9.8;5;1004.2;5;1001.7;5;29.9;5;5.6;5;10.3;999.9;22.0;10.8;0.0;999.9;0;0;0;0;0;0
San_Antonio_Oeste_Aero;877840;2013;10;20;17.3;5;5.3;5;1001.0;5;998.6;5;29.9;5;7.7;5;12.4;999.9;29.9;10.8;0.0;999.9;0;0;0;0;0;0
San_Antonio_Oeste_Aero;877840;2013;10;21;10.4;5;-0.5;5;1017.7;5;1015.2;5;29.9;5;5.7;5;7.2;999.9;20.8;1.4;0.0;999.9;0;1;0;0;0;0
San_Antonio_Oeste_Aero;877840;2013;10;22;13.3;5;-1.6;5;1008.0;5;1005.6;5;29.9;5;3.7;5;4.1;999.9;19.6;3.6;0.0;999.9;0;0;0;0;0;0
San_Antonio_Oeste_Aero;877840;2013;10;23;12.2;5;3.1;5;1016.9;5;1014.4;5;29.9;5;7.0;5;9.3;999.9;21.9;9.6;0.0;999.9;0;0;0;0;0;0
San_Antonio_Oeste_Aero;877840;2013;10;24;13.7;5;-1.6;5;1024.6;5;1022.2;5;29.9;5;3.7;5;5.1;999.9;19.9;3.2;0.0;999.9;0;0;0;0;0;0
San_Antonio_Oeste_Aero;877840;2013;10;25;18.8;5;1.7;5;1018.3;5;1015.9;5;29.9;5;8.1;5;10.3;999.9;24.3;13.0;0.0;999.9;0;0;0;0;0;0
San_Antonio_Oeste_Aero;877840;2013;10;26;18.6;5;0.5;5;1012.6;5;1010.1;5;29.9;5;3.9;5;6.2;999.9;25.6;11.4;0.0;999.9;0;0;0;0;0;0
San_Antonio_Oeste_Aero;877840;2013;10;27;16.1;5;1.6;5;1021.4;5;1019.1;5;29.9;5;5.1;5;6.2;999.9;24.3;3.2;0.0;999.9;0;0;0;0;0;0
San_Antonio_Oeste_Aero;877840;2013;10;28;21.9;5;4.1;5;1013.2;5;1010.8;5;29.9;5;4.9;5;9.3;999.9;27.9;11.9;0.0;999.9;0;0;0;0;0;0
San_Antonio_Oeste_Aero;877840;2013;10;29;13.7;5;10.4;5;1017.7;5;1015.2;5;22.0;5;6.6;5;8.2;999.9;26.4;11.9;0.0;999.9;0;0;0;0;0;0
San_Antonio_Oeste_Aero;877840;2013;10;30;14.1;5;12.6;5;1012.8;5;1010.4;5;19.2;5;5.0;5;9.3;999.9;16.4;11.8;1.0;999.9;0;1;0;0;1;0
San_Antonio_Oeste_Aero;877840;2013;10;31;15.9;5;13.6;5;1010.5;5;1008.1;5;19.0;5;6.3;5;7.7;999.9;19.9;13.8;15.0;999.9;0;1;0;0;0;0
San_Antonio_Oeste_Aero;877840;2013;11;01;16.3;5;9.8;5;1015.3;5;1012.8;5;29.9;5;4.7;5;8.2;999.9;19.7;10.0;4.1;999.9;0;0;0;0;0;0
San_Antonio_Oeste_Aero;877840;2013;11;02;18.6;5;7.4;5;1017.5;5;1015.1;5;29.9;5;4.6;5;5.1;999.9;27.5;7.4;0.0;999.9;0;0;0;0;0;0
San_Antonio_Oeste_Aero;877840;2013;11;03;18.0;5;11.9;5;1019.8;5;1017.4;5;29.9;5;5.5;5;7.7;999.9;28.6;14.0;0.0;999.9;0;0;0;0;0;0
San_Antonio_Oeste_Aero;877840;2013;11;04;15.9;5;10.7;5;1016.9;4;1014.8;5;29.9;5;4.8;5;7.2;999.9;19.6;13.5;0.0;999.9;0;0;0;0;1;0
San_Antonio_Oeste_Aero;877840;2013;11;05;17.4;5;13.6;5;1013.9;5;1011.5;5;29.9;5;3.6;4;5.1;999.9;22.9;10.9;0.0;999.9;0;0;0;0;0;0
San_Antonio_Oeste_Aero;877840;2013;11;06;25.7;5;14.2;5;1004.7;5;1002.4;5;29.9;5;9.4;5;11.8;999.9;33.4;19.3;3.0;999.9;0;0;0;0;0;0
San_Antonio_Oeste_Aero;877840;2013;11;07;20.4;5;3.3;5;1010.9;5;1008.5;5;29.9;5;11.2;5;17.0;999.9;31.1;11.6;0.0;999.9;0;0;0;0;0;0
San_Antonio_Oeste_Aero;877840;2013;11;08;18.4;5;2.9;5;1012.4;4;1010.0;4;29.9;5;4.4;5;6.2;999.9;23.2;9.3;0.0;999.9;0;0;0;0;0;0
San_Antonio_Oeste_Aero;877840;2013;11;09;14.9;5;8.3;5;1015.9;5;1013.5;5;29.9;5;7.3;5;9.3;999.9;24.3;11.0;0.0;999.9;0;0;0;0;0;0
San_Antonio_Oeste_Aero;877840;2013;11;10;18.8;5;7.9;5;1011.5;5;1009.1;5;29.9;5;6.0;5;9.3;999.9;26.5;9.4;0.0;999.9;0;0;0;0;0;0
San_Antonio_Oeste_Aero;877840;2013;11;11;21.8;5;4.7;5;1005.7;5;1003.5;5;29.9;5;8.3;5;11.8;999.9;30.1;10.0;0.0;999.9;0;0;0;0;0;0
San_Antonio_Oeste_Aero;877840;2013;11;12;17.7;5;-0.8;5;1010.0;5;1007.7;5;25.6;5;5.3;5;9.3;999.9;29.9;7.5;0.0;999.9;0;0;0;0;0;0
San_Antonio_Oeste_Aero;877840;2013;11;13;20.1;5;3.9;5;1010.1;5;1007.6;5;29.9;5;5.6;5;10.3;999.9;25.9;10.8;0.0;999.9;0;0;0;0;0;0
