San_Luis_Aero;874360;20130101;19.4;8;4.7;8;1016.9;8;936.6;8;20.0;8;9.2;8;13.9;999.9;27.8;12.8;0.0;999.9;0;0;0;0;0;0
San_Luis_Aero;874360;20130102;21.6;8;6.6;8;1013.6;8;933.5;8;20.0;8;4.9;8;8.2;999.9;29.6;12.9;0.0;999.9;0;0;0;0;0;0
San_Luis_Aero;874360;20130103;25.7;8;6.8;8;1007.9;8;929.6;8;20.0;8;5.7;8;8.7;999.9;33.1;19.8;0.0;999.9;0;0;0;0;0;0
San_Luis_Aero;874360;20130104;25.1;8;12.1;8;1006.7;7;928.7;7;17.9;8;4.3;8;9.8;16.5;34.0;15.4;9.9;999.9;0;1;0;0;1;0
San_Luis_Aero;874360;20130105;26.8;8;10.7;8;1006.7;8;928.5;8;20.0;8;6.9;8;10.3;999.9;31.6;15.6;7.1;999.9;0;0;0;0;0;0
San_Luis_Aero;874360;20130106;27.0;8;13.2;8;1003.9;8;926.2;8;20.0;8;5.9;8;11.3;999.9;32.8;20.3;0.0;999.9;0;0;0;0;0;0
San_Luis_Aero;874360;20130107;26.2;7;14.1;7;999.8;7;922.5;7;20.0;7;7.4;7;11.8;999.9;31.3;21.1;0.0;999.9;0;0;0;0;0;0
San_Luis_Aero;874360;20130108;24.4;8;15.2;8;1005.1;8;927.1;8;20.0;8;6.8;8;12.3;999.9;31.8;16.1;2.0;999.9;0;1;0;0;1;0
San_Luis_Aero;874360;20130109;25.9;8;14.4;8;1012.8;8;933.8;8;20.0;8;2.2;8;3.1;999.9;33.6;17.7;0.0;999.9;0;0;0;0;0;0
San_Luis_Aero;874360;20130110;29.6;8;17.0;8;1010.2;8;932.7;8;20.0;8;4.7;8;6.7;999.9;35.7;24.0;0.0;999.9;0;0;0;0;0;0
San_Luis_Aero;874360;20130111;31.6;7;15.2;7;1005.2;7;928.5;7;20.0;7;6.1;7;9.8;999.9;36.5;24.9;0.0;999.9;0;0;0;0;0;0
San_Luis_Aero;874360;20130112;29.3;8;14.8;8;1005.2;8;928.2;8;20.0;8;3.2;8;6.7;999.9;36.0;21.5;0.0;999.9;0;1;0;0;0;0
San_Luis_Aero;874360;20130113;29.3;8;16.2;8;1007.9;8;930.6;8;20.0;8;2.3;8;3.6;999.9;36.5;21.1;0.0;999.9;0;0;0;0;0;0
San_Luis_Aero;874360;20130114;27.3;8;17.9;8;1009.5;8;931.8;8;20.0;8;3.5;8;6.2;999.9;37.0;19.9;13.0;999.9;0;0;0;0;0;0
San_Luis_Aero;874360;20130115;28.8;8;17.3;8;1005.7;8;928.2;8;20.0;8;4.7;8;8.2;999.9;34.5;20.2;0.0;999.9;0;0;0;0;0;0
San_Luis_Aero;874360;20130116;24.8;8;15.6;8;1006.3;8;928.3;8;18.8;8;3.6;8;5.7;999.9;34.8;16.4;10.9;999.9;0;1;0;0;1;0
San_Luis_Aero;874360;20130117;25.7;7;13.9;7;1011.8;7;933.1;7;20.0;7;5.3;7;9.3;999.9;32.4;20.0;0.0;999.9;0;0;0;0;0;0
San_Luis_Aero;874360;20130118;27.3;8;9.7;8;1012.3;8;934.0;8;20.0;8;5.7;8;10.8;999.9;32.5;20.6;0.0;999.9;0;0;0;0;0;0
San_Luis_Aero;874360;20130119;26.1;8;14.6;8;1013.4;8;935.1;8;18.8;8;5.3;8;10.3;999.9;33.5;21.4;0.0;999.9;0;0;0;0;1;0
San_Luis_Aero;874360;20130120;23.5;8;15.0;8;1015.9;8;936.7;8;18.5;8;3.6;8;8.7;999.9;30.0;17.7;0.5;999.9;0;0;0;0;1;0
San_Luis_Aero;874360;20130121;24.2;7;14.8;7;1013.7;7;934.5;7;20.0;7;3.8;7;6.2;999.9;28.3;18.8;0.0;999.9;0;0;0;0;0;0
San_Luis_Aero;874360;20130122;25.6;8;13.8;8;1011.9;8;933.2;8;18.5;8;3.9;8;6.2;999.9;31.0;19.4;0.3;999.9;0;1;0;0;0;0
San_Luis_Aero;874360;20130123;24.3;8;15.5;8;1010.2;8;931.5;8;18.8;8;3.1;8;7.7;999.9;34.0;15.4;15.0;999.9;0;1;0;0;1;0
San_Luis_Aero;874360;20130124;28.0;8;12.6;8;1003.7;7;926.4;7;18.8;8;3.5;8;6.2;999.9;34.4;19.9;0.0;999.9;0;1;0;0;1;0
San_Luis_Aero;874360;20130125;22.7;8;10.3;8;1010.2;8;931.6;8;20.0;8;6.7;8;8.2;999.9;33.7;14.9;0.0;999.9;0;0;0;0;0;0
San_Luis_Aero;874360;20130126;24.3;8;12.6;8;1010.7;8;931.5;8;20.0;8;4.6;8;8.2;999.9;33.2;16.4;0.0;999.9;0;0;0;0;0;0
San_Luis_Aero;874360;20130127;27.9;8;12.0;8;1007.5;8;929.8;8;20.0;8;4.4;8;7.2;999.9;33.8;22.2;0.0;999.9;0;0;0;0;0;0
San_Luis_Aero;874360;20130128;22.3;8;15.2;8;1012.6;8;933.4;8;17.9;8;5.8;8;9.3;999.9;34.7;17.4;16.0;999.9;0;1;0;0;1;0
San_Luis_Aero;874360;20130129;24.2;8;15.2;8;1012.6;8;933.6;8;20.0;8;3.5;8;6.7;999.9;31.1;15.6;0.0;999.9;0;0;0;0;1;0
San_Luis_Aero;874360;20130130;26.8;8;17.4;8;1009.0;8;930.8;8;20.0;8;4.1;8;11.3;999.9;33.1;18.1;0.0;999.9;0;0;0;0;0;0
San_Luis_Aero;874360;20130131;24.4;8;15.1;8;1005.8;7;927.7;7;18.2;8;6.0;8;11.3;999.9;34.0;17.7;61.0;999.9;0;1;0;0;1;0
San_Luis_Aero;874360;20130201;27.4;8;18.5;8;1003.7;8;925.8;8;20.0;8;4.1;8;5.7;999.9;33.7;19.7;0.0;999.9;0;0;0;0;0;0
San_Luis_Aero;874360;20130202;25.2;8;14.1;8;1010.1;7;932.0;7;18.8;8;8.5;8;13.9;23.7;34.5;18.0;26.9;999.9;0;0;0;0;1;0
San_Luis_Aero;874360;20130203;24.6;8;12.2;8;1013.9;8;934.8;8;20.0;8;3.9;8;7.2;999.9;32.2;17.2;0.0;999.9;0;0;0;0;0;0
San_Luis_Aero;874360;20130204;26.7;8;15.8;8;1007.6;8;929.6;8;20.0;8;4.7;8;7.7;999.9;33.6;19.6;0.0;999.9;0;0;0;0;0;0
San_Luis_Aero;874360;20130205;28.4;7;16.7;7;1007.3;7;929.6;7;20.0;7;2.7;7;4.6;999.9;33.8;21.9;0.0;999.9;0;0;0;0;0;0
San_Luis_Aero;874360;20130206;28.3;7;17.3;7;1009.5;7;931.7;7;20.0;7;4.1;7;7.2;999.9;34.1;23.6;0.0;999.9;0;0;0;0;0;0
San_Luis_Aero;874360;20130207;27.4;7;14.6;7;1009.9;7;932.0;7;20.0;7;4.0;7;5.1;999.9;33.3;21.0;0.0;999.9;0;0;0;0;0;0
San_Luis_Aero;874360;20130208;27.5;8;13.2;8;1006.7;8;929.0;8;20.0;8;3.1;8;5.7;999.9;33.6;19.5;0.0;999.9;0;0;0;0;0;0
San_Luis_Aero;874360;20130209;27.2;7;14.8;7;1005.1;7;927.5;7;20.0;7;4.1;7;5.7;999.9;34.5;21.7;0.0;999.9;0;0;0;0;0;0
San_Luis_Aero;874360;20130210;23.9;8;16.9;8;1006.2;8;928.1;8;20.0;8;3.4;8;7.7;999.9;34.5;18.3;8.9;999.9;0;0;0;0;1;0
San_Luis_Aero;874360;20130211;24.9;8;14.1;8;1007.8;8;929.2;8;20.0;8;2.8;8;4.1;999.9;32.3;17.8;0.0;999.9;0;0;0;0;0;0
San_Luis_Aero;874360;20130212;27.1;8;13.9;8;1001.8;8;924.4;8;20.0;8;4.2;8;9.3;999.9;32.9;21.5;0.0;999.9;0;0;0;0;0;0
San_Luis_Aero;874360;20130213;25.6;8;15.8;8;1003.5;8;925.7;8;18.5;8;6.2;8;10.8;999.9;33.2;19.8;0.5;999.9;0;1;0;0;1;0
San_Luis_Aero;874360;20130214;26.4;8;12.5;8;1007.1;8;929.1;8;20.0;8;3.6;8;7.2;999.9;32.4;17.9;0.0;999.9;0;0;0;0;0;0
San_Luis_Aero;874360;20130215;26.9;8;15.2;8;1006.7;8;928.8;8;20.0;8;3.9;8;9.3;999.9;33.1;21.1;0.0;999.9;0;0;0;0;0;0
San_Luis_Aero;874360;20130216;24.5;9;15.6;9;1002.4;8;924.5;8;16.6;9;4.0;9;7.2;999.9;33.7;17.3;11.9;999.9;0;1;0;0;1;0
San_Luis_Aero;874360;20130217;22.7;8;8.7;8;1005.8;8;927.4;8;20.0;8;8.0;8;10.8;999.9;33.8;17.3;0.0;999.9;0;0;0;0;0;0
San_Luis_Aero;874360;20130218;18.7;8;2.7;8;1016.1;8;935.4;8;20.0;8;7.5;8;9.3;999.9;24.0;15.0;0.0;999.9;0;0;0;0;0;0
San_Luis_Aero;874360;20130219;18.9;8;8.2;8;1014.9;8;934.3;8;20.0;8;2.6;8;7.2;999.9;27.0;13.0;0.0;999.9;0;0;0;0;0;0
San_Luis_Aero;874360;20130220;19.3;8;11.6;8;1012.9;8;932.8;8;20.0;8;2.6;8;5.1;999.9;27.0;13.7;0.0;999.9;0;0;0;0;0;0
San_Luis_Aero;874360;20130221;21.4;8;12.8;8;1012.8;8;932.9;8;20.0;8;2.9;8;5.7;999.9;30.6;12.0;0.0;999.9;0;0;0;0;0;0
San_Luis_Aero;874360;20130222;23.8;8;12.4;8;1009.4;8;930.6;8;20.0;8;5.8;8;9.3;999.9;31.9;17.5;0.0;999.9;0;0;0;0;0;0
San_Luis_Aero;874360;20130223;25.8;8;17.1;8;1004.7;8;926.7;8;20.0;8;4.7;8;7.7;999.9;32.3;20.4;0.0;999.9;0;0;0;0;0;0
San_Luis_Aero;874360;20130224;21.8;8;12.6;8;1008.5;8;929.6;8;16.3;8;7.6;8;11.3;16.5;32.3;14.9;74.9;999.9;0;1;0;1;1;0
San_Luis_Aero;874360;20130225;19.3;8;7.9;8;1014.7;8;934.4;8;20.0;8;5.9;8;7.7;999.9;27.1;14.2;0.0;999.9;0;0;0;0;0;0
San_Luis_Aero;874360;20130226;20.9;7;10.2;7;1013.5;7;933.3;7;20.0;7;4.3;7;8.2;999.9;28.0;13.5;0.0;999.9;0;0;0;0;0;0
San_Luis_Aero;874360;20130227;23.7;8;11.1;8;1009.3;8;930.4;8;20.0;8;4.9;8;8.2;999.9;30.2;17.2;0.0;999.9;0;0;0;0;0;0
San_Luis_Aero;874360;20130228;25.8;8;15.0;8;1004.0;8;926.0;8;20.0;8;3.3;8;6.2;999.9;33.6;19.3;0.0;999.9;0;0;0;0;0;0
San_Luis_Aero;874360;20130301;26.6;8;15.8;8;998.8;8;921.7;8;20.0;8;5.6;8;7.7;999.9;34.0;21.0;0.0;999.9;0;0;0;0;0;0
San_Luis_Aero;874360;20130302;17.2;8;10.2;8;1012.1;8;931.9;8;18.8;8;5.2;8;8.7;999.9;31.2;12.5;6.1;999.9;0;1;0;0;0;0
San_Luis_Aero;874360;20130303;17.4;8;9.3;8;1017.3;8;936.2;8;20.0;8;4.7;8;6.7;999.9;23.2;12.4;0.0;999.9;0;0;0;0;0;0
San_Luis_Aero;874360;20130304;19.9;8;8.8;8;1016.0;8;935.4;8;20.0;8;4.2;8;7.7;999.9;26.0;13.6;0.0;999.9;0;0;0;0;0;0
San_Luis_Aero;874360;20130305;21.1;7;9.5;7;1010.9;7;931.3;7;20.0;7;4.2;7;7.2;999.9;30.2;15.6;0.0;999.9;0;0;0;0;0;0
San_Luis_Aero;874360;20130306;23.9;7;11.4;7;1004.2;7;925.8;7;20.0;7;4.5;7;6.7;999.9;29.6;16.4;0.0;999.9;0;0;0;0;0;0
San_Luis_Aero;874360;20130307;22.7;8;11.7;8;1007.0;8;928.2;8;20.0;8;5.9;8;11.3;999.9;31.3;14.4;0.0;999.9;0;0;0;0;0;0
San_Luis_Aero;874360;20130308;28.9;4;18.2;4;1006.8;4;928.8;4;20.0;4;3.2;4;5.1;999.9;32.4;20.9;0.0;999.9;0;0;0;0;0;0
San_Luis_Aero;874360;20130309;27.9;8;18.8;8;1004.0;8;926.5;8;20.0;8;3.3;8;6.7;999.9;34.2;22.0;0.0;999.9;0;0;0;0;0;0
San_Luis_Aero;874360;20130310;25.0;8;13.7;8;1006.8;8;928.9;8;20.0;8;7.7;8;11.3;999.9;35.2;19.7;0.0;999.9;0;0;0;0;0;0
San_Luis_Aero;874360;20130311;22.4;8;13.3;8;1004.9;7;926.1;7;18.8;8;4.0;8;8.7;999.9;28.1;19.0;999.9;999.9;0;1;0;0;0;0
San_Luis_Aero;874360;20130312;23.6;8;9.8;8;1007.9;8;929.1;8;20.0;8;4.7;8;6.7;999.9;28.5;18.9;2.0;999.9;0;0;0;0;0;0
San_Luis_Aero;874360;20130313;17.9;9;10.4;9;1013.1;8;932.9;8;17.4;9;5.7;9;9.8;999.9;28.0;12.4;13.0;999.9;0;1;0;0;1;0
San_Luis_Aero;874360;20130314;12.7;9;10.2;9;1018.7;8;936.5;8;13.7;9;5.4;9;8.7;999.9;19.3;11.0;5.1;999.9;0;1;0;0;0;0
San_Luis_Aero;874360;20130315;12.1;8;10.9;8;1022.2;7;939.3;7;7.7;8;2.5;8;5.7;999.9;16.5;10.1;5.1;999.9;1;1;0;0;0;0
San_Luis_Aero;874360;20130316;14.8;8;10.7;8;1021.6;8;939.1;8;20.0;8;3.1;8;5.7;999.9;20.0;10.8;0.0;999.9;0;0;0;0;0;0
San_Luis_Aero;874360;20130317;16.7;9;12.4;9;1020.5;8;939.0;8;17.9;9;2.5;9;7.2;999.9;21.0;13.9;2.0;999.9;0;1;0;0;0;0
San_Luis_Aero;874360;20130318;17.4;8;10.5;8;1018.1;8;936.9;8;20.0;8;2.4;8;4.6;999.9;21.5;11.8;0.0;999.9;0;0;0;0;0;0
San_Luis_Aero;874360;20130319;17.9;8;11.9;8;1015.5;8;934.7;8;20.0;8;1.9;8;3.1;999.9;22.4;14.2;0.0;999.9;0;0;0;0;0;0
San_Luis_Aero;874360;20130320;19.6;8;10.6;8;1010.8;8;930.6;8;20.0;8;2.2;8;4.1;999.9;26.1;13.6;0.0;999.9;0;0;0;0;0;0
San_Luis_Aero;874360;20130321;19.7;8;11.8;8;1011.8;8;931.9;8;20.0;8;4.6;8;6.7;999.9;27.0;13.5;0.0;999.9;0;0;0;0;0;0
San_Luis_Aero;874360;20130322;21.2;8;12.8;8;1012.7;8;932.8;8;20.0;8;4.9;8;9.8;999.9;26.7;14.6;0.0;999.9;0;0;0;0;0;0
San_Luis_Aero;874360;20130323;22.9;6;15.7;6;1013.1;5;933.6;5;18.5;6;3.6;6;7.2;12.3;28.0;18.5;3.0;999.9;0;1;0;0;1;0
San_Luis_Aero;874360;20130324;20.7;8;11.4;8;1010.1;8;930.4;8;20.0;8;3.9;8;10.8;999.9;29.2;15.0;7.9;999.9;0;1;0;0;0;0
San_Luis_Aero;874360;20130325;18.4;8;8.0;8;1013.3;8;933.1;8;18.8;8;4.3;8;6.7;999.9;28.4;12.7;10.9;999.9;0;1;0;0;1;0
San_Luis_Aero;874360;20130326;19.6;8;8.6;8;1018.4;8;937.6;8;20.0;8;3.0;8;6.7;999.9;27.9;11.8;0.0;999.9;0;0;0;0;0;0
San_Luis_Aero;874360;20130327;22.8;8;10.4;8;1015.8;8;936.1;8;20.0;8;3.9;8;5.7;999.9;28.7;15.1;0.0;999.9;0;0;0;0;0;0
San_Luis_Aero;874360;20130328;21.9;8;9.7;8;1015.0;8;935.3;8;20.0;8;4.2;8;8.2;999.9;29.6;15.5;0.0;999.9;0;0;0;0;0;0
San_Luis_Aero;874360;20130329;21.9;8;9.9;8;1011.9;8;932.5;8;20.0;8;4.2;8;7.2;999.9;29.4;15.9;0.0;999.9;0;0;0;0;0;0
San_Luis_Aero;874360;20130330;22.6;8;11.1;8;1009.1;8;929.9;8;20.0;8;2.8;8;4.6;999.9;30.2;15.0;0.0;999.9;0;0;0;0;0;0
San_Luis_Aero;874360;20130331;16.1;8;13.1;8;1013.3;7;933.1;7;15.0;8;6.8;8;9.3;15.9;30.7;13.0;45.0;999.9;0;1;0;0;1;0
San_Luis_Aero;874360;20130401;13.1;10;12.2;10;1017.2;8;935.2;8;7.7;10;3.1;10;4.6;999.9;17.2;11.8;22.1;999.9;1;1;0;0;1;0
San_Luis_Aero;874360;20130402;10.6;10;9.7;10;1019.7;7;936.8;7;10.6;10;2.7;9;4.1;999.9;13.3;8.6;9.9;999.9;1;1;0;0;0;0
San_Luis_Aero;874360;20130403;13.2;8;9.3;8;1020.3;8;937.5;8;20.0;8;2.4;8;3.6;999.9;18.5;8.8;0.5;999.9;0;0;0;0;0;0
San_Luis_Aero;874360;20130404;17.4;8;9.2;8;1012.2;8;931.2;8;20.0;8;3.0;8;5.7;999.9;26.2;10.9;0.0;999.9;0;0;0;0;0;0
San_Luis_Aero;874360;20130405;19.5;8;8.7;8;1007.0;8;927.1;8;20.0;8;2.8;8;4.6;999.9;28.3;11.0;0.0;999.9;0;0;0;0;0;0
San_Luis_Aero;874360;20130406;17.5;7;7.1;7;1010.7;7;930.6;7;20.0;7;7.1;7;10.8;999.9;20.3;14.5;0.0;999.9;0;0;0;0;0;0
San_Luis_Aero;874360;20130407;17.7;8;6.6;8;1015.2;8;934.2;8;20.0;8;3.8;8;6.2;999.9;23.2;11.5;0.0;999.9;0;0;0;0;0;0
San_Luis_Aero;874360;20130408;17.9;8;11.1;8;1016.3;8;935.4;8;20.0;8;2.7;8;4.1;999.9;25.4;11.5;0.0;999.9;0;0;0;0;0;0
San_Luis_Aero;874360;20130409;20.4;8;11.6;8;1010.3;8;930.6;8;20.0;8;4.3;8;8.7;999.9;27.9;14.1;0.0;999.9;0;0;0;0;0;0
San_Luis_Aero;874360;20130410;20.0;8;11.3;8;1007.5;8;927.9;8;20.0;8;2.5;8;6.2;999.9;25.5;15.6;0.0;999.9;0;0;0;0;0;0
San_Luis_Aero;874360;20130411;16.9;8;11.9;8;1007.3;8;927.2;8;18.8;8;5.2;8;8.2;999.9;26.8;12.9;5.1;999.9;0;1;0;0;1;0
San_Luis_Aero;874360;20130412;13.2;8;4.2;8;1018.1;8;936.1;8;20.0;8;4.9;8;6.2;999.9;20.6;8.9;0.0;999.9;0;0;0;0;0;0
San_Luis_Aero;874360;20130413;13.7;8;4.4;8;1019.4;8;936.8;8;20.0;8;3.4;8;6.2;999.9;20.9;6.4;0.0;999.9;0;0;0;0;0;0
San_Luis_Aero;874360;20130414;17.4;8;9.6;8;1016.1;8;934.9;8;20.0;8;3.0;8;6.2;999.9;24.1;9.4;0.0;999.9;0;0;0;0;0;0
San_Luis_Aero;874360;20130415;19.3;8;5.9;8;1016.5;8;935.8;8;20.0;8;2.6;8;4.1;999.9;27.8;10.1;0.0;999.9;0;0;0;0;0;0
San_Luis_Aero;874360;20130416;20.0;8;8.6;8;1014.7;8;934.3;8;20.0;8;3.6;8;5.7;999.9;28.8;10.7;0.0;999.9;0;0;0;0;0;0
San_Luis_Aero;874360;20130417;20.9;8;8.8;8;1013.7;7;933.7;7;20.0;8;4.1;8;8.7;999.9;29.5;10.5;0.0;999.9;0;0;0;0;0;0
San_Luis_Aero;874360;20130418;21.1;8;9.4;8;1012.3;8;932.6;8;20.0;8;3.9;8;7.2;999.9;28.8;13.0;0.0;999.9;0;0;0;0;0;0
San_Luis_Aero;874360;20130419;21.0;8;8.9;8;1012.6;8;932.9;8;20.0;8;4.1;8;8.2;999.9;28.8;11.7;0.0;999.9;0;0;0;0;0;0
San_Luis_Aero;874360;20130420;20.3;8;8.1;8;1012.5;8;932.6;8;20.0;8;4.1;8;8.2;999.9;28.4;11.5;0.0;999.9;0;0;0;0;0;0
San_Luis_Aero;874360;20130421;21.9;8;10.1;8;1012.6;8;933.1;8;20.0;8;3.2;8;5.1;999.9;28.6;15.5;0.0;999.9;0;0;0;0;0;0
San_Luis_Aero;874360;20130422;21.1;8;11.4;8;1013.8;8;934.0;8;20.0;8;3.0;8;6.2;999.9;29.0;14.2;0.0;999.9;0;0;0;0;0;0
San_Luis_Aero;874360;20130423;22.3;8;11.9;8;1014.9;8;935.2;8;20.0;8;3.7;8;6.2;999.9;28.9;16.3;0.0;999.9;0;0;0;0;0;0
San_Luis_Aero;874360;20130424;22.4;7;11.9;7;1012.4;7;933.1;7;20.0;7;4.1;7;6.2;999.9;28.8;17.5;0.0;999.9;0;0;0;0;0;0
San_Luis_Aero;874360;20130425;23.1;8;10.9;8;1009.9;8;930.9;8;20.0;8;3.3;8;5.7;999.9;29.7;16.4;0.0;999.9;0;0;0;0;0;0
San_Luis_Aero;874360;20130426;21.7;8;12.2;8;1007.9;8;928.9;8;20.0;8;2.3;8;3.1;999.9;30.3;16.4;0.0;999.9;0;0;0;0;0;0
San_Luis_Aero;874360;20130427;13.3;8;10.4;8;1013.2;8;931.9;8;16.4;8;4.6;8;7.7;999.9;27.2;9.4;35.1;999.9;0;1;0;0;1;0
San_Luis_Aero;874360;20130428;14.9;8;8.3;8;1015.0;8;933.3;8;20.0;8;2.5;8;3.6;999.9;19.6;10.0;0.0;999.9;0;0;0;0;0;0
San_Luis_Aero;874360;20130429;16.0;8;8.0;8;1014.3;8;932.9;8;20.0;8;2.0;8;3.1;999.9;23.1;10.4;0.0;999.9;0;0;0;0;0;0
San_Luis_Aero;874360;20130430;18.4;8;10.9;8;1012.0;8;931.6;8;20.0;8;3.9;8;8.7;999.9;23.6;12.3;0.0;999.9;0;0;0;0;0;0
San_Luis_Aero;874360;20130501;19.2;8;13.7;8;1008.5;8;928.5;8;20.0;8;3.2;8;8.2;999.9;24.5;14.8;0.0;999.9;0;0;0;0;0;0
San_Luis_Aero;874360;20130502;19.3;8;15.6;8;1008.9;8;929.1;8;20.0;8;4.4;8;9.3;999.9;25.5;16.0;0.0;999.9;0;0;0;0;0;0
San_Luis_Aero;874360;20130503;16.1;9;14.3;9;1011.3;8;930.6;8;11.9;9;1.9;9;3.6;999.9;23.0;13.6;0.0;999.9;1;1;0;0;0;0
San_Luis_Aero;874360;20130504;14.0;11;10.9;11;1015.3;7;933.8;7;12.1;11;1.5;11;3.6;999.9;21.5;9.1;0.0;999.9;1;0;0;0;0;0
San_Luis_Aero;874360;20130505;16.3;8;10.0;8;1020.3;8;938.5;8;20.0;8;2.9;8;4.6;999.9;23.0;9.6;0.0;999.9;0;0;0;0;0;0
San_Luis_Aero;874360;20130506;16.5;7;8.4;7;1016.8;7;935.7;7;20.0;7;3.3;7;5.7;999.9;23.7;10.9;0.0;999.9;0;0;0;0;0;0
San_Luis_Aero;874360;20130507;13.9;8;-0.9;8;1021.8;8;939.5;8;20.0;8;4.0;8;7.7;999.9;23.4;5.5;0.0;999.9;0;0;0;0;0;0
San_Luis_Aero;874360;20130508;17.1;8;5.8;8;1011.2;8;930.4;8;20.0;8;4.3;8;6.7;999.9;25.4;9.1;0.0;999.9;0;0;0;0;0;0
San_Luis_Aero;874360;20130509;17.9;8;9.6;8;1010.1;8;929.7;8;20.0;8;2.6;8;5.7;999.9;26.5;11.6;0.0;999.9;0;0;0;0;0;0
San_Luis_Aero;874360;20130510;18.9;8;8.5;8;1007.3;8;927.5;8;20.0;8;2.8;8;5.1;999.9;27.0;13.5;0.0;999.9;0;0;0;0;0;0
San_Luis_Aero;874360;20130511;19.6;8;6.8;8;1013.6;8;933.4;8;20.0;8;6.9;8;11.3;999.9;25.3;15.7;0.0;999.9;0;0;0;0;0;0
San_Luis_Aero;874360;20130512;14.8;7;5.7;7;1014.6;7;933.5;7;20.0;7;2.2;7;2.6;999.9;24.6;9.8;0.0;999.9;0;0;0;0;0;0
San_Luis_Aero;874360;20130513;15.1;8;9.0;8;1013.4;8;932.2;8;18.5;8;2.0;8;5.7;999.9;23.0;11.3;4.1;999.9;0;0;0;0;1;0
San_Luis_Aero;874360;20130514;11.3;7;8.9;7;1013.2;7;931.2;7;20.0;7;3.6;7;10.3;999.9;18.4;9.1;0.5;999.9;0;0;0;0;0;0
San_Luis_Aero;874360;20130515;8.6;8;-1.8;8;1021.5;8;937.8;8;20.0;8;6.1;8;10.8;999.9;16.6;4.0;0.0;999.9;0;0;0;0;0;0
San_Luis_Aero;874360;20130516;7.3;8;-1.9;8;1025.6;8;941.0;8;20.0;8;2.5;8;3.1;999.9;15.7;0.7;0.0;999.9;0;0;0;0;0;0
San_Luis_Aero;874360;20130517;8.5;8;0.3;8;1021.1;8;937.3;8;20.0;8;3.1;8;5.1;999.9;17.0;2.0;0.0;999.9;0;0;0;0;0;0
San_Luis_Aero;874360;20130518;9.6;8;5.0;8;1019.0;7;935.9;7;17.1;8;2.2;8;4.1;999.9;16.0;6.7;3.0;999.9;0;1;0;0;0;0
San_Luis_Aero;874360;20130519;10.6;8;6.1;8;1023.0;8;939.4;8;17.5;8;1.9;8;3.1;999.9;16.5;4.5;0.0;999.9;1;0;0;0;0;0
San_Luis_Aero;874360;20130520;13.1;8;4.9;8;1019.3;8;936.7;8;20.0;8;3.7;8;4.6;999.9;19.0;4.5;0.0;999.9;0;0;0;0;0;0
San_Luis_Aero;874360;20130521;10.4;8;4.9;8;1016.7;8;934.0;8;20.0;8;2.2;8;3.6;999.9;19.4;4.7;0.0;999.9;0;0;0;0;0;0
San_Luis_Aero;874360;20130522;10.9;8;5.6;8;1020.6;8;937.5;8;20.0;8;1.5;8;2.6;999.9;17.8;4.4;0.0;999.9;0;0;0;0;0;0
San_Luis_Aero;874360;20130523;13.4;8;5.2;8;1018.1;8;935.8;8;20.0;8;3.3;8;5.1;999.9;20.0;5.1;0.0;999.9;0;0;0;0;0;0
San_Luis_Aero;874360;20130524;13.6;8;5.5;8;1020.5;8;938.1;8;20.0;8;2.2;8;3.6;999.9;20.4;6.5;0.0;999.9;0;0;0;0;0;0
San_Luis_Aero;874360;20130525;14.7;7;3.6;7;1015.2;7;933.4;7;20.0;7;4.1;7;6.7;999.9;22.0;7.0;0.0;999.9;0;0;0;0;0;0
San_Luis_Aero;874360;20130526;15.4;8;5.2;8;1010.9;8;929.8;8;20.0;8;3.7;8;6.7;999.9;22.0;8.2;0.0;999.9;0;0;0;0;0;0
San_Luis_Aero;874360;20130527;15.5;8;5.5;8;1005.2;8;924.6;8;20.0;8;4.1;8;11.3;999.9;22.8;9.9;0.0;999.9;0;0;0;0;0;0
San_Luis_Aero;874360;20130528;14.3;8;6.4;8;1000.2;8;919.9;8;20.0;8;3.1;8;9.3;999.9;23.5;9.8;0.0;999.9;0;0;0;0;0;0
San_Luis_Aero;874360;20130529;12.4;8;1.6;8;1011.2;8;929.4;8;20.0;8;4.0;8;8.2;999.9;21.6;3.5;0.0;999.9;0;0;0;0;0;0
San_Luis_Aero;874360;20130530;14.8;8;0.7;8;1013.0;8;931.2;8;20.0;8;4.9;8;8.2;999.9;21.1;6.0;0.0;999.9;0;0;0;0;0;0
San_Luis_Aero;874360;20130531;17.2;8;4.5;8;1003.2;8;923.2;8;20.0;8;5.6;8;10.3;999.9;22.7;13.6;0.0;999.9;0;0;0;0;0;0
San_Luis_Aero;874360;20130601;15.6;8;2.4;8;1010.2;8;929.0;8;20.0;8;3.2;8;4.6;999.9;23.4;7.5;0.0;999.9;0;0;0;0;0;0
San_Luis_Aero;874360;20130602;16.8;8;-0.4;8;1016.6;8;935.5;8;20.0;8;2.9;8;6.7;999.9;23.4;10.5;0.0;999.9;0;0;0;0;0;0
San_Luis_Aero;874360;20130603;15.2;7;0.7;7;1019.0;7;937.3;7;20.0;7;3.6;7;4.6;999.9;22.0;9.4;0.0;999.9;0;0;0;0;0;0
San_Luis_Aero;874360;20130604;16.6;8;5.8;8;1015.3;8;934.0;8;20.0;8;4.4;8;8.2;999.9;23.7;9.2;0.0;999.9;0;0;0;0;0;0
San_Luis_Aero;874360;20130605;15.9;8;5.2;8;1012.5;8;931.5;8;20.0;8;4.5;8;6.2;999.9;23.8;11.5;0.0;999.9;0;0;0;0;0;0
San_Luis_Aero;874360;20130606;15.0;8;-6.9;8;1018.6;8;936.8;8;20.0;8;3.9;8;6.7;999.9;22.8;6.5;0.0;999.9;0;0;0;0;0;0
San_Luis_Aero;874360;20130607;12.7;8;-1.6;8;1015.8;8;933.8;8;20.0;8;3.2;8;5.7;999.9;23.0;6.4;0.0;999.9;0;0;0;0;0;0
San_Luis_Aero;874360;20130608;14.9;8;0.1;8;1020.2;8;938.2;8;20.0;8;4.3;8;7.7;999.9;21.0;7.1;0.0;999.9;0;0;0;0;0;0
San_Luis_Aero;874360;20130609;15.0;8;7.8;8;1016.7;8;935.0;8;20.0;8;1.6;8;2.6;999.9;20.2;10.0;0.0;999.9;0;0;0;0;0;0
San_Luis_Aero;874360;20130610;15.2;8;8.7;8;1017.3;8;935.5;8;20.0;8;2.8;8;4.6;999.9;21.8;8.2;0.0;999.9;0;0;0;0;0;0
San_Luis_Aero;874360;20130611;16.2;8;9.7;8;1016.2;8;934.8;8;20.0;8;4.6;8;8.7;999.9;23.4;10.8;0.0;999.9;0;0;0;0;0;0
San_Luis_Aero;874360;20130612;17.0;8;10.8;8;1015.6;8;934.6;8;20.0;8;3.0;8;5.7;999.9;24.8;9.4;0.0;999.9;0;0;0;0;0;0
San_Luis_Aero;874360;20130613;18.0;8;11.7;8;1014.9;8;934.1;8;20.0;8;2.5;8;3.6;999.9;25.2;10.0;0.0;999.9;0;0;0;0;0;0
San_Luis_Aero;874360;20130614;16.4;8;10.5;8;1017.2;8;936.2;8;20.0;8;4.1;8;7.2;999.9;25.8;11.2;0.0;999.9;0;0;0;0;0;0
San_Luis_Aero;874360;20130615;16.3;8;10.4;8;1012.7;8;931.6;8;20.0;8;5.9;8;9.8;999.9;21.9;11.7;0.0;999.9;0;0;0;0;0;0
San_Luis_Aero;874360;20130616;11.2;8;5.8;8;1015.9;8;933.8;8;20.0;8;4.4;8;8.7;999.9;20.9;9.7;1.0;999.9;0;0;0;0;0;0
San_Luis_Aero;874360;20130617;8.9;8;-3.0;8;1017.9;8;934.4;8;20.0;8;3.3;8;6.2;999.9;15.4;1.8;0.0;999.9;0;0;0;0;0;0
San_Luis_Aero;874360;20130618;9.0;8;1.4;8;1015.2;8;932.1;8;20.0;8;4.3;8;7.7;999.9;15.8;4.8;0.0;999.9;0;0;0;0;0;0
San_Luis_Aero;874360;20130619;7.7;8;-9.8;8;1023.8;8;939.6;8;20.0;8;4.6;8;7.2;999.9;13.8;3.9;0.0;999.9;0;0;0;0;0;0
San_Luis_Aero;874360;20130620;8.8;8;-4.6;8;1022.9;8;938.9;8;20.0;8;3.1;8;4.6;999.9;13.3;3.7;0.0;999.9;0;0;0;0;0;0
San_Luis_Aero;874360;20130621;9.3;7;-5.9;7;1015.1;7;932.0;7;20.0;7;5.0;7;7.2;999.9;17.5;4.6;0.0;999.9;0;0;0;0;0;0
San_Luis_Aero;874360;20130622;11.4;8;-2.1;8;1013.1;8;930.6;8;20.0;8;6.0;8;9.3;999.9;19.0;5.0;0.0;999.9;0;0;0;0;0;0
San_Luis_Aero;874360;20130623;10.7;8;0.1;8;1018.9;8;936.0;8;20.0;8;4.3;8;8.2;999.9;14.7;6.0;0.0;999.9;0;0;0;0;0;0
San_Luis_Aero;874360;20130624;10.9;9;3.9;9;1020.2;8;937.0;8;17.4;9;2.2;9;3.6;999.9;16.1;6.5;0.5;999.9;0;1;0;0;0;0
San_Luis_Aero;874360;20130625;10.2;8;2.2;8;1018.2;8;935.0;8;20.0;8;3.9;8;6.2;999.9;16.9;4.8;0.0;999.9;0;0;0;0;0;0
San_Luis_Aero;874360;20130626;11.8;8;1.1;8;1015.7;8;933.2;8;20.0;8;3.8;8;6.2;999.9;18.4;7.1;0.0;999.9;0;0;0;0;0;0
San_Luis_Aero;874360;20130627;13.0;8;0.1;8;1008.5;8;926.8;8;19.3;8;5.3;8;11.3;999.9;21.8;4.8;0.0;999.9;0;0;0;0;0;0
San_Luis_Aero;874360;20130628;11.9;7;3.9;7;1008.8;7;927.3;7;18.5;7;2.1;7;4.1;999.9;22.5;4.9;0.0;999.9;0;0;0;0;0;0
San_Luis_Aero;874360;20130629;14.0;8;-1.9;8;1013.8;8;932.1;8;20.0;8;4.3;8;6.2;999.9;19.9;5.7;0.0;999.9;0;0;0;0;0;0
San_Luis_Aero;874360;20130630;9.1;8;0.4;8;1018.3;8;935.2;8;20.0;8;2.3;8;3.1;999.9;20.3;1.9;0.0;999.9;0;0;0;0;0;0
San_Luis_Aero;874360;20130701;10.7;8;3.1;8;1021.3;8;937.9;8;20.0;8;3.9;8;7.2;999.9;17.8;3.9;0.0;999.9;0;0;0;0;0;0
San_Luis_Aero;874360;20130702;13.3;8;3.9;8;1009.3;8;927.6;8;20.0;8;3.8;8;7.7;999.9;22.3;6.1;0.0;999.9;0;0;0;0;0;0
San_Luis_Aero;874360;20130703;12.6;8;1.8;8;1006.0;8;924.6;8;20.0;8;3.0;8;7.7;999.9;22.9;5.9;0.0;999.9;0;0;0;0;0;0
San_Luis_Aero;874360;20130704;11.2;8;4.1;8;1013.4;8;931.3;8;20.0;8;4.2;8;7.2;999.9;22.3;4.4;0.0;999.9;0;0;0;0;0;0
San_Luis_Aero;874360;20130705;9.1;8;1.6;8;1014.4;8;931.4;8;20.0;8;2.4;8;4.6;999.9;15.0;4.1;0.0;999.9;0;0;0;0;0;0
San_Luis_Aero;874360;20130706;6.8;8;4.2;8;1020.1;7;936.0;7;14.3;8;4.0;8;6.7;999.9;13.3;3.9;0.0;999.9;0;1;0;0;0;0
San_Luis_Aero;874360;20130707;7.2;8;2.6;8;1025.0;8;940.5;8;18.8;8;5.7;8;6.7;999.9;8.8;5.6;0.0;999.9;0;0;0;0;0;0
San_Luis_Aero;874360;20130708;7.5;8;1.2;8;1025.9;8;941.3;8;20.0;8;3.2;8;5.7;999.9;11.9;3.9;0.0;999.9;0;0;0;0;0;0
San_Luis_Aero;874360;20130709;10.3;8;0.4;8;1016.1;8;933.0;8;20.0;8;3.0;8;5.7;999.9;14.0;5.0;0.0;999.9;0;0;0;0;0;0
San_Luis_Aero;874360;20130710;8.2;8;4.9;8;1014.7;8;931.4;8;20.0;8;3.1;8;5.7;999.9;15.1;3.1;0.0;999.9;0;0;0;0;0;0
San_Luis_Aero;874360;20130711;11.8;8;5.3;8;1015.8;8;933.0;8;20.0;8;3.5;8;7.7;999.9;19.6;4.0;0.0;999.9;0;0;0;0;0;0
San_Luis_Aero;874360;20130712;11.9;11;1.0;11;1020.8;11;938.3;11;20.0;11;2.7;11;4.1;999.9;20.3;5.4;0.0;999.9;0;0;0;0;0;0
San_Luis_Aero;874360;20130713;13.7;7;-0.3;7;1015.0;7;933.0;7;20.0;7;3.9;7;5.7;999.9;20.8;4.8;0.0;999.9;0;0;0;0;0;0
San_Luis_Aero;874360;20130714;12.8;8;-1.8;8;1018.9;8;936.7;8;20.0;8;6.3;8;10.3;999.9;22.6;9.5;0.0;999.9;0;0;0;0;0;0
San_Luis_Aero;874360;20130715;13.3;8;1.8;8;1020.4;8;937.8;8;20.0;8;4.1;8;5.7;999.9;20.1;8.1;0.0;999.9;0;0;0;0;0;0
San_Luis_Aero;874360;20130716;13.6;8;2.9;8;1016.1;8;934.1;8;20.0;8;2.5;8;4.1;999.9;22.1;5.9;0.0;999.9;0;0;0;0;0;0
San_Luis_Aero;874360;20130717;16.9;8;5.7;8;1010.6;8;929.7;8;20.0;8;3.7;8;7.2;999.9;24.0;7.0;0.0;999.9;0;0;0;0;0;0
San_Luis_Aero;874360;20130718;8.1;8;0.8;8;1018.4;8;935.8;8;18.2;8;6.8;8;8.7;999.9;15.0;1.1;0.0;999.9;0;0;0;0;0;0
San_Luis_Aero;874360;20130719;3.6;8;-2.2;8;1023.5;8;938.0;8;20.0;8;6.0;8;10.3;999.9;7.6;0.9;0.0;999.9;0;0;0;0;0;0
San_Luis_Aero;874360;20130720;3.9;8;-2.9;8;1015.1;8;930.5;8;20.0;8;5.0;8;6.7;999.9;9.3;0.2;0.0;999.9;0;0;0;0;0;0
San_Luis_Aero;874360;20130721;0.7;8;-6.5;8;1027.0;8;940.8;8;18.5;8;3.4;8;5.1;999.9;10.0;-3.6;0.0;999.9;0;0;0;0;0;0
San_Luis_Aero;874360;20130722;-0.4;8;-6.8;8;1031.7;7;944.5;8;20.0;8;2.2;8;4.1;999.9;4.6;-5.9;0.0;999.9;0;0;0;0;0;0
San_Luis_Aero;874360;20130723;3.2;8;-7.5;8;1028.2;8;941.8;8;20.0;8;3.9;8;5.7;999.9;10.3;-5.9;0.0;999.9;0;0;0;0;0;0
San_Luis_Aero;874360;20130724;6.4;8;-4.4;8;1027.5;8;942.3;8;20.0;8;4.3;8;6.7;999.9;14.7;-1.6;0.0;999.9;0;0;0;0;0;0
San_Luis_Aero;874360;20130725;11.3;8;-8.8;8;1018.3;8;935.1;8;20.0;8;5.1;8;7.2;999.9;20.0;2.7;0.0;999.9;0;0;0;0;0;0
San_Luis_Aero;874360;20130726;11.4;8;-6.9;8;1013.3;8;931.0;8;19.0;8;4.2;8;8.2;999.9;20.6;3.4;0.0;999.9;0;0;0;0;0;0
San_Luis_Aero;874360;20130727;10.7;8;-4.1;8;1021.0;8;937.8;8;19.0;8;2.3;8;3.6;999.9;20.0;4.0;0.0;999.9;0;0;0;0;0;0
San_Luis_Aero;874360;20130728;11.9;7;-2.6;7;1019.9;7;937.2;7;20.0;7;3.0;7;4.6;999.9;20.5;5.0;0.0;999.9;0;0;0;0;0;0
San_Luis_Aero;874360;20130729;14.4;8;2.8;8;1018.0;8;935.9;8;20.0;8;3.4;8;6.7;999.9;23.8;5.4;0.0;999.9;0;0;0;0;0;0
San_Luis_Aero;874360;20130730;18.1;7;9.3;7;1010.0;7;929.7;7;20.0;7;3.4;7;8.2;999.9;24.2;11.1;0.0;999.9;0;0;0;0;0;0
San_Luis_Aero;874360;20130731;13.4;8;6.4;8;1014.2;8;932.8;8;18.8;8;5.9;8;7.7;999.9;24.9;9.0;0.0;999.9;0;0;0;0;0;0
San_Luis_Aero;874360;20130801;11.4;6;-1.3;6;1016.4;6;934.1;6;20.0;6;5.6;6;6.2;999.9;15.3;8.8;0.0;999.9;0;0;0;0;0;0
San_Luis_Aero;874360;20130802;11.7;8;-2.4;8;1018.8;8;936.0;8;20.0;8;3.9;8;7.2;999.9;18.5;2.8;0.0;999.9;0;0;0;0;0;0
San_Luis_Aero;874360;20130803;12.3;8;-1.8;8;1013.3;8;931.1;8;20.0;8;3.4;8;9.3;999.9;19.0;4.1;0.0;999.9;0;0;0;0;0;0
San_Luis_Aero;874360;20130804;13.3;8;-4.7;8;1015.4;8;933.2;8;20.0;8;4.8;8;9.3;999.9;20.7;4.7;0.0;999.9;0;0;0;0;0;0
San_Luis_Aero;874360;20130805;17.4;8;-0.8;7;1012.2;7;931.2;7;20.0;8;5.0;8;10.3;999.9;23.5;8.1;0.0;999.9;0;0;0;0;0;0
San_Luis_Aero;874360;20130806;16.9;8;-0.7;8;1012.2;8;931.4;8;20.0;8;6.1;8;10.8;999.9;23.7;9.4;0.0;999.9;0;0;0;0;0;0
San_Luis_Aero;874360;20130807;16.7;8;3.6;8;1001.0;8;921.4;8;20.0;8;7.8;8;11.3;999.9;22.4;12.0;0.0;999.9;0;0;0;0;0;0
San_Luis_Aero;874360;20130808;9.1;8;-4.4;8;1016.7;8;933.9;8;20.0;8;8.6;8;11.8;999.9;18.6;5.1;0.0;999.9;0;0;0;0;0;0
San_Luis_Aero;874360;20130809;7.2;8;-9.9;8;1028.1;8;944.4;8;20.0;8;2.4;8;4.1;999.9;12.2;0.9;0.0;999.9;0;0;0;0;0;0
San_Luis_Aero;874360;20130810;9.2;8;-10.5;8;1023.3;8;939.2;8;20.0;8;5.4;8;9.3;999.9;15.7;1.7;0.0;999.9;0;0;0;0;0;0
San_Luis_Aero;874360;20130811;11.9;8;-7.3;8;1012.3;8;929.9;8;20.0;8;4.0;8;8.2;999.9;19.2;6.9;0.0;999.9;0;0;0;0;0;0
San_Luis_Aero;874360;20130812;9.4;8;0.3;8;1016.4;8;933.8;8;17.9;8;7.1;8;9.8;999.9;20.0;4.0;0.0;999.9;0;1;0;0;0;0
San_Luis_Aero;874360;20130813;5.1;8;-1.4;8;1029.4;8;943.9;8;18.8;8;3.0;8;4.6;999.9;10.5;-0.4;0.0;999.9;0;1;0;0;0;0
San_Luis_Aero;874360;20130814;7.5;8;-4.8;8;1030.1;8;945.0;8;20.0;8;4.7;8;8.2;999.9;14.7;0.8;0.0;999.9;0;0;0;0;0;0
San_Luis_Aero;874360;20130815;11.9;8;-6.6;8;1016.5;8;933.7;8;20.0;8;6.2;8;9.8;999.9;21.4;4.9;0.0;999.9;0;0;0;0;0;0
San_Luis_Aero;874360;20130816;12.5;7;-7.2;7;1023.3;7;940.4;7;20.0;7;6.8;7;10.8;999.9;21.6;7.5;0.0;999.9;0;0;0;0;0;0
San_Luis_Aero;874360;20130817;12.4;8;-8.9;8;1022.0;8;939.1;8;20.0;8;5.2;8;8.7;999.9;19.7;5.4;0.0;999.9;0;0;0;0;0;0
San_Luis_Aero;874360;20130818;14.5;8;-5.0;8;1014.6;8;932.9;8;20.0;8;5.4;8;9.3;999.9;21.3;7.2;0.0;999.9;0;0;0;0;0;0
San_Luis_Aero;874360;20130819;17.4;8;-0.6;8;1010.9;8;930.1;8;20.0;8;3.5;8;5.1;999.9;26.7;7.9;0.0;999.9;0;0;0;0;0;0
San_Luis_Aero;874360;20130820;19.0;8;2.2;8;1010.8;8;930.6;8;20.0;8;5.1;8;9.8;999.9;27.5;10.3;0.0;999.9;0;0;0;0;0;0
San_Luis_Aero;874360;20130821;15.4;8;1.2;8;1009.3;8;928.7;8;20.0;8;3.6;8;8.8;999.9;26.4;5.4;0.0;999.9;0;0;0;0;0;0
San_Luis_Aero;874360;20130822;8.2;8;-10.3;8;1019.7;8;936.5;8;20.0;8;6.9;8;10.3;999.9;23.4;2.9;0.0;999.9;0;0;0;0;0;0
San_Luis_Aero;874360;20130823;7.4;7;-11.2;7;1022.1;7;937.8;7;20.0;7;4.9;7;8.2;999.9;12.3;3.0;0.0;999.9;0;0;0;0;0;0
San_Luis_Aero;874360;20130824;5.9;7;-7.6;7;1026.5;7;941.8;7;20.0;7;3.2;7;4.1;999.9;11.8;0.3;0.0;999.9;0;0;0;0;0;0
San_Luis_Aero;874360;20130825;4.5;8;-7.6;8;1030.8;8;945.2;8;20.0;8;2.9;8;7.2;999.9;12.0;-4.6;0.0;999.9;0;0;0;0;0;0
San_Luis_Aero;874360;20130826;6.4;8;-5.5;8;1030.6;8;946.2;8;20.0;8;3.3;8;5.1;999.9;13.7;-1.9;0.0;999.9;0;0;0;0;0;0
San_Luis_Aero;874360;20130827;12.2;8;-6.7;8;1023.7;8;940.3;8;20.0;8;5.6;8;7.7;999.9;20.2;1.8;0.0;999.9;0;0;0;0;0;0
San_Luis_Aero;874360;20130828;17.9;7;-4.8;7;1018.7;7;937.0;7;20.0;7;5.7;7;8.7;999.9;27.9;7.7;0.0;999.9;0;0;0;0;0;0
San_Luis_Aero;874360;20130829;20.8;8;-2.7;7;1011.3;8;931.5;8;20.0;8;5.2;8;9.3;999.9;30.3;11.6;0.0;999.9;0;0;0;0;0;0
San_Luis_Aero;874360;20130830;20.6;8;-3.3;8;1007.8;8;928.4;8;20.0;8;3.7;8;4.6;999.9;30.8;13.8;0.0;999.9;0;0;0;0;0;0
San_Luis_Aero;874360;20130831;20.1;8;-0.3;8;1008.1;8;928.7;8;20.0;8;2.8;8;4.1;999.9;30.8;11.9;0.0;999.9;0;0;0;0;0;0
San_Luis_Aero;874360;20130901;20.2;8;2.0;8;1009.9;8;930.2;8;17.1;8;2.9;8;4.1;999.9;28.1;11.7;0.0;999.9;0;0;0;0;0;0
San_Luis_Aero;874360;20130902;15.7;8;3.0;8;1012.5;8;931.7;8;18.8;8;8.1;8;11.8;999.9;25.0;10.4;0.0;999.9;0;0;0;0;0;0
San_Luis_Aero;874360;20130903;13.8;8;1.2;8;1020.5;8;938.3;8;20.0;8;8.8;8;12.4;999.9;20.0;8.6;0.0;999.9;0;0;0;0;0;0
San_Luis_Aero;874360;20130904;14.2;8;1.2;8;1016.6;8;934.7;8;20.0;8;5.6;8;8.2;999.9;21.0;10.6;0.0;999.9;0;0;0;0;0;0
San_Luis_Aero;874360;20130905;19.4;8;4.0;8;1011.0;8;930.6;8;20.0;8;5.5;8;9.3;999.9;27.1;12.0;0.0;999.9;0;0;0;0;0;0
San_Luis_Aero;874360;20130906;21.0;8;6.1;8;1010.0;8;930.3;8;20.0;8;4.8;8;10.8;999.9;29.7;13.6;0.0;999.9;0;0;0;0;0;0
San_Luis_Aero;874360;20130907;20.4;8;9.8;8;1008.0;8;928.7;8;20.0;8;2.8;8;7.2;999.9;29.9;10.0;0.0;999.9;0;0;0;0;0;0
San_Luis_Aero;874360;20130908;23.8;8;8.7;8;1011.7;8;932.5;8;20.0;8;6.6;8;9.3;999.9;29.6;12.6;0.0;999.9;0;0;0;0;0;0
San_Luis_Aero;874360;20130909;26.1;7;8.8;7;1005.0;7;927.0;7;20.0;7;6.0;7;9.3;999.9;33.8;19.9;0.0;999.9;0;0;0;0;0;0
San_Luis_Aero;874360;20130910;30.4;8;9.3;8;1000.0;6;923.8;6;14.6;8;6.8;8;10.8;16.5;37.4;25.0;0.0;999.9;0;0;0;0;0;0
San_Luis_Aero;874360;20130911;18.7;8;3.8;8;1005.6;8;926.6;8;15.8;8;11.0;8;13.9;999.9;22.7;13.8;0.0;999.9;0;0;0;0;0;0
San_Luis_Aero;874360;20130912;10.1;10;3.3;10;1011.4;8;929.8;8;15.3;10;7.3;10;10.3;999.9;24.4;6.0;0.0;999.9;0;1;0;0;0;0
San_Luis_Aero;874360;20130913;8.2;9;-0.3;9;1022.6;7;938.4;7;17.7;9;6.7;9;9.3;13.4;13.3;5.1;0.3;999.9;0;0;0;0;0;0
San_Luis_Aero;874360;20130914;7.8;8;2.0;8;1020.3;8;936.5;8;20.0;8;5.2;8;10.3;999.9;14.0;6.3;0.0;999.9;0;0;0;0;0;0
San_Luis_Aero;874360;20130915;4.9;8;2.5;8;1022.0;8;937.4;8;18.8;8;5.7;8;8.2;999.9;12.4;3.7;0.8;999.9;0;1;0;0;0;0
San_Luis_Aero;874360;20130916;3.8;8;-1.7;8;1024.0;8;938.5;8;20.0;8;6.2;8;7.7;999.9;6.9;1.1;0.0;999.9;0;0;0;0;0;0
San_Luis_Aero;874360;20130917;4.8;8;-4.1;8;1025.4;8;939.9;8;20.0;8;2.5;8;3.1;999.9;13.7;-2.6;0.0;999.9;0;0;0;0;0;0
San_Luis_Aero;874360;20130918;9.5;8;-5.8;8;1021.0;8;937.0;8;20.0;8;3.3;8;4.1;999.9;17.9;1.1;0.0;999.9;0;0;0;0;0;0
San_Luis_Aero;874360;20130919;13.8;8;-1.6;8;1015.3;8;933.2;8;20.0;8;5.1;8;7.2;999.9;20.9;5.3;0.0;999.9;0;0;0;0;0;0
San_Luis_Aero;874360;20130920;15.0;8;0.5;8;1009.3;8;928.2;8;20.0;8;3.9;8;7.2;999.9;22.5;9.4;0.0;999.9;0;0;0;0;0;0
San_Luis_Aero;874360;20130921;9.1;7;-1.4;7;1013.9;7;931.8;7;20.0;7;9.2;7;14.4;999.9;23.0;4.7;0.0;999.9;0;0;0;0;0;0
San_Luis_Aero;874360;20130922;6.3;8;-4.1;8;1026.6;8;941.4;8;20.0;8;2.8;8;5.1;999.9;13.7;-1.1;0.0;999.9;0;0;0;0;0;0
San_Luis_Aero;874360;20130923;7.9;8;-2.4;8;1031.9;8;947.1;8;20.0;8;3.3;8;7.2;999.9;13.7;1.1;0.0;999.9;0;0;0;0;0;0
San_Luis_Aero;874360;20130924;10.3;8;-6.5;8;1027.4;8;943.4;8;20.0;8;2.8;8;3.6;999.9;18.1;2.0;0.0;999.9;0;0;0;0;0;0
San_Luis_Aero;874360;20130925;13.2;8;-5.1;8;1018.3;8;935.9;8;20.0;8;6.1;8;9.3;999.9;20.0;5.1;0.0;999.9;0;0;0;0;0;0
San_Luis_Aero;874360;20130926;16.2;8;-1.6;8;1011.9;8;930.7;8;20.0;8;4.1;8;7.7;999.9;23.2;8.1;0.0;999.9;0;0;0;0;0;0
San_Luis_Aero;874360;20130927;15.3;7;0.4;7;1012.7;7;931.7;7;18.5;7;3.4;7;8.2;999.9;24.9;12.8;0.0;999.9;0;0;0;0;0;0
San_Luis_Aero;874360;20130928;2.3;8;0.2;7;1026.2;7;941.1;7;7.6;8;4.4;8;7.2;999.9;7.0;-0.5;3.0;999.9;0;1;1;0;0;0
San_Luis_Aero;874360;20130929;6.2;8;-2.3;8;1026.6;8;941.2;8;20.0;8;3.2;8;5.7;999.9;13.6;-0.3;0.5;999.9;0;0;0;0;0;0
San_Luis_Aero;874360;20130930;10.0;8;3.2;8;1023.2;8;939.5;8;17.5;8;3.3;8;4.1;999.9;15.4;4.7;0.0;999.9;0;1;0;0;0;0
San_Luis_Aero;874360;20131001;13.2;8;2.0;8;1016.8;8;934.2;8;20.0;8;3.3;8;5.7;999.9;21.9;5.4;0.0;999.9;0;0;0;0;0;0
San_Luis_Aero;874360;20131002;16.6;8;2.3;8;1012.2;8;931.1;8;20.0;8;4.2;8;7.7;999.9;23.7;9.1;0.0;999.9;0;0;0;0;0;0
San_Luis_Aero;874360;20131003;12.8;8;5.6;8;1018.4;8;936.5;8;18.8;8;5.0;8;7.7;999.9;24.4;7.7;10.9;999.9;0;1;0;0;1;0
San_Luis_Aero;874360;20131004;14.5;7;0.4;7;1023.0;7;940.4;7;20.0;7;2.2;7;3.6;999.9;22.4;5.8;0.0;999.9;0;0;0;0;0;0
San_Luis_Aero;874360;20131005;18.4;7;0.5;7;1016.3;7;935.2;7;20.0;7;2.8;7;4.1;999.9;26.4;10.5;0.0;999.9;0;0;0;0;0;0
San_Luis_Aero;874360;20131006;21.1;8;3.0;8;1016.5;8;936.4;8;20.0;8;5.5;8;8.2;999.9;27.0;14.9;0.0;999.9;0;0;0;0;0;0
San_Luis_Aero;874360;20131007;20.8;8;3.4;8;1015.1;8;935.1;8;20.0;8;4.9;8;9.3;999.9;27.6;14.1;0.0;999.9;0;0;0;0;0;0
San_Luis_Aero;874360;20131008;23.3;8;5.3;8;1008.8;8;929.8;8;20.0;8;6.0;8;9.3;999.9;30.1;14.9;0.0;999.9;0;0;0;0;0;0
San_Luis_Aero;874360;20131009;21.2;8;1.4;8;1010.2;8;931.1;8;20.0;8;6.4;8;9.3;999.9;30.4;15.0;0.0;999.9;0;0;0;0;0;0
San_Luis_Aero;874360;20131010;21.6;8;-4.8;8;1013.0;8;933.0;8;20.0;8;3.5;8;8.8;999.9;29.4;12.1;0.0;999.9;0;0;0;0;0;0
San_Luis_Aero;874360;20131011;20.6;8;12.2;8;1011.0;8;931.6;8;18.8;8;4.8;8;9.3;999.9;29.6;15.6;0.0;999.9;0;0;0;0;1;0
San_Luis_Aero;874360;20131012;16.7;8;12.8;8;1014.0;7;933.2;7;18.3;8;2.8;8;9.3;999.9;27.4;11.9;2.8;999.9;0;1;0;0;1;0
San_Luis_Aero;874360;20131013;19.1;8;13.2;8;1011.8;8;931.3;8;18.5;8;3.3;8;7.7;999.9;25.2;12.0;0.0;999.9;0;0;0;0;0;0
San_Luis_Aero;874360;20131014;22.1;8;12.9;8;1013.1;8;933.4;8;19.0;8;2.9;8;6.2;999.9;29.7;13.4;0.0;999.9;0;0;0;0;1;0
San_Luis_Aero;874360;20131015;22.6;9;13.3;9;1012.8;8;933.4;8;13.4;9;4.3;9;6.7;999.9;30.6;13.7;15.0;999.9;0;1;0;0;1;0
San_Luis_Aero;874360;20131016;19.9;8;12.4;8;1013.1;7;933.7;7;18.5;8;5.7;8;9.8;999.9;31.0;15.4;0.3;999.9;0;1;0;0;1;0
San_Luis_Aero;874360;20131017;20.6;8;11.3;8;1014.7;8;934.3;8;20.0;8;4.0;8;9.8;999.9;27.7;14.0;1.0;999.9;0;0;0;0;0;0
San_Luis_Aero;874360;20131018;23.8;8;9.7;8;1009.9;8;930.8;8;20.0;8;4.8;8;8.8;999.9;31.5;16.1;0.0;999.9;0;0;0;0;0;0
San_Luis_Aero;874360;20131019;26.3;7;9.3;7;1001.4;7;923.8;7;20.0;7;6.0;7;8.2;999.9;33.9;19.3;0.0;999.9;0;0;0;0;0;0
San_Luis_Aero;874360;20131020;22.7;7;5.4;7;998.1;7;920.5;7;20.0;7;8.4;7;13.9;999.9;35.0;17.1;0.0;999.9;0;0;0;0;0;0
San_Luis_Aero;874360;20131021;18.7;7;2.1;7;1010.9;7;930.9;7;20.0;7;6.2;7;14.4;21.1;25.6;8.6;0.0;999.9;0;0;0;0;0;0
San_Luis_Aero;874360;20131022;22.6;8;1.8;8;1003.9;8;925.0;8;20.0;8;7.4;8;10.8;999.9;28.2;15.0;0.0;999.9;0;0;0;0;0;0
San_Luis_Aero;874360;20131023;19.2;8;2.2;8;1007.8;8;928.5;8;20.0;8;7.0;8;9.3;999.9;28.9;12.6;0.0;999.9;0;0;0;0;0;0
San_Luis_Aero;874360;20131024;16.9;8;-3.0;8;1020.2;8;937.8;8;20.0;8;7.1;8;9.3;999.9;24.7;11.4;0.0;999.9;0;0;0;0;0;0
San_Luis_Aero;874360;20131025;20.3;7;3.8;7;1013.8;7;933.4;7;20.0;7;5.1;7;10.3;999.9;26.7;14.6;0.0;999.9;0;0;0;0;0;0
San_Luis_Aero;874360;20131026;21.9;8;7.6;8;1012.1;8;932.5;8;20.0;8;2.8;8;4.1;999.9;28.2;14.0;0.0;999.9;0;0;0;0;0;0
San_Luis_Aero;874360;20131027;24.7;8;4.7;8;1012.5;8;933.6;8;20.0;8;7.0;8;9.3;999.9;30.4;17.7;0.0;999.9;0;0;0;0;0;0
San_Luis_Aero;874360;20131028;25.6;8;4.4;8;1005.7;8;927.6;8;20.0;8;7.7;8;9.8;999.9;31.3;20.5;0.0;999.9;0;0;0;0;0;0
San_Luis_Aero;874360;20131029;23.8;8;9.2;8;1006.5;8;928.1;8;20.0;8;2.8;8;4.6;999.9;31.5;18.6;0.0;999.9;0;0;0;0;0;0
San_Luis_Aero;874360;20131030;26.7;8;12.9;8;1002.8;8;924.9;8;19.3;8;7.3;8;11.8;999.9;33.6;18.6;0.0;999.9;0;0;0;0;0;0
San_Luis_Aero;874360;20131031;19.7;10;15.8;10;999.9;7;921.2;7;14.3;10;8.4;10;999.9;999.9;34.0;14.1;55.9;999.9;0;1;0;0;1;0
San_Luis_Aero;874360;20131101;16.8;9;11.1;9;1011.8;8;931.4;8;16.1;9;7.4;9;9.8;17.5;28.2;12.9;2.0;999.9;0;1;0;0;1;0
San_Luis_Aero;874360;20131102;19.3;8;3.8;8;1017.4;8;936.3;7;20.0;8;3.9;8;6.2;999.9;24.1;14.8;0.0;999.9;0;0;0;0;0;0
San_Luis_Aero;874360;20131103;21.3;8;5.5;8;1016.2;8;935.9;8;20.0;8;2.6;8;5.1;999.9;28.7;12.7;0.0;999.9;0;0;0;0;0;0
San_Luis_Aero;874360;20131104;24.0;8;7.2;8;1010.5;8;931.7;8;20.0;8;5.1;8;8.2;999.9;29.6;15.6;0.0;999.9;0;0;0;0;0;0
San_Luis_Aero;874360;20131105;23.6;7;8.4;7;1010.5;7;931.5;7;20.0;7;3.7;7;9.3;999.9;30.9;17.0;0.0;999.9;0;0;0;0;0;0
San_Luis_Aero;874360;20131106;26.3;8;8.1;8;1003.3;8;925.5;8;20.0;8;8.0;8;11.3;999.9;32.0;11.0;0.0;999.9;0;0;0;0;0;0
San_Luis_Aero;874360;20131107;23.1;8;7.2;8;1008.8;8;930.0;8;20.0;8;8.2;8;11.8;999.9;32.5;17.6;0.0;999.9;0;0;0;0;1;0
San_Luis_Aero;874360;20131108;21.8;11;8.2;11;1005.8;8;927.1;8;17.1;11;6.7;11;8.2;999.9;29.7;15.4;0.8;999.9;0;1;0;0;1;0
San_Luis_Aero;874360;20131109;21.1;8;14.3;8;1001.7;7;923.0;8;20.0;8;4.3;8;7.7;999.9;29.4;17.4;0.0;999.9;0;0;0;0;1;0
San_Luis_Aero;874360;20131110;12.0;12;10.9;12;1010.0;7;928.8;7;7.1;12;5.5;12;8.2;999.9;24.2;9.0;8.9;999.9;0;1;0;0;1;0
San_Luis_Aero;874360;20131111;17.4;8;8.2;8;1012.3;8;931.1;8;20.0;8;2.5;8;3.1;999.9;25.4;9.8;3.0;999.9;0;0;0;0;0;0
San_Luis_Aero;874360;20131112;22.5;8;8.1;8;1007.9;8;928.6;8;20.0;8;4.0;8;5.7;999.9;30.0;15.7;0.0;999.9;0;0;0;0;0;0
San_Luis_Aero;874360;20131113;26.1;8;7.8;8;1004.3;8;926.2;8;20.0;8;6.3;8;8.7;999.9;32.5;18.2;0.0;999.9;0;0;0;0;0;0
