San_Julian_Aero;879090;2013;01;02;13,3;6;8,5;6;1009,4;6;1001,9;6;29,9;6;5,1;6;9,3;999,9;22,0;8,2;0,0;999,9;0;0;0;0;0;0
San_Julian_Aero;879090;2013;01;03;14,9;4;8,2;4;1002,6;4;997,2;4;29,9;4;6,6;4;16,4;999,9;18,0;11,9;0,0;999,9;0;0;0;0;0;0
San_Julian_Aero;879090;2013;01;04;15,2;4;2,1;4;1008,0;4;1000,6;4;29,9;4;6,3;4;9,3;999,9;20,0;10,4;0,0;999,9;0;0;0;0;0;0
San_Julian_Aero;879090;2013;01;06;18,9;6;-0,4;6;983,9;6;976,8;6;28,3;6;11,6;6;15,4;999,9;26,0;14,6;0,0;999,9;0;0;0;0;0;0
San_Julian_Aero;879090;2013;01;07;16,4;4;-1,5;4;983,8;4;976,6;4;29,9;4;12,0;4;13,4;999,9;21,1;6,5;0,0;999,9;0;0;0;0;0;0
San_Julian_Aero;879090;2013;01;08;12,1;4;2,9;4;994,5;4;987,1;4;29,9;4;8,2;4;12,3;999,9;20,0;5,2;2,0;999,9;0;0;0;0;0;0
San_Julian_Aero;879090;2013;01;09;21,5;5;6,8;5;1002,7;5;995,4;5;29,9;5;10,0;5;11,3;999,9;29,8;7,3;0,0;999,9;0;0;0;0;0;0
San_Julian_Aero;879090;2013;01;10;26,3;6;6,3;6;1004,1;6;996,8;6;29,9;6;11,8;6;14,4;999,9;33,5;10,2;0,0;999,9;0;0;0;0;0;0
San_Julian_Aero;879090;2013;01;11;22,9;6;3,3;6;1003,6;5;996,4;5;26,9;6;9,6;6;12,3;17,5;35,0;14,6;0,0;999,9;0;0;0;0;0;0
San_Julian_Aero;879090;2013;01;12;15,9;4;1,1;4;1017,5;4;1010,1;4;29,9;4;4,6;4;8,2;999,9;25,5;9,2;0,0;999,9;0;0;0;0;0;0
San_Julian_Aero;879090;2013;01;13;16,8;5;6,9;5;1021,0;5;1013,5;5;29,9;5;4,8;5;7,2;999,9;19,4;9,2;0,0;999,9;0;0;0;0;0;0
San_Julian_Aero;879090;2013;01;14;18,4;6;8,1;6;1015,6;6;1008,1;6;29,9;6;5,8;6;10,3;999,9;24,4;8,2;0,0;999,9;0;0;0;0;0;0
San_Julian_Aero;879090;2013;01;15;22,8;5;10,3;5;1008,1;5;1000,9;5;28,0;5;4,3;5;6,2;999,9;28,0;10,7;999,9;999,9;0;1;0;0;0;0
San_Julian_Aero;879090;2013;01;16;15,6;4;8,0;4;1012,5;4;1005,2;4;29,9;4;5,7;4;9,3;999,9;30,0;10,8;0,0;999,9;0;0;0;0;0;0
San_Julian_Aero;879090;2013;01;17;18,2;5;8,2;5;1016,8;5;1009,4;5;29,9;5;4,4;5;8,2;999,9;22,1;10,1;0,0;999,9;0;0;0;0;0;0
San_Julian_Aero;879090;2013;01;18;19,2;5;9,9;5;1022,7;5;1015,3;5;29,9;5;3,5;5;6,2;999,9;23,4;10,2;0,0;999,9;0;0;0;0;0;0
San_Julian_Aero;879090;2013;01;19;19,2;6;9,4;6;1022,4;6;1015,0;6;29,9;6;4,1;6;7,2;999,9;25,0;10,2;0,0;999,9;0;0;0;0;0;0
San_Julian_Aero;879090;2013;01;21;20,1;4;11,3;4;1011,0;4;1003,7;4;29,9;4;5,8;4;8,7;999,9;28,6;12,8;0,0;999,9;0;0;0;0;0;0
San_Julian_Aero;879090;2013;01;22;16,8;5;11,8;5;1008,7;5;1001,3;5;29,9;5;7,2;5;14,4;999,9;19,2;10,4;0,0;999,9;0;0;0;0;0;0
San_Julian_Aero;879090;2013;01;23;14,4;6;7,8;6;1011,0;6;1003,5;6;28,3;6;6,8;6;9,8;999,9;20,6;10,2;7,9;999,9;0;1;0;0;0;0
San_Julian_Aero;879090;2013;01;25;13,3;4;3,2;4;1013,5;4;1005,9;4;29,9;4;9,3;4;12,3;999,9;16,4;0,4;0,0;999,9;0;0;0;0;0;0
San_Julian_Aero;879090;2013;01;26;15,4;5;7,3;5;1009,8;5;1002,4;5;29,9;5;5,1;5;6,7;999,9;18,7;7,7;0,0;999,9;0;0;0;0;0;0
San_Julian_Aero;879090;2013;01;27;21,6;6;4,9;6;1002,4;6;995,2;6;29,9;6;8,5;6;10,3;999,9;27,4;12,8;0,0;999,9;0;0;0;0;0;0
San_Julian_Aero;879090;2013;01;28;19,7;5;5,7;5;1009,5;5;1002,2;5;29,9;5;7,3;5;10,8;999,9;29,5;12,8;0,0;999,9;0;0;0;0;0;0
San_Julian_Aero;879090;2013;01;29;18,0;5;7,9;5;1007,7;5;1000,4;5;29,9;5;6,2;5;7,2;999,9;20,5;11,9;0,0;999,9;0;0;0;0;0;0
San_Julian_Aero;879090;2013;01;30;16,7;5;6,4;5;1008,7;5;1001,3;5;29,9;5;7,1;5;11,8;999,9;21,4;10,1;0,0;999,9;0;0;0;0;0;0
San_Julian_Aero;879090;2013;01;31;21,9;6;5,4;6;991,2;6;984,5;5;28,3;6;10,8;6;18,5;999,9;27,0;14,2;0,0;999,9;0;1;0;0;0;0
San_Julian_Aero;879090;2013;02;01;17,3;4;-2,0;4;998,2;4;991,0;4;27,5;4;15,3;4;19,0;999,9;28,0;6,7;0,0;999,9;0;0;0;0;0;0
San_Julian_Aero;879090;2013;02;02;14,4;6;1,2;6;1015,1;6;1007,6;6;29,9;6;5,8;6;12,3;999,9;20,0;5,7;0,0;999,9;0;0;0;0;0;0
San_Julian_Aero;879090;2013;02;04;16,4;4;2,3;4;1013,3;4;1005,9;4;29,9;4;8,1;4;11,8;999,9;21,2;8,2;0,0;999,9;0;0;0;0;0;0
San_Julian_Aero;879090;2013;02;05;23,9;5;6,3;5;1003,2;5;996,0;5;29,9;5;9,1;5;10,8;999,9;29,6;11,7;0,0;999,9;0;0;0;0;0;0
San_Julian_Aero;879090;2013;02;06;20,9;4;6,4;4;1006,1;4;998,9;4;29,9;4;8,5;4;11,8;999,9;30,5;16,8;0,0;999,9;0;0;0;0;0;0
San_Julian_Aero;879090;2013;02;07;16,1;5;5,8;5;1013,7;5;1006,3;5;29,9;5;8,6;5;12,3;999,9;18,2;9,2;0,0;999,9;0;0;0;0;0;0
San_Julian_Aero;879090;2013;02;08;24,9;5;8,6;5;1004,0;5;996,8;5;29,9;5;8,9;5;12,3;999,9;36,4;10,2;0,0;999,9;0;0;0;0;0;0
San_Julian_Aero;879090;2013;02;10;20,1;5;10,3;5;1004,8;5;997,4;5;29,9;5;5,8;5;10,3;999,9;24,6;11,2;0,0;999,9;0;0;0;0;0;0
San_Julian_Aero;879090;2013;02;12;14,4;6;1,1;6;992,2;6;985,1;5;29,9;6;9,5;6;16,4;999,9;31,0;10,2;0,8;999,9;0;0;0;0;0;0
San_Julian_Aero;879090;2013;02;13;14,6;6;3,9;6;998,0;6;990,6;6;29,9;6;8,8;6;10,3;999,9;18,5;8,3;0,0;999,9;0;0;0;0;0;0
San_Julian_Aero;879090;2013;02;14;19,4;6;4,7;6;992,3;6;985,1;6;28,3;6;9,3;6;14,9;999,9;24,8;11,2;0,0;999,9;0;0;0;0;0;0
San_Julian_Aero;879090;2013;02;15;15,4;5;3,1;5;993,0;5;985,8;5;29,9;5;7,2;5;10,8;999,9;27,5;6,7;0,0;999,9;0;1;0;0;0;0
San_Julian_Aero;879090;2013;02;18;16,1;6;2,8;6;1010,0;6;1002,5;6;29,9;6;9,6;6;13,9;999,9;23,2;4,2;1,0;999,9;0;0;0;0;0;0
San_Julian_Aero;879090;2013;02;19;13,4;6;3,4;6;1013,8;6;1006,5;6;29,9;6;9,3;6;18,0;999,9;25,0;7,2;0,0;999,9;0;0;0;0;0;0
San_Julian_Aero;879090;2013;02;20;14,6;6;4,4;6;1016,3;6;1008,8;6;29,9;6;4,9;6;8,2;999,9;18,2;5,2;0,0;999,9;0;0;0;0;0;0
San_Julian_Aero;879090;2013;02;21;15,1;5;7,6;5;1017,4;5;1009,9;5;29,9;5;5,9;5;7,7;999,9;21,0;8,2;0,0;999,9;0;0;0;0;0;0
San_Julian_Aero;879090;2013;02;22;14,1;6;11,6;6;1016,8;6;1009,4;5;26,7;6;5,2;6;8,2;999,9;18,0;10,2;0,0;999,9;0;0;0;0;0;0
San_Julian_Aero;879090;2013;02;23;13,0;6;10,4;6;1017,2;6;1009,7;6;18,3;6;7,6;6;8,7;999,9;17,5;12,0;0,0;999,9;0;0;0;0;0;0
San_Julian_Aero;879090;2013;02;24;11,6;5;6,1;5;1023,5;5;1016,0;5;22,0;5;5,3;5;8,2;999,9;14,0;9,8;999,9;999,9;0;1;0;0;0;0
San_Julian_Aero;879090;2013;02;25;11,9;6;2,7;6;1021,5;6;1013,9;6;29,9;6;3,4;6;7,2;999,9;17,0;0,7;0,0;999,9;0;0;0;0;0;0
San_Julian_Aero;879090;2013;02;26;15,4;6;5,6;6;1015,4;6;1007,9;6;29,9;6;6,0;6;10,3;999,9;19,0;9,7;0,0;999,9;0;0;0;0;0;0
San_Julian_Aero;879090;2013;02;27;14,8;6;6,9;6;1017,8;6;1010,3;6;29,9;6;4,4;6;7,2;999,9;19,0;7,7;0,0;999,9;0;0;0;0;0;0
San_Julian_Aero;879090;2013;02;28;15,3;5;7,3;5;1018,1;5;1010,6;5;29,9;5;4,3;5;7,2;999,9;20,0;7,2;0,0;999,9;0;0;0;0;0;0
San_Julian_Aero;879090;2013;03;01;12,9;6;9,0;6;1018,2;6;1010,7;6;29,9;6;2,6;6;4,6;999,9;23,6;6,2;2,0;999,9;0;1;0;0;0;0
San_Julian_Aero;879090;2013;03;02;15,6;6;8,3;6;1021,1;6;1013,6;6;29,9;6;4,4;6;6,2;999,9;19,2;10,4;0,0;999,9;0;0;0;0;0;0
San_Julian_Aero;879090;2013;03;03;16,9;6;9,1;6;1020,6;6;1013,1;6;29,9;6;4,4;6;6,2;999,9;22,0;7,9;0,0;999,9;0;0;0;0;0;0
San_Julian_Aero;879090;2013;03;04;21,5;6;6,4;6;1010,4;6;1003,0;6;29,9;6;5,7;6;7,2;999,9;29,2;12,2;0,0;999,9;0;0;0;0;0;0
San_Julian_Aero;879090;2013;03;05;20,8;4;8,4;4;9999,9;0;990,1;4;29,9;4;4,0;4;6,2;999,9;30,1;16,0;0,0;999,9;0;0;0;0;0;0
San_Julian_Aero;879090;2013;03;06;13,5;5;3,2;5;999,7;5;992,3;5;29,9;5;10,4;5;13,4;999,9;25,5;9,2;0,0;999,9;0;0;0;0;0;0
San_Julian_Aero;879090;2013;03;07;10,6;6;1,6;6;1005,5;6;997,9;6;29,9;6;4,9;6;6,7;999,9;15,6;3,7;0,0;999,9;0;0;0;0;0;0
San_Julian_Aero;879090;2013;03;08;12,3;6;6,8;6;1001,6;6;994,2;6;28,3;6;6,2;6;8,2;999,9;15,5;7,7;0,0;999,9;0;0;0;0;0;0
San_Julian_Aero;879090;2013;03;09;10,2;6;8,1;6;995,2;6;987,9;6;24,3;6;8,1;6;15,4;999,9;15,5;3,2;10,9;999,9;0;1;0;0;1;0
San_Julian_Aero;879090;2013;03;10;9,1;6;3,9;6;1004,5;6;996,9;6;24,1;6;7,2;6;15,4;999,9;16,8;1,2;1,0;999,9;0;1;0;0;0;0
San_Julian_Aero;879090;2013;03;11;9,9;5;4,6;5;1005,7;4;998,0;5;24,0;5;8,8;5;11,3;999,9;17,8;4,7;6,1;999,9;0;1;0;0;0;0
San_Julian_Aero;879090;2013;03;12;7,3;6;5,1;6;1019,4;6;1011,7;6;24,1;6;4,9;6;6,2;999,9;14,0;5,2;2,0;999,9;0;1;0;0;0;0
San_Julian_Aero;879090;2013;03;13;7,5;6;3,3;6;1030,1;6;1022,3;6;29,9;6;4,3;6;6,2;999,9;10,8;2,2;0,8;999,9;0;0;0;0;0;0
San_Julian_Aero;879090;2013;03;14;7,6;6;3,2;6;1029,8;6;1022,1;6;29,1;6;2,4;6;4,6;999,9;12,0;1,6;4,1;999,9;0;0;0;0;0;0
San_Julian_Aero;879090;2013;03;15;11,2;6;3,4;6;1022,9;6;1015,3;6;29,9;6;3,6;6;6,2;999,9;18,0;2,7;0,0;999,9;0;0;0;0;0;0
San_Julian_Aero;879090;2013;03;16;13,7;6;5,1;6;1019,7;6;1012,2;6;29,9;6;4,6;6;7,2;999,9;19,0;5,8;0,0;999,9;0;0;0;0;0;0
San_Julian_Aero;879090;2013;03;17;15,9;6;7,5;6;1018,8;6;1011,3;6;29,9;6;4,4;6;7,2;999,9;20,6;10,5;0,0;999,9;0;0;0;0;0;0
San_Julian_Aero;879090;2013;03;18;14,7;6;9,6;6;1015,6;6;1008,1;6;29,1;6;2,8;6;6,2;999,9;22,0;6,7;0,0;999,9;0;0;0;0;0;0
San_Julian_Aero;879090;2013;03;19;20,6;6;1,3;6;1004,2;6;996,9;6;29,9;6;5,6;6;9,3;999,9;27,0;9,7;0,0;999,9;0;0;0;0;0;0
San_Julian_Aero;879090;2013;03;20;13,2;6;5,5;6;998,0;6;990,7;6;23,3;6;2,9;6;5,1;999,9;28,0;0,3;4,1;999,9;0;1;0;0;0;0
San_Julian_Aero;879090;2013;03;21;12,3;6;3,8;6;1002,6;6;995,1;6;27,5;6;7,8;6;11,8;999,9;18,0;4,2;1,0;999,9;0;0;0;0;0;0
San_Julian_Aero;879090;2013;03;22;11,7;6;5,2;6;1011,8;6;1004,3;6;29,9;6;4,7;6;9,3;999,9;20,0;5,2;0,0;999,9;0;0;0;0;0;0
San_Julian_Aero;879090;2013;03;23;16,2;6;6,8;6;1010,4;6;1003,0;6;29,9;6;5,2;6;6,7;999,9;23,6;7,9;0,0;999,9;0;0;0;0;0;0
San_Julian_Aero;879090;2013;03;24;16,7;6;7,1;6;996,0;6;988,7;6;29,9;6;5,4;6;9,3;999,9;24,0;12,0;0,0;999,9;0;0;0;0;0;0
San_Julian_Aero;879090;2013;03;25;13,9;6;4,1;6;1006,1;6;998,6;6;29,9;6;6,1;6;8,7;999,9;22,2;3,7;0,5;999,9;0;0;0;0;0;0
San_Julian_Aero;879090;2013;03;26;16,6;6;1,1;6;1007,7;6;1000,4;6;29,9;6;10,2;6;12,3;999,9;22,6;7,8;0,0;999,9;0;0;0;0;0;0
San_Julian_Aero;879090;2013;03;27;12,8;6;0,3;6;1015,0;5;1007,5;5;29,9;6;4,4;6;6,2;999,9;19,5;5,2;0,0;999,9;0;0;0;0;0;0
San_Julian_Aero;879090;2013;03;29;10,1;4;5,1;4;1014,7;4;1007,1;4;29,9;4;4,4;4;5,7;999,9;19,6;5,2;0,0;999,9;0;0;0;0;0;0
San_Julian_Aero;879090;2013;03;30;14,1;5;2,8;5;1020,6;5;1013,0;5;29,9;5;7,4;5;11,3;999,9;19,2;5,4;0,0;999,9;0;0;0;0;0;0
San_Julian_Aero;879090;2013;03;31;14,1;6;3,9;6;1024,5;6;1017,0;6;29,9;6;2,9;6;5,1;999,9;23,6;4,2;0,0;999,9;0;0;0;0;0;0
San_Julian_Aero;879090;2013;04;01;18,8;6;0,5;6;1014,9;6;1007,4;6;29,9;6;5,9;6;9,3;999,9;27,8;6,2;0,0;999,9;0;0;0;0;0;0
San_Julian_Aero;879090;2013;04;02;13,8;5;2,7;5;1022,7;5;1015,2;5;29,9;5;6,2;5;12,3;999,9;28,4;3,9;0,0;999,9;0;0;0;0;0;0
San_Julian_Aero;879090;2013;04;03;15,8;4;3,4;4;1013,3;4;1005,9;4;29,9;4;7,4;4;9,3;999,9;22,5;5,7;0,0;999,9;0;0;0;0;0;0
San_Julian_Aero;879090;2013;04;04;16,4;5;5,0;5;995,8;5;988,6;5;24,9;5;7,7;5;13,4;999,9;23,7;13,5;0,0;999,9;0;0;0;0;0;0
San_Julian_Aero;879090;2013;04;05;11,8;6;-2,1;6;993,0;6;985,6;6;29,9;6;8,5;6;10,3;999,9;18,0;6,7;0,0;999,9;0;0;0;0;0;0
San_Julian_Aero;879090;2013;04;06;11,2;4;0,7;4;994,4;4;987,0;4;29,9;4;8,7;4;12,3;999,9;16,0;5,8;0,0;999,9;0;0;0;0;0;0
San_Julian_Aero;879090;2013;04;07;11,4;5;-1,8;5;1007,2;5;999,6;5;29,9;5;6,6;5;8,7;999,9;16,5;1,7;0,0;999,9;0;0;0;0;0;0
San_Julian_Aero;879090;2013;04;08;12,4;6;0,3;6;1009,4;6;1001,8;6;29,9;6;5,5;6;7,7;999,9;19,2;3,7;0,0;999,9;0;0;0;0;0;0
San_Julian_Aero;879090;2013;04;10;15,2;4;2,2;4;993,4;4;986,1;4;29,9;4;8,2;4;9,8;999,9;23,4;11,7;0,0;999,9;0;0;0;0;0;0
San_Julian_Aero;879090;2013;04;11;7,9;5;-0,2;5;1013,4;5;1005,8;5;27,0;5;9,2;5;10,3;999,9;11,0;4,0;0,8;999,9;0;1;0;0;0;0
San_Julian_Aero;879090;2013;04;12;7,7;6;-0,7;6;1016,6;6;1008,9;6;29,9;6;7,1;6;8,7;999,9;12,6;-0,8;0,0;999,9;0;0;0;0;0;0
San_Julian_Aero;879090;2013;04;14;12,6;6;7,2;6;1008,9;6;1001,5;6;29,9;6;3,9;6;6,2;999,9;17,0;4,4;0,0;999,9;0;0;0;0;0;0
San_Julian_Aero;879090;2013;04;15;12,7;6;6,4;6;1012,9;6;1005,4;6;29,4;6;7,4;6;12,3;999,9;18,8;1,2;0,0;999,9;0;0;0;0;0;0
San_Julian_Aero;879090;2013;04;16;17,3;4;7,9;4;1004,5;4;997,1;4;29,9;4;7,5;4;10,3;999,9;21,6;10,5;0,0;999,9;0;0;0;0;0;0
San_Julian_Aero;879090;2013;04;18;20,3;4;10,7;4;997,0;4;989,8;4;29,9;4;10,5;4;15,4;999,9;24,2;16,2;0,0;999,9;0;0;0;0;0;0
San_Julian_Aero;879090;2013;04;19;14,7;5;6,2;5;1009,1;5;1001,8;5;29,9;5;5,0;5;6,7;999,9;21,0;10,2;0,0;999,9;0;0;0;0;0;0
San_Julian_Aero;879090;2013;04;20;14,4;6;7,9;6;1010,2;6;1002,7;6;29,9;6;4,6;6;7,2;999,9;19,6;8,2;0,0;999,9;0;0;0;0;0;0
San_Julian_Aero;879090;2013;04;21;17,8;6;6,3;6;1002,0;6;994,6;6;27,5;6;10,8;6;20,6;999,9;22,2;10,2;0,0;999,9;0;0;0;0;0;0
San_Julian_Aero;879090;2013;04;22;11,8;4;5,0;4;1020,0;4;1012,4;4;27,5;4;4,7;4;6,2;999,9;23,6;6,4;0,0;999,9;0;0;0;0;0;0
San_Julian_Aero;879090;2013;04;23;8,3;4;6,4;4;1023,5;4;1015,8;4;22,7;4;2,7;4;3,1;999,9;13,6;6,0;0,0;999,9;0;0;0;0;0;0
San_Julian_Aero;879090;2013;04;24;11,7;4;4,7;4;9999,9;0;1009,1;4;29,9;4;5,5;4;7,7;999,9;16,8;6,6;0,0;999,9;0;0;0;0;0;0
San_Julian_Aero;879090;2013;04;25;12,7;6;1,2;6;1012,1;6;1004,6;6;29,9;6;4,9;6;5,7;999,9;18,3;4,7;0,0;999,9;0;0;0;0;0;0
San_Julian_Aero;879090;2013;04;26;14,0;6;4,5;6;1009,9;6;1002,4;6;29,9;6;5,3;6;6,2;999,9;18,5;7,2;0,0;999,9;0;0;0;0;0;0
San_Julian_Aero;879090;2013;04;28;10,8;4;6,7;4;1008,9;4;1001,3;4;29,9;4;8,6;4;10,3;999,9;13,8;8,5;0,0;999,9;0;0;0;0;0;0
San_Julian_Aero;879090;2013;04;29;12,2;5;-0,2;5;1001,5;5;994,0;5;29,9;5;8,8;5;11,3;999,9;17,4;5,4;0,0;999,9;0;0;0;0;0;0
San_Julian_Aero;879090;2013;04;30;10,1;6;-2,0;6;1002,0;6;994,5;6;29,9;6;6,6;6;8,7;999,9;18,0;5,7;0,0;999,9;0;0;0;0;0;0
San_Julian_Aero;879090;2013;05;01;9,6;6;-1,5;6;1009,5;6;1001,9;6;29,9;6;5,1;6;10,3;999,9;14,4;2,4;0,0;999,9;0;0;0;0;0;0
San_Julian_Aero;879090;2013;05;02;8,1;6;-2,3;6;1010,5;6;1002,9;6;29,9;6;5,5;6;7,2;999,9;15,0;2,0;0,0;999,9;0;0;0;0;0;0
San_Julian_Aero;879090;2013;05;04;8,4;4;3,9;4;1001,1;4;993,5;4;24,9;4;7,9;4;11,8;999,9;14,6;4,2;3,0;999,9;0;1;0;0;0;0
San_Julian_Aero;879090;2013;05;05;12,3;5;3,2;5;994,3;5;986,9;5;29,9;5;7,3;5;12,3;999,9;17,7;0,7;0,0;999,9;0;1;0;0;0;0
San_Julian_Aero;879090;2013;05;06;10,9;6;-1,1;6;1003,1;6;995,7;6;29,9;6;15,4;6;17,5;999,9;18,2;7,7;0,5;999,9;0;0;0;0;0;0
San_Julian_Aero;879090;2013;05;07;14,8;4;0,6;4;993,5;4;986,1;4;29,9;4;8,5;4;11,8;999,9;18,0;7,9;0,0;999,9;0;0;0;0;0;0
San_Julian_Aero;879090;2013;05;08;8,9;5;3,7;5;991,7;5;984,3;5;29,9;5;4,8;5;5,7;999,9;14,2;2,1;1,0;999,9;0;0;0;0;0;0
San_Julian_Aero;879090;2013;05;09;13,6;6;1,4;6;993,6;6;986,2;6;29,9;6;8,2;6;10,8;999,9;19,0;5,2;0,0;999,9;0;0;0;0;0;0
San_Julian_Aero;879090;2013;05;10;11,9;6;0,8;6;993,2;6;985,9;6;29,9;6;9,5;6;13,4;999,9;19,4;8,6;0,0;999,9;0;0;0;0;0;0
San_Julian_Aero;879090;2013;05;12;5,5;4;1,3;4;992,1;4;984,6;4;24,9;4;14,1;4;20,6;999,9;15,2;2,4;0,0;999,9;0;0;0;0;0;0
San_Julian_Aero;879090;2013;05;13;4,7;5;-4,7;5;1001,0;5;993,4;5;29,9;5;8,6;5;10,8;999,9;7,8;0,4;999,9;999,9;0;1;1;0;0;0
San_Julian_Aero;879090;2013;05;14;1,9;6;-4,2;6;1013,4;6;1005,5;6;29,9;6;11,7;6;13,4;999,9;8,5;-1,6;0,0;999,9;0;0;0;0;0;0
San_Julian_Aero;879090;2013;05;15;4,1;6;2,4;6;1017,3;6;1009,5;6;24,9;6;7,1;6;14,4;999,9;7,0;-1,8;4,1;999,9;0;1;0;0;0;0
San_Julian_Aero;879090;2013;05;18;5,7;4;-0,2;4;1017,2;4;1009,4;4;29,9;4;3,6;4;6,2;999,9;11,8;0,0;0,0;999,9;0;0;0;0;0;0
San_Julian_Aero;879090;2013;05;19;11,2;4;4,6;4;1014,7;4;1007,0;4;29,9;4;5,8;4;9,3;999,9;15,2;1,8;0,0;999,9;0;0;0;0;0;0
San_Julian_Aero;879090;2013;05;20;10,2;6;3,5;6;1007,7;6;1000,2;6;29,9;6;3,9;6;5,1;999,9;17,0;5,2;0,0;999,9;0;0;0;0;0;0
San_Julian_Aero;879090;2013;05;21;8,2;5;-2,2;5;1005,6;5;998,2;5;29,9;5;8,3;5;11,3;999,9;11,2;3,7;0,0;999,9;0;0;0;0;0;0
San_Julian_Aero;879090;2013;05;22;6,6;6;-2,3;6;1004,5;6;996,9;6;29,9;6;6,1;6;12,3;999,9;12,0;2,1;0,0;999,9;0;0;0;0;0;0
San_Julian_Aero;879090;2013;05;23;4,2;5;0,7;5;1004,1;5;996,4;5;29,9;5;9,5;5;12,9;999,9;10,6;2,8;4,1;999,9;0;0;0;0;0;0
San_Julian_Aero;879090;2013;05;24;2,3;6;-3,4;6;1016,5;6;1008,6;6;29,9;6;5,7;6;8,2;999,9;5,4;-1,3;0,3;999,9;0;0;0;0;0;0
San_Julian_Aero;879090;2013;05;25;2,8;6;0,7;6;1005,8;6;998,0;6;23,7;6;4,9;6;10,3;999,9;6,0;-1,2;2,0;999,9;0;1;1;0;0;0
San_Julian_Aero;879090;2013;05;26;3,5;4;1,9;4;1004,7;4;996,9;4;23,8;4;5,1;4;11,3;999,9;6,6;-0,3;4,1;999,9;0;0;0;0;0;0
San_Julian_Aero;879090;2013;05;27;1,4;5;0,4;5;1003,8;4;996,1;4;10,5;5;2,0;5;3,1;999,9;6,6;-2,8;0,0;999,9;1;0;0;0;0;0
San_Julian_Aero;879090;2013;05;28;7,6;5;6,8;5;997,1;5;992,8;5;3,7;5;4,2;5;10,3;999,9;8,1;4,7;6,1;999,9;1;1;0;0;0;0
San_Julian_Aero;879090;2013;05;29;5,8;6;5,3;6;1003,3;6;995,7;6;13,7;6;7,1;6;10,3;999,9;8,4;4,7;6,1;999,9;0;1;0;0;0;0
San_Julian_Aero;879090;2013;05;30;6,0;5;4,1;5;988,7;5;981,2;5;28,0;5;2,0;5;4,6;999,9;7,8;3,8;0,0;999,9;0;0;0;0;0;0
San_Julian_Aero;879090;2013;05;31;5,4;6;2,9;6;983,3;6;975,8;6;29,9;6;3,2;6;4,1;999,9;9,4;1,7;0,0;999,9;0;0;0;0;0;0
San_Julian_Aero;879090;2013;06;01;3,7;6;0,7;6;995,9;6;988,3;6;29,9;6;6,5;6;8,7;999,9;9,5;1,2;0,0;999,9;0;0;0;0;0;0
San_Julian_Aero;879090;2013;06;03;7,4;6;4,1;6;1002,5;6;994,9;6;29,9;6;3,0;6;6,7;999,9;11,6;2,0;0,0;999,9;0;0;0;0;0;0
San_Julian_Aero;879090;2013;06;04;5,4;6;2,6;6;1007,3;6;999,6;6;29,9;6;4,5;6;7,2;999,9;9,7;2,7;0,0;999,9;0;0;0;0;0;0
San_Julian_Aero;879090;2013;06;05;3,9;6;1,3;6;1008,4;6;1000,6;6;29,9;6;2,4;6;5,1;999,9;8,7;0,2;0,0;999,9;0;0;0;0;0;0
San_Julian_Aero;879090;2013;06;06;7,6;4;1,3;4;994,8;4;987,2;4;29,9;4;9,2;4;11,8;999,9;9,8;0,0;0,0;999,9;0;0;0;0;0;0
San_Julian_Aero;879090;2013;06;07;5,3;4;-1,5;4;996,2;4;988,6;4;29,9;4;12,7;4;16,4;999,9;11,8;3,4;0,0;999,9;0;0;0;0;0;0
San_Julian_Aero;879090;2013;06;09;11,7;6;2,3;6;996,8;6;989,4;6;29,9;6;8,9;6;10,8;999,9;14,2;7,7;0,0;999,9;0;0;0;0;0;0
San_Julian_Aero;879090;2013;06;10;10,1;6;1,4;6;997,4;6;990,0;6;29,9;6;10,5;6;15,4;999,9;15,5;6,2;0,0;999,9;0;0;0;0;0;0
San_Julian_Aero;879090;2013;06;11;7,3;6;2,1;6;994,7;6;987,7;5;29,9;6;10,2;6;17,5;999,9;11,6;1,0;2,0;999,9;0;0;0;0;0;0
San_Julian_Aero;879090;2013;06;12;5,5;6;-1,0;6;1002,4;6;994,7;6;29,9;6;7,2;6;15,4;999,9;13,9;-2,3;0,0;999,9;0;0;0;0;0;0
San_Julian_Aero;879090;2013;06;13;4,5;6;-3,1;6;1009,5;6;1001,8;6;29,9;6;13,2;6;18,5;999,9;11,7;-0,2;0,0;999,9;0;0;0;0;0;0
San_Julian_Aero;879090;2013;06;14;2,6;6;-4,2;6;1015,8;6;1008,0;6;29,9;6;8,2;6;11,3;999,9;5,8;-1,8;0,0;999,9;0;0;0;0;0;0
San_Julian_Aero;879090;2013;06;15;4,8;7;0,8;7;990,6;6;983,1;6;23,2;7;10,1;7;13,4;999,9;8,2;0,6;0,0;999,9;0;1;1;0;0;0
San_Julian_Aero;879090;2013;06;16;5,9;7;-2,4;7;995,4;6;987,8;6;27,4;7;11,6;7;18,5;24,2;8,6;0,3;0,0;999,9;0;0;0;0;0;0
San_Julian_Aero;879090;2013;06;17;6,3;5;0,7;5;987,8;5;980,2;5;28,0;5;10,1;5;12,3;999,9;9,4;2,0;2,0;999,9;0;1;0;0;0;0
San_Julian_Aero;879090;2013;06;18;0,1;6;-2,6;6;1004,9;6;997,2;6;25,9;6;7,4;6;9,3;999,9;10,6;-3,8;3,0;999,9;0;1;0;0;0;0
San_Julian_Aero;879090;2013;06;19;3,9;6;0,3;6;1003,0;6;995,3;6;29,9;6;9,1;6;12,3;999,9;8,0;-2,5;0,0;999,9;0;0;0;0;0;0
San_Julian_Aero;879090;2013;06;20;9,0;6;0,4;6;993,2;6;985,6;6;29,9;6;11,6;6;18,5;999,9;13,0;0,9;0,0;999,9;0;0;0;0;0;0
San_Julian_Aero;879090;2013;06;21;5,4;5;-4,3;5;990,8;5;983,3;5;29,9;5;12,1;5;15,4;999,9;14,0;1,9;0,3;999,9;0;0;0;0;0;0
San_Julian_Aero;879090;2013;06;22;5,8;6;-1,1;6;1002,5;6;994,9;6;29,9;6;8,1;6;12,3;999,9;10,2;0,2;0,0;999,9;0;0;0;0;0;0
San_Julian_Aero;879090;2013;06;23;9,5;6;0,8;6;1009,2;6;1001,6;6;29,9;6;10,1;6;15,4;999,9;13,5;3,8;0,0;999,9;0;0;0;0;0;0
San_Julian_Aero;879090;2013;06;24;12,9;6;2,1;6;1002,3;5;995,4;6;29,9;6;10,3;6;13,4;999,9;16,5;7,0;0,0;999,9;0;0;0;0;0;0
San_Julian_Aero;879090;2013;06;25;13,4;6;3,4;6;996,3;5;988,8;5;29,9;6;9,2;6;14,4;999,9;17,2;9,7;0,0;999,9;0;0;0;0;0;0
San_Julian_Aero;879090;2013;06;26;13,2;6;3,0;6;992,8;6;985,4;6;29,9;6;10,2;6;16,4;999,9;17,6;11,4;0,0;999,9;0;0;0;0;0;0
San_Julian_Aero;879090;2013;06;27;8,4;6;4,2;6;990,4;6;982,9;6;29,9;6;5,4;6;6,2;999,9;15,0;1,2;0,5;999,9;0;1;0;0;0;0
San_Julian_Aero;879090;2013;06;28;8,0;5;2,9;5;990,3;5;982,9;5;29,9;5;9,5;5;15,4;999,9;12,0;5,0;0,0;999,9;0;0;0;0;0;0
San_Julian_Aero;879090;2013;06;29;2,4;6;-1,1;6;1006,7;6;999,0;6;26,7;6;8,6;6;15,4;999,9;10,6;0,8;3,0;999,9;0;1;0;0;0;0
San_Julian_Aero;879090;2013;06;30;1,1;6;-2,5;6;1012,4;6;1004,6;6;29,9;6;4,7;6;6,2;999,9;6,0;-3,0;0,0;999,9;0;0;0;0;0;0
San_Julian_Aero;879090;2013;07;01;4,7;6;-0,6;6;994,2;6;986,6;6;28,3;6;10,5;6;15,9;999,9;10,8;-3,2;0,0;999,9;0;1;0;0;0;0
San_Julian_Aero;879090;2013;07;02;9,3;5;1,8;5;980,8;5;973,4;5;29,9;5;6,4;5;10,3;999,9;12,6;3,0;0,0;999,9;0;0;0;0;0;0
San_Julian_Aero;879090;2013;07;03;6,6;6;-1,3;6;988,2;6;980,8;6;29,9;6;8,9;6;10,3;999,9;11,6;3,6;0,0;999,9;0;0;0;0;0;0
San_Julian_Aero;879090;2013;07;04;4,4;6;-1,8;6;1007,1;6;999,4;6;29,9;6;6,2;6;8,2;999,9;9,0;-0,3;0,0;999,9;0;0;0;0;0;0
San_Julian_Aero;879090;2013;07;05;2,8;6;-2,1;6;1018,8;6;1011,0;6;29,9;6;2,5;6;5,1;999,9;8,8;-1,6;0,0;999,9;0;0;0;0;0;0
San_Julian_Aero;879090;2013;07;06;1,1;6;-2,6;6;1023,4;6;1015,6;6;29,9;6;4,6;6;6,7;999,9;8,2;-3,8;0,0;999,9;0;0;0;0;0;0
San_Julian_Aero;879090;2013;07;07;5,4;6;-2,4;6;1020,6;6;1012,8;6;29,9;6;6,8;6;10,3;999,9;12,0;-2,0;0,0;999,9;0;0;0;0;0;0
San_Julian_Aero;879090;2013;07;08;5,6;6;-4,6;6;1011,4;6;1003,7;6;29,9;6;3,9;6;9,3;999,9;12,8;0,0;0,0;999,9;0;0;0;0;0;0
San_Julian_Aero;879090;2013;07;09;2,9;6;-6,2;6;1006,9;6;999,1;6;29,9;6;4,0;6;5,7;999,9;12,7;-2,6;0,0;999,9;0;0;0;0;0;0
San_Julian_Aero;879090;2013;07;10;5,3;5;-1,4;5;1001,4;5;993,7;5;29,9;5;5,3;5;8,7;999,9;7,4;0,7;0,0;999,9;0;0;1;0;0;0
San_Julian_Aero;879090;2013;07;11;6,4;6;-2,3;6;1004,7;6;997,0;6;29,9;6;7,1;6;11,3;999,9;10,3;1,6;0,0;999,9;0;0;0;0;0;0
San_Julian_Aero;879090;2013;07;12;10,6;6;-0,5;6;994,1;6;986,8;6;29,9;6;10,3;6;12,9;999,9;12,4;3,6;0,0;999,9;0;0;0;0;0;0
San_Julian_Aero;879090;2013;07;13;6,2;6;-2,6;6;997,5;6;990,0;6;29,9;6;7,2;6;12,3;999,9;13,0;2,6;0,0;999,9;0;0;0;0;0;0
San_Julian_Aero;879090;2013;07;14;6,3;5;-2,7;5;1007,9;5;1000,3;5;29,9;5;6,7;5;9,3;999,9;10,7;1,2;0,0;999,9;0;0;0;0;0;0
San_Julian_Aero;879090;2013;07;15;8,1;5;-2,4;5;1000,0;5;992,5;5;29,9;5;8,8;5;15,4;999,9;13,5;2,2;0,0;999,9;0;0;0;0;0;0
San_Julian_Aero;879090;2013;07;16;3,4;6;-3,4;6;1002,9;6;995,3;6;26,7;6;10,6;6;14,9;999,9;14,4;1,7;0,0;999,9;0;0;1;0;0;0
San_Julian_Aero;879090;2013;07;17;-0,4;5;-4,0;5;1019,4;5;1011,5;5;29,9;5;8,0;5;10,3;999,9;3,0;-3,6;0,0;999,9;0;0;0;0;0;0
San_Julian_Aero;879090;2013;07;18;3,1;6;-2,4;6;1020,2;6;1012,4;6;29,9;6;9,5;6;12,3;999,9;8,2;-4,8;0,0;999,9;0;0;0;0;0;0
San_Julian_Aero;879090;2013;07;19;6,9;6;-0,6;6;1003,1;6;995,6;6;29,9;6;13,4;6;19,5;999,9;10,0;-0,6;0,0;999,9;0;0;0;0;0;0
San_Julian_Aero;879090;2013;07;20;2,8;5;0,1;5;1017,7;5;1010,0;5;21,6;5;14,8;5;18,5;999,9;8,0;2,0;0,0;999,9;0;1;0;0;0;0
San_Julian_Aero;879090;2013;07;21;1,4;6;-1,5;6;1035,1;6;1027,2;6;29,9;6;5,4;6;10,8;999,9;4,0;-0,8;2,0;999,9;0;0;0;0;0;0
San_Julian_Aero;879090;2013;07;22;4,2;6;-1,9;6;1020,9;6;1013,1;6;29,9;6;5,1;6;6,7;999,9;7,1;-1,3;0,0;999,9;0;1;0;0;0;0
San_Julian_Aero;879090;2013;07;23;3,9;6;-0,6;6;1020,4;6;1012,7;6;29,9;6;5,3;6;7,7;999,9;8,3;-1,6;0,0;999,9;0;0;0;0;0;0
San_Julian_Aero;879090;2013;07;24;9,9;6;0,9;6;1002,5;6;994,9;6;29,1;6;8,2;6;11,3;999,9;14,8;-2,3;0,3;999,9;0;1;0;0;0;0
San_Julian_Aero;879090;2013;07;25;7,6;6;-2,3;6;995,8;6;988,3;6;29,9;6;13,7;6;15,9;999,9;16,7;3,2;0,5;999,9;0;1;0;0;0;0
San_Julian_Aero;879090;2013;07;26;5,0;5;-2,3;5;1012,4;5;1004,7;5;28,0;5;7,1;5;12,9;999,9;7,0;3,2;0,0;999,9;0;0;0;0;0;0
San_Julian_Aero;879090;2013;07;27;3,7;6;-2,2;6;1011,5;6;1003,8;6;29,9;6;6,8;6;7,7;999,9;9,8;-1,9;0,0;999,9;0;0;0;0;0;0
San_Julian_Aero;879090;2013;07;28;7,9;6;2,1;6;1015,4;6;1007,8;6;29,9;6;5,0;6;7,2;999,9;10,9;-0,2;0,5;999,9;0;0;0;0;0;0
San_Julian_Aero;879090;2013;07;29;8,3;5;0,0;5;1019,6;5;1011,9;5;29,9;5;4,6;5;7,7;999,9;14,0;4,2;0,0;999,9;0;0;0;0;0;0
San_Julian_Aero;879090;2013;07;30;8,2;6;-2,1;6;1017,1;6;1009,4;6;29,9;6;5,7;6;7,2;999,9;18,4;2,2;0,0;999,9;0;0;0;0;0;0
San_Julian_Aero;879090;2013;07;31;6,4;6;0,4;6;1016,1;6;1008,4;6;29,9;6;5,7;6;7,7;999,9;12,6;-0,3;0,0;999,9;0;0;0;0;0;0
San_Julian_Aero;879090;2013;08;01;4,4;5;0,8;5;1020,3;5;1012,5;5;26,1;5;4,3;5;6,2;999,9;10,6;-0,6;0,0;999,9;0;0;0;0;0;0
San_Julian_Aero;879090;2013;08;02;4,7;6;1,7;6;1013,0;6;1005,2;6;26,7;6;3,9;6;7,2;999,9;9,7;-0,6;0,0;999,9;0;0;0;0;0;0
San_Julian_Aero;879090;2013;08;03;7,6;5;0,1;5;1000,0;5;992,5;5;29,9;5;4,7;5;7,2;999,9;11,5;0,9;0,0;999,9;0;0;0;0;0;0
San_Julian_Aero;879090;2013;08;04;5,1;5;-0,3;5;998,2;5;990,6;5;29,9;5;3,9;5;7,7;999,9;7,7;-0,8;0,0;999,9;0;0;0;0;0;0
San_Julian_Aero;879090;2013;08;05;2,8;6;-0,9;6;1001,4;6;993,6;6;29,9;6;4,3;6;6,2;999,9;8,0;-3,0;0,0;999,9;0;0;0;0;0;0
San_Julian_Aero;879090;2013;08;06;2,7;6;-2,1;6;996,3;6;988,6;6;29,9;6;2,7;6;5,1;999,9;9,6;-3,2;0,0;999,9;0;0;0;0;0;0
San_Julian_Aero;879090;2013;08;07;3,9;6;-0,4;6;993,1;6;985,5;6;29,9;6;10,5;6;16,5;999,9;9,8;-2,8;0,0;999,9;0;0;0;0;0;0
San_Julian_Aero;879090;2013;08;08;4,0;6;-3,6;6;1007,3;6;999,5;6;29,9;6;9,8;6;12,4;999,9;7,1;-0,3;0,0;999,9;0;0;0;0;0;0
San_Julian_Aero;879090;2013;08;09;4,7;6;-4,2;6;1007,2;6;999,5;6;29,9;6;8,6;5;15,4;999,9;9,2;-2,3;0,0;999,9;0;0;0;0;0;0
San_Julian_Aero;879090;2013;08;10;10,3;6;1,4;6;991,5;6;984,1;6;29,9;6;8,1;6;11,8;999,9;14,0;2,0;0,0;999,9;0;0;0;0;0;0
San_Julian_Aero;879090;2013;08;11;5,5;6;-3,3;6;999,2;6;992,9;5;29,9;6;9,9;6;15,4;999,9;15,0;2,7;0,0;999,9;0;0;0;0;0;0
San_Julian_Aero;879090;2013;08;12;3,6;6;-5,5;6;1011,3;6;1003,6;6;29,9;6;12,2;6;15,4;999,9;8,4;-1,3;0,0;999,9;0;0;0;0;0;0
San_Julian_Aero;879090;2013;08;13;6,1;6;-3,3;6;1017,9;6;1010,1;6;29,9;6;5,9;6;10,3;999,9;10,7;1,0;0,0;999,9;0;0;0;0;0;0
San_Julian_Aero;879090;2013;08;14;9,7;6;-3,9;6;992,8;6;985,3;6;29,9;5;12,5;6;20,1;999,9;16,0;2,8;0,0;999,9;0;0;0;0;0;0
San_Julian_Aero;879090;2013;08;15;7,3;6;-4,2;6;989,4;6;981,9;6;29,9;6;12,1;6;18,0;20,6;16,2;1,2;0,0;999,9;0;0;0;0;0;0
San_Julian_Aero;879090;2013;08;16;7,5;5;-4,7;5;1008,5;5;1000,9;5;29,9;5;9,8;5;12,9;999,9;11,7;0,2;0,0;999,9;0;0;0;0;0;0
San_Julian_Aero;879090;2013;08;17;9,1;6;1,7;6;998,8;6;991,2;6;28,3;6;5,1;6;13,4;999,9;13,6;4,0;0,0;999,9;0;0;0;0;0;0
San_Julian_Aero;879090;2013;08;18;12,0;6;2,6;6;984,4;6;977,0;6;29,9;6;13,1;6;18,5;999,9;18,4;6,2;0,0;999,9;0;0;0;0;0;0
San_Julian_Aero;879090;2013;08;19;6,6;6;-5,2;6;987,8;6;980,3;6;29,9;6;10,5;6;18,5;999,9;19,4;2,5;0,0;999,9;0;0;0;0;0;0
San_Julian_Aero;879090;2013;08;20;4,4;6;-2,7;6;997,2;6;989,6;6;26,7;6;11,3;6;14,4;999,9;11,0;3,1;0,0;999,9;0;1;0;0;0;0
San_Julian_Aero;879090;2013;08;21;0,9;6;-2,5;6;1016,6;6;1008,8;6;29,9;6;8,1;6;10,3;999,9;7,0;-3,3;0,8;999,9;0;1;0;1;0;0
San_Julian_Aero;879090;2013;08;22;-0,9;6;-2,7;6;1027,5;6;1019,6;6;22,4;6;10,1;6;12,4;999,9;4,9;-4,3;0,0;999,9;0;0;1;0;0;0
San_Julian_Aero;879090;2013;08;23;-2,0;4;-3,1;4;1034,2;4;1026,2;4;16,6;4;8,2;4;9,3;999,9;0,4;-4,8;0,0;2,0;0;0;1;0;0;0
San_Julian_Aero;879090;2013;08;24;-3,2;6;-5,5;6;1034,5;6;1027,6;6;28,3;6;6,1;6;7,7;999,9;1,0;-9,8;0,0;999,9;0;0;0;0;0;0
San_Julian_Aero;879090;2013;08;25;1,3;6;-5,1;6;1025,7;6;1017,8;6;29,1;6;6,2;6;11,3;999,9;7,4;-8,9;0,0;999,9;0;0;0;0;0;0
San_Julian_Aero;879090;2013;08;26;3,3;6;-2,3;6;1010,4;6;1002,6;6;29,9;6;5,8;6;11,3;999,9;7,6;-1,8;0,0;999,9;0;0;0;0;0;0
San_Julian_Aero;879090;2013;08;27;7,8;6;-3,7;6;1002,9;5;995,3;5;29,9;6;11,9;6;15,4;999,9;11,2;1,0;0,0;999,9;0;0;0;0;0;0
San_Julian_Aero;879090;2013;08;28;6,0;6;-4,1;6;1003,0;6;995,4;6;29,9;6;6,0;6;10,3;999,9;12,0;1,0;0,0;999,9;0;0;0;0;0;0
San_Julian_Aero;879090;2013;08;29;4,5;6;-2,7;6;1006,0;6;998,4;6;29,9;6;6,3;6;10,3;999,9;10,6;-0,3;0,0;999,9;0;0;0;0;0;0
San_Julian_Aero;879090;2013;08;30;0,0;6;-1,8;5;1011,9;6;1003,4;6;18,3;6;3,2;6;5,1;999,9;8,1;-4,8;1,0;999,9;0;0;1;0;0;0
San_Julian_Aero;879090;2013;08;31;1,4;6;-2,4;6;1014,3;6;1006,5;6;26,7;6;4,2;6;7,2;999,9;4,8;-3,3;0,0;999,9;0;0;0;0;0;0
San_Julian_Aero;879090;2013;09;01;1,2;6;0,2;6;1015,8;6;1008,0;6;11,6;6;3,4;6;5,1;999,9;5,7;-1,8;0,3;1,0;0;1;1;0;0;0
San_Julian_Aero;879090;2013;09;02;2,2;5;0,8;5;1021,1;5;1013,2;5;22,4;5;5,3;5;8,2;999,9;6,2;-0,8;11,9;999,9;1;1;0;0;0;0
San_Julian_Aero;879090;2013;09;03;4,4;6;1,6;6;1026,6;6;1018,8;6;29,9;6;3,2;6;3,6;999,9;7,5;-1,0;0,0;999,9;0;0;0;0;0;0
San_Julian_Aero;879090;2013;09;04;2,3;5;1,0;5;1017,2;5;1009,4;5;20,9;5;6,3;5;12,3;999,9;7,8;-2,3;0,5;999,9;0;1;0;0;0;0
San_Julian_Aero;879090;2013;09;05;6,0;6;5,1;5;1000,6;6;993,0;6;18,8;6;4,7;6;11,3;999,9;7,2;2,2;7,1;999,9;1;1;0;0;0;0
San_Julian_Aero;879090;2013;09;06;5,5;5;3,4;4;1005,9;5;998,3;5;26,1;5;5,8;5;7,7;999,9;7,7;3,7;0,0;999,9;0;0;0;0;0;0
San_Julian_Aero;879090;2013;09;07;7,9;5;3,7;5;1000,7;5;993,1;5;28,0;5;6,3;5;9,3;999,9;15,0;2,2;0,0;999,9;0;0;0;0;0;0
San_Julian_Aero;879090;2013;09;08;12,8;6;5,5;6;989,2;6;981,9;6;29,9;6;10,3;6;14,4;999,9;17,9;3,4;0,0;999,9;0;0;0;0;0;0
San_Julian_Aero;879090;2013;09;09;10,0;5;5,9;5;984,2;5;976,9;5;26,1;5;5,3;5;7,7;999,9;13,7;6,3;0,5;999,9;0;1;0;0;0;0
San_Julian_Aero;879090;2013;09;10;2,2;6;1,2;6;996,1;6;990,1;6;9,3;6;6,4;6;8,8;999,9;12,9;0,2;4,1;999,9;0;1;1;0;0;0
San_Julian_Aero;879090;2013;09;11;1,9;6;-1,5;6;1014,7;6;1006,9;6;29,9;6;4,9;6;6,7;999,9;6,2;-3,3;6,1;999,9;0;0;0;0;0;0
San_Julian_Aero;879090;2013;09;12;3,8;6;-1,1;6;1021,4;6;1013,7;6;29,9;6;7,7;6;9,8;999,9;7,0;-1,8;0,0;999,9;0;0;0;0;0;0
San_Julian_Aero;879090;2013;09;13;4,7;6;-0,9;6;1027,8;6;1020,0;6;26,7;6;6,4;6;9,3;999,9;8,4;-0,8;0,0;999,9;0;1;0;0;0;0
San_Julian_Aero;879090;2013;09;14;5,6;6;-2,2;6;1027,9;6;1020,1;6;29,9;6;5,9;6;9,3;999,9;10,6;-1,6;0,0;999,9;0;0;0;0;0;0
San_Julian_Aero;879090;2013;09;15;6,4;6;-0,6;6;1028,5;6;1020,8;6;29,9;6;3,9;6;6,2;999,9;11,4;0,0;0,0;999,9;0;0;0;0;0;0
San_Julian_Aero;879090;2013;09;16;7,0;6;2,1;6;1021,1;6;1013,4;6;29,9;6;4,0;6;10,3;999,9;16,0;-2,3;0,0;999,9;0;0;0;0;0;0
San_Julian_Aero;879090;2013;09;17;7,3;6;0,4;6;1014,0;6;1006,3;6;27,5;6;5,5;6;7,7;999,9;16,9;1,2;0,0;999,9;0;0;0;0;0;0
San_Julian_Aero;879090;2013;09;18;7,7;5;0,5;5;1009,1;5;1001,5;5;29,9;5;5,7;5;7,2;999,9;13,4;-0,8;0,0;999,9;0;0;0;0;0;0
San_Julian_Aero;879090;2013;09;19;7,1;6;2,6;6;1003,5;6;995,9;6;29,9;6;4,9;6;8,2;999,9;15,0;3,2;0,0;999,9;0;0;0;0;0;0
San_Julian_Aero;879090;2013;09;20;5,2;6;3,6;6;1009,4;6;1001,8;6;25,9;6;2,2;6;5,1;999,9;11,4;-3,8;2,0;999,9;0;1;0;0;0;0
San_Julian_Aero;879090;2013;09;21;5,5;5;1,4;5;1013,7;5;1006,0;5;29,9;5;7,5;5;16,5;999,9;10,2;0,8;0,0;999,9;0;0;0;0;0;0
San_Julian_Aero;879090;2013;09;22;10,3;6;-2,1;6;1025,8;6;1018,1;6;29,9;6;9,7;6;11,3;999,9;17,8;2,7;0,0;999,9;0;0;0;0;0;0
San_Julian_Aero;879090;2013;09;23;11,5;6;-0,3;6;1028,0;6;1020,4;6;29,9;6;6,1;6;8,8;999,9;18,4;4,2;0,0;999,9;0;0;0;0;0;0
San_Julian_Aero;879090;2013;09;24;13,1;6;-0,1;6;1023,1;6;1015,4;6;29,9;6;5,5;6;10,3;999,9;19,0;1,2;0,0;999,9;0;0;0;0;0;0
San_Julian_Aero;879090;2013;09;25;13,1;6;1,1;6;1005,7;6;998,2;6;29,9;6;5,3;6;9,3;999,9;20,1;5,2;0,0;999,9;0;0;0;0;0;0
San_Julian_Aero;879090;2013;09;26;7,0;5;-1,1;5;1018,8;5;1011,1;5;22,0;5;9,4;5;11,8;999,9;20,4;3,2;0,0;999,9;0;0;0;0;0;0
San_Julian_Aero;879090;2013;09;27;6,6;5;0,4;5;1036,2;5;1028,3;5;29,9;5;5,3;5;7,2;999,9;9,7;1,8;0,0;999,9;0;0;0;0;0;0
San_Julian_Aero;879090;2013;09;28;5,8;6;0,9;6;1039,7;6;1031,9;6;25,9;6;4,4;6;8,2;999,9;10,5;-1,3;0,0;999,9;0;0;0;0;0;0
San_Julian_Aero;879090;2013;09;29;6,7;5;3,3;5;1035,7;5;1027,8;5;29,9;5;8,1;5;10,8;999,9;11,4;-0,3;0,0;999,9;0;0;0;0;0;0
San_Julian_Aero;879090;2013;09;30;9,7;5;6,1;5;1023,7;5;1016,0;5;23,3;5;9,2;5;12,3;999,9;13,7;3,2;999,9;999,9;0;1;0;0;0;0
San_Julian_Aero;879090;2013;10;01;11,0;5;6,0;5;1013,6;5;1006,0;5;29,9;5;10,0;5;13,4;999,9;14,6;6,7;0,0;999,9;0;0;0;0;0;0
San_Julian_Aero;879090;2013;10;02;6,9;5;3,1;5;1009,2;5;1001,6;5;21,7;5;7,0;5;9,3;999,9;14,0;4,9;0,8;999,9;0;1;0;0;0;0
San_Julian_Aero;879090;2013;10;03;6,6;6;-1,2;6;1016,0;6;1008,3;6;26,6;6;5,6;6;8,8;999,9;11,8;-0,8;4,1;999,9;0;1;0;0;0;0
San_Julian_Aero;879090;2013;10;04;10,6;6;-0,1;6;1012,5;6;1004,9;6;29,9;6;4,2;6;7,2;999,9;16,6;5,0;0,0;999,9;0;0;0;0;0;0
San_Julian_Aero;879090;2013;10;05;11,6;6;-0,7;6;1014,0;6;1006,4;6;29,9;5;6,3;6;10,3;999,9;17,4;5,7;0,0;999,9;0;0;0;0;0;0
San_Julian_Aero;879090;2013;10;06;13,8;5;-1,2;5;1010,6;5;1003,0;5;29,9;5;9,7;5;13,4;999,9;19,7;8,7;0,0;999,9;0;0;0;0;0;0
San_Julian_Aero;879090;2013;10;07;16,6;6;3,4;6;1006,4;6;998,3;5;29,9;6;7,7;6;14,4;999,9;20,9;9,2;0,0;999,9;0;0;0;0;0;0
San_Julian_Aero;879090;2013;10;08;15,7;6;3,0;6;996,9;6;989,6;6;28,3;6;6,9;6;12,3;999,9;22,1;10,9;0,0;999,9;0;0;0;0;0;0
San_Julian_Aero;879090;2013;10;09;9,1;6;3,1;6;1001,4;6;993,9;6;27,5;6;8,6;6;11,3;999,9;23,3;4,3;14,0;999,9;0;1;0;0;0;0
San_Julian_Aero;879090;2013;10;10;9,2;6;-1,8;6;1008,2;6;1000,6;6;29,9;6;9,9;6;14,4;999,9;13,5;2,8;0,0;999,9;0;0;0;0;0;0
San_Julian_Aero;879090;2013;10;11;10,9;6;-1,1;6;1015,4;6;1007,8;6;29,9;6;4,2;6;5,1;999,9;18,0;1,2;0,0;999,9;0;0;0;0;0;0
San_Julian_Aero;879090;2013;10;12;13,8;5;3,1;5;1013,4;5;1005,8;5;29,9;5;6,7;5;9,8;999,9;18,6;6,8;0,0;999,9;0;0;0;0;0;0
San_Julian_Aero;879090;2013;10;13;13,8;6;3,6;6;996,6;6;989,2;6;29,9;6;9,7;6;18,0;999,9;18,7;7,2;0,0;999,9;0;0;0;0;0;0
San_Julian_Aero;879090;2013;10;14;13,4;6;-1,4;6;1001,5;6;994,1;6;29,9;6;9,0;6;13,9;999,9;20,1;4,7;0,0;999,9;0;0;0;0;0;0
San_Julian_Aero;879090;2013;10;15;7,4;5;3,8;5;1007,3;5;999,7;5;28,0;5;3,1;5;6,2;999,9;17,2;1,7;0,0;999,9;0;1;0;0;0;0
San_Julian_Aero;879090;2013;10;16;11,7;5;-5,4;5;1017,7;5;1010,1;5;29,9;5;6,0;5;8,7;999,9;18,9;-0,8;0,0;999,9;0;0;0;0;0;0
San_Julian_Aero;879090;2013;10;17;10,2;6;-0,9;6;1014,9;6;1007,2;6;29,9;6;4,4;6;6,2;999,9;20,5;1,6;0,0;999,9;0;0;0;0;0;0
San_Julian_Aero;879090;2013;10;18;13,2;6;-0,6;6;1007,5;6;999,9;6;29,9;6;7,5;6;13,4;999,9;20,0;2,7;0,0;999,9;0;0;0;0;0;0
San_Julian_Aero;879090;2013;10;19;15,2;6;0,9;6;992,8;5;984,8;6;29,9;6;8,3;6;12,3;999,9;20,5;5,2;0,0;999,9;0;0;0;0;0;0
San_Julian_Aero;879090;2013;10;20;5,9;6;-5,4;6;998,8;6;991,2;6;28,3;6;13,8;6;16,5;999,9;21,0;-1,8;6,1;999,9;0;1;0;0;0;0
San_Julian_Aero;879090;2013;10;21;9,8;6;-5,2;6;1002,5;6;994,9;6;29,9;6;8,5;6;11,3;999,9;14,5;4,2;0,0;999,9;0;0;0;0;0;0
San_Julian_Aero;879090;2013;10;22;7,8;6;0,9;6;1001,0;6;993,4;6;28,3;6;8,8;6;14,9;999,9;15,0;3,2;1,0;999,9;0;1;0;0;0;0
San_Julian_Aero;879090;2013;10;23;9,6;6;-0,4;6;1013,3;6;1005,7;6;29,9;6;6,8;6;10,3;999,9;16,0;0,5;0,3;999,9;0;0;0;0;0;0
San_Julian_Aero;879090;2013;10;24;13,7;6;0,9;6;1017,9;6;1010,3;6;29,9;6;5,8;6;9,3;999,9;18,0;5,2;0,0;999,9;0;0;0;0;0;0
San_Julian_Aero;879090;2013;10;25;11,7;6;2,7;6;1009,8;6;1002,3;6;29,9;6;4,1;6;8,2;999,9;19,5;4,2;0,0;999,9;0;0;0;0;0;0
San_Julian_Aero;879090;2013;10;26;13,6;6;-3,1;6;1004,6;6;997,1;6;29,9;6;11,9;6;17,5;999,9;17,0;8,3;0,0;999,9;0;0;0;0;0;0
San_Julian_Aero;879090;2013;10;27;13,1;6;-5,1;6;1009,0;6;1001,5;6;29,9;6;9,5;6;12,9;999,9;18,1;4,7;0,0;999,9;0;0;0;0;0;0
San_Julian_Aero;879090;2013;10;28;11,4;6;2,0;6;1014,7;6;1007,2;6;29,9;6;5,9;6;9,8;999,9;17,4;5,2;0,0;999,9;0;0;0;0;0;0
San_Julian_Aero;879090;2013;10;29;17,1;6;1,8;6;1011,7;6;1004,2;6;29,9;6;11,4;6;15,4;999,9;25,0;9,0;0,0;999,9;0;0;0;0;0;0
San_Julian_Aero;879090;2013;10;30;18,7;6;2,6;6;1003,4;6;996,1;6;29,9;6;5,9;6;14,4;999,9;26,1;9,3;0,0;999,9;0;0;0;0;0;0
San_Julian_Aero;879090;2013;10;31;11,8;6;3,5;6;1007,1;6;999,6;6;26,7;6;5,5;6;8,2;999,9;25,5;5,2;0,8;999,9;0;1;0;0;0;0
San_Julian_Aero;879090;2013;11;01;14,4;6;1,8;6;1012,4;6;1004,9;6;29,9;6;4,1;6;9,8;999,9;22,2;6,3;0,0;999,9;0;0;0;0;0;0
San_Julian_Aero;879090;2013;11;02;17,7;5;0,3;5;1007,9;5;1000,5;5;29,9;5;10,3;5;13,9;999,9;23,0;12,2;0,0;999,9;0;0;0;0;0;0
San_Julian_Aero;879090;2013;11;03;12,2;5;-4,3;5;1019,0;5;1011,5;5;29,9;5;7,6;5;10,3;999,9;22,0;6,7;0,0;999,9;0;0;0;0;0;0
San_Julian_Aero;879090;2013;11;04;14,8;6;-5,6;6;1012,9;6;1005,4;6;29,9;6;6,1;6;8,2;999,9;22,2;2,5;0,0;999,9;0;0;0;0;0;0
San_Julian_Aero;879090;2013;11;05;14,7;6;1,7;6;1007,7;6;1000,3;6;29,9;6;5,4;6;9,8;999,9;23,0;5,1;0,0;999,9;0;0;0;0;0;0
San_Julian_Aero;879090;2013;11;06;16,7;5;3,4;5;995,9;5;988,6;5;27,0;5;6,2;5;8,7;999,9;22,0;10,9;0,0;999,9;0;1;0;0;0;0
San_Julian_Aero;879090;2013;11;07;9,6;6;1,6;6;999,6;6;992,1;6;27,5;6;6,0;6;8,7;999,9;23,5;6,5;0,3;999,9;0;0;0;0;0;0
San_Julian_Aero;879090;2013;11;08;7,9;6;-5,3;6;1008,9;6;1001,2;6;29,9;6;8,4;6;11,3;999,9;10,9;0,2;2,0;999,9;0;0;0;0;0;0
San_Julian_Aero;879090;2013;11;09;8,1;6;-1,8;6;1012,8;6;1005,2;6;29,9;6;6,5;6;9,8;999,9;12,5;-0,8;0,0;999,9;0;0;0;0;0;0
San_Julian_Aero;879090;2013;11;10;16,3;5;-4,3;5;996,8;5;989,3;5;29,9;5;10,3;5;13,4;999,9;20,0;7,2;0,0;999,9;0;0;0;0;0;0
San_Julian_Aero;879090;2013;11;11;14,3;6;-4,7;6;988,6;6;981,3;6;29,9;6;14,1;6;18,0;999,9;22,0;8,7;0,0;999,9;0;0;0;0;0;0
San_Julian_Aero;879090;2013;11;12;10,4;6;-6,0;6;996,8;6;989,4;6;29,9;6;13,2;6;14,4;999,9;17,8;4,7;0,0;999,9;0;0;0;0;0;0
San_Julian_Aero;879090;2013;11;13;9,1;6;-5,5;6;1007,2;6;999,6;6;29,9;6;7,1;6;11,3;999,9;14,7;-2,1;0,0;999,9;0;0;0;0;0;0
