San_Juan_Aero_II;873110;20130101;22.7;8;2.8;8;1016.2;8;949.3;8;15.0;8;6.7;8;9.3;999.9;35.0;16.1;0.0;999.9;0;0;0;0;0;0
San_Juan_Aero_II;873110;20130102;22.8;8;3.7;8;1012.1;8;944.9;8;15.0;8;3.7;8;5.7;999.9;31.6;14.0;0.0;999.9;0;0;0;0;0;0
San_Juan_Aero_II;873110;20130103;27.1;8;6.7;8;1006.3;8;940.3;8;15.0;8;2.8;8;6.2;999.9;35.2;17.6;0.0;999.9;0;0;0;0;0;0
San_Juan_Aero_II;873110;20130104;27.6;8;8.8;8;1006.0;8;940.5;8;15.0;8;6.1;8;8.7;999.9;36.6;21.4;0.0;999.9;0;0;0;0;0;0
San_Juan_Aero_II;873110;20130105;25.7;8;12.1;8;1006.5;8;940.5;8;14.2;8;6.1;8;13.4;999.9;33.6;20.0;0.0;999.9;0;0;0;0;1;0
San_Juan_Aero_II;873110;20130106;28.5;8;9.9;8;1003.0;8;937.7;8;15.0;8;3.1;8;6.2;999.9;36.0;19.0;0.0;999.9;0;0;0;0;0;0
San_Juan_Aero_II;873110;20130107;29.6;8;14.3;8;997.5;8;932.9;8;15.0;8;3.7;8;11.3;999.9;37.4;20.5;0.0;999.9;0;0;0;0;0;0
San_Juan_Aero_II;873110;20130108;29.8;8;13.1;8;1002.6;8;937.9;8;14.0;8;7.4;8;10.3;999.9;38.5;22.2;0.0;999.9;0;0;0;0;0;0
San_Juan_Aero_II;873110;20130109;27.4;8;13.5;8;1011.1;8;945.2;8;15.0;8;3.1;8;7.2;999.9;36.0;19.8;0.0;999.9;0;0;0;0;0;0
San_Juan_Aero_II;873110;20130110;32.3;8;15.9;8;1007.7;8;942.8;8;15.0;8;3.1;8;6.2;999.9;39.2;24.3;0.0;999.9;0;0;0;0;0;0
San_Juan_Aero_II;873110;20130111;32.8;8;14.9;8;1003.5;8;939.2;8;15.0;8;5.4;8;11.3;999.9;40.3;27.0;0.0;999.9;0;0;0;0;0;0
San_Juan_Aero_II;873110;20130112;30.0;8;15.8;8;1004.3;8;939.5;8;14.3;8;4.6;8;14.4;999.9;40.0;21.6;0.0;999.9;0;0;0;0;0;0
San_Juan_Aero_II;873110;20130113;29.5;8;16.3;8;1007.6;8;942.4;8;15.0;8;3.9;8;7.2;999.9;38.0;21.3;1.0;999.9;0;0;0;0;0;0
San_Juan_Aero_II;873110;20130114;27.6;8;17.7;8;1010.0;8;944.4;8;14.3;8;3.4;8;11.3;999.9;32.8;19.6;7.9;999.9;0;0;0;0;1;0
San_Juan_Aero_II;873110;20130115;29.7;7;17.5;7;1005.5;7;940.3;7;16.4;7;1.4;7;2.6;999.9;36.2;21.6;0.0;999.9;0;0;0;0;0;0
San_Juan_Aero_II;873110;20130116;27.4;8;14.7;8;1005.3;8;939.9;8;15.4;8;3.9;8;10.3;999.9;37.8;19.0;0.0;999.9;0;0;0;0;0;0
San_Juan_Aero_II;873110;20130117;28.2;6;15.7;6;1011.1;5;945.4;6;16.3;6;3.9;6;14.4;18.5;35.7;20.4;0.0;999.9;0;1;0;0;0;0
San_Juan_Aero_II;873110;20130118;28.7;8;12.6;8;1011.2;8;945.4;8;15.0;8;4.2;8;7.7;999.9;34.2;22.3;0.0;999.9;0;0;0;0;0;0
San_Juan_Aero_II;873110;20130119;25.7;7;14.8;7;1013.1;7;945.6;7;15.0;7;3.9;7;7.7;999.9;35.5;23.5;0.0;999.9;0;0;0;0;0;0
San_Juan_Aero_II;873110;20130120;21.6;7;17.9;7;1017.0;7;949.5;7;12.1;7;2.2;7;4.1;999.9;26.4;18.5;7.1;999.9;0;1;0;0;0;0
San_Juan_Aero_II;873110;20130121;21.0;8;18.7;8;1015.0;8;947.5;8;10.3;8;2.1;8;4.1;999.9;27.0;18.0;18.0;999.9;0;1;0;0;0;0
San_Juan_Aero_II;873110;20130122;24.3;8;17.8;8;1012.2;8;945.2;8;16.6;8;1.7;8;3.1;999.9;31.2;17.8;2.0;999.9;0;0;0;0;0;0
San_Juan_Aero_II;873110;20130123;27.7;8;15.8;8;1009.5;8;943.6;8;15.0;8;3.0;8;5.7;999.9;35.9;19.0;0.0;999.9;0;0;0;0;0;0
San_Juan_Aero_II;873110;20130124;28.4;8;14.1;8;1003.4;8;938.1;8;14.3;8;2.9;8;5.7;999.9;37.2;19.5;8.9;999.9;0;0;0;0;1;0
San_Juan_Aero_II;873110;20130125;26.3;8;8.6;8;1009.5;8;943.7;8;17.5;8;6.1;8;9.3;999.9;38.0;18.9;0.0;999.9;0;0;0;0;0;0
San_Juan_Aero_II;873110;20130126;25.2;8;11.3;8;1009.7;8;943.2;8;18.8;8;2.8;8;4.1;999.9;32.5;17.0;0.0;999.9;0;0;0;0;0;0
San_Juan_Aero_II;873110;20130127;29.6;8;13.1;8;1006.2;8;940.9;8;17.5;8;4.4;8;8.7;999.9;34.6;22.6;0.0;999.9;0;0;0;0;0;0
San_Juan_Aero_II;873110;20130128;26.0;8;14.0;8;1011.1;8;945.1;8;16.3;8;4.1;8;7.2;999.9;35.5;20.6;0.0;999.9;0;0;0;0;0;0
San_Juan_Aero_II;873110;20130129;25.4;8;13.3;8;1012.3;8;945.6;8;15.0;8;5.5;8;11.8;999.9;34.0;19.2;0.0;999.9;0;0;0;0;0;0
San_Juan_Aero_II;873110;20130130;28.4;8;14.3;8;1008.1;8;942.4;8;17.5;8;3.2;8;5.1;999.9;34.4;20.6;0.0;999.9;0;0;0;0;0;0
San_Juan_Aero_II;873110;20130131;26.5;7;16.3;7;1006.3;7;940.5;7;16.4;7;7.4;7;10.3;999.9;36.3;19.0;0.0;999.9;0;0;0;0;1;0
San_Juan_Aero_II;873110;20130201;29.3;8;16.7;8;1002.0;8;936.9;8;17.5;8;3.4;8;6.2;999.9;38.2;20.0;0.0;999.9;0;0;0;0;0;0
San_Juan_Aero_II;873110;20130202;28.8;8;9.7;8;1009.8;8;944.4;8;15.0;8;7.7;8;13.4;999.9;39.0;23.0;0.0;999.9;0;0;0;0;0;0
San_Juan_Aero_II;873110;20130203;25.4;8;9.2;8;1013.9;8;947.4;8;15.0;8;2.4;8;6.2;999.9;34.3;17.2;0.0;999.9;0;0;0;0;0;0
San_Juan_Aero_II;873110;20130204;28.4;8;14.2;8;1006.0;8;940.5;8;15.0;8;2.5;8;7.7;999.9;37.2;19.5;0.0;999.9;0;0;0;0;0;0
San_Juan_Aero_II;873110;20130205;31.1;8;15.4;8;1004.7;8;939.9;8;16.3;8;3.1;8;7.2;999.9;38.6;21.4;0.0;999.9;0;0;0;0;0;0
San_Juan_Aero_II;873110;20130206;30.4;8;14.8;8;1006.8;8;941.8;8;16.3;8;3.9;8;7.7;999.9;39.2;22.8;0.0;999.9;0;0;0;0;0;0
San_Juan_Aero_II;873110;20130207;30.1;8;15.3;8;1008.2;8;943.0;8;17.5;8;2.6;8;4.1;999.9;37.5;23.7;0.0;999.9;0;0;0;0;0;0
San_Juan_Aero_II;873110;20130208;31.2;8;11.2;8;1004.3;8;939.6;8;15.0;8;1.1;8;4.1;999.9;38.0;24.1;0.0;999.9;0;0;0;0;0;0
San_Juan_Aero_II;873110;20130209;28.8;7;14.1;7;1003.9;7;938.9;7;15.0;7;2.9;7;8.7;999.9;37.5;21.4;0.0;999.9;0;0;0;0;0;0
San_Juan_Aero_II;873110;20130210;25.1;8;15.3;8;1005.9;8;940.0;8;14.2;8;4.9;8;10.3;999.9;37.0;19.1;5.1;999.9;0;1;0;0;1;0
San_Juan_Aero_II;873110;20130211;26.6;8;14.1;8;1007.8;8;941.7;8;17.5;8;4.1;8;10.3;999.9;34.8;18.4;0.0;999.9;0;0;0;0;0;0
San_Juan_Aero_II;873110;20130212;28.7;7;12.7;7;1000.5;7;935.5;7;17.2;7;3.4;7;7.7;999.9;36.4;20.6;0.0;999.9;0;0;0;0;0;0
San_Juan_Aero_II;873110;20130213;28.6;8;12.9;8;1002.7;8;937.1;8;15.0;8;5.3;8;8.7;999.9;37.0;21.3;0.0;999.9;0;0;0;0;0;0
San_Juan_Aero_II;873110;20130214;28.6;8;13.3;8;1006.7;8;941.2;7;15.0;8;4.8;8;6.7;999.9;35.0;23.2;0.0;999.9;0;0;0;0;0;0
San_Juan_Aero_II;873110;20130215;30.1;8;14.4;8;1004.9;8;939.8;8;16.3;8;3.8;8;7.7;999.9;37.4;23.4;0.0;999.9;0;0;0;0;0;0
San_Juan_Aero_II;873110;20130216;27.7;8;14.5;8;1000.5;8;935.5;8;18.8;8;4.4;8;10.3;999.9;37.6;18.4;0.0;999.9;0;0;0;0;0;0
San_Juan_Aero_II;873110;20130217;25.6;8;10.6;8;1005.1;8;939.5;8;17.2;8;8.9;8;13.9;999.9;37.8;20.7;0.0;999.9;0;0;0;0;0;0
San_Juan_Aero_II;873110;20130218;20.1;8;1.3;8;1016.8;8;949.0;8;15.0;8;5.0;8;6.7;999.9;26.4;14.2;0.0;999.9;0;0;0;0;0;0
San_Juan_Aero_II;873110;20130219;20.5;8;3.2;8;1014.1;8;946.4;8;15.0;8;3.2;8;5.1;999.9;28.2;12.9;0.0;999.9;0;0;0;0;0;0
San_Juan_Aero_II;873110;20130220;22.3;8;9.9;8;1011.5;8;944.4;8;15.0;8;4.9;8;8.7;999.9;29.6;15.3;0.0;999.9;0;0;0;0;0;0
San_Juan_Aero_II;873110;20130221;25.5;8;11.3;8;1012.1;8;944.4;8;15.0;8;3.5;8;5.7;999.9;33.0;18.5;0.0;999.9;0;0;0;0;0;0
San_Juan_Aero_II;873110;20130222;27.2;8;13.2;8;1006.8;8;941.0;8;16.9;8;3.0;8;5.7;999.9;35.0;18.6;0.0;999.9;0;0;0;0;0;0
San_Juan_Aero_II;873110;20130223;27.3;8;15.4;8;1003.1;8;937.8;8;15.0;8;3.6;8;6.7;999.9;36.0;18.9;0.0;999.9;0;0;0;0;0;0
San_Juan_Aero_II;873110;20130224;25.7;8;10.4;8;1007.8;8;941.9;8;13.2;8;6.9;8;12.9;999.9;35.4;20.0;0.0;999.9;0;0;0;0;0;0
San_Juan_Aero_II;873110;20130225;23.7;8;4.4;8;1013.0;8;946.6;8;15.0;8;5.1;8;6.7;999.9;29.0;16.0;0.0;999.9;0;0;0;0;0;0
San_Juan_Aero_II;873110;20130226;22.5;8;6.2;8;1012.6;8;945.5;8;16.3;8;3.9;8;6.2;999.9;30.2;14.0;0.0;999.9;0;0;0;0;0;0
San_Juan_Aero_II;873110;20130227;25.4;8;10.4;8;1007.5;8;941.1;8;18.8;8;2.4;8;6.2;999.9;35.8;15.4;0.0;999.9;0;0;0;0;0;0
San_Juan_Aero_II;873110;20130228;27.4;8;12.7;8;1001.8;8;936.4;8;17.5;8;3.3;8;5.1;999.9;36.4;16.8;0.0;999.9;0;0;0;0;0;0
San_Juan_Aero_II;873110;20130301;26.7;8;13.0;8;998.6;8;933.4;8;15.0;8;5.7;8;10.8;999.9;37.5;18.8;0.0;999.9;0;0;0;0;0;0
San_Juan_Aero_II;873110;20130302;21.6;8;7.4;8;1011.7;8;944.8;8;15.0;8;6.9;8;11.8;999.9;32.7;16.5;0.0;999.9;0;0;0;0;0;0
San_Juan_Aero_II;873110;20130303;20.1;8;5.7;8;1016.9;8;949.1;8;15.0;8;6.2;8;9.3;999.9;27.3;12.6;0.0;999.9;0;0;0;0;0;0
San_Juan_Aero_II;873110;20130304;21.9;8;6.8;8;1015.3;8;947.7;8;15.0;8;3.1;8;7.2;999.9;29.0;14.8;0.0;999.9;0;0;0;0;0;0
San_Juan_Aero_II;873110;20130305;23.8;8;8.3;8;1008.9;8;942.1;8;15.0;8;2.6;8;4.1;999.9;32.5;13.5;0.0;999.9;0;0;0;0;0;0
San_Juan_Aero_II;873110;20130306;24.6;7;8.9;7;1002.9;7;936.9;7;15.0;7;3.6;7;6.7;999.9;34.5;15.0;0.0;999.9;0;0;0;0;0;0
San_Juan_Aero_II;873110;20130307;23.9;8;6.6;8;1007.2;8;941.1;8;15.0;8;5.3;8;8.2;999.9;34.9;17.2;0.0;999.9;0;0;0;0;0;0
San_Juan_Aero_II;873110;20130308;23.4;8;10.3;8;1008.7;8;941.9;8;15.0;8;3.1;8;7.7;999.9;31.8;15.4;0.0;999.9;0;0;0;0;0;0
San_Juan_Aero_II;873110;20130309;26.7;8;13.4;8;1004.6;8;938.7;8;15.0;8;1.8;8;3.6;999.9;36.1;17.5;0.0;999.9;0;0;0;0;0;0
San_Juan_Aero_II;873110;20130310;27.8;8;11.9;8;1006.5;8;941.1;8;13.7;8;7.9;8;12.3;999.9;37.0;22.8;0.0;999.9;0;0;0;0;0;0
San_Juan_Aero_II;873110;20130311;22.2;7;8.3;7;1004.5;7;938.1;7;15.0;7;4.2;7;11.3;999.9;31.4;14.2;0.0;999.9;0;0;0;0;0;0
San_Juan_Aero_II;873110;20130312;25.1;8;6.6;8;1007.4;8;941.3;8;15.0;8;5.6;8;9.8;999.9;32.6;16.9;0.0;999.9;0;0;0;0;0;0
San_Juan_Aero_II;873110;20130313;21.1;8;6.0;8;1012.0;8;945.0;8;15.0;8;7.8;8;11.8;999.9;31.2;17.8;0.0;999.9;0;0;0;0;0;0
San_Juan_Aero_II;873110;20130314;11.6;8;8.4;8;1020.9;8;951.3;8;11.3;8;5.6;8;8.7;999.9;23.0;9.0;0.0;999.9;0;1;0;0;0;0
San_Juan_Aero_II;873110;20130315;13.3;8;8.6;8;1023.0;8;953.0;8;13.7;8;4.0;8;5.7;999.9;16.0;9.7;0.0;999.9;0;1;0;0;0;0
San_Juan_Aero_II;873110;20130316;15.3;8;10.1;8;1021.2;8;951.7;8;16.3;8;3.9;8;7.7;999.9;21.6;11.2;0.0;999.9;0;0;0;0;0;0
San_Juan_Aero_II;873110;20130317;18.8;8;11.4;8;1019.2;8;950.6;8;18.8;8;2.9;8;6.2;999.9;25.6;13.2;0.0;999.9;0;0;0;0;0;0
San_Juan_Aero_II;873110;20130318;19.7;8;10.8;8;1015.8;8;947.9;8;18.8;8;2.8;8;5.7;999.9;27.3;13.1;0.0;999.9;0;0;0;0;0;0
San_Juan_Aero_II;873110;20130319;20.9;8;9.6;8;1013.4;8;945.8;8;15.0;8;3.4;8;7.2;999.9;26.7;13.6;0.0;999.9;0;0;0;0;0;0
San_Juan_Aero_II;873110;20130320;20.3;8;9.5;8;1009.8;8;942.4;8;15.0;8;2.1;8;3.6;999.9;28.5;12.2;0.0;999.9;0;0;0;0;0;0
San_Juan_Aero_II;873110;20130321;20.7;8;8.3;8;1011.2;8;943.9;8;16.3;8;4.8;8;10.3;999.9;29.5;13.6;0.0;999.9;0;0;0;0;0;0
San_Juan_Aero_II;873110;20130322;20.5;8;7.6;8;1013.4;8;945.8;8;16.3;8;3.7;8;5.1;999.9;27.8;13.0;0.0;999.9;0;0;0;0;0;0
San_Juan_Aero_II;873110;20130323;22.4;8;10.2;8;1013.1;8;945.7;8;18.8;8;1.6;8;3.6;999.9;29.7;13.8;0.0;999.9;0;0;0;0;0;0
San_Juan_Aero_II;873110;20130324;23.6;8;11.9;8;1007.9;8;941.4;8;15.0;8;3.2;8;7.2;999.9;31.2;16.5;0.0;999.9;0;0;0;0;1;0
San_Juan_Aero_II;873110;20130325;21.7;8;8.0;8;1012.0;8;945.0;8;15.0;8;6.1;8;9.8;999.9;31.5;17.0;0.0;999.9;0;0;0;0;0;0
San_Juan_Aero_II;873110;20130326;20.1;8;5.8;8;1018.3;8;950.1;8;15.0;8;2.0;8;3.6;999.9;29.2;10.1;0.0;999.9;0;0;0;0;0;0
San_Juan_Aero_II;873110;20130327;22.8;8;10.0;8;1014.8;8;947.5;8;16.3;8;2.2;8;5.1;999.9;31.4;14.0;0.0;999.9;0;0;0;0;0;0
San_Juan_Aero_II;873110;20130328;23.3;8;10.2;8;1013.5;7;946.6;7;16.3;8;2.2;8;4.1;999.9;30.9;14.1;0.0;999.9;0;0;0;0;0;0
San_Juan_Aero_II;873110;20130329;24.5;8;9.6;8;1009.8;8;943.4;8;17.5;8;2.8;8;4.1;999.9;32.6;13.7;0.0;999.9;0;0;0;0;0;0
San_Juan_Aero_II;873110;20130330;23.0;8;10.3;8;1007.6;8;941.0;8;15.0;8;2.7;8;5.7;999.9;32.7;13.5;0.0;999.9;0;0;0;0;0;0
San_Juan_Aero_II;873110;20130331;19.6;8;11.4;8;1013.1;7;945.7;7;13.2;8;8.8;8;15.4;999.9;32.2;16.1;999.9;999.9;0;1;0;0;1;0
San_Juan_Aero_II;873110;20130401;15.8;8;10.0;8;1018.8;8;949.8;8;15.3;8;6.2;8;9.3;999.9;21.0;12.0;24.9;999.9;0;1;0;0;0;0
San_Juan_Aero_II;873110;20130402;15.8;8;9.6;8;1019.7;8;950.7;8;15.6;8;3.9;8;5.1;999.9;20.7;12.0;1.0;999.9;0;1;0;0;0;0
San_Juan_Aero_II;873110;20130403;14.1;8;7.8;8;1020.2;8;950.7;8;17.5;8;3.3;8;7.7;999.9;21.2;8.2;0.0;999.9;0;0;0;0;0;0
San_Juan_Aero_II;873110;20130404;16.7;8;6.8;8;1012.5;8;943.9;8;15.0;8;1.6;8;3.1;999.9;27.0;6.6;0.0;999.9;0;0;0;0;0;0
San_Juan_Aero_II;873110;20130405;18.8;8;6.9;8;1006.1;8;938.5;8;15.0;8;2.5;8;6.2;999.9;28.2;9.4;0.0;999.9;0;0;0;0;0;0
San_Juan_Aero_II;873110;20130406;20.6;8;5.2;8;1009.5;8;942.5;8;16.3;8;6.7;8;11.3;999.9;30.2;14.0;0.0;999.9;0;0;0;0;0;0
San_Juan_Aero_II;873110;20130407;16.2;8;4.1;8;1016.1;8;947.5;8;16.3;8;2.8;8;5.1;999.9;24.8;6.0;0.0;999.9;0;0;0;0;0;0
San_Juan_Aero_II;873110;20130408;18.3;8;5.7;8;1015.7;8;947.3;8;17.5;8;1.8;8;4.1;999.9;27.6;9.6;0.0;999.9;0;0;0;0;0;0
San_Juan_Aero_II;873110;20130409;20.0;8;10.0;8;1009.6;8;942.1;8;15.0;8;1.2;8;3.6;999.9;28.6;10.6;0.0;999.9;0;0;0;0;0;0
San_Juan_Aero_II;873110;20130410;21.0;8;8.9;8;1006.1;8;939.1;8;15.0;8;3.4;8;6.2;999.9;29.8;14.2;0.0;999.9;0;0;0;0;0;0
San_Juan_Aero_II;873110;20130411;18.9;8;8.4;8;1007.3;8;940.0;8;14.2;8;6.4;8;12.3;999.9;29.0;11.7;0.0;999.9;0;0;0;0;0;0
San_Juan_Aero_II;873110;20130412;14.9;8;1.0;8;1018.8;8;949.8;8;16.3;8;4.8;8;7.7;999.9;25.1;11.4;0.0;999.9;0;0;0;0;0;0
San_Juan_Aero_II;873110;20130413;13.0;8;-0.4;8;1019.5;8;949.8;8;16.3;8;2.7;8;5.1;999.9;21.1;5.2;0.0;999.9;0;0;0;0;0;0
San_Juan_Aero_II;873110;20130414;15.9;8;5.3;8;1016.6;8;947.5;8;17.5;8;1.6;8;4.1;999.9;26.3;6.2;0.0;999.9;0;0;0;0;0;0
San_Juan_Aero_II;873110;20130415;18.3;8;6.8;8;1016.0;8;947.6;8;15.0;8;0.9;8;3.6;999.9;29.2;7.8;0.0;999.9;0;0;0;0;0;0
San_Juan_Aero_II;873110;20130416;19.8;8;8.8;8;1013.9;8;946.1;8;15.0;8;1.1;8;2.6;999.9;29.8;10.6;0.0;999.9;0;0;0;0;0;0
San_Juan_Aero_II;873110;20130417;20.7;8;9.1;8;1012.7;8;945.2;8;15.0;8;1.9;8;3.6;999.9;30.9;10.5;0.0;999.9;0;0;0;0;0;0
San_Juan_Aero_II;873110;20130418;21.2;8;9.0;8;1011.2;8;943.9;8;14.2;8;1.8;8;3.1;999.9;32.5;11.0;0.0;999.9;0;0;0;0;0;0
San_Juan_Aero_II;873110;20130419;20.9;8;8.3;8;1011.3;8;943.9;8;16.3;8;1.9;8;4.1;999.9;31.8;11.0;0.0;999.9;0;0;0;0;0;0
San_Juan_Aero_II;873110;20130420;20.8;8;8.6;8;1011.1;8;943.7;8;17.5;8;1.4;8;3.1;999.9;31.2;13.0;0.0;999.9;0;0;0;0;0;0
San_Juan_Aero_II;873110;20130421;20.7;8;9.2;8;1012.0;8;944.5;8;15.0;8;1.6;8;3.6;999.9;31.0;12.4;0.0;999.9;0;0;0;0;0;0
San_Juan_Aero_II;873110;20130422;20.9;8;9.7;8;1012.5;8;945.1;8;15.0;8;3.1;8;5.1;999.9;31.0;11.9;0.0;999.9;0;0;0;0;0;0
San_Juan_Aero_II;873110;20130423;20.7;8;10.6;8;1014.8;8;947.2;8;15.0;8;2.8;8;4.6;999.9;31.0;13.4;0.0;999.9;0;0;0;0;0;0
San_Juan_Aero_II;873110;20130424;21.3;8;10.3;8;1012.1;8;944.7;8;13.2;8;1.4;8;3.1;999.9;30.2;12.3;0.0;999.9;0;0;0;0;0;0
San_Juan_Aero_II;873110;20130425;20.9;8;10.1;8;1009.5;8;942.3;8;15.0;8;2.7;8;6.2;999.9;31.0;12.4;0.0;999.9;0;0;0;0;0;0
San_Juan_Aero_II;873110;20130426;21.8;8;10.9;8;1006.3;8;939.5;8;15.0;8;4.3;8;7.7;999.9;30.6;13.6;0.0;999.9;0;0;0;0;0;0
San_Juan_Aero_II;873110;20130427;17.0;8;8.9;8;1013.1;8;945.0;8;15.0;8;4.7;8;9.3;999.9;29.5;10.8;0.0;999.9;0;0;0;0;0;0
San_Juan_Aero_II;873110;20130428;15.4;8;7.8;8;1015.1;8;946.3;8;15.0;8;2.2;8;3.6;999.9;23.0;8.3;0.0;999.9;0;0;0;0;0;0
San_Juan_Aero_II;873110;20130429;15.6;8;5.6;8;1014.2;8;945.4;8;15.0;8;1.9;8;2.6;999.9;24.5;7.0;0.0;999.9;0;0;0;0;0;0
San_Juan_Aero_II;873110;20130430;15.9;8;6.8;8;1012.0;8;943.6;8;14.2;8;2.4;8;4.6;999.9;24.9;7.1;0.0;999.9;0;0;0;0;0;0
San_Juan_Aero_II;873110;20130501;17.3;7;8.7;7;1007.8;7;940.0;7;14.8;7;1.9;7;5.1;999.9;26.4;8.8;0.0;999.9;0;0;0;0;0;0
San_Juan_Aero_II;873110;20130502;18.9;8;12.3;8;1010.1;8;942.5;8;15.0;8;5.3;8;7.2;999.9;28.0;8.8;0.0;999.9;0;0;0;0;0;0
San_Juan_Aero_II;873110;20130503;15.4;8;11.0;8;1013.0;8;944.4;8;13.7;8;3.0;8;6.2;999.9;23.4;10.0;0.0;999.9;0;0;0;0;0;0
San_Juan_Aero_II;873110;20130504;14.7;8;8.9;8;1016.9;7;947.8;7;13.0;8;1.9;8;3.6;999.9;22.8;6.3;0.0;999.9;0;0;0;0;0;0
San_Juan_Aero_II;873110;20130505;15.3;8;7.7;8;1021.2;8;951.9;8;15.0;8;1.9;8;4.1;999.9;24.5;7.5;0.0;999.9;0;0;0;0;0;0
San_Juan_Aero_II;873110;20130506;14.9;7;6.9;7;1016.8;7;947.9;7;13.4;7;4.0;7;10.3;999.9;25.6;8.2;0.0;999.9;0;0;0;0;0;0
San_Juan_Aero_II;873110;20130507;17.1;8;1.4;8;1020.9;8;952.0;8;15.6;8;3.6;8;6.2;999.9;26.5;7.5;0.0;999.9;0;0;0;0;0;0
San_Juan_Aero_II;873110;20130508;14.4;7;5.9;7;1011.6;7;943.1;7;15.0;7;1.9;7;6.2;999.9;25.2;6.9;0.0;999.9;0;0;0;0;0;0
San_Juan_Aero_II;873110;20130509;16.8;8;5.1;8;1010.3;8;942.2;8;15.0;8;2.6;8;5.7;999.9;26.8;8.2;0.0;999.9;0;0;0;0;0;0
San_Juan_Aero_II;873110;20130510;16.6;8;6.5;8;1007.6;8;939.5;8;15.0;8;2.1;8;6.7;999.9;27.2;6.0;0.0;999.9;0;0;0;0;0;0
San_Juan_Aero_II;873110;20130511;18.1;8;4.8;8;1015.6;8;947.3;8;15.0;8;3.9;8;10.8;999.9;28.6;6.2;0.0;999.9;0;0;0;0;0;0
San_Juan_Aero_II;873110;20130512;11.1;5;2.6;5;1015.8;5;946.0;5;15.0;5;2.2;5;6.2;999.9;20.7;5.2;0.0;999.9;0;0;0;0;0;0
San_Juan_Aero_II;873110;20130513;13.9;8;3.0;8;1014.8;8;945.7;8;15.0;8;2.9;8;5.1;999.9;22.8;6.5;0.0;999.9;0;0;0;0;0;0
San_Juan_Aero_II;873110;20130514;11.4;8;4.1;8;1014.0;8;944.4;8;15.0;8;3.6;8;6.7;999.9;20.6;4.8;0.0;999.9;0;0;0;0;0;0
San_Juan_Aero_II;873110;20130515;11.6;8;-1.9;8;1022.5;8;952.4;8;15.0;8;4.7;8;8.7;999.9;18.8;5.8;0.0;999.9;0;0;0;0;0;0
San_Juan_Aero_II;873110;20130516;8.1;8;-2.5;8;1024.9;8;953.7;8;14.2;8;1.9;8;4.1;999.9;16.0;-1.5;0.0;999.9;0;0;0;0;0;0
San_Juan_Aero_II;873110;20130517;7.1;8;-2.1;8;1020.9;8;949.8;8;15.0;8;1.9;8;3.1;999.9;16.6;-0.5;0.0;999.9;0;0;0;0;0;0
San_Juan_Aero_II;873110;20130518;12.3;8;2.0;8;1018.1;8;948.1;8;15.0;8;2.8;8;5.1;999.9;17.3;0.8;0.0;999.9;0;0;0;0;0;0
San_Juan_Aero_II;873110;20130519;12.3;8;4.9;8;1023.1;8;953.0;8;15.6;8;2.1;8;4.6;999.9;18.2;5.0;0.0;999.9;0;0;0;0;0;0
San_Juan_Aero_II;873110;20130520;10.9;8;2.8;8;1019.4;8;949.2;8;15.0;8;2.0;8;3.6;999.9;20.8;1.7;0.0;999.9;0;0;0;0;0;0
San_Juan_Aero_II;873110;20130521;10.9;8;2.8;8;1016.6;8;946.6;8;15.0;8;3.4;8;5.7;999.9;22.1;2.0;0.0;999.9;0;0;0;0;0;0
San_Juan_Aero_II;873110;20130522;10.7;8;3.7;8;1021.4;8;951.0;8;15.0;8;1.8;8;3.6;999.9;19.8;2.5;0.0;999.9;0;0;0;0;0;0
San_Juan_Aero_II;873110;20130523;11.1;8;3.0;8;1018.4;8;948.3;8;12.9;8;1.6;8;3.1;999.9;21.8;1.3;0.0;999.9;0;0;0;0;0;0
San_Juan_Aero_II;873110;20130524;11.5;8;3.1;8;1020.9;8;950.8;8;13.2;8;2.3;8;5.7;999.9;23.2;1.6;0.0;999.9;0;0;0;0;0;0
San_Juan_Aero_II;873110;20130525;11.2;8;2.7;8;1016.3;8;946.4;8;14.6;8;1.4;8;3.6;999.9;21.8;2.5;0.0;999.9;0;0;0;0;0;0
San_Juan_Aero_II;873110;20130526;11.3;8;2.5;8;1012.3;8;942.5;8;13.7;8;1.5;8;3.1;999.9;22.0;0.6;0.0;999.9;0;0;0;0;0;0
San_Juan_Aero_II;873110;20130527;14.9;9;-1.8;9;1005.7;8;936.9;8;11.1;9;4.5;9;11.3;999.9;28.0;2.8;0.0;999.9;0;0;0;0;0;0
San_Juan_Aero_II;873110;20130528;18.8;8;-1.2;8;999.2;8;932.2;8;13.5;8;3.5;8;6.7;999.9;29.2;7.8;0.0;999.9;0;0;0;0;0;0
San_Juan_Aero_II;873110;20130529;11.6;8;2.0;8;1012.7;8;943.4;8;13.5;8;3.1;8;11.3;999.9;26.6;2.1;0.0;999.9;0;0;0;0;0;0
San_Juan_Aero_II;873110;20130530;11.5;8;0.8;8;1014.1;8;944.4;8;15.0;8;2.2;8;5.1;999.9;20.5;2.5;0.0;999.9;0;0;0;0;0;0
San_Juan_Aero_II;873110;20130531;17.6;8;-4.7;8;1004.7;8;936.4;8;14.2;8;4.4;8;9.3;999.9;26.9;4.0;0.0;999.9;0;0;0;0;0;0
San_Juan_Aero_II;873110;20130601;16.9;8;-6.4;8;1009.2;7;941.3;7;15.0;8;3.5;8;7.7;999.9;26.8;6.0;0.0;999.9;0;0;0;0;0;0
San_Juan_Aero_II;873110;20130602;14.5;8;-0.9;7;1017.0;7;947.8;8;15.0;8;3.8;8;7.7;999.9;27.2;5.0;0.0;999.9;0;0;0;0;0;0
San_Juan_Aero_II;873110;20130603;11.6;8;-1.3;8;1020.0;8;950.0;8;15.0;8;1.8;8;5.1;999.9;23.6;1.8;0.0;999.9;0;0;0;0;0;0
San_Juan_Aero_II;873110;20130604;13.7;8;0.3;8;1016.9;8;947.3;8;15.0;8;2.6;8;6.7;999.9;24.6;2.0;0.0;999.9;0;0;0;0;0;0
San_Juan_Aero_II;873110;20130605;13.3;8;0.2;8;1012.9;8;943.9;8;14.3;8;3.7;8;6.7;999.9;25.9;5.2;0.0;999.9;0;0;0;0;0;0
San_Juan_Aero_II;873110;20130606;11.1;7;-2.1;7;1020.1;7;950.2;7;15.0;7;1.9;7;3.1;999.9;18.9;3.3;0.0;999.9;0;0;0;0;0;0
San_Juan_Aero_II;873110;20130607;10.3;8;-3.1;8;1016.7;8;946.5;8;15.0;8;3.0;8;7.7;999.9;20.8;1.4;0.0;999.9;0;0;0;0;0;0
San_Juan_Aero_II;873110;20130608;10.8;8;-1.4;8;1021.8;8;951.5;8;15.0;8;1.5;8;3.6;999.9;20.8;1.2;0.0;999.9;0;0;0;0;0;0
San_Juan_Aero_II;873110;20130609;10.9;7;-0.7;7;1018.6;7;948.5;7;15.0;7;1.8;7;4.1;999.9;19.4;2.7;0.0;999.9;0;0;0;0;0;0
San_Juan_Aero_II;873110;20130610;11.6;8;1.7;8;1018.4;8;948.4;8;15.0;8;1.5;8;3.1;999.9;21.4;1.3;0.0;999.9;0;0;0;0;0;0
San_Juan_Aero_II;873110;20130611;12.2;8;0.8;8;1017.5;8;947.6;8;13.5;8;1.8;8;4.1;999.9;22.8;0.9;0.0;999.9;0;0;0;0;0;0
San_Juan_Aero_II;873110;20130612;13.3;8;0.7;8;1016.8;8;947.3;8;14.3;8;2.2;8;4.1;999.9;24.8;2.0;0.0;999.9;0;0;0;0;0;0
San_Juan_Aero_II;873110;20130613;13.2;8;1.2;8;1016.3;8;946.8;8;15.0;8;2.2;8;3.6;999.9;23.8;3.7;0.0;999.9;0;0;0;0;0;0
San_Juan_Aero_II;873110;20130614;12.8;8;4.2;8;1019.8;8;950.1;8;15.0;8;2.5;8;5.1;999.9;24.0;4.5;0.0;999.9;0;0;0;0;0;0
San_Juan_Aero_II;873110;20130615;11.6;8;5.2;8;1014.2;8;944.6;8;15.0;8;1.9;8;3.6;999.9;23.8;3.1;0.0;999.9;0;0;0;0;0;0
San_Juan_Aero_II;873110;20130616;10.9;8;3.2;8;1016.7;8;946.8;8;13.5;8;5.2;8;12.3;999.9;21.2;3.6;0.0;999.9;0;1;0;0;0;0
San_Juan_Aero_II;873110;20130617;10.1;8;-2.8;8;1018.2;8;947.9;8;15.0;8;1.3;8;3.1;999.9;14.5;6.0;0.0;999.9;0;0;0;0;0;0
San_Juan_Aero_II;873110;20130618;7.2;7;-2.2;7;1015.8;7;944.9;7;15.8;7;4.0;7;12.9;999.9;15.2;-2.9;0.0;999.9;0;0;0;0;0;0
San_Juan_Aero_II;873110;20130619;8.3;8;-9.7;8;1024.8;8;953.7;8;15.0;8;4.4;8;7.2;999.9;16.7;-2.1;0.0;999.9;0;0;0;0;0;0
San_Juan_Aero_II;873110;20130620;7.0;8;-7.7;8;1023.8;8;952.3;8;15.0;8;1.9;8;5.1;999.9;14.4;-2.0;0.0;999.9;0;0;0;0;0;0
San_Juan_Aero_II;873110;20130621;6.4;7;-4.9;7;1016.6;7;945.6;7;14.2;7;3.9;7;9.3;999.9;20.4;-1.6;0.0;999.9;0;0;0;0;0;0
San_Juan_Aero_II;873110;20130622;10.4;8;-6.3;8;1013.2;8;943.4;8;15.0;8;5.1;8;10.3;999.9;22.0;2.0;0.0;999.9;0;0;0;0;0;0
San_Juan_Aero_II;873110;20130623;10.6;8;-1.4;8;1020.5;8;950.1;8;16.3;8;3.8;8;5.1;999.9;18.4;6.3;0.0;999.9;0;0;0;0;0;0
San_Juan_Aero_II;873110;20130624;7.7;8;-0.8;8;1021.8;8;950.8;8;14.8;8;1.3;8;2.6;999.9;15.7;1.0;0.0;999.9;0;0;0;0;0;0
San_Juan_Aero_II;873110;20130625;8.0;8;-1.8;8;1019.2;8;948.3;8;14.2;8;2.5;8;3.1;999.9;17.2;-0.2;0.0;999.9;0;0;0;0;0;0
San_Juan_Aero_II;873110;20130626;7.6;8;-1.2;8;1016.5;8;945.8;8;15.0;8;1.5;8;3.6;999.9;18.6;-0.3;0.0;999.9;0;0;0;0;0;0
San_Juan_Aero_II;873110;20130627;14.1;9;-5.3;9;1009.7;8;939.9;8;10.3;9;8.4;9;15.4;17.5;27.0;1.5;0.0;999.9;0;0;0;0;0;0
San_Juan_Aero_II;873110;20130628;16.9;8;-3.7;8;1007.8;8;939.9;8;15.0;8;4.3;8;7.7;999.9;28.0;5.8;0.0;999.9;0;0;0;0;0;0
San_Juan_Aero_II;873110;20130629;11.1;8;-2.8;8;1014.6;8;945.0;8;13.8;8;3.6;8;6.7;999.9;25.9;0.4;0.0;999.9;0;0;0;0;0;0
San_Juan_Aero_II;873110;20130630;7.4;7;-4.9;6;1020.4;7;949.9;7;15.8;7;3.6;7;7.2;999.9;13.0;1.0;0.0;999.9;0;0;0;0;0;0
San_Juan_Aero_II;873110;20130701;6.2;8;-4.8;8;1023.2;8;951.6;8;12.9;8;1.9;8;4.1;999.9;15.6;-2.4;0.0;999.9;0;0;0;0;0;0
San_Juan_Aero_II;873110;20130702;7.2;7;-4.0;7;1010.5;7;940.3;7;15.0;7;2.7;7;4.1;999.9;14.4;1.0;0.0;999.9;0;0;0;0;0;0
San_Juan_Aero_II;873110;20130703;7.4;8;-1.8;8;1007.6;8;937.2;8;13.2;8;2.8;8;10.3;999.9;18.4;-3.6;0.0;999.9;0;0;0;0;0;0
San_Juan_Aero_II;873110;20130704;11.2;8;0.2;8;1016.7;8;946.7;8;15.0;8;4.5;8;6.7;999.9;19.6;-1.8;0.0;999.9;0;0;0;0;0;0
San_Juan_Aero_II;873110;20130705;7.4;8;-1.0;8;1016.2;7;945.5;7;15.0;8;2.7;8;4.6;999.9;16.0;-0.5;0.0;999.9;0;0;0;0;0;0
San_Juan_Aero_II;873110;20130706;7.1;7;-1.1;7;1021.0;7;949.9;7;15.0;7;3.8;7;6.2;999.9;14.6;0.2;0.0;999.9;0;0;0;0;0;0
San_Juan_Aero_II;873110;20130707;5.4;8;-0.3;8;1027.7;8;955.5;8;15.0;8;3.2;8;6.7;999.9;12.6;0.0;0.0;999.9;0;0;0;0;0;0
San_Juan_Aero_II;873110;20130708;7.7;8;1.4;8;1025.9;8;954.4;8;15.0;8;1.8;8;4.1;999.9;12.8;4.3;0.0;999.9;0;0;0;0;0;0
San_Juan_Aero_II;873110;20130709;6.1;8;-0.5;8;1017.6;8;946.4;8;14.8;8;2.6;8;4.6;999.9;14.5;-1.8;0.0;999.9;0;0;0;0;0;0
San_Juan_Aero_II;873110;20130710;7.4;9;-0.7;9;1014.6;9;943.7;9;13.2;9;3.6;9;7.2;999.9;15.5;-1.4;0.0;999.9;0;0;0;0;0;0
San_Juan_Aero_II;873110;20130711;9.5;9;2.0;9;1016.4;9;946.1;9;15.0;9;3.2;9;5.1;999.9;17.6;-1.4;0.0;999.9;0;0;0;0;0;0
San_Juan_Aero_II;873110;20130712;11.0;8;1.9;8;1022.3;8;951.8;8;15.0;8;2.0;8;4.1;999.9;19.5;1.5;0.0;999.9;0;0;0;0;0;0
San_Juan_Aero_II;873110;20130713;10.3;8;1.6;8;1016.5;7;946.4;8;15.6;8;2.9;8;6.2;999.9;20.7;1.6;0.0;999.9;0;0;0;0;0;0
San_Juan_Aero_II;873110;20130714;10.7;8;-1.2;8;1020.7;8;950.4;8;15.0;8;4.0;8;6.2;999.9;21.0;3.0;0.0;999.9;0;0;0;0;0;0
San_Juan_Aero_II;873110;20130715;9.8;8;-2.7;8;1021.9;8;951.2;8;15.0;8;2.8;8;3.6;999.9;20.6;-0.4;0.0;999.9;0;0;0;0;0;0
San_Juan_Aero_II;873110;20130716;9.9;8;-1.1;8;1017.1;8;946.8;8;15.0;8;3.9;8;10.8;999.9;21.4;0.5;0.0;999.9;0;0;0;0;0;0
San_Juan_Aero_II;873110;20130717;15.6;8;-2.3;8;1011.3;8;942.0;7;15.0;8;5.1;8;7.2;999.9;26.8;0.9;0.0;999.9;0;0;0;0;0;0
San_Juan_Aero_II;873110;20130718;9.2;8;-3.8;8;1019.0;8;949.2;8;13.2;8;6.8;8;13.4;999.9;15.2;7.0;0.0;999.9;0;0;0;0;0;0
San_Juan_Aero_II;873110;20130719;4.4;8;-2.8;8;1025.1;8;953.1;8;15.0;8;3.6;8;5.1;999.9;7.6;2.8;0.0;999.9;0;0;0;0;0;0
San_Juan_Aero_II;873110;20130720;3.8;8;-4.4;8;1015.6;8;943.7;8;15.0;8;5.7;8;11.3;999.9;11.6;-2.4;0.0;999.9;0;0;0;0;0;0
San_Juan_Aero_II;873110;20130721;4.4;8;-8.1;8;1027.7;8;955.5;8;16.3;8;5.1;8;8.7;999.9;12.5;-0.6;0.0;999.9;0;0;0;0;0;0
San_Juan_Aero_II;873110;20130722;0.2;7;-9.0;7;1032.2;7;958.7;7;15.8;7;1.3;7;4.1;999.9;8.6;-8.5;0.0;999.9;0;0;0;0;0;0
San_Juan_Aero_II;873110;20130723;2.5;8;-9.6;8;1028.7;8;955.5;8;15.0;8;4.7;8;8.2;999.9;11.4;-8.0;0.0;999.9;0;0;0;0;0;0
San_Juan_Aero_II;873110;20130724;4.9;8;-11.8;8;1028.2;8;955.7;8;15.0;8;3.1;8;6.2;999.9;16.2;-5.8;0.0;999.9;0;0;0;0;0;0
San_Juan_Aero_II;873110;20130725;6.1;8;-10.1;8;1019.7;8;948.4;8;15.0;8;2.6;8;4.6;999.9;17.5;-4.3;0.0;999.9;0;0;0;0;0;0
San_Juan_Aero_II;873110;20130726;6.4;8;-9.5;8;1014.9;8;944.2;8;13.7;8;2.3;8;5.1;999.9;16.8;-4.0;0.0;999.9;0;0;0;0;0;0
San_Juan_Aero_II;873110;20130727;9.1;8;-6.9;8;1022.6;8;951.5;8;15.0;8;4.0;8;6.7;999.9;18.0;-3.8;0.0;999.9;0;0;0;0;0;0
San_Juan_Aero_II;873110;20130728;9.4;8;-3.6;8;1020.8;8;950.1;8;15.0;8;1.9;8;5.1;999.9;19.3;-1.0;0.0;999.9;0;0;0;0;0;0
San_Juan_Aero_II;873110;20130729;9.6;8;-4.3;8;1019.1;8;948.6;8;13.2;8;1.4;8;3.6;999.9;20.4;-1.0;0.0;999.9;0;0;0;0;0;0
San_Juan_Aero_II;873110;20130730;11.8;8;-3.8;8;1012.8;8;943.2;8;14.2;8;2.3;8;6.7;999.9;21.4;0.6;0.0;999.9;0;0;0;0;0;0
San_Juan_Aero_II;873110;20130731;13.1;8;0.1;8;1016.4;8;946.9;8;15.0;8;4.8;8;6.7;999.9;22.0;1.7;0.0;999.9;0;0;0;0;0;0
San_Juan_Aero_II;873110;20130801;10.6;7;-3.4;7;1019.0;7;948.9;7;15.0;7;4.2;7;8.2;999.9;16.4;4.6;0.0;999.9;0;0;0;0;0;0
San_Juan_Aero_II;873110;20130802;9.2;8;-5.0;8;1021.0;8;950.3;8;15.0;8;1.9;8;3.1;999.9;18.4;-0.5;0.0;999.9;0;0;0;0;0;0
San_Juan_Aero_II;873110;20130803;9.6;8;-6.5;8;1012.0;8;943.0;8;15.0;8;3.6;8;9.3;999.9;22.4;-0.4;0.0;999.9;0;0;0;0;0;0
San_Juan_Aero_II;873110;20130804;12.4;8;-7.7;8;1015.7;8;946.0;8;15.6;8;3.9;8;6.2;999.9;23.0;-0.3;0.0;999.9;0;0;0;0;0;0
San_Juan_Aero_II;873110;20130805;11.0;8;-2.9;8;1013.4;8;943.7;8;14.3;8;3.3;8;10.3;999.9;23.6;1.7;0.0;999.9;0;0;0;0;0;0
San_Juan_Aero_II;873110;20130806;14.3;8;-2.1;8;1012.9;8;943.9;8;15.0;8;3.9;8;9.3;999.9;25.2;2.4;0.0;999.9;0;0;0;0;0;0
San_Juan_Aero_II;873110;20130807;22.6;9;-7.5;9;999.7;8;932.7;8;9.8;9;9.4;9;20.1;22.1;30.0;9.7;0.0;999.9;0;0;0;0;0;0
San_Juan_Aero_II;873110;20130808;11.1;8;-2.2;8;1016.0;8;947.0;8;15.0;8;7.2;8;11.3;999.9;14.8;7.5;0.0;999.9;0;0;0;0;0;0
San_Juan_Aero_II;873110;20130809;9.3;8;-5.5;8;1029.4;8;958.2;8;15.0;8;3.1;8;7.2;999.9;14.2;3.4;0.0;999.9;0;0;0;0;0;0
San_Juan_Aero_II;873110;20130810;9.1;8;-6.8;8;1023.2;8;952.2;8;16.9;8;5.0;8;8.2;999.9;18.9;-0.4;0.0;999.9;0;0;0;0;0;0
San_Juan_Aero_II;873110;20130811;8.7;7;-6.6;7;1012.0;7;941.7;7;15.8;7;2.3;7;6.2;999.9;19.7;-3.2;0.0;999.9;0;0;0;0;0;0
San_Juan_Aero_II;873110;20130812;8.7;9;-1.9;9;1017.4;9;947.0;9;12.9;9;8.0;9;16.5;999.9;21.6;0.2;0.0;999.9;0;0;0;0;0;0
San_Juan_Aero_II;873110;20130813;7.5;9;1.7;9;1030.0;9;958.2;9;14.5;9;5.3;9;7.7;999.9;16.5;3.0;0.0;999.9;0;1;0;0;0;0
San_Juan_Aero_II;873110;20130814;7.8;8;-1.7;8;1029.3;8;957.5;8;14.2;8;2.9;8;7.2;999.9;18.9;-3.0;0.0;999.9;0;0;0;0;0;0
San_Juan_Aero_II;873110;20130815;8.8;7;-4.1;7;1016.5;7;946.2;7;15.0;7;2.6;7;7.2;999.9;19.5;-1.2;0.0;999.9;0;0;0;0;0;0
San_Juan_Aero_II;873110;20130816;10.6;6;-8.4;6;1026.0;6;955.3;6;15.8;6;4.4;6;6.2;999.9;19.3;1.4;0.0;999.9;0;0;0;0;0;0
San_Juan_Aero_II;873110;20130817;9.8;8;-10.1;8;1022.7;8;952.0;8;14.8;8;2.3;8;4.1;999.9;20.2;-2.4;0.0;999.9;0;0;0;0;0;0
San_Juan_Aero_II;873110;20130818;11.1;8;-6.2;8;1015.2;8;945.3;8;14.3;8;1.5;8;3.6;999.9;23.4;-1.0;0.0;999.9;0;0;0;0;0;0
San_Juan_Aero_II;873110;20130819;12.0;8;-5.8;7;1012.3;7;942.7;8;14.3;8;2.4;8;4.1;999.9;24.7;-0.6;0.0;999.9;0;0;0;0;0;0
San_Juan_Aero_II;873110;20130820;15.2;8;-5.1;8;1012.9;8;944.0;8;14.2;8;2.4;8;6.2;999.9;24.2;2.1;0.0;999.9;0;0;0;0;0;0
San_Juan_Aero_II;873110;20130821;14.2;8;-3.3;8;1011.8;8;942.9;8;15.0;8;3.1;8;6.7;999.9;25.6;4.4;0.0;999.9;0;0;0;0;0;0
San_Juan_Aero_II;873110;20130822;9.7;8;-9.3;8;1020.0;8;950.0;8;12.9;8;7.3;8;13.9;999.9;24.5;2.0;0.0;999.9;0;0;0;0;0;0
San_Juan_Aero_II;873110;20130823;5.8;8;-12.1;8;1023.1;8;951.5;8;15.6;8;3.9;8;5.1;999.9;12.0;-0.6;0.0;999.9;0;0;0;0;0;0
San_Juan_Aero_II;873110;20130824;4.4;8;-8.7;8;1028.0;8;955.8;8;15.0;8;4.6;8;6.2;999.9;11.8;-2.0;0.0;999.9;0;0;0;0;0;0
San_Juan_Aero_II;873110;20130825;3.6;8;-4.9;8;1033.3;8;960.4;8;15.0;8;4.1;8;7.2;999.9;10.0;-0.9;0.0;999.9;0;0;0;0;0;0
San_Juan_Aero_II;873110;20130826;5.2;8;-5.3;8;1032.9;8;960.2;8;15.0;8;2.1;8;3.1;999.9;14.7;-4.0;0.0;999.9;0;0;0;0;0;0
San_Juan_Aero_II;873110;20130827;10.7;8;-6.8;8;1024.5;8;953.5;8;15.0;8;2.6;8;4.1;999.9;22.7;-1.6;0.0;999.9;0;0;0;0;0;0
San_Juan_Aero_II;873110;20130828;15.6;8;-8.5;8;1019.1;8;949.9;8;15.0;8;3.3;8;5.1;999.9;26.9;4.5;0.0;999.9;0;0;0;0;0;0
San_Juan_Aero_II;873110;20130829;16.9;8;-7.4;8;1012.1;8;943.8;8;15.6;8;2.9;8;7.2;999.9;28.7;4.0;0.0;999.9;0;0;0;0;0;0
San_Juan_Aero_II;873110;20130830;16.9;8;-5.9;8;1008.6;8;940.6;8;14.2;8;3.2;8;7.2;999.9;29.7;3.2;0.0;999.9;0;0;0;0;0;0
San_Juan_Aero_II;873110;20130831;17.9;8;-4.8;8;1009.5;8;941.8;8;15.0;8;3.7;8;5.1;999.9;30.2;7.8;0.0;999.9;0;0;0;0;0;0
San_Juan_Aero_II;873110;20130901;16.9;8;-2.0;8;1012.3;8;944.0;8;15.0;8;4.3;8;6.7;999.9;27.6;8.0;0.0;999.9;0;0;0;0;0;0
San_Juan_Aero_II;873110;20130902;14.9;7;-0.2;7;1014.7;7;946.0;7;15.0;7;4.8;7;7.2;999.9;25.0;9.0;0.0;999.9;0;0;0;0;0;0
San_Juan_Aero_II;873110;20130903;13.4;8;0.2;8;1022.8;8;953.0;8;15.0;8;4.1;8;6.7;999.9;21.8;7.3;0.0;999.9;0;0;0;0;0;0
San_Juan_Aero_II;873110;20130904;12.5;7;0.7;7;1016.9;7;947.1;7;15.8;7;2.2;7;5.1;999.9;23.3;2.0;0.0;999.9;0;0;0;0;0;0
San_Juan_Aero_II;873110;20130905;14.6;8;0.6;8;1011.4;8;942.4;8;14.3;8;4.3;8;10.3;999.9;25.4;3.2;0.0;999.9;0;0;0;0;0;0
San_Juan_Aero_II;873110;20130906;16.9;8;1.4;8;1011.2;8;942.9;8;15.0;8;2.9;8;7.7;999.9;26.2;6.4;0.0;999.9;0;0;0;0;0;0
San_Juan_Aero_II;873110;20130907;20.6;8;3.8;8;1009.5;8;941.9;8;15.0;8;2.1;8;4.6;999.9;33.9;9.0;0.0;999.9;0;0;0;0;0;0
San_Juan_Aero_II;873110;20130908;22.5;8;4.2;8;1012.6;8;945.5;8;15.0;8;3.5;8;6.2;999.9;35.5;13.6;0.0;999.9;0;0;0;0;0;0
San_Juan_Aero_II;873110;20130909;23.2;8;4.3;8;1006.3;8;939.6;8;15.0;8;3.3;8;6.2;999.9;38.4;10.3;0.0;999.9;0;0;0;0;0;0
San_Juan_Aero_II;873110;20130910;27.0;8;0.8;8;1000.9;8;935.3;8;15.6;8;3.9;8;7.2;999.9;40.8;13.7;0.0;999.9;0;0;0;0;0;0
San_Juan_Aero_II;873110;20130911;21.7;8;2.6;8;1007.1;8;941.0;8;13.2;8;9.2;8;12.3;999.9;31.0;12.8;0.0;999.9;0;0;0;0;0;0
San_Juan_Aero_II;873110;20130912;13.0;8;-0.1;8;1012.2;8;943.5;8;15.0;8;7.2;8;10.8;999.9;25.9;8.0;0.0;999.9;0;0;0;0;0;0
San_Juan_Aero_II;873110;20130913;10.3;8;-2.6;8;1023.4;8;952.9;8;15.6;8;6.5;8;9.3;999.9;15.0;8.0;0.0;999.9;0;0;0;0;0;0
San_Juan_Aero_II;873110;20130914;9.2;7;-2.3;7;1021.7;6;950.9;7;15.0;7;4.9;7;9.3;999.9;14.5;5.8;0.0;999.9;0;0;0;0;0;0
San_Juan_Aero_II;873110;20130915;6.1;8;-0.7;8;1023.8;8;952.3;8;15.0;8;7.8;8;10.3;999.9;13.5;2.8;0.0;999.9;0;0;0;0;0;0
San_Juan_Aero_II;873110;20130916;6.0;8;-1.9;8;1025.0;8;953.2;8;15.6;8;4.6;8;8.2;999.9;9.7;2.0;0.0;999.9;0;0;0;0;0;0
San_Juan_Aero_II;873110;20130917;4.3;10;-5.0;10;1026.0;8;953.9;8;11.6;10;2.2;10;3.6;999.9;14.4;-4.1;0.0;999.9;0;0;0;0;0;0
San_Juan_Aero_II;873110;20130918;7.8;9;-7.9;9;1020.8;8;949.8;8;11.7;9;2.1;9;4.6;999.9;18.4;-1.7;0.0;999.9;0;0;0;0;0;0
San_Juan_Aero_II;873110;20130919;12.3;8;-4.8;8;1014.9;8;945.1;8;15.0;8;2.3;8;4.1;999.9;22.2;2.2;0.0;999.9;0;0;0;0;0;0
San_Juan_Aero_II;873110;20130920;13.4;8;-4.1;8;1009.9;8;941.0;8;15.0;8;4.0;8;8.8;999.9;23.0;3.5;0.0;999.9;0;0;0;0;0;0
San_Juan_Aero_II;873110;20130921;8.0;7;-1.8;7;1017.5;7;948.0;7;11.6;7;9.4;7;12.9;999.9;14.8;5.4;0.0;999.9;0;1;0;0;0;0
San_Juan_Aero_II;873110;20130922;7.4;8;-5.3;8;1027.3;7;955.3;8;15.6;8;4.3;8;8.2;999.9;16.0;-0.2;0.0;999.9;0;0;0;0;0;0
San_Juan_Aero_II;873110;20130923;10.9;8;-3.9;8;1031.9;8;960.8;8;15.0;8;4.4;8;6.2;999.9;17.5;3.9;0.0;999.9;0;0;0;0;0;0
San_Juan_Aero_II;873110;20130924;10.6;8;-4.0;8;1026.7;8;955.7;8;15.0;8;1.9;8;3.6;999.9;19.7;-0.2;0.0;999.9;0;0;0;0;0;0
San_Juan_Aero_II;873110;20130925;13.9;8;-3.5;8;1016.7;8;947.1;7;15.0;8;2.8;8;6.2;999.9;22.4;3.8;0.0;999.9;0;0;0;0;0;0
San_Juan_Aero_II;873110;20130926;14.6;8;-4.0;8;1011.3;8;942.5;8;15.0;8;3.3;8;9.3;999.9;24.2;3.1;0.0;999.9;0;0;0;0;0;0
San_Juan_Aero_II;873110;20130927;15.9;8;-5.1;8;1013.4;8;944.9;8;15.0;8;6.3;8;10.3;999.9;25.7;7.9;0.0;999.9;0;0;0;0;0;0
San_Juan_Aero_II;873110;20130928;7.6;8;-2.8;8;1027.1;8;956.1;8;14.5;8;9.1;8;14.9;999.9;21.4;4.1;0.0;999.9;0;0;0;0;0;0
San_Juan_Aero_II;873110;20130929;6.2;8;-5.7;8;1026.8;8;954.9;8;13.2;8;3.0;8;6.2;999.9;15.4;-3.6;0.0;999.9;0;0;0;0;0;0
San_Juan_Aero_II;873110;20130930;10.2;8;-2.7;8;1023.9;8;953.0;8;15.0;8;3.2;8;5.1;999.9;17.5;1.2;0.0;999.9;0;0;0;0;0;0
San_Juan_Aero_II;873110;20131001;12.9;8;-0.3;8;1017.0;8;947.3;8;15.0;8;3.0;8;5.7;999.9;20.9;5.4;0.0;999.9;0;0;0;0;0;0
San_Juan_Aero_II;873110;20131002;14.8;8;0.6;8;1012.1;8;943.3;8;15.0;8;3.9;8;8.2;999.9;22.4;3.9;0.0;999.9;0;0;0;0;0;0
San_Juan_Aero_II;873110;20131003;14.7;7;3.3;7;1018.0;7;949.0;7;15.0;7;5.9;7;8.8;999.9;23.7;8.6;0.0;999.9;0;0;0;0;0;0
San_Juan_Aero_II;873110;20131004;14.5;8;1.2;8;1023.1;8;953.3;8;14.8;8;2.1;8;3.6;999.9;23.9;3.8;0.0;999.9;0;0;0;0;0;0
San_Juan_Aero_II;873110;20131005;17.7;8;-0.2;8;1015.4;8;946.9;8;15.0;8;4.5;8;9.3;999.9;27.5;8.7;0.0;999.9;0;0;0;0;0;0
San_Juan_Aero_II;873110;20131006;19.6;8;1.3;8;1016.8;8;948.7;8;15.0;8;2.9;8;5.1;999.9;28.0;9.4;0.0;999.9;0;0;0;0;0;0
San_Juan_Aero_II;873110;20131007;21.4;8;2.8;8;1013.4;8;946.0;8;15.0;8;3.2;8;8.2;999.9;29.0;11.0;0.0;999.9;0;0;0;0;0;0
San_Juan_Aero_II;873110;20131008;22.6;8;2.6;8;1008.1;8;941.0;8;15.0;8;3.2;8;8.7;999.9;33.9;11.7;0.0;999.9;0;0;0;0;0;0
San_Juan_Aero_II;873110;20131009;21.9;8;-1.2;8;1009.8;8;943.2;8;10.3;8;8.5;8;14.9;999.9;34.5;14.5;0.0;999.9;0;0;0;0;0;0
San_Juan_Aero_II;873110;20131010;18.2;8;-4.1;8;1014.8;8;946.6;8;15.6;8;3.0;8;7.2;999.9;28.7;6.9;0.0;999.9;0;0;0;0;0;0
San_Juan_Aero_II;873110;20131011;21.7;9;0.6;9;1012.3;8;944.8;8;13.7;9;6.0;9;12.9;17.5;29.6;13.4;0.0;999.9;0;0;0;0;0;0
San_Juan_Aero_II;873110;20131012;17.1;7;9.6;7;1015.2;7;947.0;7;13.5;7;6.6;7;12.4;999.9;29.5;12.4;0.0;999.9;0;0;0;0;0;0
San_Juan_Aero_II;873110;20131013;19.2;8;9.8;8;1012.4;8;944.5;8;15.0;8;4.1;8;7.2;999.9;27.7;12.2;0.0;999.9;0;0;0;0;0;0
San_Juan_Aero_II;873110;20131014;22.5;8;10.4;8;1013.1;8;945.8;8;15.0;8;3.6;8;5.1;999.9;29.9;15.3;0.0;999.9;0;0;0;0;0;0
San_Juan_Aero_II;873110;20131015;23.6;8;11.8;8;1011.8;8;945.0;8;14.3;8;4.0;8;8.8;999.9;31.5;17.9;0.0;999.9;0;1;0;0;1;0
San_Juan_Aero_II;873110;20131016;23.6;8;11.2;8;1011.1;8;944.4;8;15.6;8;5.6;8;11.3;999.9;29.6;15.2;0.0;999.9;0;0;0;0;1;0
San_Juan_Aero_II;873110;20131017;23.0;8;10.0;8;1014.0;8;946.9;8;15.6;8;3.5;8;7.2;999.9;29.5;15.2;0.0;999.9;0;0;0;0;0;0
San_Juan_Aero_II;873110;20131018;24.3;8;7.9;8;1009.1;8;942.5;8;15.0;8;2.8;8;6.2;999.9;33.7;12.4;0.0;999.9;0;0;0;0;0;0
San_Juan_Aero_II;873110;20131019;26.2;8;5.5;8;1001.3;8;935.7;8;15.0;8;3.0;8;6.2;999.9;38.2;16.0;0.0;999.9;0;0;0;0;0;0
San_Juan_Aero_II;873110;20131020;29.6;7;0.2;6;995.9;7;931.6;7;11.1;7;8.2;7;15.4;999.9;38.5;20.5;0.0;999.9;0;0;0;0;0;0
San_Juan_Aero_II;873110;20131021;21.3;8;-3.7;8;1010.8;8;943.9;8;15.6;8;6.4;8;12.4;999.9;33.0;13.1;0.0;999.9;0;0;0;0;0;0
San_Juan_Aero_II;873110;20131022;20.4;8;1.1;8;1004.0;8;937.0;8;15.6;8;3.6;8;6.2;999.9;29.2;11.2;0.0;999.9;0;0;0;0;0;0
San_Juan_Aero_II;873110;20131023;20.9;8;-4.5;8;1008.0;8;941.1;8;13.2;8;8.6;8;15.4;999.9;29.8;14.6;0.0;999.9;0;0;0;0;0;0
San_Juan_Aero_II;873110;20131024;17.2;8;-3.6;8;1021.0;8;952.1;8;15.0;8;4.2;8;7.7;999.9;25.8;8.0;0.0;999.9;0;0;0;0;0;0
San_Juan_Aero_II;873110;20131025;18.3;8;0.2;8;1013.4;8;945.1;8;15.0;8;1.9;8;4.6;999.9;29.2;7.5;0.0;999.9;0;0;0;0;0;0
San_Juan_Aero_II;873110;20131026;21.8;8;4.7;8;1011.9;8;944.2;8;15.0;8;4.7;8;8.2;999.9;30.7;12.2;0.0;999.9;0;0;0;0;0;0
San_Juan_Aero_II;873110;20131027;23.6;8;1.2;8;1012.4;8;945.5;8;16.9;8;3.8;8;7.2;999.9;31.2;15.3;0.0;999.9;0;0;0;0;0;0
San_Juan_Aero_II;873110;20131028;25.4;8;6.4;8;1004.7;8;938.6;8;15.6;8;3.0;8;5.1;999.9;34.5;15.7;0.0;999.9;0;0;0;0;0;0
San_Juan_Aero_II;873110;20131029;26.4;8;4.7;8;1005.7;8;940.0;8;13.7;8;6.5;8;12.4;999.9;34.8;18.0;0.0;999.9;0;0;0;0;0;0
San_Juan_Aero_II;873110;20131030;25.4;8;7.3;8;1003.5;8;937.5;8;15.0;8;2.6;8;4.6;999.9;33.0;16.5;0.0;999.9;0;0;0;0;0;0
San_Juan_Aero_II;873110;20131031;25.0;8;12.9;8;998.8;8;933.4;8;15.0;8;6.3;8;12.4;999.9;35.4;17.2;0.0;999.9;0;0;0;0;0;0
San_Juan_Aero_II;873110;20131101;20.3;7;4.9;7;1013.9;7;946.4;7;15.0;7;9.4;7;12.9;999.9;23.6;16.1;0.0;999.9;0;0;0;0;0;0
San_Juan_Aero_II;873110;20131102;21.2;8;3.3;8;1017.1;8;949.3;8;16.9;8;3.0;8;5.7;999.9;28.2;13.2;0.0;999.9;0;0;0;0;0;0
San_Juan_Aero_II;873110;20131103;21.6;7;4.6;7;1015.0;7;947.6;7;15.8;7;2.2;7;4.1;999.9;32.5;11.0;0.0;999.9;0;0;0;0;0;0
San_Juan_Aero_II;873110;20131104;25.9;8;4.6;8;1008.2;8;942.0;8;15.0;8;2.4;8;5.1;999.9;35.2;13.8;0.0;999.9;0;0;0;0;0;0
San_Juan_Aero_II;873110;20131105;25.2;8;6.2;8;1008.8;8;942.5;8;15.0;8;3.2;8;5.1;999.9;35.9;15.0;0.0;999.9;0;0;0;0;0;0
San_Juan_Aero_II;873110;20131106;29.5;8;6.4;8;1001.1;8;936.0;8;15.0;8;4.9;8;10.8;999.9;39.4;17.0;0.0;999.9;0;0;0;0;0;0
San_Juan_Aero_II;873110;20131107;26.5;7;1.6;7;1007.4;7;941.8;7;15.0;7;5.9;7;11.3;999.9;41.5;17.9;0.0;999.9;0;0;0;0;0;0
San_Juan_Aero_II;873110;20131108;23.4;8;4.9;8;1006.7;8;940.2;8;14.2;8;5.5;8;10.3;999.9;32.0;15.0;0.0;999.9;0;0;0;0;0;0
San_Juan_Aero_II;873110;20131109;20.6;8;8.2;8;1002.5;8;935.9;8;13.2;8;6.5;8;12.9;999.9;32.6;10.5;0.0;999.9;0;0;0;0;0;0
San_Juan_Aero_II;873110;20131110;14.3;8;7.7;8;1013.0;8;944.4;8;12.9;8;8.1;8;10.3;999.9;28.2;10.3;0.0;999.9;0;1;0;0;0;0
San_Juan_Aero_II;873110;20131111;19.8;8;5.6;8;1013.2;8;944.9;8;15.0;8;4.1;8;9.3;999.9;29.9;12.7;0.0;999.9;0;1;0;0;0;0
San_Juan_Aero_II;873110;20131112;22.4;8;4.3;7;1007.8;6;940.9;7;15.0;8;4.2;8;5.7;999.9;32.6;11.5;0.0;999.9;0;0;0;0;0;0
San_Juan_Aero_II;873110;20131113;24.6;8;7.1;8;1004.4;8;938.3;8;15.0;8;3.7;8;7.2;999.9;33.9;16.6;0.0;999.9;0;0;0;0;0;0
