San_Rafael_Aero;875090;2013;01;01;17.9;8;4.0;8;1019.8;8;935.1;8;20.0;8;3.8;8;6.2;999.9;27.8;9.8;0.0;999.9;0;0;0;0;0;0
San_Rafael_Aero;875090;2013;01;02;19.8;8;5.1;8;1014.2;8;929.8;8;20.0;8;2.8;8;5.1;999.9;31.3;8.5;0.0;999.9;0;0;0;0;0;0
San_Rafael_Aero;875090;2013;01;03;25.6;9;8.4;9;1006.9;8;924.7;8;18.2;9;4.6;9;15.4;999.9;33.2;16.2;0.0;999.9;0;0;0;0;1;0
San_Rafael_Aero;875090;2013;01;04;25.8;8;11.8;8;1007.1;8;925.7;8;20.0;8;4.9;8;7.7;999.9;34.8;18.0;0.5;999.9;0;0;0;0;0;0
San_Rafael_Aero;875090;2013;01;05;23.6;8;11.0;8;1008.5;8;926.1;8;20.0;8;2.1;8;6.7;999.9;31.6;16.0;0.0;999.9;0;0;0;0;0;0
San_Rafael_Aero;875090;2013;01;06;25.6;8;10.9;8;1004.2;8;922.4;8;20.0;8;2.4;8;5.1;999.9;36.2;15.4;0.0;999.9;0;0;0;0;0;0
San_Rafael_Aero;875090;2013;01;07;28.2;8;7.5;8;999.1;8;918.5;8;17.9;7;4.5;7;10.3;999.9;33.2;19.0;0.0;999.9;0;0;0;0;0;0
San_Rafael_Aero;875090;2013;01;08;23.8;8;10.9;8;1007.0;8;925.1;8;20.0;8;3.3;8;6.2;999.9;34.0;16.0;0.5;999.9;0;0;0;0;1;0
San_Rafael_Aero;875090;2013;01;09;26.5;8;12.1;8;1011.4;8;929.2;8;20.0;8;3.6;8;7.7;999.9;35.8;15.6;0.0;999.9;0;0;0;0;0;0
San_Rafael_Aero;875090;2013;01;10;29.6;8;16.4;8;1008.5;8;927.4;8;20.3;8;4.5;8;8.7;999.9;37.0;19.3;0.0;999.9;0;0;0;0;0;0
San_Rafael_Aero;875090;2013;01;11;31.6;8;15.2;8;1003.7;8;923.6;8;19.3;8;4.8;8;11.8;999.9;38.7;21.6;0.0;999.9;0;0;0;0;1;0
San_Rafael_Aero;875090;2013;01;12;27.6;7;16.6;7;1005.2;7;924.3;7;18.5;7;2.9;7;5.1;999.9;39.4;19.5;0.5;999.9;0;1;0;0;1;0
San_Rafael_Aero;875090;2013;01;13;27.3;8;17.6;8;1008.6;8;926.4;8;17.5;8;2.5;8;4.6;999.9;37.0;19.1;7.9;999.9;0;0;0;0;1;0
San_Rafael_Aero;875090;2013;01;14;25.8;8;15.3;8;1011.8;8;929.8;8;20.0;8;4.1;8;9.3;999.9;34.5;19.8;30.0;999.9;0;1;0;0;0;0
San_Rafael_Aero;875090;2013;01;15;28.3;8;16.4;8;1005.3;8;924.1;8;20.0;8;3.1;8;6.2;999.9;35.0;20.2;0.0;999.9;0;0;0;0;0;0
San_Rafael_Aero;875090;2013;01;16;21.8;10;16.4;10;1007.7;8;925.3;8;14.6;10;3.0;10;5.1;999.9;37.0;16.8;23.1;999.9;0;1;0;0;1;0
San_Rafael_Aero;875090;2013;01;17;23.8;8;14.7;8;1012.9;8;930.1;8;20.0;8;3.6;8;6.7;999.9;33.0;18.4;14.0;999.9;0;0;0;0;1;0
San_Rafael_Aero;875090;2013;01;18;26.1;7;12.9;6;1013.4;6;930.9;6;20.0;7;1.9;7;3.1;999.9;33.0;18.0;0.0;999.9;0;0;0;0;0;0
San_Rafael_Aero;875090;2013;01;19;22.1;8;13.2;8;1016.1;8;933.1;8;20.0;8;3.1;8;7.7;999.9;33.3;17.3;0.0;999.9;0;0;0;0;0;0
San_Rafael_Aero;875090;2013;01;20;19.9;8;13.9;8;1018.0;8;934.3;8;18.2;8;4.5;8;20.6;999.9;26.1;15.7;1.0;999.9;0;1;0;0;0;0
San_Rafael_Aero;875090;2013;01;21;22.2;8;15.7;8;1013.7;8;930.3;8;16.6;8;3.1;8;7.2;999.9;28.1;17.1;0.0;999.9;0;1;0;0;1;0
San_Rafael_Aero;875090;2013;01;22;21.8;8;16.6;7;1011.6;7;928.4;7;20.0;8;1.9;8;3.1;999.9;29.4;16.8;23.1;999.9;0;0;0;0;1;0
San_Rafael_Aero;875090;2013;01;23;24.6;8;14.0;8;1009.5;8;926.9;8;16.9;8;2.8;8;6.2;999.9;33.8;16.8;2.0;999.9;0;0;0;0;1;0
San_Rafael_Aero;875090;2013;01;24;26.1;8;9.3;8;1004.3;8;922.8;7;20.0;8;2.7;8;4.6;999.9;32.7;17.5;0.0;999.9;0;0;0;0;0;0
San_Rafael_Aero;875090;2013;01;25;19.4;8;8.3;8;1013.8;8;930.5;8;17.9;8;3.6;8;4.6;999.9;33.5;11.4;0.0;999.9;0;1;0;0;0;0
San_Rafael_Aero;875090;2013;01;26;22.2;8;10.9;8;1011.2;8;928.1;8;20.0;8;2.6;8;4.6;999.9;33.3;11.4;0.0;999.9;0;0;0;0;0;0
San_Rafael_Aero;875090;2013;01;27;25.7;8;10.4;8;1008.1;8;926.2;8;20.0;8;4.1;8;9.3;999.9;33.3;18.4;0.0;999.9;0;1;0;0;1;0
San_Rafael_Aero;875090;2013;01;28;22.8;8;12.3;8;1012.4;8;929.5;8;19.3;8;2.6;8;6.2;999.9;33.8;15.9;0.0;999.9;0;0;0;0;0;0
San_Rafael_Aero;875090;2013;01;29;22.3;8;11.4;8;1013.7;8;930.5;8;20.0;8;2.5;8;5.1;999.9;31.8;16.3;0.0;999.9;0;0;0;0;0;0
San_Rafael_Aero;875090;2013;01;30;22.2;8;15.6;8;1011.1;8;928.2;8;18.2;8;2.9;8;8.2;999.9;29.9;16.8;0.5;999.9;0;1;0;0;1;0
San_Rafael_Aero;875090;2013;01;31;23.8;8;16.1;8;1006.3;8;923.8;8;20.0;8;3.3;8;5.1;999.9;32.0;17.8;10.9;999.9;0;0;0;0;0;0
San_Rafael_Aero;875090;2013;02;01;25.7;8;13.7;8;1004.1;8;922.6;7;16.9;8;3.3;8;5.1;999.9;33.5;18.8;0.0;999.9;0;0;0;0;0;0
San_Rafael_Aero;875090;2013;02;02;22.7;8;8.9;8;1013.4;8;930.6;8;20.0;8;3.5;8;7.7;999.9;33.2;14.6;0.0;999.9;0;0;0;0;0;0
San_Rafael_Aero;875090;2013;02;03;22.0;8;7.4;8;1015.2;8;931.6;8;19.3;8;2.6;8;5.1;999.9;32.8;12.3;0.0;999.9;0;0;0;0;0;0
San_Rafael_Aero;875090;2013;02;04;26.4;8;12.6;8;1006.7;8;924.8;8;20.0;8;2.2;8;4.1;999.9;35.8;15.3;0.0;999.9;0;0;0;0;0;0
San_Rafael_Aero;875090;2013;02;05;28.8;8;15.7;8;1006.0;8;925.2;8;19.3;8;3.7;8;5.1;999.9;36.7;20.8;0.0;999.9;0;0;0;0;0;0
San_Rafael_Aero;875090;2013;02;06;27.4;8;17.8;8;1008.9;8;927.5;8;20.0;8;3.0;8;7.2;999.9;36.0;19.8;6.1;999.9;0;0;0;0;1;0
San_Rafael_Aero;875090;2013;02;07;26.5;8;18.3;8;1010.0;8;928.1;8;20.0;8;3.1;8;5.1;999.9;35.5;20.4;0.0;999.9;0;0;0;0;0;0
San_Rafael_Aero;875090;2013;02;08;25.9;8;15.5;8;1006.6;8;925.0;8;20.0;8;3.2;8;6.7;999.9;34.5;18.8;0.0;999.9;0;0;0;0;0;0
San_Rafael_Aero;875090;2013;02;09;25.2;7;15.3;7;1005.7;7;923.8;7;20.0;7;3.3;7;5.1;999.9;33.9;17.8;0.0;999.9;0;1;0;0;1;0
San_Rafael_Aero;875090;2013;02;10;21.3;8;15.5;8;1008.2;8;925.5;8;18.2;8;3.8;8;6.2;999.9;35.5;15.9;14.0;999.9;0;1;0;0;1;0
San_Rafael_Aero;875090;2013;02;11;22.1;8;13.4;8;1009.2;8;926.2;8;20.0;8;2.5;8;4.1;999.9;32.0;15.5;5.1;999.9;0;0;0;0;1;0
San_Rafael_Aero;875090;2013;02;12;24.1;8;12.2;8;1003.5;8;921.6;8;20.0;8;2.5;8;4.1;999.9;32.0;16.5;0.0;999.9;0;0;0;0;0;0
San_Rafael_Aero;875090;2013;02;13;22.5;8;10.4;8;1007.2;8;924.7;8;16.9;8;2.6;8;5.1;999.9;30.1;16.3;0.0;999.9;0;0;0;0;0;0
San_Rafael_Aero;875090;2013;02;14;22.7;8;10.6;8;1009.8;8;926.9;8;20.0;8;2.3;8;5.1;999.9;31.6;14.3;0.0;999.9;0;0;0;0;0;0
San_Rafael_Aero;875090;2013;02;15;25.4;8;12.9;8;1006.8;8;924.9;8;17.1;8;3.7;8;5.1;999.9;32.0;16.8;0.0;999.9;0;0;0;0;0;0
San_Rafael_Aero;875090;2013;02;16;24.1;8;13.4;8;1001.9;8;920.1;8;20.0;8;4.5;8;9.3;999.9;34.3;16.0;0.0;999.9;0;0;0;0;1;0
San_Rafael_Aero;875090;2013;02;17;19.5;8;5.6;8;1009.5;8;926.6;8;20.0;8;4.1;8;6.7;999.9;34.0;12.7;0.0;999.9;0;0;0;0;0;0
San_Rafael_Aero;875090;2013;02;18;16.5;8;3.0;8;1018.8;8;933.5;8;20.0;8;2.7;8;7.2;999.9;23.0;7.9;0.0;999.9;0;0;0;0;0;0
San_Rafael_Aero;875090;2013;02;19;17.3;8;4.4;8;1016.2;7;931.0;8;20.0;8;2.0;8;4.1;999.9;25.3;8.3;0.0;999.9;0;0;0;0;0;0
San_Rafael_Aero;875090;2013;02;20;18.2;8;10.4;8;1014.5;8;930.2;8;20.0;8;2.9;8;7.2;999.9;26.4;10.8;0.0;999.9;0;0;0;0;0;0
San_Rafael_Aero;875090;2013;02;21;20.3;8;11.5;8;1013.6;8;929.5;8;20.0;8;2.6;8;4.6;999.9;30.2;11.1;0.0;999.9;0;0;0;0;0;0
San_Rafael_Aero;875090;2013;02;22;23.3;8;13.0;8;1008.7;8;925.9;8;20.0;8;3.1;8;7.7;999.9;32.8;13.4;0.0;999.9;0;0;0;0;0;0
San_Rafael_Aero;875090;2013;02;23;24.7;8;12.6;8;1005.0;8;923.2;8;20.0;8;3.7;8;5.1;999.9;33.2;17.8;0.0;999.9;0;0;0;0;0;0
San_Rafael_Aero;875090;2013;02;24;19.7;8;7.1;8;1011.2;8;928.1;8;20.0;8;2.6;8;4.6;999.9;31.0;12.1;0.0;999.9;0;0;0;0;0;0
San_Rafael_Aero;875090;2013;02;25;17.3;8;7.4;8;1017.0;8;932.3;8;19.3;8;2.9;8;5.1;999.9;27.0;8.7;0.0;999.9;0;0;0;0;0;0
San_Rafael_Aero;875090;2013;02;26;17.8;8;6.8;8;1015.1;8;930.4;8;20.0;8;1.9;8;4.1;999.9;28.2;8.3;0.0;999.9;0;0;0;0;0;0
San_Rafael_Aero;875090;2013;02;27;21.6;8;9.5;8;1008.8;8;925.5;8;20.0;8;2.3;8;4.1;999.9;33.4;10.8;0.0;999.9;0;0;0;0;0;0
San_Rafael_Aero;875090;2013;02;28;24.0;8;14.1;8;1003.8;8;921.9;8;20.0;8;3.3;8;4.1;999.9;33.4;15.0;0.0;999.9;0;0;0;0;1;0
San_Rafael_Aero;875090;2013;03;01;20.8;8;14.7;8;1003.0;8;920.6;8;19.3;8;4.1;8;7.2;999.9;32.3;16.8;0.0;999.9;0;0;0;0;0;0
San_Rafael_Aero;875090;2013;03;02;16.5;8;5.1;8;1013.3;8;928.6;8;20.0;8;3.2;8;7.7;999.9;24.5;6.3;0.0;999.9;0;0;0;0;0;0
San_Rafael_Aero;875090;2013;03;03;16.8;8;8.6;8;1019.0;8;934.0;8;20.0;8;1.9;8;4.6;999.9;25.0;9.9;0.0;999.9;0;0;0;0;0;0
San_Rafael_Aero;875090;2013;03;04;17.4;8;7.5;8;1017.5;8;932.5;8;20.0;8;2.0;8;5.1;999.9;26.4;8.6;0.0;999.9;0;0;0;0;0;0
San_Rafael_Aero;875090;2013;03;05;20.4;8;9.2;8;1009.9;8;926.2;8;20.0;8;3.1;8;9.3;999.9;30.8;11.2;0.0;999.9;0;0;0;0;0;0
San_Rafael_Aero;875090;2013;03;06;21.8;8;7.2;8;1005.0;8;922.5;8;17.2;8;3.0;8;5.7;999.9;31.8;12.8;0.0;999.9;0;0;0;0;0;0
San_Rafael_Aero;875090;2013;03;07;18.4;8;6.5;8;1011.2;8;927.3;8;19.3;8;2.6;8;5.1;999.9;27.1;12.0;0.0;999.9;0;0;0;0;0;0
San_Rafael_Aero;875090;2013;03;08;20.9;8;12.1;8;1010.5;8;926.9;8;20.0;8;2.5;8;4.1;999.9;30.2;12.8;0.0;999.9;0;0;0;0;0;0
San_Rafael_Aero;875090;2013;03;09;22.8;8;14.8;8;1006.6;8;923.8;7;20.0;8;1.3;8;4.1;999.9;31.0;15.2;0.0;999.9;0;0;0;0;0;0
San_Rafael_Aero;875090;2013;03;10;21.1;8;10.4;8;1010.8;8;927.3;7;20.0;8;3.0;8;5.7;999.9;31.8;15.3;0.0;999.9;0;0;0;0;0;0
San_Rafael_Aero;875090;2013;03;11;18.3;7;8.7;7;1006.7;7;923.2;7;20.0;7;2.1;7;3.1;999.9;28.2;11.0;0.0;999.9;0;0;0;0;0;0
San_Rafael_Aero;875090;2013;03;12;18.8;8;7.4;8;1010.8;7;927.1;7;20.0;8;3.7;8;5.1;999.9;29.0;10.4;0.0;999.9;0;0;0;0;0;0
San_Rafael_Aero;875090;2013;03;13;12.0;8;6.3;8;1018.1;8;932.3;8;17.9;8;3.4;8;6.2;999.9;27.0;8.0;0.0;999.9;0;1;0;0;0;0
San_Rafael_Aero;875090;2013;03;14;7.1;8;5.9;8;1024.0;8;935.8;8;6.3;8;3.1;8;4.6;999.9;11.5;5.8;7.1;999.9;0;1;0;0;0;0
San_Rafael_Aero;875090;2013;03;15;7.9;8;6.7;8;1025.5;8;937.2;8;14.3;8;1.1;8;2.1;999.9;10.0;5.8;2.0;999.9;0;1;0;0;0;0
San_Rafael_Aero;875090;2013;03;16;12.1;8;8.4;8;1022.6;8;935.3;8;20.0;8;1.8;8;5.1;999.9;18.2;6.6;0.0;999.9;0;0;0;0;0;0
San_Rafael_Aero;875090;2013;03;17;15.8;7;12.3;7;1020.2;6;934.4;7;18.5;7;1.8;7;3.1;999.9;19.0;9.8;0.0;999.9;0;0;0;0;0;0
San_Rafael_Aero;875090;2013;03;18;15.2;10;12.1;10;1018.5;8;933.0;8;15.6;10;2.8;10;5.1;999.9;20.3;12.0;0.0;999.9;1;0;0;0;0;0
San_Rafael_Aero;875090;2013;03;19;17.9;8;10.8;8;1015.3;8;930.5;8;20.0;8;1.9;8;5.1;999.9;24.2;12.4;0.5;999.9;0;1;0;0;0;0
San_Rafael_Aero;875090;2013;03;20;18.9;8;10.5;8;1009.9;8;925.9;8;20.0;8;3.4;8;6.7;999.9;27.7;10.8;0.0;999.9;0;0;0;0;0;0
San_Rafael_Aero;875090;2013;03;21;17.1;8;6.8;8;1013.8;8;929.5;8;20.0;8;2.6;8;4.6;999.9;29.0;12.3;0.0;999.9;0;0;0;0;0;0
San_Rafael_Aero;875090;2013;03;22;16.0;8;7.4;8;1015.5;8;930.2;8;20.0;8;1.9;8;3.1;999.9;25.6;7.8;0.0;999.9;0;0;0;0;0;0
San_Rafael_Aero;875090;2013;03;23;19.9;9;12.1;9;1014.4;8;930.3;8;18.5;9;2.7;9;5.1;7.7;26.8;10.8;999.9;999.9;0;1;0;0;1;0
San_Rafael_Aero;875090;2013;03;24;19.8;8;12.6;8;1009.6;8;926.0;8;20.0;8;3.3;8;7.2;999.9;29.4;13.9;0.0;999.9;0;0;0;0;1;0
San_Rafael_Aero;875090;2013;03;25;15.8;8;7.9;8;1015.5;8;930.7;8;20.0;8;2.4;8;4.1;999.9;30.0;8.4;0.0;999.9;0;0;0;0;0;0
San_Rafael_Aero;875090;2013;03;26;17.3;8;7.0;8;1018.9;8;933.6;8;20.0;8;3.0;8;5.1;999.9;28.2;7.4;0.0;999.9;0;0;0;0;0;0
San_Rafael_Aero;875090;2013;03;27;21.2;8;10.1;8;1015.4;8;931.5;8;20.0;8;2.9;8;7.2;999.9;30.6;10.6;0.0;999.9;0;0;0;0;0;0
San_Rafael_Aero;875090;2013;03;28;23.1;8;11.4;8;1013.4;8;930.3;8;18.8;8;3.6;8;5.1;999.9;31.5;15.4;0.0;999.9;0;0;0;0;0;0
San_Rafael_Aero;875090;2013;03;29;22.8;8;11.8;8;1010.2;8;927.4;8;20.0;8;2.5;8;5.1;999.9;31.4;12.7;0.0;999.9;0;0;0;0;0;0
San_Rafael_Aero;875090;2013;03;30;19.9;8;13.4;8;1009.4;7;926.2;8;18.8;8;2.7;8;5.7;999.9;31.8;13.8;3.0;999.9;0;0;0;0;1;0
San_Rafael_Aero;875090;2013;03;31;13.7;8;12.9;8;1017.0;8;931.6;8;11.4;8;2.2;8;4.1;999.9;27.3;11.7;17.0;999.9;0;1;0;0;1;0
San_Rafael_Aero;875090;2013;04;01;11.8;8;9.6;8;1020.2;8;933.5;8;17.5;8;0.6;8;2.6;999.9;17.2;7.7;23.9;999.9;0;1;0;0;0;0
San_Rafael_Aero;875090;2013;04;02;12.6;8;9.2;8;1020.6;8;934.1;7;20.0;8;2.3;8;4.1;999.9;19.0;8.1;0.0;999.9;0;0;0;0;0;0
San_Rafael_Aero;875090;2013;04;03;15.0;8;10.4;8;1019.8;8;934.0;8;19.3;8;2.5;8;4.1;999.9;19.8;9.0;999.9;999.9;0;1;0;0;0;0
San_Rafael_Aero;875090;2013;04;04;15.9;7;9.3;7;1011.2;7;926.3;7;20.0;7;1.9;7;5.1;999.9;25.5;8.0;0.0;999.9;0;0;0;0;0;0
San_Rafael_Aero;875090;2013;04;05;17.1;8;9.8;8;1007.3;8;923.1;8;20.0;8;2.3;8;3.6;999.9;26.4;10.0;0.0;999.9;0;0;0;0;0;0
San_Rafael_Aero;875090;2013;04;06;15.3;8;4.3;8;1012.5;8;927.8;8;20.0;8;4.6;8;18.0;999.9;26.5;7.8;0.0;999.9;0;0;0;0;0;0
San_Rafael_Aero;875090;2013;04;07;14.1;8;5.8;8;1017.2;8;931.1;8;20.0;8;2.0;8;3.6;999.9;23.3;6.5;0.0;999.9;0;0;0;0;0;0
San_Rafael_Aero;875090;2013;04;08;15.8;8;8.6;8;1016.1;8;931.1;8;20.0;8;3.0;8;7.2;999.9;24.4;8.9;0.0;999.9;0;0;0;0;0;0
San_Rafael_Aero;875090;2013;04;09;18.3;8;11.9;8;1010.3;8;926.1;8;20.0;8;2.8;8;6.7;999.9;25.7;9.8;0.0;999.9;0;0;0;0;0;0
San_Rafael_Aero;875090;2013;04;10;17.1;8;11.1;8;1008.4;8;925.0;8;20.0;8;1.3;8;2.6;999.9;26.5;11.8;0.5;999.9;0;0;0;0;0;0
San_Rafael_Aero;875090;2013;04;11;12.2;7;6.7;7;1011.7;7;926.2;7;20.0;7;2.4;7;3.6;999.9;15.0;8.9;5.1;999.9;0;0;0;0;0;0
San_Rafael_Aero;875090;2013;04;12;8.4;8;1.0;8;1021.5;8;933.9;8;20.0;8;1.6;8;4.1;999.9;16.3;2.3;0.0;999.9;0;0;0;0;0;0
San_Rafael_Aero;875090;2013;04;13;10.4;8;2.2;8;1020.3;8;932.8;8;20.0;8;2.5;8;5.1;999.9;20.1;3.3;0.0;999.9;0;0;0;0;0;0
San_Rafael_Aero;875090;2013;04;14;14.4;8;5.6;8;1016.4;8;930.5;8;20.0;8;2.4;8;4.1;999.9;25.0;5.2;0.0;999.9;0;0;0;0;0;0
San_Rafael_Aero;875090;2013;04;15;17.7;8;8.5;8;1015.9;8;931.0;8;20.0;8;3.2;8;5.1;999.9;26.8;7.7;0.0;999.9;0;0;0;0;0;0
San_Rafael_Aero;875090;2013;04;16;19.4;8;10.8;8;1014.1;8;929.9;8;20.0;8;3.1;8;5.1;999.9;28.8;11.3;0.0;999.9;0;0;0;0;0;0
San_Rafael_Aero;875090;2013;04;17;20.3;8;11.7;8;1012.8;8;929.1;8;20.0;8;2.1;8;4.1;999.9;29.1;12.3;0.0;999.9;0;0;0;0;0;0
San_Rafael_Aero;875090;2013;04;18;20.6;8;11.1;8;1011.3;8;927.8;8;20.0;8;2.8;8;5.1;999.9;29.2;12.5;0.0;999.9;0;0;0;0;0;0
San_Rafael_Aero;875090;2013;04;19;20.7;8;9.8;8;1011.6;8;928.1;8;20.0;8;2.5;8;5.7;999.9;30.1;12.8;0.0;999.9;0;0;0;0;0;0
San_Rafael_Aero;875090;2013;04;20;19.2;8;7.9;8;1011.5;8;927.7;8;20.0;8;2.5;8;6.2;999.9;29.0;11.3;0.0;999.9;0;0;0;0;0;0
San_Rafael_Aero;875090;2013;04;21;19.4;8;9.7;8;1013.0;8;929.1;8;20.0;8;2.6;8;4.1;999.9;28.8;11.5;0.0;999.9;0;0;0;0;0;0
San_Rafael_Aero;875090;2013;04;22;18.3;8;11.0;8;1014.3;8;930.1;8;20.0;8;2.3;8;3.6;999.9;26.7;12.3;0.0;999.9;0;0;0;0;0;0
San_Rafael_Aero;875090;2013;04;23;18.2;7;11.3;7;1016.2;7;931.7;7;20.0;7;2.0;7;3.1;999.9;25.0;12.3;0.0;999.9;0;0;0;0;0;0
San_Rafael_Aero;875090;2013;04;24;19.6;8;11.6;7;1013.6;7;929.3;7;20.0;8;2.8;8;5.1;999.9;27.8;12.8;0.0;999.9;0;0;0;0;0;0
San_Rafael_Aero;875090;2013;04;25;19.2;8;11.5;8;1011.1;8;927.3;8;20.0;8;2.3;8;5.1;999.9;28.6;12.3;0.0;999.9;0;0;0;0;0;0
San_Rafael_Aero;875090;2013;04;26;17.1;8;12.5;8;1009.6;8;925.7;8;18.8;8;3.6;8;12.9;999.9;26.6;10.0;999.9;999.9;0;1;0;0;1;0
San_Rafael_Aero;875090;2013;04;27;12.8;7;5.7;7;1014.9;7;928.8;7;20.0;7;2.1;7;3.1;999.9;19.8;6.8;18.0;999.9;0;0;0;0;1;0
San_Rafael_Aero;875090;2013;04;28;13.4;8;7.2;8;1015.0;8;929.2;8;20.0;8;1.6;8;3.1;999.9;19.9;7.8;0.0;999.9;0;0;0;0;0;0
San_Rafael_Aero;875090;2013;04;29;14.9;7;6.8;7;1014.2;7;928.6;7;20.0;7;2.5;7;6.2;999.9;22.0;9.3;0.0;999.9;0;0;0;0;0;0
San_Rafael_Aero;875090;2013;04;30;14.8;8;8.5;8;1012.7;8;927.5;8;20.0;8;2.3;8;4.6;999.9;22.6;8.6;0.0;999.9;0;0;0;0;0;0
San_Rafael_Aero;875090;2013;05;01;16.7;8;10.1;8;1008.2;8;924.4;8;20.0;8;1.8;8;2.6;999.9;24.0;10.2;0.0;999.9;0;0;0;0;0;0
San_Rafael_Aero;875090;2013;05;02;13.8;8;10.9;8;1013.3;8;928.2;8;15.6;8;2.9;8;5.7;999.9;24.3;10.6;16.0;999.9;0;1;0;0;1;0
San_Rafael_Aero;875090;2013;05;03;12.9;8;11.1;8;1014.1;8;928.2;8;17.5;8;0.9;8;2.1;999.9;15.6;10.0;4.1;999.9;0;0;0;0;0;0
San_Rafael_Aero;875090;2013;05;04;13.3;8;8.1;8;1016.9;8;930.8;8;20.0;8;2.2;8;4.1;999.9;19.7;7.3;0.0;999.9;0;0;0;0;0;0
San_Rafael_Aero;875090;2013;05;05;13.9;8;6.6;8;1020.8;8;934.5;8;20.0;8;2.8;8;5.1;999.9;23.3;7.6;0.0;999.9;0;0;0;0;0;0
San_Rafael_Aero;875090;2013;05;06;13.1;6;2.5;6;1017.5;6;931.8;6;20.0;6;2.7;6;3.6;999.9;21.4;6.9;0.0;999.9;0;0;0;0;0;0
San_Rafael_Aero;875090;2013;05;07;12.2;8;0.5;8;1021.6;8;934.9;8;20.0;8;3.3;8;6.2;999.9;22.8;3.5;0.0;999.9;0;0;0;0;0;0
San_Rafael_Aero;875090;2013;05;08;14.0;8;3.2;8;1010.6;8;925.3;8;19.3;8;2.4;8;4.1;999.9;24.1;5.1;0.0;999.9;0;0;0;0;0;0
San_Rafael_Aero;875090;2013;05;09;15.3;8;7.2;8;1011.0;8;926.2;8;20.0;8;2.6;8;3.6;999.9;25.5;7.3;0.0;999.9;0;0;0;0;0;0
San_Rafael_Aero;875090;2013;05;10;16.2;7;7.8;7;1007.5;7;923.2;7;18.5;7;3.4;7;5.1;999.9;23.8;9.3;0.0;999.9;0;0;0;0;0;0
San_Rafael_Aero;875090;2013;05;11;13.3;8;5.9;8;1017.6;8;931.9;8;20.0;8;2.9;8;6.2;999.9;25.0;7.0;3.0;999.9;0;0;0;0;1;0
San_Rafael_Aero;875090;2013;05;12;10.6;8;2.9;8;1017.4;8;930.7;8;20.0;8;2.2;8;3.6;999.9;19.0;6.5;0.0;999.9;0;0;0;0;0;0
San_Rafael_Aero;875090;2013;05;13;10.3;8;4.4;8;1016.3;8;929.5;8;20.0;8;1.9;8;2.6;999.9;16.8;5.0;999.9;999.9;0;1;0;0;0;0
San_Rafael_Aero;875090;2013;05;14;8.1;8;1.3;8;1016.3;8;929.1;8;20.0;8;3.7;8;5.1;999.9;17.5;2.3;0.0;999.9;0;0;0;0;0;0
San_Rafael_Aero;875090;2013;05;15;7.2;8;-3.5;8;1024.1;8;935.9;8;20.0;8;2.8;8;5.1;999.9;14.4;-3.0;0.0;999.9;0;0;0;0;0;0
San_Rafael_Aero;875090;2013;05;16;5.9;8;-7.8;8;1025.8;8;936.7;8;20.0;8;3.4;8;6.2;999.9;14.7;-2.0;0.0;999.9;0;0;0;0;0;0
San_Rafael_Aero;875090;2013;05;17;7.5;8;-2.8;8;1020.6;8;932.5;8;20.0;8;3.0;8;4.1;999.9;15.9;0.4;0.0;999.9;0;0;0;0;0;0
San_Rafael_Aero;875090;2013;05;18;8.2;7;4.1;7;1018.5;7;931.1;7;18.3;6;2.2;7;4.1;999.9;16.3;1.4;1.0;999.9;0;1;0;0;0;0
San_Rafael_Aero;875090;2013;05;19;10.3;8;6.3;8;1022.9;8;935.3;8;17.5;8;2.1;8;3.1;999.9;17.3;4.6;10.9;999.9;1;1;0;0;0;0
San_Rafael_Aero;875090;2013;05;20;10.3;8;4.7;8;1019.3;8;932.2;8;20.0;8;3.1;8;5.1;999.9;17.8;4.3;0.0;999.9;0;0;0;0;0;0
San_Rafael_Aero;875090;2013;05;21;9.7;8;4.9;8;1017.4;8;930.4;8;20.0;8;2.7;8;4.1;999.9;17.5;3.5;0.0;999.9;0;0;0;0;0;0
San_Rafael_Aero;875090;2013;05;22;9.8;8;4.5;8;1021.1;8;933.6;8;20.0;8;3.6;8;5.1;999.9;18.2;4.3;0.0;999.9;0;0;0;0;0;0
San_Rafael_Aero;875090;2013;05;23;12.2;8;4.6;8;1017.1;8;930.6;8;20.0;8;2.0;8;3.6;999.9;21.5;4.6;0.0;999.9;0;0;0;0;0;0
San_Rafael_Aero;875090;2013;05;24;11.7;9;3.3;9;1020.6;8;934.3;8;18.8;9;2.7;9;4.6;999.9;22.0;5.8;0.0;999.9;0;0;0;0;0;0
San_Rafael_Aero;875090;2013;05;25;12.4;8;5.1;8;1015.4;8;929.2;8;20.0;8;3.0;8;4.6;999.9;20.8;6.6;0.0;999.9;0;0;0;0;0;0
San_Rafael_Aero;875090;2013;05;26;12.6;8;2.6;8;1011.1;8;925.5;8;20.0;8;3.0;8;5.1;999.9;21.2;6.6;0.0;999.9;0;0;0;0;0;0
San_Rafael_Aero;875090;2013;05;27;9.9;8;3.9;8;1006.6;8;920.7;8;20.0;8;2.7;8;4.1;999.9;18.5;4.8;0.0;999.9;0;0;0;0;0;0
San_Rafael_Aero;875090;2013;05;28;10.7;8;2.8;8;1002.2;8;917.0;8;17.2;8;2.9;8;6.7;999.9;17.8;5.8;0.0;999.9;0;1;0;0;0;0
San_Rafael_Aero;875090;2013;05;29;9.4;8;-0.1;8;1013.0;8;925.9;8;20.0;8;2.5;8;5.1;999.9;18.3;2.7;0.0;999.9;0;0;0;0;0;0
San_Rafael_Aero;875090;2013;05;30;12.9;8;1.1;8;1011.7;8;926.0;8;20.0;8;2.9;8;4.6;999.9;22.6;5.3;0.0;999.9;0;0;0;0;0;0
San_Rafael_Aero;875090;2013;05;31;13.1;8;-0.8;8;1003.5;7;918.9;7;18.0;8;5.1;8;13.9;999.9;23.0;7.2;0.0;999.9;0;0;0;0;0;0
San_Rafael_Aero;875090;2013;06;01;12.2;8;-1.3;8;1010.4;8;924.7;8;20.0;8;2.4;8;4.6;999.9;21.6;3.0;0.0;999.9;0;0;0;0;0;0
San_Rafael_Aero;875090;2013;06;02;11.8;8;-0.3;8;1018.2;8;931.8;8;20.0;8;2.2;8;4.6;999.9;23.0;5.2;0.0;999.9;0;0;0;0;0;0
San_Rafael_Aero;875090;2013;06;03;11.4;8;0.7;8;1019.5;8;932.6;8;20.0;8;2.3;8;3.6;999.9;20.8;4.0;0.0;999.9;0;0;0;0;0;0
San_Rafael_Aero;875090;2013;06;04;14.3;8;1.0;8;1015.6;8;929.8;8;20.0;8;2.8;8;4.6;999.9;22.8;4.2;0.0;999.9;0;0;0;0;0;0
San_Rafael_Aero;875090;2013;06;05;13.4;8;1.6;8;1013.1;8;927.7;8;20.0;8;3.2;8;5.1;999.9;22.9;8.2;0.0;999.9;0;0;0;0;0;0
San_Rafael_Aero;875090;2013;06;06;10.7;8;-2.6;8;1019.8;8;932.9;8;20.0;8;2.9;8;6.7;999.9;22.0;1.8;0.0;999.9;0;0;0;0;0;0
San_Rafael_Aero;875090;2013;06;07;11.4;8;-1.9;8;1016.5;8;930.0;8;20.0;8;4.2;7;6.2;999.9;21.8;3.0;0.0;999.9;0;0;0;0;0;0
San_Rafael_Aero;875090;2013;06;08;9.4;8;-1.1;8;1022.0;8;934.7;8;20.0;8;2.6;8;4.1;999.9;19.6;2.5;0.0;999.9;0;0;0;0;0;0
San_Rafael_Aero;875090;2013;06;09;11.8;8;0.5;8;1017.6;8;930.9;8;19.3;8;2.6;8;4.1;999.9;21.1;3.0;0.0;999.9;0;0;0;0;0;0
San_Rafael_Aero;875090;2013;06;10;12.1;7;-0.9;7;1016.8;7;930.5;7;20.0;7;3.9;7;4.6;999.9;23.8;5.3;0.0;999.9;0;0;0;0;0;0
San_Rafael_Aero;875090;2013;06;11;14.4;8;0.4;8;1015.1;8;929.4;8;20.0;8;2.2;8;4.1;999.9;25.0;6.5;0.0;999.9;0;0;0;0;0;0
San_Rafael_Aero;875090;2013;06;12;13.7;8;0.2;8;1015.5;8;929.9;8;17.5;8;2.3;8;4.1;999.9;25.5;7.3;0.0;999.9;0;0;0;0;0;0
San_Rafael_Aero;875090;2013;06;13;13.9;8;1.4;8;1015.8;8;930.1;8;20.0;8;2.7;8;5.1;999.9;23.5;7.6;0.0;999.9;0;0;0;0;0;0
San_Rafael_Aero;875090;2013;06;14;10.8;8;3.9;8;1021.7;8;935.0;7;20.0;8;3.5;8;6.7;999.9;22.7;9.3;0.0;999.9;0;0;0;0;0;0
San_Rafael_Aero;875090;2013;06;15;10.3;8;5.2;8;1013.5;8;926.6;8;18.8;8;2.9;8;5.1;999.9;22.0;3.8;0.0;999.9;0;0;0;0;0;0
San_Rafael_Aero;875090;2013;06;16;9.6;8;0.8;8;1017.4;8;930.8;8;20.0;8;2.5;8;3.6;999.9;22.0;6.1;0.0;999.9;0;0;0;0;0;0
San_Rafael_Aero;875090;2013;06;17;5.1;8;-7.3;8;1018.1;8;929.6;8;19.3;8;2.8;8;5.1;999.9;15.8;-3.0;0.0;999.9;0;0;0;0;0;0
San_Rafael_Aero;875090;2013;06;18;5.5;9;-7.2;9;1016.3;8;928.1;8;15.8;9;5.0;9;12.3;16.5;17.0;-3.0;0.0;999.9;0;0;0;0;0;0
San_Rafael_Aero;875090;2013;06;19;2.0;8;-9.9;8;1027.2;8;937.2;8;20.0;8;1.9;8;3.1;999.9;12.4;-4.2;0.0;999.9;0;0;0;0;0;0
San_Rafael_Aero;875090;2013;06;20;4.1;8;-7.9;8;1022.9;8;933.3;8;20.0;8;2.5;8;3.6;999.9;15.2;-2.7;0.0;999.9;0;0;0;0;0;0
San_Rafael_Aero;875090;2013;06;21;8.1;7;-11.6;7;1013.5;7;926.1;7;20.0;7;2.4;7;4.1;999.9;20.6;-1.6;0.0;999.9;0;0;0;0;0;0
San_Rafael_Aero;875090;2013;06;22;9.8;8;-2.2;7;1014.4;8;928.0;8;20.0;8;1.9;8;3.6;999.9;22.5;5.0;0.0;999.9;0;0;0;0;0;0
San_Rafael_Aero;875090;2013;06;23;6.1;8;0.2;8;1021.8;7;933.4;7;20.0;8;2.5;8;3.1;999.9;12.2;0.3;0.0;999.9;0;0;0;0;0;0
San_Rafael_Aero;875090;2013;06;24;7.5;7;-0.7;7;1021.5;7;933.1;7;20.0;7;2.3;7;2.6;999.9;14.2;0.9;999.9;999.9;0;1;0;0;0;0
San_Rafael_Aero;875090;2013;06;25;8.8;8;-2.1;8;1017.4;8;929.8;8;20.0;8;3.0;8;5.1;999.9;19.0;1.7;0.0;999.9;0;0;0;0;0;0
San_Rafael_Aero;875090;2013;06;26;9.3;8;-2.8;8;1014.4;8;927.5;8;18.0;8;2.6;8;4.6;999.9;19.4;3.4;0.0;999.9;0;0;0;0;0;0
San_Rafael_Aero;875090;2013;06;27;7.8;8;-2.2;8;1008.9;8;922.1;8;15.6;8;2.4;8;5.1;999.9;18.5;0.3;0.0;999.9;0;0;0;0;0;0
San_Rafael_Aero;875090;2013;06;28;12.1;8;-1.9;8;1009.2;8;923.2;8;17.5;8;4.8;8;8.2;999.9;19.6;1.6;0.0;999.9;0;0;0;0;0;0
San_Rafael_Aero;875090;2013;06;29;6.5;8;-3.6;8;1016.5;8;929.0;8;20.0;8;3.1;8;6.2;999.9;19.8;-0.2;0.0;999.9;0;0;0;0;0;0
San_Rafael_Aero;875090;2013;06;30;2.9;8;-4.6;8;1022.4;8;933.0;8;20.0;8;2.3;8;2.6;999.9;13.7;-4.4;0.0;999.9;0;0;0;0;0;0
San_Rafael_Aero;875090;2013;07;01;5.4;8;-4.0;8;1022.5;8;933.4;8;20.0;8;3.3;8;5.1;999.9;14.4;-4.1;0.0;999.9;0;0;0;0;0;0
San_Rafael_Aero;875090;2013;07;02;8.5;8;-2.9;8;1009.4;8;922.6;8;20.0;8;3.0;8;4.1;999.9;19.5;-0.7;0.0;999.9;0;0;0;0;0;0
San_Rafael_Aero;875090;2013;07;03;9.2;8;-0.3;8;1007.5;8;921.1;8;20.0;8;2.6;8;3.6;999.9;21.6;-0.2;0.0;999.9;0;0;0;0;0;0
San_Rafael_Aero;875090;2013;07;04;9.0;8;0.7;8;1018.2;8;931.0;8;20.0;8;1.9;8;3.1;999.9;17.6;4.0;0.0;999.9;0;0;0;0;0;0
San_Rafael_Aero;875090;2013;07;05;7.6;8;-0.7;8;1015.7;8;928.4;8;20.0;8;1.8;8;3.1;999.9;12.0;3.4;0.0;999.9;0;0;0;0;0;0
San_Rafael_Aero;875090;2013;07;06;3.0;8;-1.9;8;1022.6;8;933.3;8;20.0;8;2.3;8;3.6;999.9;12.1;-1.5;0.0;999.9;0;0;0;0;0;0
San_Rafael_Aero;875090;2013;07;07;4.8;8;1.0;8;1028.2;8;939.0;7;18.8;8;1.4;8;3.6;999.9;9.6;-1.2;0.0;999.9;0;1;0;0;0;0
San_Rafael_Aero;875090;2013;07;08;4.7;8;0.4;8;1025.9;8;936.5;8;20.0;8;2.4;8;5.1;999.9;7.8;2.5;0.0;999.9;0;0;0;0;0;0
San_Rafael_Aero;875090;2013;07;09;7.3;8;0.2;8;1016.7;8;928.7;8;20.0;8;2.0;8;2.6;999.9;15.5;0.0;0.0;999.9;0;0;0;0;0;0
San_Rafael_Aero;875090;2013;07;10;9.0;8;0.4;8;1013.1;8;926.0;8;20.0;8;2.5;8;4.1;999.9;18.0;0.1;0.0;999.9;0;0;0;0;0;0
San_Rafael_Aero;875090;2013;07;11;7.5;11;0.1;11;1017.1;11;929.7;11;20.0;11;2.6;11;4.1;999.9;18.4;1.4;0.0;999.9;0;0;0;0;0;0
San_Rafael_Aero;875090;2013;07;12;7.7;12;0.2;12;1022.8;12;933.5;12;20.0;12;2.9;12;4.6;999.9;18.3;1.6;0.0;999.9;0;0;0;0;0;0
San_Rafael_Aero;875090;2013;07;13;11.9;8;-5.2;8;1014.8;8;928.2;8;20.0;8;3.1;8;4.6;999.9;23.6;2.1;0.0;999.9;0;0;0;0;0;0
San_Rafael_Aero;875090;2013;07;14;9.2;8;-2.3;8;1021.0;8;934.0;8;20.0;8;2.8;8;4.1;999.9;24.5;1.0;0.0;999.9;0;0;0;0;0;0
San_Rafael_Aero;875090;2013;07;15;10.7;8;-1.3;8;1020.4;8;932.8;8;20.0;8;2.8;8;3.6;999.9;21.8;1.3;0.0;999.9;0;0;0;0;0;0
San_Rafael_Aero;875090;2013;07;16;12.9;8;-2.6;8;1015.1;8;929.0;8;20.0;8;3.3;8;5.1;999.9;23.0;5.2;0.0;999.9;0;0;0;0;0;0
San_Rafael_Aero;875090;2013;07;17;15.6;8;-3.6;8;1009.7;8;924.8;8;19.3;8;3.2;8;4.6;999.9;27.2;5.8;0.0;999.9;0;0;0;0;0;0
San_Rafael_Aero;875090;2013;07;18;4.8;9;-2.9;9;1021.6;8;934.3;8;17.2;9;3.6;9;8.7;999.9;14.0;1.0;0.0;999.9;0;0;1;0;0;0
San_Rafael_Aero;875090;2013;07;19;1.3;8;-1.2;8;1025.5;8;935.2;8;13.2;8;0.9;8;1.5;999.9;4.8;-1.0;4.1;7.9;0;0;1;0;0;0
San_Rafael_Aero;875090;2013;07;20;2.7;7;-4.9;7;1015.4;7;926.2;7;20.0;7;3.6;7;7.7;999.9;7.0;-2.3;1.0;999.9;0;0;1;0;0;0
San_Rafael_Aero;875090;2013;07;21;1.9;8;-0.9;8;1027.6;8;937.4;8;18.2;8;4.9;8;9.8;999.9;7.0;-2.3;0.0;999.9;0;0;1;0;0;0
San_Rafael_Aero;875090;2013;07;22;-0.4;8;-4.7;8;1031.2;8;939.9;8;20.0;8;3.3;8;5.7;999.9;6.2;-5.1;0.0;999.9;0;0;0;0;0;0
San_Rafael_Aero;875090;2013;07;23;3.8;8;-4.6;8;1026.9;8;936.8;8;20.0;8;2.5;8;4.1;999.9;11.2;-4.1;0.0;999.9;0;0;0;0;0;0
San_Rafael_Aero;875090;2013;07;24;5.3;8;-5.1;8;1025.9;8;936.7;8;18.8;8;2.8;8;5.1;999.9;16.4;-2.8;0.0;999.9;0;0;0;0;0;0
San_Rafael_Aero;875090;2013;07;25;7.5;8;-5.6;8;1017.0;8;929.1;8;19.3;8;3.3;8;5.1;999.9;20.1;-2.8;0.0;999.9;0;0;0;0;0;0
San_Rafael_Aero;875090;2013;07;26;9.2;8;-4.2;8;1013.2;8;926.3;8;17.5;8;2.4;8;5.1;999.9;20.2;-2.0;0.0;999.9;0;0;0;0;0;0
San_Rafael_Aero;875090;2013;07;27;8.7;7;-1.9;7;1023.1;7;935.6;7;18.5;7;2.4;7;5.1;999.9;16.0;2.8;0.0;999.9;0;0;0;0;0;0
San_Rafael_Aero;875090;2013;07;28;10.0;8;-2.1;8;1019.9;8;932.5;8;20.0;8;3.3;8;4.6;999.9;19.6;2.8;0.0;999.9;0;0;0;0;0;0
San_Rafael_Aero;875090;2013;07;29;11.1;8;-1.2;8;1018.4;8;931.6;8;15.6;8;3.3;8;4.1;999.9;20.5;4.0;0.0;999.9;0;0;0;0;0;0
San_Rafael_Aero;875090;2013;07;30;13.3;8;3.4;8;1012.5;8;926.9;8;15.0;8;2.6;8;5.1;999.9;21.0;6.1;0.0;999.9;0;0;0;0;0;0
San_Rafael_Aero;875090;2013;07;31;9.1;8;0.3;8;1018.4;8;931.4;8;20.0;8;3.0;8;5.1;999.9;20.4;3.6;0.0;999.9;0;0;0;0;0;0
San_Rafael_Aero;875090;2013;08;01;7.3;7;-1.8;7;1020.0;7;932.1;7;20.0;7;2.6;7;4.1;999.9;15.6;1.2;0.0;999.9;0;0;0;0;0;0
San_Rafael_Aero;875090;2013;08;02;8.9;8;-3.6;8;1020.3;8;932.7;8;20.0;8;3.9;8;5.1;999.9;17.8;1.0;0.0;999.9;0;0;0;0;0;0
San_Rafael_Aero;875090;2013;08;03;10.0;8;-5.2;8;1013.1;8;926.4;8;18.8;8;3.7;8;7.2;999.9;19.8;1.0;0.0;999.9;0;0;0;0;0;0
San_Rafael_Aero;875090;2013;08;04;11.9;7;-5.4;7;1014.4;7;927.9;7;18.5;7;3.3;7;6.2;999.9;21.7;1.5;0.0;999.9;0;0;0;0;0;0
San_Rafael_Aero;875090;2013;08;05;14.4;8;-3.5;8;1012.3;8;926.9;8;19.3;8;3.9;8;5.1;999.9;22.5;3.8;0.0;999.9;0;0;0;0;0;0
San_Rafael_Aero;875090;2013;08;06;11.6;8;-5.4;8;1013.4;8;927.4;8;20.0;8;3.4;8;5.7;999.9;21.5;3.0;0.0;999.9;0;0;0;0;0;0
San_Rafael_Aero;875090;2013;08;07;11.2;8;0.8;8;1003.6;8;918.4;8;18.8;8;3.4;8;6.2;999.9;21.8;3.8;0.0;999.9;0;0;0;0;0;0
San_Rafael_Aero;875090;2013;08;08;7.6;8;-4.9;8;1018.0;8;930.5;8;19.3;8;4.7;7;5.1;999.9;14.9;1.8;0.0;999.9;0;0;0;0;0;0
San_Rafael_Aero;875090;2013;08;09;5.8;8;-3.4;8;1029.3;8;940.3;8;20.0;8;3.3;8;7.2;999.9;12.7;-2.0;0.0;999.9;0;0;0;0;0;0
San_Rafael_Aero;875090;2013;08;10;6.1;8;-6.2;8;1021.7;8;932.8;8;20.0;8;4.2;8;6.2;999.9;19.3;-4.8;0.0;999.9;0;0;0;0;0;0
San_Rafael_Aero;875090;2013;08;11;9.7;8;-1.8;8;1012.0;8;925.2;8;20.0;8;2.5;8;7.2;999.9;21.5;-3.2;0.0;999.9;0;0;0;0;0;0
San_Rafael_Aero;875090;2013;08;12;5.8;8;2.8;8;1018.7;8;931.2;8;13.2;8;3.6;8;8.2;999.9;20.0;0.6;6.1;999.9;0;1;1;0;0;0
San_Rafael_Aero;875090;2013;08;13;3.8;8;-1.3;8;1030.1;8;939.7;8;20.0;8;2.3;8;4.6;999.9;10.8;-1.6;21.1;999.9;0;0;0;0;0;0
San_Rafael_Aero;875090;2013;08;14;6.9;8;0.9;8;1028.0;8;938.8;8;18.8;8;4.9;8;7.2;999.9;15.7;-0.6;0.0;999.9;0;0;0;0;0;0
San_Rafael_Aero;875090;2013;08;15;10.4;8;1.8;8;1014.7;8;927.8;8;20.0;8;3.5;8;8.8;999.9;22.4;-0.3;0.0;999.9;0;0;0;0;0;0
San_Rafael_Aero;875090;2013;08;16;10.2;7;-2.2;7;1024.9;7;937.7;7;20.0;7;2.1;7;3.1;999.9;23.4;2.5;0.0;999.9;0;0;0;0;0;0
San_Rafael_Aero;875090;2013;08;17;8.7;8;-5.3;8;1022.5;8;934.5;8;20.0;8;4.7;8;8.2;999.9;19.2;1.9;0.0;999.9;0;0;0;0;0;0
San_Rafael_Aero;875090;2013;08;18;11.4;8;-1.3;8;1013.7;8;927.2;8;18.8;8;3.7;8;5.1;999.9;23.3;3.4;0.0;999.9;0;0;0;0;0;0
San_Rafael_Aero;875090;2013;08;19;13.1;8;-0.8;8;1011.3;8;925.6;8;18.8;8;4.4;8;6.7;999.9;25.0;2.2;0.0;999.9;0;0;0;0;0;0
San_Rafael_Aero;875090;2013;08;20;11.9;8;0.9;8;1014.0;8;928.2;8;20.0;8;2.8;8;4.6;999.9;25.6;5.2;0.0;999.9;0;0;0;0;0;0
San_Rafael_Aero;875090;2013;08;21;12.8;7;-2.3;7;1010.7;7;925.7;7;18.5;7;2.8;7;5.1;999.9;24.2;3.4;0.0;999.9;0;0;0;0;0;0
San_Rafael_Aero;875090;2013;08;22;5.2;8;-5.9;8;1022.2;8;934.3;8;20.0;8;3.5;8;7.7;999.9;11.6;-2.5;0.0;999.9;0;0;0;0;0;0
San_Rafael_Aero;875090;2013;08;23;1.0;7;-5.4;7;1025.7;7;935.5;7;17.9;7;2.9;7;4.1;999.9;6.5;-6.0;0.0;999.9;0;0;0;0;0;0
San_Rafael_Aero;875090;2013;08;24;1.4;7;-5.2;7;1031.0;7;940.2;7;20.0;7;4.7;7;7.2;999.9;8.0;-2.4;0.0;999.9;0;0;0;0;0;0
San_Rafael_Aero;875090;2013;08;25;1.2;8;-3.8;8;1034.9;8;943.7;8;20.0;8;2.4;8;3.6;999.9;5.0;-1.7;0.0;999.9;0;0;0;0;0;0
San_Rafael_Aero;875090;2013;08;26;4.9;8;-3.6;8;1031.9;8;941.6;8;17.5;8;3.3;8;5.1;999.9;14.7;-3.0;0.0;999.9;0;0;0;0;0;0
San_Rafael_Aero;875090;2013;08;27;11.9;8;-2.3;8;1021.2;8;933.8;8;19.3;8;4.2;8;7.2;999.9;25.1;-0.2;0.0;999.9;0;0;0;0;0;0
San_Rafael_Aero;875090;2013;08;28;17.0;8;1.6;8;1016.7;8;931.5;8;20.0;8;3.1;8;4.6;999.9;29.0;5.8;0.0;999.9;0;0;0;0;0;0
San_Rafael_Aero;875090;2013;08;29;18.6;8;1.7;8;1010.7;8;926.7;8;17.5;8;3.6;8;5.1;999.9;30.0;7.2;0.0;999.9;0;0;0;0;0;0
San_Rafael_Aero;875090;2013;08;30;18.4;8;3.2;8;1008.2;8;924.4;8;19.3;8;2.5;8;3.6;999.9;31.0;10.5;0.0;999.9;0;0;0;0;0;0
San_Rafael_Aero;875090;2013;08;31;17.0;8;3.8;8;1010.2;8;926.1;8;20.0;8;2.5;8;3.6;999.9;27.5;9.9;0.0;999.9;0;0;0;0;0;0
San_Rafael_Aero;875090;2013;09;01;13.8;8;3.7;8;1014.2;8;929.0;8;20.0;8;2.9;8;5.1;999.9;26.0;6.8;0.0;999.9;0;0;0;0;0;0
San_Rafael_Aero;875090;2013;09;02;11.0;8;3.7;8;1017.7;8;931.2;8;20.0;8;2.4;8;4.1;999.9;20.3;3.3;0.0;999.9;0;0;0;0;0;0
San_Rafael_Aero;875090;2013;09;03;10.3;8;3.6;8;1024.6;8;937.2;8;20.0;8;2.4;8;5.7;999.9;16.6;6.3;0.0;999.9;0;0;0;0;0;0
San_Rafael_Aero;875090;2013;09;04;10.3;8;2.0;8;1016.9;8;930.0;8;20.0;8;3.6;8;7.7;999.9;20.4;2.5;0.0;999.9;0;0;0;0;0;0
San_Rafael_Aero;875090;2013;09;05;14.1;8;5.2;8;1012.6;8;926.9;8;20.0;8;2.8;8;5.1;999.9;21.6;0.4;0.0;999.9;0;0;0;0;0;0
San_Rafael_Aero;875090;2013;09;06;15.5;8;6.8;8;1012.4;8;927.2;8;20.0;8;3.0;8;7.2;999.9;24.8;7.5;0.0;999.9;0;0;0;0;0;0
San_Rafael_Aero;875090;2013;09;07;17.2;8;8.6;8;1010.4;8;925.9;8;20.0;8;2.5;8;3.1;999.9;27.7;8.7;0.0;999.9;0;0;0;0;0;0
San_Rafael_Aero;875090;2013;09;08;17.9;8;8.4;8;1014.0;8;929.6;8;20.0;8;3.6;8;5.1;999.9;29.2;8.0;0.0;999.9;0;0;0;0;0;0
San_Rafael_Aero;875090;2013;09;09;21.5;8;11.7;8;1005.8;8;922.7;8;20.0;8;3.3;8;6.2;999.9;33.2;10.8;0.0;999.9;0;0;0;0;0;0
San_Rafael_Aero;875090;2013;09;10;22.9;8;11.5;8;1002.5;8;920.5;8;12.9;8;4.6;8;7.2;999.9;34.6;14.4;0.0;999.9;0;0;0;0;0;0
San_Rafael_Aero;875090;2013;09;11;16.2;8;7.9;8;1011.0;8;926.7;8;20.0;8;2.9;8;4.1;999.9;27.7;10.0;0.0;999.9;0;0;0;0;0;0
San_Rafael_Aero;875090;2013;09;12;8.9;8;4.1;8;1015.2;8;928.8;8;20.0;8;3.9;8;6.7;999.9;22.0;5.5;0.0;999.9;0;0;0;0;0;0
San_Rafael_Aero;875090;2013;09;13;6.6;8;1.4;8;1025.4;8;936.9;8;20.0;8;2.4;8;4.1;999.9;11.0;3.0;0.0;999.9;0;0;0;0;0;0
San_Rafael_Aero;875090;2013;09;14;3.7;10;0.9;10;1024.7;7;935.5;7;12.9;10;3.5;10;5.1;999.9;9.1;3.0;0.0;999.9;0;1;0;0;0;0
San_Rafael_Aero;875090;2013;09;15;1.6;8;0.6;8;1026.7;8;936.5;8;13.7;8;1.5;8;2.6;999.9;4.5;0.0;1.0;3.0;0;1;1;0;0;0
San_Rafael_Aero;875090;2013;09;16;2.7;8;1.5;8;1026.3;8;936.3;8;12.6;8;1.6;8;2.6;999.9;5.4;0.5;2.0;999.9;1;1;1;0;0;0
San_Rafael_Aero;875090;2013;09;17;4.7;8;0.4;8;1025.2;8;935.5;8;20.0;8;2.5;8;4.6;999.9;12.9;-1.0;0.5;999.9;0;0;0;0;0;0
San_Rafael_Aero;875090;2013;09;18;7.0;8;1.9;8;1021.1;8;932.7;8;20.0;8;3.5;8;7.2;999.9;16.9;-2.0;0.0;999.9;0;0;0;0;0;0
San_Rafael_Aero;875090;2013;09;19;11.8;8;5.5;8;1014.8;8;928.3;8;20.0;8;3.2;8;5.1;999.9;19.7;2.6;0.0;999.9;0;0;0;0;0;0
San_Rafael_Aero;875090;2013;09;20;10.9;8;5.6;8;1011.3;8;925.3;8;20.0;8;2.5;8;4.1;999.9;22.0;2.4;0.0;999.9;0;0;0;0;0;0
San_Rafael_Aero;875090;2013;09;21;6.3;8;2.4;8;1018.9;7;931.3;7;13.4;8;4.1;8;10.3;999.9;19.0;-1.0;5.1;3.0;0;1;1;0;0;0
San_Rafael_Aero;875090;2013;09;22;6.3;8;1.7;8;1026.8;8;937.6;8;20.0;8;4.1;8;8.2;999.9;12.7;-0.6;0.3;999.9;0;0;0;0;0;0
San_Rafael_Aero;875090;2013;09;23;7.6;8;2.7;8;1033.1;8;944.0;8;20.0;8;2.8;8;5.1;999.9;14.0;2.0;0.0;999.9;0;0;0;0;0;0
San_Rafael_Aero;875090;2013;09;24;7.7;8;2.8;8;1027.5;8;938.9;8;19.3;8;3.4;8;6.2;999.9;17.1;-1.6;0.0;999.9;0;0;0;0;0;0
San_Rafael_Aero;875090;2013;09;25;10.9;8;1.8;8;1017.5;8;930.5;8;20.0;8;2.9;8;6.7;999.9;20.2;1.5;0.0;999.9;0;0;0;0;0;0
San_Rafael_Aero;875090;2013;09;26;13.8;8;-1.4;8;1011.9;8;926.4;8;20.0;8;3.8;8;6.2;999.9;21.9;4.8;0.0;999.9;0;0;0;0;0;0
San_Rafael_Aero;875090;2013;09;27;10.9;8;-2.6;8;1017.1;8;930.9;8;14.6;8;5.2;8;7.2;999.9;22.8;5.2;0.0;999.9;0;0;0;0;0;0
San_Rafael_Aero;875090;2013;09;28;5.2;8;-3.5;8;1027.5;7;938.6;7;18.8;8;4.4;8;6.7;999.9;13.5;2.2;999.9;999.9;0;1;0;0;0;0
San_Rafael_Aero;875090;2013;09;29;7.2;7;-4.3;7;1026.2;7;937.1;7;20.0;7;4.3;7;6.7;999.9;14.3;-2.2;0.0;999.9;0;0;0;0;0;0
San_Rafael_Aero;875090;2013;09;30;8.3;8;0.9;8;1024.0;8;935.9;8;20.0;8;3.2;8;5.1;999.9;14.9;1.0;0.0;999.9;0;0;0;0;0;0
San_Rafael_Aero;875090;2013;10;01;10.5;8;1.2;8;1017.7;8;930.6;8;20.0;8;3.4;8;7.7;999.9;19.7;1.0;0.0;999.9;0;0;0;0;0;0
San_Rafael_Aero;875090;2013;10;02;11.7;7;3.1;7;1014.5;7;928.3;7;20.0;7;2.1;7;3.1;999.9;20.2;4.9;0.0;999.9;0;0;0;0;0;0
San_Rafael_Aero;875090;2013;10;03;11.9;8;1.7;8;1020.5;8;932.6;8;20.0;8;2.2;8;3.6;999.9;18.8;4.5;0.0;999.9;0;0;0;0;0;0
San_Rafael_Aero;875090;2013;10;04;12.4;8;-0.1;8;1022.9;8;935.9;8;20.0;8;4.3;8;8.7;999.9;21.7;4.0;0.0;999.9;0;0;0;0;0;0
San_Rafael_Aero;875090;2013;10;05;15.0;8;1.4;8;1017.4;8;931.8;8;20.0;8;3.4;8;5.1;999.9;23.0;6.0;0.0;999.9;0;0;0;0;0;0
San_Rafael_Aero;875090;2013;10;06;16.0;8;2.4;8;1018.4;8;932.8;8;20.0;8;3.3;8;7.7;999.9;25.9;7.2;0.0;999.9;0;0;0;0;0;0
San_Rafael_Aero;875090;2013;10;07;18.6;8;4.1;8;1014.8;8;930.4;8;18.8;8;3.1;8;7.2;999.9;26.4;11.3;0.0;999.9;0;0;0;0;0;0
San_Rafael_Aero;875090;2013;10;08;19.8;8;4.3;8;1008.3;8;924.7;8;20.0;8;4.8;8;8.8;999.9;30.7;8.0;0.0;999.9;0;0;0;0;0;0
San_Rafael_Aero;875090;2013;10;09;17.6;8;-0.6;8;1012.8;8;928.9;8;20.0;8;3.8;8;5.7;999.9;31.8;9.2;0.0;999.9;0;1;0;0;1;0
San_Rafael_Aero;875090;2013;10;10;16.2;8;-1.4;8;1016.0;8;930.6;8;20.0;8;3.0;8;4.6;999.9;26.6;6.0;0.0;999.9;0;0;0;0;0;0
San_Rafael_Aero;875090;2013;10;11;12.9;11;6.1;11;1016.6;8;931.6;8;13.2;11;3.9;11;5.1;999.9;27.0;9.7;0.0;999.9;0;1;0;0;0;0
San_Rafael_Aero;875090;2013;10;12;11.8;6;10.2;6;1018.2;6;931.5;6;17.5;6;1.7;6;2.6;999.9;15.4;9.9;0.3;999.9;0;1;0;0;0;0
San_Rafael_Aero;875090;2013;10;13;16.4;8;12.1;8;1014.0;8;928.6;8;15.8;8;1.4;8;3.1;999.9;24.5;9.4;0.0;999.9;0;1;0;0;0;0
San_Rafael_Aero;875090;2013;10;14;22.2;6;12.2;6;1014.3;6;930.8;6;20.0;6;3.6;6;8.7;999.9;27.7;11.0;0.0;999.9;0;0;0;0;0;0
San_Rafael_Aero;875090;2013;10;15;20.1;7;12.9;7;1013.4;7;929.5;7;20.0;7;2.6;7;5.1;999.9;28.5;12.2;15.0;999.9;0;1;0;0;1;0
San_Rafael_Aero;875090;2013;10;16;19.8;8;13.8;8;1013.3;8;929.5;8;20.0;8;2.5;8;4.1;999.9;28.0;14.4;2.0;999.9;0;0;0;0;0;0
San_Rafael_Aero;875090;2013;10;17;18.6;8;11.4;8;1016.0;8;931.7;8;20.1;8;3.0;8;4.6;999.9;25.4;11.4;0.0;999.9;0;0;0;0;0;0
San_Rafael_Aero;875090;2013;10;18;21.2;7;11.2;7;1010.2;7;926.8;7;20.0;7;2.7;7;4.1;999.9;30.6;13.3;0.0;999.9;0;0;0;0;0;0
San_Rafael_Aero;875090;2013;10;19;22.2;8;9.7;8;1002.8;8;920.4;8;20.0;8;2.7;8;5.1;999.9;31.4;14.2;0.0;999.9;0;0;0;0;0;0
San_Rafael_Aero;875090;2013;10;20;20.5;8;1.5;8;999.6;8;917.3;8;16.6;8;5.4;8;15.4;16.5;32.0;10.8;0.0;999.9;0;0;0;0;0;0
San_Rafael_Aero;875090;2013;10;21;14.7;7;2.5;7;1014.3;7;929.3;7;20.0;7;4.0;7;6.2;999.9;27.8;6.0;0.0;999.9;0;0;0;0;0;0
San_Rafael_Aero;875090;2013;10;22;15.6;8;3.3;8;1006.3;8;921.9;8;19.3;8;3.4;8;10.3;999.9;26.7;7.4;0.0;999.9;0;0;0;0;0;0
San_Rafael_Aero;875090;2013;10;23;14.6;8;-0.8;8;1012.3;8;927.5;8;20.0;8;4.1;8;6.7;999.9;28.5;8.1;0.0;999.9;0;0;0;0;0;0
San_Rafael_Aero;875090;2013;10;24;11.9;8;-0.1;8;1023.5;8;936.6;8;18.2;8;2.6;8;4.1;999.9;19.2;2.6;0.0;999.9;0;0;0;0;0;0
San_Rafael_Aero;875090;2013;10;25;15.8;8;2.0;8;1014.8;8;929.3;8;20.0;8;2.6;8;5.1;999.9;26.2;5.4;0.0;999.9;0;0;0;0;0;0
San_Rafael_Aero;875090;2013;10;26;19.3;8;3.2;8;1013.5;8;929.4;8;20.0;8;3.5;8;5.7;999.9;27.8;9.5;0.0;999.9;0;0;0;0;0;0
San_Rafael_Aero;875090;2013;10;27;19.8;8;0.4;8;1015.2;8;931.2;8;20.0;8;2.4;8;4.1;999.9;27.6;10.5;0.0;999.9;0;0;0;0;0;0
San_Rafael_Aero;875090;2013;10;28;21.6;8;4.1;8;1006.8;8;923.6;8;20.0;8;2.4;8;4.6;999.9;31.3;11.9;0.0;999.9;0;0;0;0;0;0
San_Rafael_Aero;875090;2013;10;29;20.0;8;8.2;8;1009.1;8;925.9;8;18.8;8;3.3;8;6.2;999.9;32.7;12.4;10.9;999.9;0;1;0;0;1;0
San_Rafael_Aero;875090;2013;10;30;21.5;8;11.5;8;1005.5;8;922.7;8;20.0;8;2.2;8;4.1;999.9;29.1;11.4;0.0;999.9;0;0;0;0;0;0
San_Rafael_Aero;875090;2013;10;31;19.2;8;13.1;8;1003.5;8;920.7;8;18.8;8;4.8;8;7.2;999.9;29.5;12.9;0.0;999.9;0;0;0;0;0;0
San_Rafael_Aero;875090;2013;11;01;16.6;7;6.1;7;1014.5;7;929.8;7;18.5;7;3.3;7;4.6;999.9;24.5;11.9;0.0;999.9;0;1;0;0;0;0
San_Rafael_Aero;875090;2013;11;02;17.7;8;3.4;8;1018.1;8;933.1;8;20.0;8;2.1;8;4.1;999.9;26.4;8.1;0.0;999.9;0;0;0;0;0;0
San_Rafael_Aero;875090;2013;11;03;20.2;7;4.6;7;1015.0;7;931.1;7;20.0;7;3.7;7;8.2;999.9;31.5;10.6;0.0;999.9;0;0;0;0;0;0
San_Rafael_Aero;875090;2013;11;04;23.9;8;7.6;8;1008.7;8;926.2;8;20.0;8;3.6;8;7.7;999.9;33.1;14.7;999.9;999.9;0;1;0;0;1;0
San_Rafael_Aero;875090;2013;11;05;24.3;8;11.4;8;1009.6;8;927.2;8;20.0;8;4.2;8;10.3;999.9;33.2;13.6;1.0;999.9;0;0;0;0;0;0
San_Rafael_Aero;875090;2013;11;06;25.1;9;12.1;9;1002.3;8;920.8;8;17.9;9;3.8;9;5.1;999.9;33.8;15.3;0.0;999.9;0;0;0;0;0;0
San_Rafael_Aero;875090;2013;11;07;20.5;8;6.9;7;1010.7;8;927.7;8;10.0;8;4.2;8;6.7;999.9;34.4;11.4;0.3;999.9;0;0;0;0;0;0
San_Rafael_Aero;875090;2013;11;08;18.9;8;7.8;8;1009.9;8;926.1;8;20.0;8;4.1;8;6.7;999.9;26.9;12.4;0.0;999.9;0;0;0;0;0;0
San_Rafael_Aero;875090;2013;11;09;14.8;9;10.2;9;1007.2;8;923.2;8;17.1;9;4.1;9;7.2;999.9;27.6;11.2;3.0;999.9;0;1;0;0;1;0
San_Rafael_Aero;875090;2013;11;10;13.6;8;9.7;7;1013.3;8;927.4;8;14.3;8;2.5;8;4.1;999.9;23.2;8.7;33.0;999.9;0;1;0;0;0;0
San_Rafael_Aero;875090;2013;11;11;18.6;8;9.6;8;1010.8;8;926.4;8;20.0;8;3.7;8;8.2;999.9;28.2;10.4;0.0;999.9;0;0;0;0;0;0
San_Rafael_Aero;875090;2013;11;12;19.8;8;8.6;8;1009.1;8;925.7;8;20.0;8;2.6;8;4.6;999.9;28.3;10.6;0.0;999.9;0;0;0;0;0;0
San_Rafael_Aero;875090;2013;11;13;21.0;8;12.7;8;1006.8;8;923.6;8;20.0;8;1.7;8;3.1;999.9;30.4;11.2;0.0;999.9;0;0;0;0;0;0
