Santiago_Del_Estero_Aero;871290;2013;01;01;22,6;7;14,9;7;1017,5;7;994,8;7;13,5;7;3,6;7;6,2;999,9;31,7;19,1;15,0;999,9;0;1;0;0;1;0
Santiago_Del_Estero_Aero;871290;2013;01;02;22,3;7;10,9;7;1017,6;7;994,5;7;14,6;7;1,8;7;2,6;999,9;29,2;14,0;0,0;999,9;0;0;0;0;0;0
Santiago_Del_Estero_Aero;871290;2013;01;03;27,4;7;14,9;7;1011,9;7;989,2;7;14,2;7;4,7;7;6,7;999,9;33,7;18,6;0,0;999,9;0;0;0;0;0;0
Santiago_Del_Estero_Aero;871290;2013;01;04;29,9;8;17,6;8;1006,9;8;984,5;8;13,8;8;2,6;8;4,1;999,9;37,4;23,2;0,0;999,9;0;0;0;0;0;0
Santiago_Del_Estero_Aero;871290;2013;01;05;30,9;8;20,4;8;1004,5;8;982,3;8;12,4;8;3,3;8;9,3;999,9;37,4;26,2;0,0;999,9;0;0;0;0;0;0
Santiago_Del_Estero_Aero;871290;2013;01;06;23,8;8;20,5;8;1007,3;8;984,7;8;11,9;8;2,8;8;5,1;999,9;35,0;21,4;1,0;999,9;0;1;0;0;1;0
Santiago_Del_Estero_Aero;871290;2013;01;07;24,6;8;19,9;8;1002,6;8;980,0;8;11,4;8;1,6;8;4,1;999,9;33,0;18,6;7,9;999,9;0;1;0;0;1;0
Santiago_Del_Estero_Aero;871290;2013;01;08;31,2;8;22,5;8;1004,1;8;981,9;8;13,8;8;6,1;8;999,9;999,9;37,8;21,4;0,0;999,9;0;0;0;0;0;0
Santiago_Del_Estero_Aero;871290;2013;01;09;28,5;8;21,4;8;1012,8;8;990,3;8;12,2;8;3,2;8;6,2;999,9;38,1;23,0;3,0;999,9;0;1;0;0;1;0
Santiago_Del_Estero_Aero;871290;2013;01;10;30,8;8;19,9;8;1013,6;8;991,2;8;13,5;8;1,7;8;4,1;999,9;37,2;24,0;0,0;999,9;0;0;0;0;0;0
Santiago_Del_Estero_Aero;871290;2013;01;11;30,7;8;18,6;8;1009,7;8;987,4;8;14,3;8;3,3;8;5,1;999,9;38,4;24,0;0,0;999,9;0;0;0;0;0;0
Santiago_Del_Estero_Aero;871290;2013;01;12;30,9;8;14,9;8;1006,8;8;984,6;8;13,5;8;3,1;8;5,7;999,9;39,0;23,6;0,0;999,9;0;0;0;0;0;0
Santiago_Del_Estero_Aero;871290;2013;01;13;30,1;7;18,1;7;1009,3;7;987,1;7;14,2;7;2,0;7;3,6;999,9;38,0;24,5;2,0;999,9;0;0;0;0;0;0
Santiago_Del_Estero_Aero;871290;2013;01;14;30,7;8;18,8;8;1010,7;8;988,4;8;12,7;8;2,3;8;3,1;999,9;38,2;24,0;0,0;999,9;0;0;0;0;0;0
Santiago_Del_Estero_Aero;871290;2013;01;15;29,7;8;15,1;8;1008,4;8;986,2;8;13,2;8;1,8;8;4,1;999,9;38,0;20,5;0,0;999,9;0;0;0;0;0;0
Santiago_Del_Estero_Aero;871290;2013;01;16;30,0;9;17,7;9;1004,6;8;982,4;8;13,8;9;1,1;9;4,1;999,9;38,5;23,0;0,0;999,9;0;0;0;0;0;0
Santiago_Del_Estero_Aero;871290;2013;01;17;28,5;8;19,7;8;1009,7;8;987,4;8;12,4;8;2,1;8;4,1;999,9;39,3;22,6;4,1;999,9;0;1;0;0;0;0
Santiago_Del_Estero_Aero;871290;2013;01;18;29,7;6;18,6;6;1013,1;6;990,7;6;13,0;6;2,6;6;4,1;999,9;35,8;21,2;2,0;999,9;0;0;0;0;0;0
Santiago_Del_Estero_Aero;871290;2013;01;19;29,8;6;15,4;6;1014,5;6;991,8;6;13,0;6;1,8;6;3,1;999,9;36,5;21,0;0,0;999,9;0;0;0;0;0;0
Santiago_Del_Estero_Aero;871290;2013;01;20;29,0;5;15,8;5;1016,3;5;993,4;5;15,0;5;2,6;5;3,6;999,9;33,5;24,0;0,0;999,9;0;0;0;0;0;0
Santiago_Del_Estero_Aero;871290;2013;01;21;27,4;5;16,6;5;1013,9;5;992,5;5;13,2;5;2,1;5;2,6;999,9;31,4;19,6;0,0;999,9;0;0;0;0;0;0
Santiago_Del_Estero_Aero;871290;2013;01;22;28,5;8;16,3;8;1013,4;8;990,8;8;13,8;8;1,8;8;2,6;999,9;35,0;22,6;0,0;999,9;0;0;0;0;0;0
Santiago_Del_Estero_Aero;871290;2013;01;23;30,0;8;18,6;8;1009,3;8;986,9;8;15,0;8;2,0;8;7,2;999,9;38,2;20,6;0,0;999,9;0;0;0;0;0;0
Santiago_Del_Estero_Aero;871290;2013;01;24;33,6;8;19,3;8;1002,6;8;980,7;8;13,8;8;2,6;8;4,6;999,9;42,3;26,4;0,0;999,9;0;0;0;0;0;0
Santiago_Del_Estero_Aero;871290;2013;01;25;28,8;8;17,1;8;1008,4;8;986,2;8;13,5;8;3,9;8;7,2;999,9;44,0;22,0;0,0;999,9;0;0;0;0;0;0
Santiago_Del_Estero_Aero;871290;2013;01;26;27,4;8;13,2;8;1013,1;8;990,5;8;13,8;8;2,9;8;4,6;999,9;35,2;20,0;0,0;999,9;0;0;0;0;0;0
Santiago_Del_Estero_Aero;871290;2013;01;27;29,5;8;14,3;8;1010,4;8;988,0;8;13,8;8;4,3;8;6,2;999,9;37,2;22,2;0,0;999,9;0;0;0;0;0;0
Santiago_Del_Estero_Aero;871290;2013;01;28;30,1;8;14,8;8;1010,5;8;988,1;8;15,0;8;2,7;8;4,1;999,9;38,8;22,0;0,0;999,9;0;0;0;0;0;0
Santiago_Del_Estero_Aero;871290;2013;01;29;31,0;8;16,2;8;1010,3;8;988,0;8;13,2;8;2,0;8;2,6;999,9;38,2;24,0;0,0;999,9;0;0;0;0;0;0
Santiago_Del_Estero_Aero;871290;2013;01;30;32,1;7;17,8;7;1007,7;7;985,6;7;14,6;7;2,4;7;3,6;999,9;37,6;26,0;0,0;999,9;0;0;0;0;0;0
Santiago_Del_Estero_Aero;871290;2013;01;31;30,4;7;19,3;7;1005,6;6;983,6;6;13,4;7;3,0;7;5,1;999,9;39,5;25,8;0,0;999,9;0;0;0;0;0;0
Santiago_Del_Estero_Aero;871290;2013;02;01;33,1;8;20,6;8;1002,9;8;980,9;8;13,5;8;1,9;8;3,6;999,9;43,0;26,0;0,0;999,9;0;0;0;0;0;0
Santiago_Del_Estero_Aero;871290;2013;02;02;30,0;7;19,3;7;1007,3;7;985,2;7;12,7;7;2,6;7;5,1;999,9;44,3;26,0;0,0;999,9;0;0;0;0;0;0
Santiago_Del_Estero_Aero;871290;2013;02;03;28,9;8;18,4;8;1014,4;8;991,9;8;13,8;8;1,9;8;3,6;999,9;33,9;24,8;0,0;999,9;0;0;0;0;0;0
Santiago_Del_Estero_Aero;871290;2013;02;04;29,3;8;18,4;8;1010,5;8;988,1;8;14,6;8;2,8;8;4,6;999,9;36,8;23,0;0,0;999,9;0;0;0;0;0;0
Santiago_Del_Estero_Aero;871290;2013;02;05;30,2;8;15,5;8;1009,3;8;986,9;8;14,6;8;3,2;8;6,2;999,9;37,4;22,8;0,0;999,9;0;0;0;0;0;0
Santiago_Del_Estero_Aero;871290;2013;02;06;28,4;7;14,7;7;1012,4;7;989,9;7;15,0;7;2,3;7;4,1;999,9;34,3;23,0;0,0;999,9;0;0;0;0;0;0
Santiago_Del_Estero_Aero;871290;2013;02;07;28,6;8;13,4;8;1012,4;7;990,2;8;15,0;8;1,1;8;3,1;999,9;35,7;19,6;0,0;999,9;0;0;0;0;0;0
Santiago_Del_Estero_Aero;871290;2013;02;08;28,4;7;14,3;7;1009,1;7;986,6;7;15,0;7;1,4;7;5,1;999,9;37,2;18,1;0,0;999,9;0;0;0;0;0;0
Santiago_Del_Estero_Aero;871290;2013;02;09;30,3;7;16,6;7;1005,9;7;983,7;7;15,0;7;1,9;7;3,6;999,9;38,3;22,8;0,0;999,9;0;0;0;0;0;0
Santiago_Del_Estero_Aero;871290;2013;02;10;29,6;8;16,9;8;1004,1;8;982,0;8;14,3;8;2,6;8;4,6;999,9;40,2;19,0;999,9;999,9;0;1;0;0;1;0
Santiago_Del_Estero_Aero;871290;2013;02;11;25,3;8;18,6;8;1008,3;8;985,7;8;14,3;8;2,7;8;4,1;999,9;38,0;19,6;42,9;999,9;0;0;0;0;0;0
Santiago_Del_Estero_Aero;871290;2013;02;12;30,2;7;17,6;7;1003,5;7;981,3;7;15,0;7;1,9;7;4,1;999,9;38,0;21,0;0,0;999,9;0;0;0;0;0;0
Santiago_Del_Estero_Aero;871290;2013;02;13;31,6;8;18,2;8;1002,2;8;980,1;8;15,0;8;3,2;8;5,7;999,9;40,0;23,1;0,0;999,9;0;0;0;0;0;0
Santiago_Del_Estero_Aero;871290;2013;02;14;27,7;8;17,9;8;1008,8;8;986,4;8;13,8;8;5,2;8;8,2;999,9;40,6;21,0;0,0;999,9;0;0;0;0;0;0
Santiago_Del_Estero_Aero;871290;2013;02;15;28,0;7;19,6;7;1009,2;7;986,7;7;15,0;7;2,1;7;4,1;999,9;35,6;21,4;0,0;999,9;0;0;0;0;0;0
Santiago_Del_Estero_Aero;871290;2013;02;16;30,7;7;20,8;7;1002,2;7;980,1;7;15,0;7;3,1;7;5,1;999,9;39,6;24,6;0,0;999,9;0;0;0;0;0;0
Santiago_Del_Estero_Aero;871290;2013;02;17;27,7;7;20,9;7;1000,0;7;977,9;7;12,9;7;4,0;7;12,9;999,9;40,2;22,7;0,8;999,9;0;1;0;0;1;0
Santiago_Del_Estero_Aero;871290;2013;02;18;17,9;8;16,1;7;1015,4;8;992,2;8;10,3;8;3,9;8;5,1;999,9;22,4;14,2;460,0;999,9;0;1;0;0;0;0
Santiago_Del_Estero_Aero;871290;2013;02;19;15,7;8;14,8;8;1017,2;8;993,7;8;7,1;8;3,2;8;4,6;999,9;18,5;14,5;5,1;999,9;0;1;0;0;0;0
Santiago_Del_Estero_Aero;871290;2013;02;20;17,3;8;16,0;8;1015,4;8;991,9;8;8,2;8;2,5;8;4,1;999,9;19,4;15,2;5,1;999,9;0;1;0;0;0;0
Santiago_Del_Estero_Aero;871290;2013;02;21;20,7;8;17,8;8;1015,6;8;992,4;8;15,4;8;0,9;8;4,1;999,9;24,2;16,4;0,0;999,9;0;0;0;0;0;0
Santiago_Del_Estero_Aero;871290;2013;02;22;21,8;8;18,3;8;1015,1;8;992,0;8;13,2;8;1,1;8;3,1;999,9;27,6;18,0;0,0;999,9;0;0;0;0;0;0
Santiago_Del_Estero_Aero;871290;2013;02;23;26,9;7;21,1;7;1007,4;7;984,7;7;13,7;7;2,7;7;6,2;999,9;35,0;20,0;0,0;999,9;0;0;0;0;0;0
Santiago_Del_Estero_Aero;871290;2013;02;24;29,6;8;22,7;8;1002,9;8;980,7;8;13,7;8;2,0;8;5,1;999,9;36,2;24,0;0,0;999,9;0;0;0;0;0;0
Santiago_Del_Estero_Aero;871290;2013;02;25;24,8;8;17,0;8;1012,9;8;990,3;8;12,2;8;3,8;8;5,7;999,9;37,5;19,2;1,0;999,9;0;1;0;0;0;0
Santiago_Del_Estero_Aero;871290;2013;02;26;22,1;7;13,9;7;1016,5;7;993,5;7;15,0;7;1,8;7;4,1;999,9;27,2;17,8;0,0;999,9;0;0;0;0;0;0
Santiago_Del_Estero_Aero;871290;2013;02;27;24,6;8;15,8;8;1013,7;8;990,9;8;13,8;8;2,4;8;5,1;999,9;32,0;17,2;0,0;999,9;0;0;0;0;0;0
Santiago_Del_Estero_Aero;871290;2013;02;28;26,4;8;17,5;8;1008,7;8;986,1;8;14,6;8;3,6;8;6,7;999,9;34,6;19,1;0,0;999,9;0;0;0;0;0;0
Santiago_Del_Estero_Aero;871290;2013;03;01;29,2;8;18,3;8;1001,6;7;979,4;8;13,2;8;3,8;8;6,7;999,9;37,9;21,6;0,0;999,9;0;0;0;0;0;0
Santiago_Del_Estero_Aero;871290;2013;03;02;28,3;8;14,9;8;1003,7;8;981,6;8;13,4;8;5,3;8;10,3;999,9;38,7;24,2;0,0;999,9;0;0;0;0;0;0
Santiago_Del_Estero_Aero;871290;2013;03;03;24,2;8;14,2;8;1015,8;8;993,1;8;13,2;8;2,0;8;2,6;999,9;29,3;22,0;0,0;999,9;0;0;0;0;0;0
Santiago_Del_Estero_Aero;871290;2013;03;04;22,4;8;13,2;8;1018,0;8;994,9;8;15,0;8;2,0;8;3,1;999,9;27,2;18,6;0,0;999,9;0;0;0;0;0;0
Santiago_Del_Estero_Aero;871290;2013;03;05;21,5;8;12,4;8;1014,3;8;991,2;8;13,8;8;2,1;8;5,1;999,9;30,8;12,0;0,0;999,9;0;0;0;0;0;0
Santiago_Del_Estero_Aero;871290;2013;03;06;24,9;8;12,6;8;1006,4;8;983,8;8;13,8;8;3,0;8;6,2;999,9;33,7;16,2;0,0;999,9;0;0;0;0;0;0
Santiago_Del_Estero_Aero;871290;2013;03;07;26,4;7;18,9;7;1007,8;7;985,5;7;14,6;7;1,5;7;2,6;999,9;31,0;20,4;0,0;999,9;0;0;0;0;0;0
Santiago_Del_Estero_Aero;871290;2013;03;08;28,4;8;22,8;8;1007,7;8;985,3;8;13,8;8;1,3;8;3,1;999,9;35,2;22,8;0,0;999,9;0;0;0;0;0;0
Santiago_Del_Estero_Aero;871290;2013;03;09;28,8;7;22,8;7;1006,1;7;984,4;7;15,0;7;2,6;7;5,1;999,9;36,0;24,4;0,0;999,9;0;0;0;0;0;0
Santiago_Del_Estero_Aero;871290;2013;03;10;27,1;8;21,3;8;1006,2;8;983,8;8;12,6;8;2,8;8;5,1;999,9;38,2;23,2;0,8;999,9;0;1;0;0;1;0
Santiago_Del_Estero_Aero;871290;2013;03;11;22,4;7;19,0;7;1007,2;7;984,4;7;14,2;7;1,2;7;2,1;999,9;28,6;20,2;0,0;999,9;0;0;0;0;0;0
Santiago_Del_Estero_Aero;871290;2013;03;12;24,7;8;19,4;8;1007,4;8;984,7;8;13,8;8;2,5;8;9,3;999,9;28,8;18,9;5,1;999,9;0;0;0;0;1;0
Santiago_Del_Estero_Aero;871290;2013;03;13;22,2;7;17,9;7;1012,1;7;989,1;7;13,4;7;1,2;7;4,1;999,9;27,0;18,0;0,0;999,9;0;0;0;0;0;0
Santiago_Del_Estero_Aero;871290;2013;03;14;16,7;8;13,8;8;1017,4;7;994,1;7;11,7;8;4,7;8;6,7;999,9;27,0;13,0;1,0;999,9;0;1;0;0;0;0
Santiago_Del_Estero_Aero;871290;2013;03;15;15,9;7;13,2;7;1021,7;7;998,1;7;9,7;7;2,7;7;4,1;999,9;19,0;14,2;0,3;999,9;0;1;0;0;0;0
Santiago_Del_Estero_Aero;871290;2013;03;16;19,3;7;14,7;7;1023,0;7;999,3;7;14,6;7;0,7;7;1,5;999,9;26,0;14,8;0,0;999,9;0;0;0;0;0;0
Santiago_Del_Estero_Aero;871290;2013;03;17;21,1;8;13,5;8;1021,0;8;997,7;8;13,5;8;1,7;8;3,6;999,9;26,0;17,5;0,0;999,9;0;0;0;0;0;0
Santiago_Del_Estero_Aero;871290;2013;03;18;19,9;7;11,8;7;1020,0;7;996,8;7;14,2;7;1,9;7;2,6;999,9;26,0;16,4;0,0;999,9;0;0;0;0;0;0
Santiago_Del_Estero_Aero;871290;2013;03;19;20,4;8;12,4;8;1016,0;8;992,8;8;14,6;8;1,1;8;3,1;999,9;24,7;15,0;0,0;999,9;0;0;0;0;0;0
Santiago_Del_Estero_Aero;871290;2013;03;20;21,2;8;13,3;8;1011,8;8;988,7;8;13,5;8;1,3;8;3,6;999,9;28,9;12,5;0,0;999,9;0;0;0;0;0;0
Santiago_Del_Estero_Aero;871290;2013;03;21;22,6;7;14,2;7;1011,9;7;989,0;7;14,6;7;1,3;7;3,6;999,9;31,2;12,0;0,0;999,9;0;0;0;0;0;0
Santiago_Del_Estero_Aero;871290;2013;03;22;24,8;8;15,7;8;1013,8;8;991,0;8;13,5;8;2,1;8;5,1;999,9;32,0;16,6;0,0;999,9;0;0;0;0;0;0
Santiago_Del_Estero_Aero;871290;2013;03;23;21,8;8;17,6;8;1014,8;8;991,9;8;11,1;8;1,6;8;3,1;999,9;26,1;19,0;4,1;999,9;0;1;0;0;1;0
Santiago_Del_Estero_Aero;871290;2013;03;24;18,7;7;15,4;7;1013,4;7;990,2;7;7,7;7;0,5;7;3,6;999,9;27,8;13,0;5,1;999,9;1;0;0;0;0;0
Santiago_Del_Estero_Aero;871290;2013;03;25;25,1;5;17,0;5;1012,5;5;989,5;5;12,2;5;1,3;5;2,1;999,9;28,8;15,0;0,0;999,9;0;0;0;0;0;0
Santiago_Del_Estero_Aero;871290;2013;03;26;24,1;8;14,7;8;1018,6;8;995,7;8;13,8;8;2,2;8;3,6;999,9;29,4;19,4;0,0;999,9;0;0;0;0;0;0
Santiago_Del_Estero_Aero;871290;2013;03;27;23,7;7;13,6;7;1018,3;7;995,3;7;14,6;7;0,8;7;2,1;999,9;30,8;13,0;0,0;999,9;0;0;0;0;0;0
Santiago_Del_Estero_Aero;871290;2013;03;28;24,5;6;13,6;5;1016,4;6;994,1;6;14,0;6;1,6;6;4,1;999,9;31,4;15,0;0,0;999,9;0;0;0;0;0;0
Santiago_Del_Estero_Aero;871290;2013;03;29;23,1;7;12,7;7;1014,9;7;992,0;7;15,0;7;2,1;7;4,6;999,9;31,2;15,7;0,0;999,9;0;0;0;0;0;0
Santiago_Del_Estero_Aero;871290;2013;03;30;24,9;7;12,7;7;1010,5;7;987,8;7;12,4;7;3,3;7;7,2;999,9;34,8;14,6;0,0;999,9;0;0;0;0;0;0
Santiago_Del_Estero_Aero;871290;2013;03;31;26,2;7;14,3;7;1007,8;7;985,3;7;14,6;7;2,2;7;3,6;999,9;35,4;19,2;0,0;999,9;0;0;0;0;0;0
Santiago_Del_Estero_Aero;871290;2013;04;01;23,2;8;15,9;8;1011,4;8;988,8;8;12,1;8;5,3;8;10,3;999,9;36,5;19,7;0,0;999,9;0;0;0;0;0;0
Santiago_Del_Estero_Aero;871290;2013;04;02;20,5;8;16,3;8;1015,0;8;992,0;8;11,4;8;3,9;8;6,2;999,9;22,3;19,7;0,0;999,9;0;1;0;0;0;0
Santiago_Del_Estero_Aero;871290;2013;04;03;20,2;7;14,3;7;1017,7;7;994,5;7;12,4;7;2,4;7;4,1;999,9;25,4;16,8;0,0;999,9;0;0;0;0;0;0
Santiago_Del_Estero_Aero;871290;2013;04;04;22,5;8;13,8;8;1012,3;8;989,3;8;13,2;8;1,5;8;2,6;999,9;28,2;16,8;0,0;999,9;0;0;0;0;0;0
Santiago_Del_Estero_Aero;871290;2013;04;05;20,4;7;11,5;7;1008,6;7;985,5;7;12,4;7;1,7;7;3,6;999,9;32,4;11,0;0,0;999,9;0;0;0;0;0;0
Santiago_Del_Estero_Aero;871290;2013;04;06;22,3;6;13,6;5;1007,1;5;984,4;5;13,0;6;2,2;6;3,6;999,9;33,0;13,6;0,0;999,9;0;0;0;0;0;0
Santiago_Del_Estero_Aero;871290;2013;04;07;21,4;8;11,4;8;1015,6;8;992,9;8;12,1;8;2,6;8;4,1;999,9;33,4;16,6;0,0;999,9;0;0;0;0;0;0
Santiago_Del_Estero_Aero;871290;2013;04;08;22,2;6;12,6;6;1017,5;6;994,4;6;12,4;6;1,1;6;2,1;999,9;28,4;17,6;0,0;999,9;0;0;0;0;0;0
Santiago_Del_Estero_Aero;871290;2013;04;09;21,9;8;12,2;8;1014,5;8;991,5;8;14,0;8;2,5;8;4,1;999,9;29,8;14,2;0,0;999,9;0;0;0;0;0;0
Santiago_Del_Estero_Aero;871290;2013;04;10;24,0;8;14,3;8;1008,5;7;985,1;8;14,6;8;1,9;8;3,6;999,9;32,0;14,7;0,0;999,9;0;0;0;0;0;0
Santiago_Del_Estero_Aero;871290;2013;04;11;26,2;8;18,9;8;1002,2;8;979,8;8;12,9;8;1,6;8;5,1;999,9;35,0;18,4;0,0;999,9;0;0;0;0;0;0
Santiago_Del_Estero_Aero;871290;2013;04;12;20,7;8;14,8;8;1015,1;7;992,2;7;13,0;8;4,6;8;6,2;999,9;22,4;19,0;0,0;999,9;0;0;0;0;0;0
Santiago_Del_Estero_Aero;871290;2013;04;13;19,3;8;12,2;8;1020,0;8;996,7;8;15,0;8;2,6;8;5,1;999,9;23,6;14,8;0,0;999,9;0;0;0;0;0;0
Santiago_Del_Estero_Aero;871290;2013;04;14;20,9;8;12,1;8;1016,8;8;993,6;8;15,0;8;2,0;8;4,1;999,9;25,9;16,4;0,0;999,9;0;0;0;0;0;0
Santiago_Del_Estero_Aero;871290;2013;04;15;20,8;8;12,3;8;1017,1;8;993,9;8;15,0;8;2,5;8;6,2;999,9;30,0;10,4;0,0;999,9;0;0;0;0;0;0
Santiago_Del_Estero_Aero;871290;2013;04;16;20,4;7;9,5;6;1015,8;7;992,6;7;14,6;7;1,9;7;5,1;999,9;32,2;10,6;0,0;999,9;0;0;0;0;0;0
Santiago_Del_Estero_Aero;871290;2013;04;17;22,4;8;10,7;8;1015,6;8;992,6;8;12,7;8;1,8;8;4,1;999,9;32,6;11,0;0,0;999,9;0;0;0;0;0;0
Santiago_Del_Estero_Aero;871290;2013;04;18;22,6;8;11,8;8;1014,8;8;991,8;8;13,2;8;1,3;8;3,1;999,9;33,6;9,5;0,0;999,9;0;0;0;0;0;0
Santiago_Del_Estero_Aero;871290;2013;04;19;23,1;7;10,4;7;1014,5;7;991,6;7;12,6;7;2,5;7;6,2;999,9;32,8;12,4;0,0;999,9;0;0;0;0;0;0
Santiago_Del_Estero_Aero;871290;2013;04;20;22,3;7;8,9;7;1015,1;7;992,2;7;13,7;7;2,8;7;6,2;999,9;32,0;10,6;0,0;999,9;0;0;0;0;0;0
Santiago_Del_Estero_Aero;871290;2013;04;21;23,2;8;11,5;8;1014,9;8;992,0;8;12,4;8;2,3;8;5,1;999,9;33,0;11,2;0,0;999,9;0;0;0;0;0;0
Santiago_Del_Estero_Aero;871290;2013;04;22;23,1;7;11,9;7;1014,8;7;991,9;7;11,9;7;1,5;7;2,6;999,9;33,8;12,8;0,0;999,9;0;0;0;0;0;0
Santiago_Del_Estero_Aero;871290;2013;04;23;25,0;8;12,5;8;1015,6;8;992,8;8;14,3;8;3,4;8;5,7;999,9;34,0;15,5;0,0;999,9;0;0;0;0;0;0
Santiago_Del_Estero_Aero;871290;2013;04;24;24,2;8;12,6;8;1014,3;8;991,5;8;12,4;8;2,4;8;4,6;999,9;34,2;13,2;0,0;999,9;0;0;0;0;0;0
Santiago_Del_Estero_Aero;871290;2013;04;25;24,5;8;11,5;8;1011,1;8;988,3;8;13,2;8;2,6;8;6,2;999,9;34,0;15,5;0,0;999,9;0;0;0;0;0;0
Santiago_Del_Estero_Aero;871290;2013;04;26;24,1;8;12,7;8;1009,0;8;986,3;8;12,7;8;2,9;8;6,7;999,9;33,0;15,4;0,0;999,9;0;0;0;0;0;0
Santiago_Del_Estero_Aero;871290;2013;04;27;25,2;7;15,2;7;1006,1;7;983,6;7;12,4;7;3,8;7;6,2;999,9;30,4;18,4;0,0;999,9;0;0;0;0;0;0
Santiago_Del_Estero_Aero;871290;2013;04;28;23,7;8;12,5;8;1011,4;8;988,7;8;12,1;8;3,6;8;5,1;999,9;30,4;19,2;0,0;999,9;0;0;0;0;0;0
Santiago_Del_Estero_Aero;871290;2013;04;29;20,7;8;13,1;8;1013,5;8;990,4;8;13,5;8;1,2;8;1,5;999,9;28,0;16,0;0,0;999,9;0;0;0;0;0;0
Santiago_Del_Estero_Aero;871290;2013;04;30;21,2;8;15,0;8;1012,7;8;989,7;8;11,7;8;1,4;8;3,6;999,9;24,6;19,0;0,0;999,9;0;0;0;0;0;0
Santiago_Del_Estero_Aero;871290;2013;05;01;19,8;8;18,4;8;1010,1;8;987,0;8;10,0;8;1,4;8;2,6;999,9;24,4;18,3;0,0;999,9;0;1;0;0;0;0
Santiago_Del_Estero_Aero;871290;2013;05;02;21,2;8;19,7;7;1007,3;8;984,3;8;7,4;8;2,2;8;5,1;999,9;24,0;19,0;0,0;999,9;1;0;0;0;0;0
Santiago_Del_Estero_Aero;871290;2013;05;03;24,2;8;19,9;8;1008,5;8;985,6;8;10,1;8;1,5;8;3,6;999,9;29,2;20,2;0,0;999,9;0;1;0;0;0;0
Santiago_Del_Estero_Aero;871290;2013;05;04;22,3;8;15,9;8;1014,1;8;991,1;8;12,4;8;1,8;8;2,6;999,9;29,6;17,8;0,0;999,9;0;0;0;0;0;0
Santiago_Del_Estero_Aero;871290;2013;05;05;21,0;8;13,2;8;1020,6;8;997,3;8;15,0;8;2,0;8;4,1;999,9;27,8;12,4;0,0;999,9;0;0;0;0;0;0
Santiago_Del_Estero_Aero;871290;2013;05;06;20,4;8;11,3;8;1016,3;8;993,1;8;13,5;8;1,5;8;5,1;999,9;30,0;9,0;0,0;999,9;0;0;0;0;0;0
Santiago_Del_Estero_Aero;871290;2013;05;07;20,8;8;8,8;8;1023,0;8;999,7;8;13,8;8;1,9;8;4,6;999,9;31,0;14,4;0,0;999,9;0;0;0;0;0;0
Santiago_Del_Estero_Aero;871290;2013;05;08;18,0;8;6,1;8;1013,9;8;990,6;8;11,6;8;2,0;8;7,7;999,9;29,8;6,8;0,0;999,9;0;0;0;0;0;0
Santiago_Del_Estero_Aero;871290;2013;05;09;20,1;8;8,2;8;1010,4;8;987,2;8;13,5;8;3,0;8;5,1;999,9;30,2;9,8;0,0;999,9;0;0;0;0;0;0
Santiago_Del_Estero_Aero;871290;2013;05;10;19,9;8;10,9;8;1007,4;8;984,2;8;12,6;8;1,6;8;5,1;999,9;29,8;10,6;0,0;999,9;0;0;0;0;0;0
Santiago_Del_Estero_Aero;871290;2013;05;11;21,6;8;13,9;8;1011,2;8;988,2;8;13,2;8;3,6;8;7,2;999,9;31,0;13,4;0,0;999,9;0;0;0;0;0;0
Santiago_Del_Estero_Aero;871290;2013;05;12;21,0;8;9,2;8;1014,1;8;991,0;8;12,4;8;2,6;8;4,1;999,9;26,8;17,8;0,0;999,9;0;0;0;0;0;0
Santiago_Del_Estero_Aero;871290;2013;05;13;20,2;8;14,7;8;1013,1;8;989,8;7;14,3;8;1,1;8;1,5;999,9;25,6;16,0;0,0;999,9;0;0;0;0;0;0
Santiago_Del_Estero_Aero;871290;2013;05;14;20,0;8;16,1;8;1011,3;7;988,2;7;11,1;8;1,1;8;2,6;999,9;26,2;15,6;0,0;999,9;0;0;0;0;0;0
Santiago_Del_Estero_Aero;871290;2013;05;15;14,9;8;11,3;8;1017,1;8;993,7;8;11,4;8;4,1;8;8,7;999,9;26,5;8,6;1,0;999,9;0;1;0;0;0;0
Santiago_Del_Estero_Aero;871290;2013;05;16;11,5;9;6,1;8;1026,6;8;1002,8;8;11,4;9;1,2;9;3,6;999,9;17,8;7,0;2,0;999,9;0;0;0;0;0;0
Santiago_Del_Estero_Aero;871290;2013;05;17;14,1;6;1,7;6;1022,5;6;998,7;6;13,0;6;2,8;6;4,6;999,9;17,2;11,4;0,0;999,9;0;0;0;0;0;0
Santiago_Del_Estero_Aero;871290;2013;05;18;14,8;8;5,1;8;1019,5;8;995,7;8;10,9;8;1,4;8;2,6;999,9;18,6;11,7;0,0;999,9;0;0;0;0;0;0
Santiago_Del_Estero_Aero;871290;2013;05;19;13,7;8;7,2;8;1021,6;8;998,0;8;13,2;8;1,5;8;2,6;999,9;19,8;5,6;0,0;999,9;0;0;0;0;0;0
Santiago_Del_Estero_Aero;871290;2013;05;20;10,7;8;6,7;8;1022,2;8;998,2;8;8,9;8;0,8;8;1,5;999,9;21,0;1,8;0,0;999,9;1;0;0;0;0;0
Santiago_Del_Estero_Aero;871290;2013;05;21;10,4;8;6,9;8;1017,4;8;993,4;8;9,8;8;0,9;8;1,5;999,9;18,4;3,0;0,0;999,9;0;0;0;0;0;0
Santiago_Del_Estero_Aero;871290;2013;05;22;13,0;9;9,1;8;1020,8;8;996,9;8;9,7;9;0,5;9;1,5;999,9;20,0;7,6;0,0;999,9;0;0;0;0;0;0
Santiago_Del_Estero_Aero;871290;2013;05;23;11,3;8;7,5;8;1020,5;8;996,4;8;8,7;8;0,6;8;1,5;999,9;20,4;3,5;0,0;999,9;1;0;0;0;0;0
Santiago_Del_Estero_Aero;871290;2013;05;24;12,6;8;6,9;8;1021,2;8;997,2;8;9,8;8;0,9;8;2,1;999,9;23,6;2,4;0,0;999,9;0;0;0;0;0;0
Santiago_Del_Estero_Aero;871290;2013;05;25;13,2;8;6,9;8;1018,4;8;994,3;8;11,3;8;1,6;8;5,1;999,9;24,2;3,4;0,0;999,9;0;0;0;0;0;0
Santiago_Del_Estero_Aero;871290;2013;05;26;13,8;8;7,5;8;1012,6;8;989,0;8;12,6;8;1,3;8;3,1;999,9;24,0;5,0;0,0;999,9;0;0;0;0;0;0
Santiago_Del_Estero_Aero;871290;2013;05;27;15,6;8;8,7;8;1008,4;8;985,0;8;9,8;8;1,5;8;3,1;999,9;26,8;6,1;95,0;999,9;0;0;0;0;0;0
Santiago_Del_Estero_Aero;871290;2013;05;28;18,4;8;12,5;8;998,4;8;975,4;8;11,3;8;1,6;8;4,1;999,9;27,0;8,8;0,0;999,9;0;0;0;0;0;0
Santiago_Del_Estero_Aero;871290;2013;05;29;18,8;8;7,5;8;1008,0;8;985,0;8;12,1;8;4,8;8;9,3;999,9;27,2;8,8;0,0;999,9;0;0;0;0;0;0
Santiago_Del_Estero_Aero;871290;2013;05;30;14,9;7;5,1;7;1016,0;7;992,4;7;11,4;7;3,2;7;8,2;999,9;25,2;6,0;0,0;999,9;0;0;0;0;0;0
Santiago_Del_Estero_Aero;871290;2013;05;31;17,7;8;3,7;8;1007,2;8;984,0;8;12,1;8;2,6;8;4,1;999,9;25,2;7,2;0,0;999,9;0;0;0;0;0;0
Santiago_Del_Estero_Aero;871290;2013;06;01;13,4;7;6,7;7;1010,8;7;987,3;7;14,6;7;0,4;7;1,5;999,9;25,3;5,5;0,0;999,9;0;0;0;0;0;0
Santiago_Del_Estero_Aero;871290;2013;06;02;15,7;8;9,4;8;1016,9;8;993,3;8;11,3;8;1,4;8;4,1;999,9;26,2;6,8;0,0;999,9;0;0;0;0;0;0
Santiago_Del_Estero_Aero;871290;2013;06;03;15,9;8;5,9;8;1020,9;8;997,2;8;10,3;8;1,9;8;3,6;999,9;27,2;6,2;0,0;999,9;0;0;0;0;0;0
Santiago_Del_Estero_Aero;871290;2013;06;04;16,6;8;7,8;8;1016,6;8;993,1;8;12,6;8;1,3;8;4,1;999,9;28,0;6,4;0,0;999,9;0;0;0;0;0;0
Santiago_Del_Estero_Aero;871290;2013;06;05;18,1;8;10,5;8;1011,8;8;988,5;8;10,3;8;1,4;8;4,1;999,9;30,1;8,1;0,0;999,9;0;0;0;0;0;0
Santiago_Del_Estero_Aero;871290;2013;06;06;16,7;8;4,4;8;1020,3;8;996,9;8;11,7;8;2,4;8;5,1;999,9;31,0;8,8;0,0;999,9;0;0;0;0;0;0
Santiago_Del_Estero_Aero;871290;2013;06;07;13,6;8;4,6;8;1015,7;8;992,0;8;9,2;8;0,9;8;4,6;999,9;27,0;4,0;0,0;999,9;0;0;0;0;0;0
Santiago_Del_Estero_Aero;871290;2013;06;08;20,5;8;8,1;8;1020,3;8;997,2;8;10,3;8;4,0;8;8,2;999,9;29,2;5,4;0,0;999,9;0;0;0;0;0;0
Santiago_Del_Estero_Aero;871290;2013;06;09;17,8;7;11,4;7;1015,4;7;992,1;7;11,7;7;2,9;7;4,1;999,9;24,2;12,0;0,0;999,9;0;0;0;0;0;0
Santiago_Del_Estero_Aero;871290;2013;06;10;19,4;8;14,2;8;1017,3;8;994,1;8;10,1;8;1,9;8;3,6;999,9;25,0;15,6;0,0;999,9;0;0;0;0;0;0
Santiago_Del_Estero_Aero;871290;2013;06;11;21,8;8;17,1;8;1017,4;8;994,3;8;10,5;8;0,8;8;2,6;999,9;26,0;17,0;0,0;999,9;0;0;0;0;0;0
Santiago_Del_Estero_Aero;871290;2013;06;12;21,2;8;16,4;8;1016,3;8;993,2;8;10,9;8;2,1;8;5,7;999,9;28,0;15,2;0,0;999,9;0;0;0;0;0;0
Santiago_Del_Estero_Aero;871290;2013;06;13;22,2;8;17,7;8;1014,2;8;991,4;8;10,9;8;1,8;8;4,1;999,9;28,7;15,4;0,0;999,9;0;0;0;0;0;0
Santiago_Del_Estero_Aero;871290;2013;06;14;19,5;7;18,0;7;1015,8;7;992,6;7;9,0;7;1,1;7;4,6;999,9;28,7;15,7;2,0;999,9;0;1;0;0;1;0
Santiago_Del_Estero_Aero;871290;2013;06;15;15,4;7;14,2;7;1017,2;7;993,6;7;8,2;7;2,1;7;3,1;999,9;19,2;13,4;1,0;999,9;0;1;0;0;0;0
Santiago_Del_Estero_Aero;871290;2013;06;16;15,8;8;14,1;8;1013,9;8;990,4;8;9,5;8;2,7;8;6,2;999,9;17,5;13,7;0,0;999,9;0;1;0;0;0;0
Santiago_Del_Estero_Aero;871290;2013;06;17;12,1;8;6,7;8;1019,7;8;995,9;8;12,1;8;2,1;8;4,1;999,9;17,6;10,8;3,0;999,9;0;0;0;0;0;0
Santiago_Del_Estero_Aero;871290;2013;06;18;13,0;8;11,8;8;1014,6;7;990,6;8;5,0;8;0,9;8;4,6;999,9;14,8;10,8;1,0;999,9;0;1;0;0;0;0
Santiago_Del_Estero_Aero;871290;2013;06;19;10,6;8;4,9;8;1023,4;8;999,7;8;8,0;8;4,3;8;5,7;999,9;15,0;9,2;5,1;999,9;0;1;0;0;0;0
Santiago_Del_Estero_Aero;871290;2013;06;20;8,6;7;0,4;7;1024,9;7;1000,5;7;11,1;7;1,9;7;2,1;999,9;9,9;7,3;0,0;999,9;0;0;0;0;0;0
Santiago_Del_Estero_Aero;871290;2013;06;21;6,4;7;1,9;7;1017,6;7;993,3;7;11,9;7;1,5;7;3,6;999,9;15,0;0,0;0,0;999,9;0;0;0;0;0;0
Santiago_Del_Estero_Aero;871290;2013;06;22;9,1;8;4,1;8;1012,1;8;988,1;8;12,2;8;1,2;8;3,1;999,9;20,9;0,0;0,0;999,9;0;0;0;0;0;0
Santiago_Del_Estero_Aero;871290;2013;06;23;9,8;8;5,3;8;1019,4;8;995,5;8;13,2;8;1,0;8;2,6;999,9;22,5;0,0;0,0;999,9;0;0;0;0;0;0
Santiago_Del_Estero_Aero;871290;2013;06;24;8,9;8;4,6;8;1021,2;8;996,9;8;13,0;8;1,1;8;2,6;999,9;17,3;1,4;0,0;999,9;0;0;0;0;0;0
Santiago_Del_Estero_Aero;871290;2013;06;25;8,5;8;3,6;8;1019,7;8;995,5;8;12,7;8;0,6;8;1,5;999,9;18,8;0,8;0,0;999,9;0;0;0;0;0;0
Santiago_Del_Estero_Aero;871290;2013;06;26;9,1;8;3,5;8;1018,5;8;994,3;8;10,9;8;1,4;8;3,1;999,9;20,0;0,8;0,0;999,9;0;0;0;0;0;0
Santiago_Del_Estero_Aero;871290;2013;06;27;11,4;7;5,4;7;1013,5;7;989,7;7;12,9;7;2,2;7;6,7;999,9;22,2;1,8;0,0;999,9;0;0;0;0;0;0
Santiago_Del_Estero_Aero;871290;2013;06;28;13,9;8;9,6;8;1007,0;7;983,6;7;10,3;8;1,7;8;3,6;999,9;22,6;2,4;0,0;999,9;0;0;0;0;0;0
Santiago_Del_Estero_Aero;871290;2013;06;29;12,5;8;8,5;8;1015,0;8;991,2;8;11,4;8;0,9;8;2,6;999,9;21,0;6,8;0,0;999,9;0;0;0;0;0;0
Santiago_Del_Estero_Aero;871290;2013;06;30;11,7;8;8,9;8;1018,3;8;994,4;8;6,3;8;0,8;8;2,6;999,9;21,3;5,7;0,0;999,9;1;0;0;0;0;0
Santiago_Del_Estero_Aero;871290;2013;07;01;13,5;8;7,7;7;1021,5;8;997,6;8;11,6;8;1,4;8;4,1;999,9;22,0;6,4;0,0;999,9;0;0;0;0;0;0
Santiago_Del_Estero_Aero;871290;2013;07;02;14,1;8;2,0;8;1014,7;8;991,1;8;11,6;8;3,2;8;6,2;999,9;23,2;6,8;0,0;999,9;0;0;0;0;0;0
Santiago_Del_Estero_Aero;871290;2013;07;03;17,6;8;5,7;8;1006,5;8;983,2;8;11,3;8;4,1;8;8,7;999,9;26,4;7,6;0,0;999,9;0;0;0;0;0;0
Santiago_Del_Estero_Aero;871290;2013;07;04;20,7;8;14,2;8;1009,6;8;986,6;8;12,1;8;2,0;8;4,1;999,9;27,2;12,0;0,0;999,9;0;0;0;0;0;0
Santiago_Del_Estero_Aero;871290;2013;07;05;17,4;8;14,5;8;1011,8;8;988,6;8;7,9;8;1,4;8;2,6;999,9;25,6;14,4;0,0;999,9;0;1;0;0;0;0
Santiago_Del_Estero_Aero;871290;2013;07;06;16,2;7;7,6;7;1014,9;7;991,4;7;10,8;7;5,1;7;7,2;999,9;17,4;15,2;0,0;999,9;0;0;0;0;0;0
Santiago_Del_Estero_Aero;871290;2013;07;07;12,7;8;6,9;8;1023,8;8;999,7;8;11,1;8;3,2;8;4,1;999,9;17,7;10,8;0,0;999,9;0;0;0;0;0;0
Santiago_Del_Estero_Aero;871290;2013;07;08;11,6;8;5,3;8;1028,5;8;1004,4;8;11,7;8;2,2;8;3,6;999,9;14,0;10,2;0,0;999,9;0;0;0;0;0;0
Santiago_Del_Estero_Aero;871290;2013;07;09;11,9;8;8,1;8;1018,7;8;994,7;8;11,1;8;1,6;8;3,1;999,9;14,2;10,0;0,0;999,9;0;1;0;0;0;0
Santiago_Del_Estero_Aero;871290;2013;07;10;13,2;12;11,8;12;1014,7;9;990,9;9;6,6;12;0,2;12;1,5;999,9;14,5;10,4;0,0;999,9;0;1;0;0;0;0
Santiago_Del_Estero_Aero;871290;2013;07;11;13,2;12;12,6;12;1013,3;7;989,7;7;3,1;12;1,3;12;4,1;999,9;16,2;11,0;0,5;999,9;1;1;0;0;0;0
Santiago_Del_Estero_Aero;871290;2013;07;12;15,3;8;11,2;8;1020,9;8;997,3;8;10,8;8;3,6;8;5,1;999,9;18,0;13,0;0,3;999,9;0;0;0;0;0;0
Santiago_Del_Estero_Aero;871290;2013;07;13;15,0;8;10,9;8;1018,0;8;994,4;8;10,9;8;1,1;8;2,6;999,9;20,0;10,4;0,0;999,9;0;0;0;0;0;0
Santiago_Del_Estero_Aero;871290;2013;07;14;13,3;10;11,8;10;1019,0;7;995,2;7;6,6;10;2,6;10;5,7;999,9;16,2;9,2;0,0;999,9;1;1;0;0;0;0
Santiago_Del_Estero_Aero;871290;2013;07;15;15,3;8;9,4;8;1022,9;8;999,2;8;11,4;8;1,1;8;2,6;999,9;21,6;7,8;0,0;999,9;0;0;0;0;0;0
Santiago_Del_Estero_Aero;871290;2013;07;16;14,3;9;9,9;9;1017,9;8;994,2;8;10,6;9;1,5;9;4,6;999,9;24,8;7,5;0,0;999,9;1;0;0;0;0;0
Santiago_Del_Estero_Aero;871290;2013;07;17;15,1;7;10,4;7;1012,8;7;989,3;7;9,7;7;1,3;7;5,1;999,9;26,0;6,5;0,0;999,9;0;0;0;0;0;0
Santiago_Del_Estero_Aero;871290;2013;07;18;16,6;9;6,9;9;1011,4;8;988,0;8;9,0;9;5,9;9;16,5;999,9;27,0;8,2;0,0;999,9;0;0;0;0;0;0
Santiago_Del_Estero_Aero;871290;2013;07;19;9,9;7;0,2;7;1024,0;7;999,9;7;10,6;7;2,6;7;4,1;999,9;12,6;7,5;0,0;999,9;0;0;0;0;0;0
Santiago_Del_Estero_Aero;871290;2013;07;20;9,0;8;0,5;8;1013,3;8;989,3;8;12,1;8;1,6;8;2,6;999,9;15,8;5,2;0,0;999,9;0;0;0;0;0;0
Santiago_Del_Estero_Aero;871290;2013;07;21;8,1;8;-4,1;8;1022,1;7;998,5;8;12,4;8;3,4;8;6,7;999,9;17,0;5,7;0,0;999,9;0;0;0;0;0;0
Santiago_Del_Estero_Aero;871290;2013;07;22;2,8;8;-5,9;8;1029,9;8;1005,2;8;12,9;8;1,3;8;3,1;999,9;12,2;-5,9;0,0;999,9;0;0;0;0;0;0
Santiago_Del_Estero_Aero;871290;2013;07;23;4,1;8;-7,8;8;1029,2;8;1004,4;8;13,7;8;2,0;8;5,1;999,9;15,2;-6,4;0,0;999,9;0;0;0;0;0;0
Santiago_Del_Estero_Aero;871290;2013;07;24;6,4;8;-6,2;8;1028,9;8;1004,2;8;12,6;8;1,3;8;2,6;999,9;17,4;-4,1;0,0;999,9;0;0;0;0;0;0
Santiago_Del_Estero_Aero;871290;2013;07;25;7,4;8;-5,6;8;1023,7;8;999,2;8;12,9;8;2,9;8;8,2;999,9;21,2;-5,8;0,0;999,9;0;0;0;0;0;0
Santiago_Del_Estero_Aero;871290;2013;07;26;13,2;8;-5,2;8;1018,6;8;994,7;8;10,0;8;4,5;8;8,2;999,9;22,0;-1,2;0,0;999,9;0;0;0;0;0;0
Santiago_Del_Estero_Aero;871290;2013;07;27;11,8;8;-2,2;8;1018,9;8;995,0;8;11,4;8;2,1;8;6,2;999,9;23,0;1,8;0,0;999,9;0;0;0;0;0;0
Santiago_Del_Estero_Aero;871290;2013;07;28;12,7;8;1,9;8;1019,6;8;995,9;8;10,9;8;1,0;8;2,1;999,9;24,6;4,0;0,0;999,9;0;0;0;0;0;0
Santiago_Del_Estero_Aero;871290;2013;07;29;16,8;7;9,2;7;1016,8;7;993,4;7;10,8;7;1,1;7;1,5;999,9;26,2;10,0;0,0;999,9;0;0;0;0;0;0
Santiago_Del_Estero_Aero;871290;2013;07;30;19,8;8;8,4;8;1010,3;8;987,1;8;10,1;8;3,2;8;11,3;999,9;33,2;9,0;0,0;999,9;0;0;0;0;0;0
Santiago_Del_Estero_Aero;871290;2013;07;31;19,8;7;6,8;7;1006,5;7;983,6;7;9,7;7;3,8;7;8,2;999,9;34,0;10,6;0,0;999,9;0;0;0;0;0;0
Santiago_Del_Estero_Aero;871290;2013;08;01;15,2;7;8,1;7;1013,5;7;990,1;7;12,1;7;2,7;7;5,1;999,9;19,9;9,5;0,0;999,9;0;0;0;0;0;0
Santiago_Del_Estero_Aero;871290;2013;08;02;15,7;8;4,9;8;1019,5;8;995,9;8;12,1;8;2,3;8;3,1;999,9;21,0;6,7;0,0;999,9;0;0;0;0;0;0
Santiago_Del_Estero_Aero;871290;2013;08;03;13,9;7;4,7;7;1014,2;7;990,5;7;11,3;7;1,8;7;4,1;999,9;23,6;3,5;0,0;999,9;0;0;0;0;0;0
Santiago_Del_Estero_Aero;871290;2013;08;04;13,0;7;5,3;7;1018,3;7;994,6;7;12,6;7;1,6;7;3,6;999,9;22,4;3,5;0,0;999,9;0;0;0;0;0;0
Santiago_Del_Estero_Aero;871290;2013;08;05;16,3;8;4,7;8;1013,1;8;989,6;8;12,6;8;1,9;8;2,6;999,9;26,9;5,0;0,0;999,9;0;0;0;0;0;0
Santiago_Del_Estero_Aero;871290;2013;08;06;17,6;8;7,8;8;1015,5;8;992,1;8;11,7;8;1,9;8;2,6;999,9;28,0;8,0;0,0;999,9;0;0;0;0;0;0
Santiago_Del_Estero_Aero;871290;2013;08;07;18,4;8;10,6;8;1001,2;8;977,1;7;12,1;8;1,1;8;3,1;999,9;32,9;7,2;0,0;999,9;0;0;0;0;0;0
Santiago_Del_Estero_Aero;871290;2013;08;08;19,1;9;1,5;9;1010,6;8;987,5;8;6,9;9;6,1;9;11,8;999,9;34,0;9,4;0,0;999,9;0;0;0;0;0;0
Santiago_Del_Estero_Aero;871290;2013;08;09;13,5;8;-3,1;8;1026,5;8;1002,7;8;11,4;8;4,3;8;7,2;999,9;20,0;10,5;0,0;999,9;0;0;0;0;0;0
Santiago_Del_Estero_Aero;871290;2013;08;10;7,1;8;-4,1;8;1027,5;8;1003,0;8;12,1;8;2,6;8;5,1;999,9;18,2;-2,4;0,0;999,9;0;0;0;0;0;0
Santiago_Del_Estero_Aero;871290;2013;08;11;12,3;8;-6,3;8;1014,0;8;990,1;8;11,9;8;3,0;8;6,2;999,9;23,0;0,0;0,0;999,9;0;0;0;0;0;0
Santiago_Del_Estero_Aero;871290;2013;08;12;13,1;8;-2,9;8;1010,8;8;987,1;8;10,9;8;2,8;8;4,6;999,9;24,7;5,0;0,0;999,9;0;0;0;0;0;0
Santiago_Del_Estero_Aero;871290;2013;08;13;11,4;7;2,3;7;1027,0;7;1003,1;7;11,1;7;4,7;7;7,2;999,9;18,4;9,5;0,0;999,9;0;0;0;0;0;0
Santiago_Del_Estero_Aero;871290;2013;08;14;6,2;8;-2,9;8;1033,7;8;1008,9;8;10,9;8;1,6;8;3,6;999,9;16,4;-3,9;0,0;999,9;0;0;0;0;0;0
Santiago_Del_Estero_Aero;871290;2013;08;15;10,1;8;-6,8;8;1023,1;8;998,8;8;11,1;8;2,9;8;6,2;999,9;21,2;-1,4;0,0;999,9;0;0;0;0;0;0
Santiago_Del_Estero_Aero;871290;2013;08;16;13,1;6;-6,4;6;1020,3;6;996,3;6;11,6;6;2,1;6;6,2;999,9;22,2;-1,5;0,0;999,9;0;0;0;0;0;0
Santiago_Del_Estero_Aero;871290;2013;08;17;11,5;8;-3,7;8;1024,6;7;1000,6;8;10,0;8;1,3;8;3,6;999,9;22,5;2,0;0,0;999,9;0;0;0;0;0;0
Santiago_Del_Estero_Aero;871290;2013;08;18;12,2;8;-1,4;8;1017,6;8;993,6;8;10,8;8;2,3;8;5,7;999,9;25,5;1,0;0,0;999,9;0;0;0;0;0;0
Santiago_Del_Estero_Aero;871290;2013;08;19;15,4;8;0,8;8;1011,5;8;988,0;8;11,4;8;1,1;8;3,1;999,9;30,2;2,5;0,0;999,9;0;0;0;0;0;0
Santiago_Del_Estero_Aero;871290;2013;08;20;19,6;8;7,4;8;1009,3;8;986,1;8;10,3;8;1,3;8;2,6;999,9;31,9;5,5;0,0;999,9;0;0;0;0;0;0
Santiago_Del_Estero_Aero;871290;2013;08;21;21,4;8;10,3;8;1005,5;8;982,6;8;10,9;8;2,4;8;5,1;999,9;32,5;13,5;0,0;999,9;0;0;0;0;0;0
Santiago_Del_Estero_Aero;871290;2013;08;22;16,7;8;-0,9;8;1010,9;7;987,7;7;7,7;8;4,5;8;7,7;999,9;32,8;14,9;0,0;999,9;0;0;0;0;0;0
Santiago_Del_Estero_Aero;871290;2013;08;23;11,4;7;-7,2;7;1023,2;7;999,2;7;11,1;7;2,4;7;4,6;999,9;13,7;9,2;0,0;999,9;0;0;0;0;0;0
Santiago_Del_Estero_Aero;871290;2013;08;24;10,4;7;-5,6;7;1026,3;7;1002,1;7;11,1;7;2,4;7;4,6;999,9;13,8;8,6;0,0;999,9;0;0;0;0;0;0
Santiago_Del_Estero_Aero;871290;2013;08;25;9,2;8;-6,2;8;1029,9;8;1005,6;8;12,4;8;2,6;8;5,1;999,9;15,2;3,2;0,0;999,9;0;0;0;0;0;0
Santiago_Del_Estero_Aero;871290;2013;08;26;11,4;8;-4,1;8;1031,8;8;1007,5;8;10,8;8;1,9;8;4,1;999,9;16,4;5,0;0,0;999,9;0;0;0;0;0;0
Santiago_Del_Estero_Aero;871290;2013;08;27;10,5;8;-3,6;8;1027,4;8;1003,1;8;11,9;8;2,6;8;6,2;999,9;20,9;-1,5;0,0;999,9;0;0;0;0;0;0
Santiago_Del_Estero_Aero;871290;2013;08;28;14,6;8;-3,1;8;1022,6;8;998,7;8;12,2;8;2,0;8;3,1;999,9;26,6;4,0;0,0;999,9;0;0;0;0;0;0
Santiago_Del_Estero_Aero;871290;2013;08;29;18,3;8;-2,2;8;1016,1;8;992,6;8;12,1;8;2,6;8;6,2;999,9;29,8;4,0;0,0;999,9;0;0;0;0;0;0
Santiago_Del_Estero_Aero;871290;2013;08;30;18,6;8;-1,3;8;1009,5;8;986,3;8;10,9;8;2,0;8;4,1;999,9;30,9;5,0;0,0;999,9;0;0;0;0;0;0
Santiago_Del_Estero_Aero;871290;2013;08;31;20,6;9;2,4;9;1007,2;8;984,1;8;11,7;9;1,2;9;3,6;999,9;32,7;6,0;0,0;999,9;0;0;0;0;0;0
Santiago_Del_Estero_Aero;871290;2013;09;01;20,4;7;1,9;7;1008,6;7;985,6;7;11,7;7;1,4;7;2,1;999,9;34,0;7,5;0,0;999,9;0;0;0;0;0;0
Santiago_Del_Estero_Aero;871290;2013;09;02;22,9;7;6,7;7;1008,0;7;985,3;7;12,1;7;2,2;7;4,1;999,9;31,8;13,0;0,0;999,9;0;0;0;0;0;0
Santiago_Del_Estero_Aero;871290;2013;09;03;19,2;8;6,3;8;1018,5;8;995,3;8;9,3;8;4,2;8;7,2;999,9;33,4;16,5;0,0;999,9;0;0;0;0;0;0
Santiago_Del_Estero_Aero;871290;2013;09;04;17,4;8;4,5;8;1021,3;8;997,6;8;10,8;8;2,9;8;5,1;999,9;25,2;12,5;0,0;999,9;0;0;0;0;0;0
Santiago_Del_Estero_Aero;871290;2013;09;05;20,3;8;7,0;8;1012,3;8;989,1;8;10,9;8;2,5;8;5,1;999,9;29,0;12,0;0,0;999,9;0;0;0;0;0;0
Santiago_Del_Estero_Aero;871290;2013;09;06;24,2;7;10,0;7;1009,6;7;986,7;7;11,1;7;2,6;7;5,7;999,9;35,9;12,0;0,0;999,9;0;0;0;0;0;0
Santiago_Del_Estero_Aero;871290;2013;09;07;28,1;8;12,1;8;1004,9;8;982,5;8;10,8;8;2,1;8;3,6;999,9;38,4;15,8;0,0;999,9;0;0;0;0;0;0
Santiago_Del_Estero_Aero;871290;2013;09;08;25,9;8;11,3;8;1012,0;8;989,4;8;10,9;8;3,1;8;6,2;999,9;39,4;19,7;0,0;999,9;0;0;0;0;0;0
Santiago_Del_Estero_Aero;871290;2013;09;09;26,4;8;11,3;8;1010,1;8;987,4;8;10,1;8;3,5;8;7,7;999,9;39,8;12,0;0,0;999,9;0;0;0;0;0;0
Santiago_Del_Estero_Aero;871290;2013;09;10;31,3;8;10,6;8;1004,2;8;982,1;8;8,5;8;5,1;8;7,7;999,9;40,5;20,8;0,0;999,9;0;0;0;0;0;0
Santiago_Del_Estero_Aero;871290;2013;09;11;32,4;8;11,3;8;1000,8;8;978,9;8;9,5;8;4,1;8;6,2;999,9;40,0;24,9;0,0;999,9;0;0;0;0;0;0
Santiago_Del_Estero_Aero;871290;2013;09;12;27,1;8;9,7;8;1001,9;8;979,6;8;12,1;8;3,7;8;6,7;999,9;40,6;20,5;0,0;999,9;0;0;0;0;0;0
Santiago_Del_Estero_Aero;871290;2013;09;13;17,2;8;6,3;8;1016,6;8;993,3;8;10,3;8;5,2;8;6,7;10,3;33,1;13,8;0,0;999,9;0;0;0;0;0;0
Santiago_Del_Estero_Aero;871290;2013;09;14;12,3;7;7,4;7;1019,9;6;996,1;6;10,5;7;3,3;7;5,7;999,9;15,8;11,2;0,0;999,9;0;1;0;0;0;0
Santiago_Del_Estero_Aero;871290;2013;09;15;11,8;8;8,3;8;1018,9;7;995,0;8;8,5;8;2,6;8;4,1;999,9;15,6;9,4;6,1;999,9;0;1;0;0;0;0
Santiago_Del_Estero_Aero;871290;2013;09;16;11,7;8;5,9;8;1018,7;8;994,9;8;12,1;8;4,2;8;5,7;999,9;16,0;9,0;0,0;999,9;0;1;0;0;0;0
Santiago_Del_Estero_Aero;871290;2013;09;17;12,6;8;1,1;8;1023,1;8;999,0;8;12,1;8;3,1;8;5,1;999,9;18,5;7,0;0,0;999,9;0;0;0;0;0;0
Santiago_Del_Estero_Aero;871290;2013;09;18;11,2;8;-0,9;8;1021,6;8;997,5;8;11,6;8;1,6;8;3,1;999,9;19,8;1,9;0,0;999,9;0;0;0;0;0;0
Santiago_Del_Estero_Aero;871290;2013;09;19;14,1;8;1,6;8;1017,8;7;994,5;8;11,4;8;3,1;8;6,2;999,9;25,2;1,8;0,0;999,9;0;0;0;0;0;0
Santiago_Del_Estero_Aero;871290;2013;09;20;20,3;7;3,9;7;1007,3;7;983,3;7;11,7;7;2,3;7;4,1;999,9;29,4;8,4;0,0;999,9;0;0;0;0;0;0
Santiago_Del_Estero_Aero;871290;2013;09;21;17,7;6;2,6;6;1006,5;6;983,4;6;11,6;6;3,5;6;7,7;999,9;31,0;8,0;0,0;999,9;0;0;0;0;0;0
Santiago_Del_Estero_Aero;871290;2013;09;22;13,7;8;4,2;8;1021,7;8;997,9;8;11,1;8;5,6;8;7,2;999,9;25,8;8,9;1,0;999,9;0;1;0;0;0;0
Santiago_Del_Estero_Aero;871290;2013;09;23;11,4;7;-0,1;7;1029,2;7;1005,0;7;12,1;7;1,2;7;3,1;999,9;21,4;1,2;0,0;999,9;0;0;0;0;0;0
Santiago_Del_Estero_Aero;871290;2013;09;24;14,1;7;0,6;7;1028,1;7;1004,1;7;13,4;7;2,6;7;5,1;999,9;21,0;6,2;0,0;999,9;0;0;0;0;0;0
Santiago_Del_Estero_Aero;871290;2013;09;25;14,5;8;-1,9;8;1021,7;7;997,9;7;11,3;8;3,0;8;6,2;999,9;23,4;1,7;0,0;999,9;0;0;0;0;0;0
Santiago_Del_Estero_Aero;871290;2013;09;26;17,3;8;0,9;8;1013,4;8;990,0;8;11,3;8;2,9;8;5,1;999,9;27,0;2,8;51,3;999,9;0;0;0;0;0;0
Santiago_Del_Estero_Aero;871290;2013;09;27;18,6;8;4,1;8;1010,3;8;987,1;8;10,9;8;2,1;8;3,1;999,9;28,0;9,7;0,0;999,9;0;0;0;0;0;0
Santiago_Del_Estero_Aero;871290;2013;09;28;18,3;8;4,3;8;1014,4;8;991,2;8;10,0;8;7,8;8;12,9;999,9;26,1;13,5;0,0;999,9;0;0;0;0;0;0
Santiago_Del_Estero_Aero;871290;2013;09;29;15,1;8;-0,9;8;1021,7;8;998,0;8;10,9;8;3,7;8;6,2;999,9;21,4;11,0;0,0;999,9;0;0;0;0;0;0
Santiago_Del_Estero_Aero;871290;2013;09;30;13,8;8;-2,0;8;1020,0;8;996,1;8;10,9;8;2,4;8;5,1;999,9;23,5;1,5;0,0;999,9;0;0;0;0;0;0
Santiago_Del_Estero_Aero;871290;2013;10;01;16,2;8;2,2;8;1016,4;8;992,8;8;13,5;8;1,8;8;5,1;999,9;25,2;4,0;0,0;999,9;0;0;0;0;0;0
Santiago_Del_Estero_Aero;871290;2013;10;02;19,1;8;3,9;8;1012,8;8;989,5;8;12,4;8;2,7;8;5,7;999,9;28,4;7,0;0,0;999,9;0;0;0;0;0;0
Santiago_Del_Estero_Aero;871290;2013;10;03;20,4;8;5,2;8;1012,2;8;989,1;8;11,4;8;3,4;8;6,7;999,9;29,5;10,5;0,0;999,9;0;0;0;0;0;0
Santiago_Del_Estero_Aero;871290;2013;10;04;20,7;8;5,4;8;1021,4;8;997,8;8;11,3;8;3,1;8;7,7;999,9;28,4;14,0;0,0;999,9;0;0;0;0;0;0
Santiago_Del_Estero_Aero;871290;2013;10;05;19,8;8;4,6;8;1017,9;8;994,6;8;12,1;8;2,3;8;5,1;999,9;29,7;7,0;0,0;999,9;0;0;0;0;0;0
Santiago_Del_Estero_Aero;871290;2013;10;06;22,2;8;5,9;8;1017,9;8;994,8;8;11,3;8;2,2;8;4,6;999,9;30,0;12,2;0,0;999,9;0;0;0;0;0;0
Santiago_Del_Estero_Aero;871290;2013;10;07;22,4;7;7,4;7;1016,6;7;993,5;7;12,1;7;3,6;7;6,7;999,9;31,7;10,5;0,0;999,9;0;0;0;0;0;0
Santiago_Del_Estero_Aero;871290;2013;10;08;24,9;8;4,8;8;1011,2;8;988,4;8;10,1;8;3,3;8;7,7;999,9;35,2;11,0;0,0;999,9;0;0;0;0;0;0
Santiago_Del_Estero_Aero;871290;2013;10;09;28,8;8;10,4;8;1004,8;8;982,5;8;10,9;8;4,0;8;6,2;999,9;37,2;19,0;0,0;999,9;0;0;0;0;0;0
Santiago_Del_Estero_Aero;871290;2013;10;10;22,8;8;12,8;8;1012,6;8;989,9;8;11,3;8;2,4;8;5,1;999,9;38,6;19,4;6,1;999,9;0;0;0;0;1;0
Santiago_Del_Estero_Aero;871290;2013;10;11;22,6;8;17,8;8;1011,8;8;988,9;8;10,9;8;1,4;8;6,2;999,9;26,5;20,0;0,0;999,9;0;0;0;0;0;0
Santiago_Del_Estero_Aero;871290;2013;10;12;21,0;7;17,5;7;1012,7;7;989,6;7;11,6;7;3,4;7;5,1;999,9;25,5;17,5;3,0;999,9;0;1;0;0;1;0
Santiago_Del_Estero_Aero;871290;2013;10;13;22,1;8;17,6;8;1012,4;8;989,4;8;11,3;8;1,3;8;3,1;999,9;28,4;17,5;7,1;999,9;0;0;0;0;0;0
Santiago_Del_Estero_Aero;871290;2013;10;14;22,5;9;19,5;9;1013,5;8;990,5;8;9,8;9;1,0;9;2,1;999,9;29,3;18,8;1,0;999,9;0;1;0;0;1;0
Santiago_Del_Estero_Aero;871290;2013;10;15;22,6;9;18,0;9;1015,0;8;992,0;8;11,7;9;2,0;9;3,1;999,9;27,8;17,6;7,1;999,9;0;1;0;0;1;0
Santiago_Del_Estero_Aero;871290;2013;10;16;23,4;8;17,2;8;1013,3;8;989,4;8;13,0;8;2,0;8;4,6;999,9;32,2;15,5;1,0;999,9;0;0;0;0;0;0
Santiago_Del_Estero_Aero;871290;2013;10;17;21,3;8;16,4;8;1014,3;8;991,3;8;10,3;8;3,3;8;12,9;999,9;32,6;16,0;23,1;999,9;0;1;0;0;1;0
Santiago_Del_Estero_Aero;871290;2013;10;18;24,8;8;15,8;8;1011,2;8;988,3;8;14,6;8;1,2;8;3,6;999,9;33,7;15,4;0,0;999,9;0;0;0;0;0;0
Santiago_Del_Estero_Aero;871290;2013;10;19;27,1;8;13,6;8;1004,0;8;981,6;8;13,8;8;3,1;8;6,7;999,9;36,5;19,0;0,0;999,9;0;0;0;0;0;0
Santiago_Del_Estero_Aero;871290;2013;10;20;31,9;8;12,1;8;994,8;8;972,9;8;13,8;8;3,4;8;6,2;999,9;39,0;23,6;0,0;999,9;0;0;0;0;0;0
Santiago_Del_Estero_Aero;871290;2013;10;21;25,8;7;4,1;7;1010,1;7;987,6;7;12,6;7;5,1;7;8,2;999,9;32,4;17,0;0,0;999,9;0;0;0;0;0;0
Santiago_Del_Estero_Aero;871290;2013;10;22;24,1;8;8,7;8;1006,8;8;983,8;7;12,4;8;3,3;8;6,2;999,9;32,7;13,0;0,0;999,9;0;0;0;0;0;0
Santiago_Del_Estero_Aero;871290;2013;10;23;27,4;8;14,3;8;1001,9;8;979,4;8;12,1;8;1,2;8;3,1;999,9;36,7;18,0;0,0;999,9;0;0;0;0;0;0
Santiago_Del_Estero_Aero;871290;2013;10;24;21,4;8;6,6;8;1016,8;8;994,0;8;10,9;8;6,7;8;9,3;999,9;38,0;13,4;0,0;999,9;0;1;0;0;0;0
Santiago_Del_Estero_Aero;871290;2013;10;25;19,8;8;8,7;8;1017,1;8;994,3;8;12,4;8;1,5;8;2,6;999,9;22,6;15,8;0,0;999,9;0;0;0;0;0;0
Santiago_Del_Estero_Aero;871290;2013;10;26;21,7;8;14,3;8;1012,2;8;989,2;8;12,4;8;3,3;8;5,1;999,9;29,9;14,5;0,0;999,9;0;0;0;0;0;0
Santiago_Del_Estero_Aero;871290;2013;10;27;23,5;8;13,2;8;1015,6;8;992,6;8;14,3;8;2,1;8;4,1;999,9;32,0;14,0;0,0;999,9;0;0;0;0;0;0
Santiago_Del_Estero_Aero;871290;2013;10;28;25,8;7;9,6;7;1010,6;7;988,0;7;12,9;7;5,7;7;7,7;999,9;33,8;18,2;0,0;999,9;0;0;0;0;0;0
Santiago_Del_Estero_Aero;871290;2013;10;29;28,7;8;12,1;8;1004,9;8;982,4;8;12,7;8;2,5;8;4,6;999,9;36,7;19,4;0,0;999,9;0;0;0;0;0;0
Santiago_Del_Estero_Aero;871290;2013;10;30;31,6;8;18,5;8;1003,2;8;981,1;8;14,8;8;2,6;8;5,1;999,9;38,9;24,0;0,0;999,9;0;0;0;0;0;0
Santiago_Del_Estero_Aero;871290;2013;10;31;31,9;8;20,0;8;997,3;8;975,4;8;12,1;8;5,4;8;7,7;999,9;41,0;25,5;0,0;999,9;0;0;0;0;1;0
Santiago_Del_Estero_Aero;871290;2013;11;01;22,2;8;18,6;8;1002,1;7;979,8;7;10,3;8;6,8;8;10,3;999,9;32,2;19,0;53,1;999,9;0;1;0;0;1;0
Santiago_Del_Estero_Aero;871290;2013;11;02;20,7;7;13,1;7;1015,0;6;992,3;7;12,6;7;4,6;7;8,2;999,9;26,9;16,0;4,1;999,9;0;1;0;0;1;0
Santiago_Del_Estero_Aero;871290;2013;11;03;21,6;7;11,2;7;1017,7;7;994,6;7;12,9;7;1,9;7;4,1;999,9;30,2;12,4;0,0;999,9;0;0;0;0;0;0
Santiago_Del_Estero_Aero;871290;2013;11;04;21,4;7;10,3;7;1015,7;7;992,7;7;13,4;7;1,9;7;4,6;999,9;30,6;12,2;0,0;999,9;0;0;0;0;0;0
Santiago_Del_Estero_Aero;871290;2013;11;05;23,6;8;11,7;8;1013,7;8;990,9;8;15,0;8;1,8;8;3,1;999,9;31,7;13,4;0,0;999,9;0;0;0;0;0;0
Santiago_Del_Estero_Aero;871290;2013;11;06;26,1;8;11,0;8;1009,2;8;986,5;8;12,4;8;3,6;8;6,2;999,9;34,7;17,0;0,0;999,9;0;0;0;0;0;0
Santiago_Del_Estero_Aero;871290;2013;11;07;28,2;8;12,6;8;1005,3;7;983,6;8;13,2;8;3,8;8;8,7;999,9;36,4;18,5;0,0;999,9;0;0;0;0;0;0
Santiago_Del_Estero_Aero;871290;2013;11;08;30,7;9;16,6;9;1003,0;8;980,8;8;12,7;9;2,8;9;5,1;999,9;38,7;19,9;0,0;999,9;0;0;0;0;0;0
Santiago_Del_Estero_Aero;871290;2013;11;09;25,2;8;19,1;8;999,8;8;977,6;8;12,2;8;4,5;8;6,7;999,9;39,5;20,0;0,0;999,9;0;0;0;0;0;0
Santiago_Del_Estero_Aero;871290;2013;11;10;22,9;8;15,9;8;1000,6;8;978,2;8;14,3;8;7,6;8;14,4;999,9;32,6;17,4;0,0;999,9;0;1;0;0;0;0
Santiago_Del_Estero_Aero;871290;2013;11;11;20,2;8;10,3;8;1010,8;8;987,6;8;12,1;8;4,4;8;9,3;999,9;28,8;13,7;5,1;999,9;0;1;0;0;1;0
Santiago_Del_Estero_Aero;871290;2013;11;12;22,8;8;8,3;8;1010,3;8;987,4;8;13,2;8;2,6;8;5,1;999,9;34,0;11,4;0,0;999,9;0;0;0;0;0;0
Santiago_Del_Estero_Aero;871290;2013;11;13;27,5;8;8,1;8;1007,6;8;985,1;8;12,7;8;4,8;8;6,2;999,9;36,4;17,5;0,0;999,9;0;0;0;0;0;0
