Sauce_Viejo_Aero;873710;20130101;20.7;8;10.9;8;1016.8;8;1014.8;8;12.1;8;6.7;8;9.3;999.9;32.8;14.8;6.1;999.9;0;0;0;0;0;0
Sauce_Viejo_Aero;873710;20130102;19.5;8;9.3;8;1019.9;8;1017.8;8;12.1;8;2.9;8;6.7;999.9;25.0;13.0;0.0;999.9;0;0;0;0;0;0
Sauce_Viejo_Aero;873710;20130103;22.0;8;12.4;8;1016.2;8;1014.1;8;12.1;8;3.0;8;4.1;999.9;28.2;15.3;0.0;999.9;0;0;0;0;0;0
Sauce_Viejo_Aero;873710;20130104;27.3;7;18.7;7;1011.1;7;1009.0;7;12.1;7;2.2;7;2.6;999.9;32.8;19.8;0.0;999.9;0;0;0;0;0;0
Sauce_Viejo_Aero;873710;20130105;24.1;8;21.1;8;1008.8;8;1006.7;8;9.8;8;4.2;8;15.4;999.9;33.6;20.0;38.1;999.9;0;1;0;0;1;0
Sauce_Viejo_Aero;873710;20130106;24.2;8;20.3;8;1007.7;8;1005.6;8;11.1;8;1.4;8;2.6;999.9;29.4;20.1;2.0;999.9;0;0;0;0;0;0
Sauce_Viejo_Aero;873710;20130107;25.9;8;21.4;8;1002.9;8;1000.8;8;12.1;8;2.1;8;4.1;999.9;31.5;21.8;0.0;999.9;0;0;0;0;0;0
Sauce_Viejo_Aero;873710;20130108;27.2;8;20.8;8;1007.5;8;1005.4;8;12.1;8;2.3;8;7.7;999.9;31.6;23.1;0.0;999.9;0;0;0;0;0;0
Sauce_Viejo_Aero;873710;20130109;26.6;8;20.9;8;1014.0;8;1011.8;8;12.1;8;3.1;8;4.1;999.9;32.0;22.1;0.0;999.9;0;0;0;0;0;0
Sauce_Viejo_Aero;873710;20130110;28.3;8;21.3;8;1015.6;8;1013.5;8;12.1;8;2.8;8;5.1;999.9;33.3;23.0;0.0;999.9;0;0;0;0;0;0
Sauce_Viejo_Aero;873710;20130111;27.2;8;17.7;8;1013.5;8;1011.4;8;12.1;8;3.0;8;4.1;999.9;33.9;21.9;0.0;999.9;0;0;0;0;0;0
Sauce_Viejo_Aero;873710;20130112;26.2;7;16.6;7;1010.6;7;1008.5;7;12.1;7;2.5;7;4.1;999.9;31.6;20.6;0.0;999.9;0;0;0;0;0;0
Sauce_Viejo_Aero;873710;20130113;26.5;8;17.3;8;1012.6;8;1010.4;8;12.1;8;2.2;8;3.1;999.9;32.7;20.0;0.0;999.9;0;0;0;0;0;0
Sauce_Viejo_Aero;873710;20130114;26.4;8;16.3;8;1013.5;8;1011.4;8;12.1;8;1.6;8;4.1;999.9;32.0;20.0;0.0;999.9;0;0;0;0;0;0
Sauce_Viejo_Aero;873710;20130115;26.9;8;17.0;8;1010.4;8;1008.3;8;12.1;8;1.9;8;3.1;999.9;32.2;21.0;0.0;999.9;0;0;0;0;0;0
Sauce_Viejo_Aero;873710;20130116;27.7;8;18.8;8;1006.6;8;1004.5;8;12.1;8;2.0;8;3.6;999.9;32.6;20.8;0.0;999.9;0;0;0;0;0;0
Sauce_Viejo_Aero;873710;20130117;27.4;7;20.2;7;1008.5;7;1006.4;7;11.1;7;3.3;7;8.7;999.9;33.3;21.7;0.0;999.9;0;0;0;0;0;0
Sauce_Viejo_Aero;873710;20130118;26.6;8;17.5;8;1014.1;8;1012.0;8;12.1;8;3.4;8;6.2;999.9;32.7;20.0;0.0;999.9;0;0;0;0;0;0
Sauce_Viejo_Aero;873710;20130119;25.8;8;18.1;7;1016.0;8;1014.0;8;12.1;8;3.4;8;5.7;999.9;33.1;21.0;0.0;999.9;0;0;0;0;0;0
Sauce_Viejo_Aero;873710;20130120;23.6;8;16.4;8;1018.8;8;1016.7;8;12.1;8;4.4;8;6.2;999.9;29.2;19.6;0.0;999.9;0;0;0;0;0;0
Sauce_Viejo_Aero;873710;20130121;24.4;8;15.2;8;1018.4;8;1016.3;8;12.1;8;3.0;8;4.6;999.9;29.7;18.7;0.0;999.9;0;0;0;0;0;0
Sauce_Viejo_Aero;873710;20130122;26.9;7;16.2;7;1015.0;7;1012.9;7;12.1;7;2.2;7;4.6;999.9;32.6;21.1;0.0;999.9;0;0;0;0;0;0
Sauce_Viejo_Aero;873710;20130123;28.3;8;20.7;8;1010.8;8;1008.7;8;11.4;8;2.1;8;4.6;999.9;33.1;23.3;0.0;999.9;0;1;0;0;1;0
Sauce_Viejo_Aero;873710;20130124;27.2;8;21.0;8;1003.4;8;1001.4;8;11.4;8;4.2;8;7.2;999.9;33.6;21.1;6.1;999.9;0;1;0;0;1;0
Sauce_Viejo_Aero;873710;20130125;23.2;8;15.9;8;1010.2;8;1008.1;8;11.4;8;6.5;8;11.8;999.9;32.9;18.8;7.9;999.9;0;1;0;0;1;0
Sauce_Viejo_Aero;873710;20130126;21.3;8;10.0;8;1015.4;8;1013.3;8;11.7;8;1.7;8;3.6;999.9;27.7;14.6;0.0;999.9;0;0;0;0;0;0
Sauce_Viejo_Aero;873710;20130127;24.4;8;15.2;8;1013.3;8;1011.2;8;12.1;8;2.8;8;5.1;999.9;31.8;17.9;0.0;999.9;0;0;0;0;0;0
Sauce_Viejo_Aero;873710;20130128;26.3;8;15.9;8;1014.2;8;1012.1;8;12.1;8;2.2;8;5.1;999.9;32.8;18.8;0.0;999.9;0;0;0;0;0;0
Sauce_Viejo_Aero;873710;20130129;27.7;8;16.6;8;1013.7;8;1011.6;8;12.1;8;1.1;8;2.1;999.9;34.1;21.2;0.0;999.9;0;0;0;0;0;0
Sauce_Viejo_Aero;873710;20130130;29.4;8;18.2;8;1010.4;8;1008.3;8;12.1;8;1.4;8;2.6;999.9;36.3;22.0;0.0;999.9;0;0;0;0;0;0
Sauce_Viejo_Aero;873710;20130131;25.9;7;20.9;7;1008.6;7;1006.5;7;11.4;7;4.3;7;7.7;999.9;37.2;21.8;7.9;999.9;0;1;0;0;1;0
Sauce_Viejo_Aero;873710;20130201;28.6;8;22.1;8;1005.9;8;1003.8;8;11.4;8;2.7;8;6.2;999.9;37.2;21.5;6.1;999.9;0;0;0;0;0;0
Sauce_Viejo_Aero;873710;20130202;27.3;8;19.6;8;1008.9;8;1006.8;8;12.1;8;3.8;8;7.7;999.9;37.2;23.0;0.5;999.9;0;0;0;0;1;0
Sauce_Viejo_Aero;873710;20130203;24.9;8;14.0;8;1015.6;8;1013.5;8;12.1;8;4.6;8;6.2;999.9;29.1;18.3;0.0;999.9;0;0;0;0;0;0
Sauce_Viejo_Aero;873710;20130204;22.1;8;11.1;8;1013.7;8;1011.6;8;11.7;8;3.3;8;5.7;999.9;29.0;14.2;0.0;999.9;0;0;0;0;0;0
Sauce_Viejo_Aero;873710;20130205;24.7;8;14.5;8;1013.0;8;1010.8;8;12.1;8;2.6;8;4.1;999.9;31.2;18.2;0.0;999.9;0;0;0;0;0;0
Sauce_Viejo_Aero;873710;20130206;25.2;8;14.8;8;1014.8;8;1012.7;8;12.1;8;3.3;8;6.2;999.9;31.2;18.4;0.0;999.9;0;0;0;0;0;0
Sauce_Viejo_Aero;873710;20130207;24.9;8;16.1;8;1014.6;8;1012.5;8;11.7;8;2.1;8;3.6;999.9;32.8;18.5;0.0;999.9;0;0;0;0;0;0
Sauce_Viejo_Aero;873710;20130208;27.3;8;18.3;8;1011.4;8;1009.3;8;12.1;8;2.4;8;4.1;999.9;33.3;19.8;0.0;999.9;0;0;0;0;0;0
Sauce_Viejo_Aero;873710;20130209;27.3;7;17.6;7;1009.3;7;1007.2;7;12.1;7;2.4;7;4.1;999.9;34.1;20.8;0.0;999.9;0;0;0;0;0;0
Sauce_Viejo_Aero;873710;20130210;28.3;8;20.9;8;1006.6;8;1004.5;8;11.3;8;2.2;8;8.2;999.9;33.9;23.7;0.0;999.9;0;0;0;0;0;0
Sauce_Viejo_Aero;873710;20130211;27.2;8;20.6;8;1006.9;8;1004.8;8;12.1;8;2.8;8;5.1;999.9;35.0;21.9;0.0;999.9;0;0;0;0;0;0
Sauce_Viejo_Aero;873710;20130212;28.3;8;19.3;8;1004.4;8;1002.3;8;12.1;8;1.5;8;3.1;999.9;35.4;21.5;0.0;999.9;0;0;0;0;0;0
Sauce_Viejo_Aero;873710;20130213;26.2;8;16.6;8;1007.1;8;1005.0;8;11.7;8;4.6;8;7.2;999.9;36.3;20.1;0.0;999.9;0;0;0;0;0;0
Sauce_Viejo_Aero;873710;20130214;24.3;8;18.9;8;1009.6;8;1007.5;8;11.7;8;3.8;8;6.2;999.9;32.2;19.8;3.0;999.9;0;0;0;0;1;0
Sauce_Viejo_Aero;873710;20130215;27.7;8;20.2;8;1009.9;8;1007.8;8;12.1;8;1.9;8;3.1;999.9;33.9;21.0;0.0;999.9;0;0;0;0;0;0
Sauce_Viejo_Aero;873710;20130216;27.9;8;20.1;8;1004.7;8;1002.7;8;12.1;8;3.1;8;5.1;999.9;34.9;22.7;0.5;999.9;0;1;0;0;0;0
Sauce_Viejo_Aero;873710;20130217;23.3;6;20.1;6;1004.8;6;1002.6;6;10.6;6;5.1;6;10.3;999.9;35.8;18.9;25.9;999.9;0;1;0;0;1;0
Sauce_Viejo_Aero;873710;20130218;19.4;8;16.6;8;1014.6;8;1012.5;8;9.8;8;5.1;8;6.7;999.9;25.5;17.0;16.0;999.9;0;1;0;0;1;0
Sauce_Viejo_Aero;873710;20130219;17.6;8;14.9;8;1017.0;8;1014.9;8;9.0;8;5.8;8;7.2;999.9;20.2;14.5;4.8;999.9;0;1;0;0;0;0
Sauce_Viejo_Aero;873710;20130220;17.9;9;16.3;9;1014.5;8;1012.4;8;8.0;9;2.9;9;4.6;999.9;21.1;14.6;5.1;999.9;0;1;0;0;0;0
Sauce_Viejo_Aero;873710;20130221;21.1;8;17.6;8;1013.8;8;1011.7;8;9.8;8;4.0;8;5.7;999.9;25.6;17.5;1.0;999.9;0;1;0;0;0;0
Sauce_Viejo_Aero;873710;20130222;22.9;8;16.9;8;1016.3;8;1014.2;8;12.1;8;2.5;8;4.6;999.9;29.0;17.4;0.0;999.9;0;0;0;0;0;0
Sauce_Viejo_Aero;873710;20130223;25.4;8;18.9;8;1011.0;8;1008.9;8;12.1;8;4.6;8;7.2;999.9;30.9;21.3;0.0;999.9;0;0;0;0;0;0
Sauce_Viejo_Aero;873710;20130224;24.9;8;20.3;8;1006.7;8;1004.6;8;10.8;8;4.4;8;11.3;999.9;31.5;21.6;15.0;999.9;0;1;0;0;1;0
Sauce_Viejo_Aero;873710;20130225;21.3;8;15.3;8;1013.3;8;1011.2;8;12.1;8;4.4;8;6.7;999.9;27.1;17.3;2.0;999.9;0;0;0;0;0;0
Sauce_Viejo_Aero;873710;20130226;19.2;8;11.6;8;1016.7;8;1014.6;8;12.1;8;2.6;8;3.6;999.9;24.1;12.1;0.0;999.9;0;0;0;0;0;0
Sauce_Viejo_Aero;873710;20130227;19.9;8;12.1;8;1015.9;8;1013.7;8;12.1;8;3.6;8;6.7;999.9;27.2;13.0;0.0;999.9;0;0;0;0;0;0
Sauce_Viejo_Aero;873710;20130228;23.8;7;14.9;7;1012.7;7;1010.6;7;12.1;7;3.6;7;6.7;999.9;30.3;16.0;0.0;999.9;0;0;0;0;0;0
Sauce_Viejo_Aero;873710;20130301;25.2;8;16.2;8;1006.5;8;1004.4;8;12.1;8;5.7;8;7.2;999.9;32.0;18.6;0.0;999.9;0;0;0;0;0;0
Sauce_Viejo_Aero;873710;20130302;23.8;7;19.4;7;1004.1;7;1002.0;7;10.1;7;7.2;7;9.3;999.9;33.2;20.5;59.9;999.9;0;1;0;0;1;0
Sauce_Viejo_Aero;873710;20130303;17.9;8;14.8;8;1015.8;8;1013.8;8;12.1;8;4.1;8;7.2;999.9;25.6;15.2;0.0;999.9;0;0;0;0;0;0
Sauce_Viejo_Aero;873710;20130304;17.3;8;12.6;8;1018.2;8;1016.1;8;12.1;8;2.1;8;3.6;999.9;21.8;12.2;0.0;999.9;0;0;0;0;0;0
Sauce_Viejo_Aero;873710;20130305;18.3;8;12.5;8;1014.9;8;1012.8;8;12.1;8;0.8;8;2.6;999.9;25.1;12.0;0.0;999.9;0;0;0;0;0;0
Sauce_Viejo_Aero;873710;20130306;21.7;8;14.9;8;1009.3;8;1007.2;8;12.1;8;3.9;8;8.2;999.9;28.3;15.2;0.0;999.9;0;0;0;0;0;0
Sauce_Viejo_Aero;873710;20130307;23.2;8;16.6;8;1011.1;8;1009.0;8;12.1;8;2.3;8;4.1;999.9;29.0;16.1;0.0;999.9;0;0;0;0;0;0
Sauce_Viejo_Aero;873710;20130308;25.3;8;18.6;8;1010.7;8;1008.5;8;12.1;8;2.5;8;3.6;999.9;30.6;21.7;0.0;999.9;0;0;0;0;0;0
Sauce_Viejo_Aero;873710;20130309;26.3;8;22.6;8;1007.7;8;1005.6;8;12.1;8;2.5;8;3.6;999.9;31.4;22.1;0.0;999.9;0;0;0;0;0;0
Sauce_Viejo_Aero;873710;20130310;24.2;8;18.8;8;1007.7;8;1005.6;8;12.1;8;3.0;8;6.7;999.9;31.6;21.0;4.1;999.9;0;0;0;0;0;0
Sauce_Viejo_Aero;873710;20130311;21.3;7;17.1;7;1007.9;7;1005.8;7;11.4;7;1.9;7;2.6;999.9;28.2;18.1;0.0;999.9;0;1;0;0;0;0
Sauce_Viejo_Aero;873710;20130312;20.8;8;16.2;8;1009.1;8;1007.0;8;12.1;8;2.9;8;4.6;999.9;28.4;18.6;5.1;999.9;0;0;0;0;0;0
Sauce_Viejo_Aero;873710;20130313;18.2;7;14.2;7;1015.5;7;1013.4;7;12.1;7;3.3;7;4.6;999.9;24.5;14.8;0.0;999.9;0;0;0;0;0;0
Sauce_Viejo_Aero;873710;20130314;15.7;8;11.8;8;1020.6;8;1018.5;8;11.3;8;3.0;8;4.6;999.9;20.4;12.8;0.3;999.9;0;1;0;0;0;0
Sauce_Viejo_Aero;873710;20130315;17.3;8;10.9;8;1022.1;8;1019.9;8;12.1;8;2.6;8;4.6;999.9;22.1;13.3;0.0;999.9;0;0;0;0;0;0
Sauce_Viejo_Aero;873710;20130316;17.6;8;10.7;8;1024.3;8;1022.1;8;12.1;8;2.8;8;4.6;999.9;22.6;12.2;0.0;999.9;0;0;0;0;0;0
Sauce_Viejo_Aero;873710;20130317;16.7;8;9.7;8;1024.6;8;1022.5;8;12.1;8;3.8;8;5.7;999.9;23.6;12.6;0.0;999.9;0;0;0;0;0;0
Sauce_Viejo_Aero;873710;20130318;18.3;8;11.2;8;1022.0;8;1019.9;8;12.1;8;2.2;8;3.1;999.9;24.2;12.7;0.0;999.9;0;0;0;0;0;0
Sauce_Viejo_Aero;873710;20130319;18.2;8;13.9;8;1017.0;8;1014.9;8;11.4;8;2.5;8;4.6;999.9;24.6;15.2;999.9;999.9;0;1;0;0;0;0
Sauce_Viejo_Aero;873710;20130320;19.9;8;17.2;8;1010.8;8;1008.7;8;11.3;8;2.4;8;3.6;999.9;24.0;16.4;6.1;999.9;0;1;0;0;0;0
Sauce_Viejo_Aero;873710;20130321;20.3;7;15.9;7;1011.5;7;1009.4;7;9.5;7;2.3;7;4.1;999.9;26.1;13.6;0.0;999.9;0;0;0;0;0;0
Sauce_Viejo_Aero;873710;20130322;21.9;8;16.6;8;1015.6;8;1013.5;8;11.4;8;2.0;8;4.1;999.9;28.6;16.3;0.0;999.9;0;0;0;0;0;0
Sauce_Viejo_Aero;873710;20130323;23.1;8;17.8;8;1016.6;8;1014.5;8;12.1;8;2.1;8;3.6;999.9;29.2;18.7;0.0;999.9;0;0;0;0;0;0
Sauce_Viejo_Aero;873710;20130324;23.5;8;18.2;8;1013.2;8;1011.1;8;12.1;8;2.8;8;4.1;999.9;28.5;18.2;0.0;999.9;0;0;0;0;0;0
Sauce_Viejo_Aero;873710;20130325;21.4;8;15.9;8;1012.1;8;1009.9;8;12.1;8;2.5;8;5.1;999.9;29.0;16.0;0.0;999.9;0;0;0;0;0;0
Sauce_Viejo_Aero;873710;20130326;18.8;8;11.7;8;1018.4;8;1016.3;8;12.1;8;2.9;8;7.2;999.9;27.1;9.3;0.0;999.9;0;0;0;0;0;0
Sauce_Viejo_Aero;873710;20130327;19.9;8;11.4;8;1019.8;8;1017.7;8;12.1;8;1.8;8;2.6;999.9;26.0;12.7;0.0;999.9;0;0;0;0;0;0
Sauce_Viejo_Aero;873710;20130328;20.3;7;12.8;7;1019.3;7;1017.2;7;12.1;7;1.9;7;2.6;999.9;26.6;14.4;0.0;999.9;0;0;0;0;0;0
Sauce_Viejo_Aero;873710;20130329;17.2;4;13.5;4;1018.0;4;1015.9;4;12.1;4;0.9;4;2.1;999.9;27.1;14.8;0.0;999.9;0;0;0;0;0;0
Sauce_Viejo_Aero;873710;20130331;25.8;8;18.3;8;1012.2;8;1010.1;8;11.4;8;3.3;8;4.6;999.9;32.4;19.0;0.0;999.9;0;0;0;0;0;0
Sauce_Viejo_Aero;873710;20130401;23.5;8;19.6;8;1012.0;8;1009.9;8;10.8;8;4.4;8;9.8;999.9;32.6;20.4;10.9;999.9;0;1;0;0;1;0
Sauce_Viejo_Aero;873710;20130403;17.7;8;14.5;8;1016.6;8;1014.5;8;10.1;8;4.2;8;6.2;999.9;22.2;14.6;0.0;999.9;0;1;0;0;0;0
Sauce_Viejo_Aero;873710;20130404;17.7;8;13.3;8;1011.7;8;1009.5;8;10.9;8;1.2;8;1.5;999.9;24.6;11.2;0.0;999.9;0;0;0;0;0;0
Sauce_Viejo_Aero;873710;20130405;19.8;8;13.6;8;1007.7;8;1005.5;8;12.1;8;1.7;8;3.1;999.9;28.3;13.0;0.0;999.9;0;0;0;0;0;0
Sauce_Viejo_Aero;873710;20130406;17.4;4;14.0;4;1007.4;4;1005.2;4;12.1;4;1.3;4;3.6;999.9;29.0;14.8;0.0;999.9;0;0;0;0;0;0
Sauce_Viejo_Aero;873710;20130407;18.4;4;4.3;4;1018.3;4;1016.1;4;12.1;4;2.4;4;3.1;999.9;20.8;9.3;0.0;999.9;0;0;0;0;0;0
Sauce_Viejo_Aero;873710;20130408;15.8;8;7.4;8;1018.8;8;1016.6;8;12.1;8;0.8;8;2.1;999.9;24.3;6.9;0.0;999.9;0;0;0;0;0;0
Sauce_Viejo_Aero;873710;20130409;19.4;8;11.9;8;1017.1;8;1015.0;8;12.1;8;2.7;8;5.1;999.9;26.8;9.8;0.0;999.9;0;0;0;0;0;0
Sauce_Viejo_Aero;873710;20130410;19.5;8;14.3;8;1012.3;8;1010.2;8;10.9;8;3.1;8;4.1;999.9;27.6;13.5;0.0;999.9;0;1;0;0;0;0
Sauce_Viejo_Aero;873710;20130411;19.6;8;17.6;8;1006.7;8;1004.5;8;9.0;8;4.1;8;7.7;999.9;25.5;17.2;93.0;999.9;0;1;0;0;1;0
Sauce_Viejo_Aero;873710;20130412;17.8;8;13.9;8;1013.5;8;1011.4;8;12.1;8;3.7;8;5.1;999.9;21.3;13.5;0.0;999.9;0;1;0;0;0;0
Sauce_Viejo_Aero;873710;20130413;13.5;8;5.9;8;1020.2;8;1018.0;8;12.1;8;1.6;8;4.1;999.9;21.6;5.7;0.0;999.9;0;0;0;0;0;0
Sauce_Viejo_Aero;873710;20130414;15.5;8;9.3;8;1017.2;8;1015.0;8;12.1;8;3.3;8;5.7;999.9;25.7;8.6;0.0;999.9;0;0;0;0;0;0
Sauce_Viejo_Aero;873710;20130415;19.2;7;13.3;7;1016.6;7;1014.5;7;12.1;7;3.4;7;6.2;999.9;29.4;11.1;0.0;999.9;0;0;0;0;0;0
Sauce_Viejo_Aero;873710;20130416;20.6;8;14.5;8;1017.3;8;1015.2;8;10.6;8;1.4;8;2.6;999.9;30.4;14.1;0.0;999.9;1;0;0;0;0;0
Sauce_Viejo_Aero;873710;20130417;20.1;8;13.9;8;1017.9;8;1015.9;8;12.1;8;2.4;8;5.1;999.9;27.0;12.8;0.0;999.9;0;0;0;0;0;0
Sauce_Viejo_Aero;873710;20130418;19.9;8;13.7;8;1016.8;8;1014.7;8;11.4;8;3.0;8;5.1;999.9;27.4;12.8;0.0;999.9;0;0;0;0;0;0
Sauce_Viejo_Aero;873710;20130419;19.8;8;13.1;8;1017.4;8;1015.3;8;12.1;8;2.5;8;4.1;999.9;27.5;12.3;0.0;999.9;0;0;0;0;0;0
Sauce_Viejo_Aero;873710;20130420;19.6;8;13.4;8;1018.2;8;1016.1;8;10.3;8;2.1;8;5.1;999.9;28.1;12.3;0.0;999.9;0;0;0;0;0;0
Sauce_Viejo_Aero;873710;20130421;20.3;8;13.4;8;1018.0;8;1015.9;8;12.1;8;2.1;8;3.1;999.9;29.3;11.6;0.0;999.9;0;0;0;0;0;0
Sauce_Viejo_Aero;873710;20130422;21.6;8;15.6;8;1018.5;8;1016.4;8;12.1;8;2.3;8;2.6;999.9;28.4;16.3;0.0;999.9;0;0;0;0;0;0
Sauce_Viejo_Aero;873710;20130423;21.9;8;17.6;8;1019.1;8;1017.0;8;10.9;8;1.3;8;3.1;999.9;28.1;15.5;0.0;999.9;0;0;0;0;0;0
Sauce_Viejo_Aero;873710;20130424;22.4;7;16.6;7;1017.5;7;1015.4;7;12.1;7;2.2;7;2.6;999.9;28.7;17.8;0.0;999.9;0;0;0;0;0;0
Sauce_Viejo_Aero;873710;20130425;22.3;8;15.9;8;1015.0;8;1012.9;8;12.1;8;2.8;8;4.6;999.9;29.0;17.0;0.0;999.9;0;0;0;0;0;0
Sauce_Viejo_Aero;873710;20130426;22.2;8;15.9;8;1013.3;7;1011.2;7;9.3;8;2.6;8;5.1;999.9;30.0;15.5;0.0;999.9;1;0;0;0;0;0
Sauce_Viejo_Aero;873710;20130427;22.2;8;17.3;8;1010.3;8;1008.2;8;12.1;8;3.3;8;4.6;999.9;27.9;18.9;4.1;999.9;0;1;0;0;0;0
Sauce_Viejo_Aero;873710;20130428;20.4;8;16.9;8;1011.3;8;1009.2;8;10.3;8;3.4;8;5.7;999.9;27.9;17.0;29.0;999.9;0;1;0;0;1;0
Sauce_Viejo_Aero;873710;20130429;17.9;8;13.9;8;1014.0;8;1011.9;8;12.1;8;2.2;8;4.1;999.9;24.0;12.2;0.5;999.9;0;0;0;0;0;0
Sauce_Viejo_Aero;873710;20130430;18.1;8;14.1;8;1014.9;8;1012.7;8;12.1;8;1.8;8;4.6;999.9;23.5;13.3;0.0;999.9;0;0;0;0;0;0
Sauce_Viejo_Aero;873710;20130501;20.1;8;17.4;8;1011.7;8;1009.6;8;11.4;8;2.5;8;4.6;999.9;23.7;17.0;4.1;999.9;0;1;0;0;0;0
Sauce_Viejo_Aero;873710;20130502;20.3;10;18.7;9;1009.2;8;1007.0;8;10.8;10;2.7;10;4.1;999.9;22.1;18.0;14.0;999.9;0;1;0;0;1;0
Sauce_Viejo_Aero;873710;20130503;21.0;8;17.8;8;1008.7;8;1006.5;8;10.3;8;4.1;8;7.7;999.9;23.5;18.8;42.9;999.9;0;1;0;0;1;0
Sauce_Viejo_Aero;873710;20130504;17.8;8;13.4;8;1015.4;8;1013.3;8;12.1;8;3.2;8;6.2;999.9;24.2;14.9;0.0;999.9;0;0;0;0;0;0
Sauce_Viejo_Aero;873710;20130505;17.6;8;13.2;8;1020.3;8;1018.1;8;10.3;8;1.3;8;3.1;999.9;23.2;12.5;0.0;999.9;0;0;0;0;0;0
Sauce_Viejo_Aero;873710;20130506;18.1;8;12.5;8;1016.7;8;1014.6;8;12.1;8;4.7;8;8.7;999.9;26.2;11.6;0.0;999.9;0;0;0;0;0;0
Sauce_Viejo_Aero;873710;20130507;15.1;7;7.4;7;1022.8;7;1020.6;7;12.1;7;2.5;7;4.1;999.9;27.1;7.5;0.0;999.9;0;0;0;0;0;0
Sauce_Viejo_Aero;873710;20130508;14.7;8;7.7;8;1015.3;8;1013.2;8;12.1;8;4.9;8;7.7;999.9;23.6;9.6;0.0;999.9;0;0;0;0;0;0
Sauce_Viejo_Aero;873710;20130509;18.7;8;13.0;8;1013.6;8;1011.5;8;12.1;8;4.0;8;5.1;999.9;25.5;11.5;0.0;999.9;0;0;0;0;0;0
Sauce_Viejo_Aero;873710;20130510;20.6;8;14.8;8;1010.2;8;1008.1;8;12.1;8;5.0;8;7.7;999.9;28.1;15.4;0.0;999.9;0;0;0;0;0;0
Sauce_Viejo_Aero;873710;20130511;20.9;8;15.9;8;1012.8;8;1010.7;8;12.1;8;3.3;8;5.1;999.9;28.3;16.7;0.0;999.9;0;0;0;0;0;0
Sauce_Viejo_Aero;873710;20130512;18.2;8;13.7;8;1014.6;8;1012.6;8;12.1;8;2.5;8;4.1;999.9;23.7;14.0;0.0;999.9;0;0;0;0;0;0
Sauce_Viejo_Aero;873710;20130513;18.1;8;16.2;8;1014.1;8;1012.0;8;8.7;8;1.3;8;2.6;999.9;24.0;13.4;0.3;999.9;0;1;0;0;0;0
Sauce_Viejo_Aero;873710;20130514;17.5;8;16.3;8;1012.3;8;1010.1;8;5.5;8;0.8;8;1.5;999.9;21.1;14.3;0.0;999.9;1;0;0;0;0;0
Sauce_Viejo_Aero;873710;20130515;12.9;8;7.1;8;1017.4;8;1015.2;8;10.8;8;7.0;8;14.4;999.9;21.0;9.4;3.0;999.9;0;1;0;0;0;0
Sauce_Viejo_Aero;873710;20130516;6.7;8;0.0;8;1025.9;8;1023.7;8;12.1;8;1.9;8;4.6;999.9;14.0;0.4;0.0;999.9;0;0;0;0;0;0
Sauce_Viejo_Aero;873710;20130517;8.4;8;2.9;8;1025.3;8;1023.1;8;12.1;8;1.9;8;4.6;999.9;14.0;2.0;0.0;999.9;0;0;0;0;0;0
Sauce_Viejo_Aero;873710;20130518;11.4;8;7.8;8;1022.4;8;1020.2;8;10.6;8;2.5;8;5.7;999.9;14.6;7.1;5.1;999.9;0;1;0;0;0;0
Sauce_Viejo_Aero;873710;20130519;11.1;8;9.9;8;1022.1;8;1019.9;8;6.3;8;3.0;8;5.1;999.9;12.8;9.4;4.1;999.9;0;1;0;0;0;0
Sauce_Viejo_Aero;873710;20130520;10.3;8;9.1;8;1022.1;8;1019.9;8;5.1;8;1.6;8;3.1;999.9;13.0;5.2;0.0;999.9;1;0;0;0;0;0
Sauce_Viejo_Aero;873710;20130521;11.3;8;8.7;8;1018.7;8;1016.5;8;5.1;8;1.2;8;3.1;999.9;16.6;6.5;0.0;999.9;1;0;0;0;0;0
Sauce_Viejo_Aero;873710;20130522;12.4;8;9.2;8;1020.6;8;1018.4;8;9.0;8;2.1;8;3.1;999.9;17.0;7.5;0.0;999.9;1;0;0;0;0;0
Sauce_Viejo_Aero;873710;20130523;11.2;8;8.1;8;1020.1;8;1018.0;8;8.7;8;1.4;8;2.1;999.9;17.3;3.8;0.0;999.9;0;0;0;0;0;0
Sauce_Viejo_Aero;873710;20130524;11.8;8;8.4;8;1020.6;8;1018.5;8;6.8;8;1.5;8;3.6;999.9;20.4;4.0;0.0;999.9;1;0;0;0;0;0
Sauce_Viejo_Aero;873710;20130525;13.4;8;9.4;8;1019.4;8;1017.3;8;8.9;8;2.7;8;4.6;999.9;21.3;6.1;0.0;999.9;1;0;0;0;0;0
Sauce_Viejo_Aero;873710;20130526;15.3;8;11.7;8;1014.5;8;1012.3;8;12.1;8;3.1;8;6.2;999.9;20.8;11.1;0.0;999.9;0;0;0;0;0;0
Sauce_Viejo_Aero;873710;20130527;16.5;8;13.3;8;1009.8;8;1007.6;8;10.0;8;2.1;8;3.1;999.9;24.1;10.7;0.0;999.9;1;0;0;0;0;0
Sauce_Viejo_Aero;873710;20130528;20.9;8;16.7;8;999.8;8;997.7;8;12.1;8;4.7;8;6.2;999.9;26.3;13.3;0.0;999.9;0;0;0;0;0;0
Sauce_Viejo_Aero;873710;20130529;17.5;8;10.9;8;1007.1;8;1005.0;8;11.6;8;5.7;8;8.7;999.9;26.6;13.1;1.0;999.9;0;1;0;0;0;0
Sauce_Viejo_Aero;873710;20130530;14.1;8;5.8;8;1014.5;8;1012.4;8;12.1;8;3.4;8;6.2;999.9;21.8;7.5;0.0;999.9;0;0;0;0;0;0
Sauce_Viejo_Aero;873710;20130531;14.8;8;7.2;8;1008.5;8;1006.4;8;12.1;8;7.4;8;10.8;999.9;24.6;7.5;0.0;999.9;0;0;0;0;0;0
Sauce_Viejo_Aero;873710;20130601;14.3;8;9.2;8;1010.7;8;1008.5;8;7.4;8;1.9;8;2.6;999.9;23.5;6.4;0.0;999.9;1;0;0;0;0;0
Sauce_Viejo_Aero;873710;20130602;11.8;8;7.9;8;1017.3;8;1015.1;8;11.4;8;2.1;8;3.6;999.9;23.5;7.0;0.0;999.9;0;0;0;0;0;0
Sauce_Viejo_Aero;873710;20130603;10.8;8;5.3;8;1021.1;8;1019.0;8;12.1;8;1.4;8;3.6;999.9;20.8;2.5;0.0;999.9;0;0;0;0;0;0
Sauce_Viejo_Aero;873710;20130604;13.6;8;7.3;8;1016.7;8;1014.5;8;12.1;8;3.1;8;5.7;999.9;24.3;4.2;0.0;999.9;0;0;0;0;0;0
Sauce_Viejo_Aero;873710;20130605;17.7;7;9.5;7;1011.3;7;1009.2;7;12.1;7;4.7;7;6.2;999.9;26.3;9.0;0.0;999.9;0;0;0;0;0;0
Sauce_Viejo_Aero;873710;20130606;13.8;8;7.6;8;1020.1;8;1018.0;8;12.1;8;4.2;8;7.2;999.9;27.0;9.0;0.0;999.9;0;0;0;0;0;0
Sauce_Viejo_Aero;873710;20130607;12.4;8;6.8;8;1018.4;8;1016.2;8;12.1;8;3.5;8;8.2;999.9;20.3;7.1;0.0;999.9;0;0;0;0;0;0
Sauce_Viejo_Aero;873710;20130608;13.1;8;9.2;8;1023.1;8;1020.9;8;11.3;8;2.2;8;4.1;999.9;20.6;9.2;0.0;999.9;0;0;0;0;0;0
Sauce_Viejo_Aero;873710;20130609;14.4;8;11.6;8;1017.9;8;1015.8;8;10.3;8;2.0;8;3.1;999.9;17.7;11.7;9.9;999.9;0;1;0;0;1;0
Sauce_Viejo_Aero;873710;20130610;14.9;10;13.9;10;1018.1;8;1015.9;8;2.6;10;1.1;10;3.1;999.9;18.0;12.0;7.9;999.9;1;0;0;0;0;0
Sauce_Viejo_Aero;873710;20130611;16.4;9;13.9;9;1018.7;8;1016.6;8;4.3;9;1.9;9;3.6;999.9;24.4;10.3;0.0;999.9;1;0;0;0;0;0
Sauce_Viejo_Aero;873710;20130612;17.3;5;13.6;5;1017.6;5;1015.5;5;12.1;5;3.0;5;4.1;999.9;26.0;13.0;0.0;999.9;0;0;0;0;0;0
Sauce_Viejo_Aero;873710;20130613;21.2;8;17.8;8;1015.6;8;1013.6;8;11.4;8;4.1;8;5.7;999.9;27.8;15.9;0.0;999.9;0;0;0;0;0;0
Sauce_Viejo_Aero;873710;20130614;18.0;8;14.8;8;1018.2;8;1016.1;8;11.6;8;3.9;8;7.7;999.9;28.5;15.0;17.0;999.9;0;1;0;0;1;0
Sauce_Viejo_Aero;873710;20130615;13.7;8;10.1;8;1018.8;8;1016.6;8;12.1;8;2.6;8;3.1;999.9;17.8;10.2;5.1;999.9;0;0;0;0;0;0
Sauce_Viejo_Aero;873710;20130616;13.8;9;11.9;9;1014.7;8;1012.5;8;8.2;9;4.2;9;8.2;999.9;18.2;11.8;0.0;999.9;0;1;0;0;0;0
Sauce_Viejo_Aero;873710;20130617;10.9;8;6.4;8;1019.4;8;1017.2;8;12.1;8;2.6;8;5.1;999.9;15.7;3.9;0.0;999.9;0;0;0;0;0;0
Sauce_Viejo_Aero;873710;20130618;11.3;8;9.1;8;1015.8;8;1013.6;8;10.3;8;2.4;8;4.6;999.9;16.4;5.2;0.0;999.9;0;1;0;0;0;0
Sauce_Viejo_Aero;873710;20130619;9.4;8;-1.6;8;1024.4;8;1022.2;8;12.1;8;5.2;8;8.2;999.9;16.4;5.7;0.0;999.9;0;0;0;0;0;0
Sauce_Viejo_Aero;873710;20130620;7.9;8;0.2;8;1024.4;7;1022.4;8;12.1;8;2.4;8;3.6;999.9;12.8;4.0;0.0;999.9;0;0;0;0;0;0
Sauce_Viejo_Aero;873710;20130621;7.1;6;2.0;6;1014.9;6;1012.7;6;12.1;6;1.6;6;21.6;999.9;15.5;0.1;0.0;999.9;0;0;0;0;0;0
Sauce_Viejo_Aero;873710;20130622;9.3;8;1.9;8;1013.0;8;1010.8;8;12.1;8;1.6;8;4.1;999.9;17.3;0.4;0.0;999.9;0;0;0;0;0;0
Sauce_Viejo_Aero;873710;20130623;10.2;8;6.9;8;1020.0;8;1017.9;8;12.1;8;2.0;8;2.6;999.9;18.3;3.9;0.0;999.9;0;0;0;0;0;0
Sauce_Viejo_Aero;873710;20130624;10.9;8;7.6;8;1020.7;8;1018.5;8;11.4;8;2.9;8;4.6;999.9;18.5;5.5;0.0;999.9;1;0;0;0;0;0
Sauce_Viejo_Aero;873710;20130625;8.6;9;5.9;9;1018.4;8;1016.2;8;6.1;9;1.7;9;3.1;999.9;17.1;1.2;0.0;999.9;1;0;0;0;0;0
Sauce_Viejo_Aero;873710;20130626;8.3;9;4.8;9;1017.7;8;1015.5;8;5.5;9;2.2;9;4.6;999.9;17.5;1.9;0.0;999.9;1;0;0;0;0;0
Sauce_Viejo_Aero;873710;20130627;11.9;8;7.1;8;1015.4;8;1013.2;8;12.1;8;5.4;8;7.7;999.9;19.0;5.7;0.0;999.9;0;0;0;0;0;0
Sauce_Viejo_Aero;873710;20130628;14.2;9;11.6;9;1009.2;8;1007.1;8;9.7;9;4.0;9;7.2;999.9;19.2;8.2;0.0;999.9;0;0;0;0;0;0
Sauce_Viejo_Aero;873710;20130629;12.8;9;9.8;9;1014.3;8;1012.1;8;6.8;9;2.0;9;2.6;999.9;19.5;6.6;0.0;999.9;1;0;0;0;0;0
Sauce_Viejo_Aero;873710;20130630;10.9;8;5.5;8;1019.5;8;1017.4;8;10.3;8;1.9;8;4.1;999.9;20.3;2.9;0.0;999.9;0;0;0;0;0;0
Sauce_Viejo_Aero;873710;20130701;11.6;8;6.0;8;1022.5;8;1020.3;8;11.6;8;1.6;8;3.6;999.9;20.0;3.6;0.0;999.9;0;0;0;0;0;0
Sauce_Viejo_Aero;873710;20130702;13.5;8;5.1;8;1016.6;8;1014.5;8;12.1;8;5.5;8;9.8;999.9;21.8;6.1;0.0;999.9;0;0;0;0;0;0
Sauce_Viejo_Aero;873710;20130703;17.2;8;10.4;8;1010.2;8;1008.1;8;12.1;8;7.0;8;9.8;999.9;25.1;10.2;0.0;999.9;0;0;0;0;0;0
Sauce_Viejo_Aero;873710;20130704;19.2;8;16.3;8;1011.8;8;1009.6;8;11.3;8;2.4;8;4.6;999.9;25.3;13.4;0.0;999.9;0;0;0;0;0;0
Sauce_Viejo_Aero;873710;20130705;17.6;8;15.6;8;1012.3;8;1010.1;8;10.0;8;2.2;8;3.1;999.9;23.4;14.0;0.0;999.9;0;0;0;0;0;0
Sauce_Viejo_Aero;873710;20130706;14.7;8;12.8;8;1013.7;8;1011.6;8;9.7;8;4.9;8;8.2;999.9;22.0;12.0;0.0;999.9;0;0;0;0;0;0
Sauce_Viejo_Aero;873710;20130707;11.1;8;6.9;8;1024.0;8;1021.8;8;12.1;8;4.7;8;6.2;999.9;14.5;9.3;0.0;999.9;0;0;0;0;0;0
Sauce_Viejo_Aero;873710;20130708;10.3;8;5.0;8;1029.2;8;1027.1;8;12.1;8;3.0;8;5.1;999.9;14.1;6.5;0.0;999.9;0;0;0;0;0;0
Sauce_Viejo_Aero;873710;20130709;11.4;8;7.9;8;1020.1;8;1017.9;8;12.1;8;3.0;8;4.6;999.9;14.5;7.2;7.1;999.9;0;0;0;0;1;0
Sauce_Viejo_Aero;873710;20130710;15.1;8;14.2;8;1016.2;7;1014.0;7;6.6;8;2.3;8;3.6;999.9;18.2;11.0;0.3;999.9;0;1;0;0;0;0
Sauce_Viejo_Aero;873710;20130711;19.0;8;17.0;8;1012.9;8;1010.8;8;8.7;8;3.3;8;4.6;999.9;22.5;14.5;0.0;999.9;0;0;0;0;0;0
Sauce_Viejo_Aero;873710;20130712;13.8;10;12.1;10;1019.8;10;1017.6;10;10.6;10;4.9;10;6.7;999.9;23.0;11.7;0.0;999.9;0;0;0;0;0;0
Sauce_Viejo_Aero;873710;20130713;15.0;8;11.1;8;1017.8;8;1015.6;8;8.0;8;1.3;8;5.7;999.9;19.6;11.5;0.0;999.9;0;0;0;0;0;0
Sauce_Viejo_Aero;873710;20130714;13.9;8;9.0;8;1018.5;8;1016.3;8;10.9;8;2.8;8;6.2;999.9;20.5;11.0;0.0;999.9;0;0;0;0;0;0
Sauce_Viejo_Aero;873710;20130715;10.5;7;3.2;7;1022.4;7;1020.2;7;12.1;7;0.9;7;2.6;999.9;18.7;3.0;0.0;999.9;0;0;0;0;0;0
Sauce_Viejo_Aero;873710;20130716;12.1;7;7.4;7;1017.6;7;1015.4;7;11.6;7;3.7;7;4.6;999.9;20.6;4.4;0.0;999.9;0;0;0;0;0;0
Sauce_Viejo_Aero;873710;20130717;16.7;8;11.7;8;1011.2;8;1009.1;8;12.1;8;5.0;8;7.7;999.9;24.3;8.8;0.0;999.9;0;0;0;0;0;0
Sauce_Viejo_Aero;873710;20130718;13.1;8;8.4;8;1012.9;8;1010.8;8;12.1;8;7.5;8;12.9;999.9;23.0;10.0;0.0;999.9;0;0;0;0;0;0
Sauce_Viejo_Aero;873710;20130719;8.4;8;0.4;8;1024.3;8;1022.1;8;12.1;8;3.0;8;6.2;999.9;13.6;6.3;0.0;999.9;0;0;0;0;0;0
Sauce_Viejo_Aero;873710;20130720;8.8;8;2.8;8;1012.9;8;1010.7;8;12.1;8;2.2;8;4.1;999.9;13.4;5.5;0.0;999.9;0;0;0;0;0;0
Sauce_Viejo_Aero;873710;20130721;5.7;7;-1.8;7;1019.0;7;1016.8;7;12.1;7;8.5;7;11.8;999.9;14.8;0.4;0.0;999.9;0;0;0;0;0;0
Sauce_Viejo_Aero;873710;20130722;6.0;8;-1.3;8;1025.5;8;1023.3;8;12.1;8;8.0;8;9.8;999.9;10.6;1.2;0.0;999.9;0;0;0;0;0;0
Sauce_Viejo_Aero;873710;20130723;3.3;8;-1.7;8;1027.4;8;1025.2;8;12.1;8;2.0;8;3.6;999.9;11.3;-5.0;0.0;999.9;0;0;0;0;0;0
Sauce_Viejo_Aero;873710;20130724;5.1;8;-1.2;8;1027.2;8;1025.0;8;12.1;8;2.6;8;4.1;999.9;12.7;-2.8;0.0;999.9;0;0;0;0;0;0
Sauce_Viejo_Aero;873710;20130725;7.9;8;0.1;8;1025.2;8;1023.0;8;12.1;8;4.4;8;8.2;999.9;17.8;1.3;0.0;999.9;0;0;0;0;0;0
Sauce_Viejo_Aero;873710;20130726;11.4;8;3.1;8;1022.7;8;1020.6;8;12.1;8;6.3;8;11.3;999.9;18.9;3.8;0.0;999.9;0;0;0;0;0;0
Sauce_Viejo_Aero;873710;20130727;14.8;8;8.1;8;1020.5;8;1018.4;8;12.1;8;3.1;8;4.1;999.9;20.0;9.0;0.0;999.9;0;0;0;0;0;0
Sauce_Viejo_Aero;873710;20130728;12.0;7;7.3;7;1020.7;7;1018.6;7;8.9;7;0.9;7;3.6;999.9;21.6;2.0;0.0;999.9;1;0;0;0;0;0
Sauce_Viejo_Aero;873710;20130729;15.4;8;9.7;8;1020.4;8;1018.3;8;12.1;8;2.0;8;4.1;999.9;22.0;3.7;0.0;999.9;0;0;0;0;0;0
Sauce_Viejo_Aero;873710;20130730;18.4;8;11.8;8;1015.6;8;1013.5;8;12.1;8;4.2;8;5.7;999.9;26.4;12.7;0.0;999.9;0;0;0;0;0;0
Sauce_Viejo_Aero;873710;20130731;20.3;8;14.8;8;1010.0;8;1007.8;8;10.6;8;3.2;8;5.1;999.9;27.1;16.8;0.0;999.9;0;0;0;0;0;0
Sauce_Viejo_Aero;873710;20130801;14.1;7;12.2;7;1012.6;7;1010.4;7;7.6;7;6.7;7;9.3;999.9;17.2;11.9;0.0;999.9;0;0;0;0;0;0
Sauce_Viejo_Aero;873710;20130802;12.1;8;8.1;8;1018.7;8;1016.5;8;10.6;8;5.9;8;8.2;999.9;14.3;9.7;0.0;999.9;0;0;0;0;0;0
Sauce_Viejo_Aero;873710;20130803;9.0;8;6.4;8;1017.9;8;1015.7;8;10.0;8;2.4;8;4.1;999.9;14.9;4.6;0.0;999.9;0;0;0;0;0;0
Sauce_Viejo_Aero;873710;20130804;8.8;8;5.2;8;1019.4;8;1017.2;8;9.0;8;2.3;8;4.1;999.9;17.6;0.7;0.0;999.9;1;0;0;0;0;0
Sauce_Viejo_Aero;873710;20130805;13.1;7;7.7;7;1015.5;7;1013.3;7;11.6;7;3.3;7;6.2;999.9;22.3;3.0;0.0;999.9;0;0;0;0;0;0
Sauce_Viejo_Aero;873710;20130806;13.3;8;4.6;8;1018.1;8;1015.9;8;7.6;8;2.5;8;6.7;999.9;22.5;3.2;0.0;999.9;1;0;0;0;0;0
Sauce_Viejo_Aero;873710;20130807;18.0;8;9.9;8;1003.1;8;1001.0;8;10.5;8;5.5;8;6.7;999.9;24.7;10.0;0.0;999.9;0;0;0;0;0;0
Sauce_Viejo_Aero;873710;20130808;14.2;8;6.2;8;1012.5;8;1010.3;8;11.4;8;5.7;8;10.3;999.9;27.8;9.2;3.0;999.9;0;1;0;0;1;0
Sauce_Viejo_Aero;873710;20130809;10.7;8;1.2;8;1025.6;8;1023.5;8;12.1;8;5.1;8;5.7;999.9;14.6;5.8;0.0;999.9;0;0;0;0;0;0
Sauce_Viejo_Aero;873710;20130810;7.6;8;0.8;8;1026.6;7;1024.8;8;12.1;8;2.3;8;4.6;999.9;15.9;-0.8;0.0;999.9;0;0;0;0;0;0
Sauce_Viejo_Aero;873710;20130811;10.4;8;1.1;8;1015.8;8;1013.6;8;12.1;8;5.5;8;11.3;999.9;20.2;0.6;0.0;999.9;0;0;0;0;0;0
Sauce_Viejo_Aero;873710;20130812;11.7;7;5.9;7;1013.8;7;1011.6;7;12.1;7;2.8;7;5.1;999.9;20.6;5.2;0.0;999.9;0;0;0;0;0;0
Sauce_Viejo_Aero;873710;20130813;9.7;8;2.2;8;1026.1;8;1024.0;8;12.1;8;6.7;8;10.3;999.9;18.0;5.5;0.0;999.9;0;0;0;0;0;0
Sauce_Viejo_Aero;873710;20130814;5.4;8;-3.4;8;1033.6;8;1031.3;8;12.1;8;1.6;8;3.6;999.9;12.9;-3.9;0.0;999.9;0;0;0;0;0;0
Sauce_Viejo_Aero;873710;20130815;8.8;8;-3.2;8;1024.3;8;1022.1;8;12.1;8;6.9;8;11.8;999.9;17.4;-1.4;0.0;999.9;0;0;0;0;0;0
Sauce_Viejo_Aero;873710;20130816;11.3;7;2.4;7;1022.2;7;1020.1;7;11.4;7;4.3;7;7.7;999.9;19.9;2.2;0.0;999.9;0;0;0;0;0;0
Sauce_Viejo_Aero;873710;20130817;11.2;8;3.8;8;1026.4;8;1024.2;8;12.1;8;3.6;8;5.1;999.9;21.0;5.3;0.0;999.9;0;0;0;0;0;0
Sauce_Viejo_Aero;873710;20130818;14.4;8;7.3;8;1020.5;8;1018.3;8;12.1;8;3.0;8;4.6;999.9;20.8;8.6;0.0;999.9;0;0;0;0;0;0
Sauce_Viejo_Aero;873710;20130819;18.5;8;10.1;8;1014.7;8;1012.5;8;12.1;8;4.8;8;7.7;999.9;26.4;11.5;0.0;999.9;0;0;0;0;0;0
Sauce_Viejo_Aero;873710;20130820;19.3;8;13.4;8;1013.2;8;1011.0;8;12.1;8;2.8;8;6.2;999.9;27.0;15.0;0.0;999.9;0;0;0;0;0;0
Sauce_Viejo_Aero;873710;20130821;20.6;8;14.4;8;1006.6;8;1004.5;8;9.5;8;2.3;8;3.6;999.9;26.6;16.4;0.0;999.9;0;0;0;0;0;0
Sauce_Viejo_Aero;873710;20130822;13.3;8;3.9;8;1013.8;8;1011.7;8;10.6;8;7.8;8;14.9;999.9;26.6;9.0;0.0;999.9;0;0;0;0;0;0
Sauce_Viejo_Aero;873710;20130823;7.2;7;-3.4;7;1024.6;6;1022.8;7;12.1;7;4.0;7;5.7;999.9;11.3;2.3;0.0;999.9;0;0;0;0;0;0
Sauce_Viejo_Aero;873710;20130824;8.7;8;-2.8;8;1028.1;8;1025.9;8;12.1;8;3.4;8;4.6;999.9;11.6;5.0;0.0;999.9;0;0;0;0;0;0
Sauce_Viejo_Aero;873710;20130825;9.8;8;1.3;8;1031.4;8;1029.2;8;12.1;8;5.1;8;7.7;999.9;14.1;6.3;0.0;999.9;0;0;0;0;0;0
Sauce_Viejo_Aero;873710;20130826;7.9;8;-0.5;8;1033.3;8;1031.0;7;12.1;8;3.1;8;4.6;999.9;14.1;2.8;61.0;999.9;0;0;0;0;0;0
Sauce_Viejo_Aero;873710;20130827;7.5;9;-2.3;9;1028.2;8;1026.0;8;12.1;8;2.7;9;5.1;999.9;16.9;-2.4;0.0;999.9;0;0;0;0;0;0
Sauce_Viejo_Aero;873710;20130828;12.6;8;2.4;8;1023.0;8;1020.8;8;12.1;8;5.4;8;9.8;999.9;22.0;4.0;0.0;999.9;0;0;0;0;0;0
Sauce_Viejo_Aero;873710;20130829;16.9;8;3.3;8;1017.6;8;1015.5;8;12.1;8;6.5;8;9.8;999.9;28.1;7.0;0.0;999.9;0;0;0;0;0;0
Sauce_Viejo_Aero;873710;20130830;19.0;8;4.8;8;1012.6;8;1010.4;8;12.1;8;4.9;8;6.7;999.9;29.7;10.4;0.0;999.9;0;0;0;0;0;0
Sauce_Viejo_Aero;873710;20130831;20.2;8;8.4;8;1010.1;8;1008.0;8;10.3;8;2.6;8;5.7;999.9;30.7;13.0;0.0;999.9;0;0;0;0;0;0
Sauce_Viejo_Aero;873710;20130901;18.6;8;11.9;8;1010.0;8;1007.0;8;11.6;8;2.8;8;4.6;999.9;28.5;10.4;0.0;999.9;0;0;0;0;0;0
Sauce_Viejo_Aero;873710;20130902;18.8;8;12.2;8;1009.5;8;1007.4;8;12.1;8;2.5;8;5.7;999.9;26.5;11.3;0.0;999.9;0;0;0;0;0;0
Sauce_Viejo_Aero;873710;20130903;16.6;8;6.8;8;1021.2;8;1019.1;8;12.1;8;4.8;8;8.2;999.9;26.1;12.8;0.0;999.9;0;0;0;0;0;0
Sauce_Viejo_Aero;873710;20130904;11.6;8;2.7;8;1024.6;7;1022.6;8;12.1;8;4.3;8;6.2;999.9;17.0;5.0;0.0;999.9;0;0;0;0;0;0
Sauce_Viejo_Aero;873710;20130905;16.5;8;5.5;8;1017.1;8;1014.9;8;11.4;8;4.3;8;7.2;999.9;21.9;9.9;0.0;999.9;0;0;0;0;0;0
Sauce_Viejo_Aero;873710;20130906;22.2;7;11.6;7;1013.9;7;1011.8;7;10.8;7;3.0;7;3.6;999.9;31.0;14.0;0.0;999.9;0;0;0;0;0;0
Sauce_Viejo_Aero;873710;20130907;26.4;7;15.4;7;1007.7;7;1005.7;7;10.6;7;6.1;7;8.2;999.9;33.0;18.4;0.0;999.9;0;0;0;0;0;0
Sauce_Viejo_Aero;873710;20130908;20.2;9;15.8;9;1014.6;8;1012.5;8;7.1;9;3.1;9;5.1;999.9;34.1;16.0;3.0;999.9;1;0;0;0;0;0
Sauce_Viejo_Aero;873710;20130909;22.3;8;14.2;8;1012.3;8;1010.2;8;12.1;8;5.9;8;10.3;999.9;29.7;16.0;0.0;999.9;0;0;0;0;0;0
Sauce_Viejo_Aero;873710;20130910;28.9;8;15.6;7;1007.5;8;1005.4;8;11.4;8;10.2;8;13.4;999.9;38.1;21.6;0.0;999.9;0;0;0;0;0;0
Sauce_Viejo_Aero;873710;20130911;30.8;8;15.7;8;1004.6;8;1002.6;8;11.7;8;9.0;8;12.4;999.9;39.0;24.2;0.0;999.9;0;0;0;0;0;0
Sauce_Viejo_Aero;873710;20130912;20.8;8;13.7;8;1004.9;8;1002.8;8;11.6;8;6.0;8;10.3;999.9;28.9;15.8;0.0;999.9;0;0;0;0;0;0
Sauce_Viejo_Aero;873710;20130913;13.8;8;10.7;8;1016.7;8;1014.6;8;11.4;8;8.4;8;10.3;999.9;22.4;11.4;2.0;999.9;0;1;0;0;0;0
Sauce_Viejo_Aero;873710;20130914;10.1;8;7.3;8;1020.9;8;1018.7;8;12.1;8;6.2;8;11.8;999.9;13.2;6.6;0.5;999.9;0;0;0;0;0;0
Sauce_Viejo_Aero;873710;20130915;10.8;8;8.5;8;1018.6;8;1016.5;8;8.9;8;5.4;8;7.2;999.9;13.3;8.5;0.8;999.9;0;1;0;0;0;0
Sauce_Viejo_Aero;873710;20130916;10.0;9;8.1;9;1017.2;8;1015.0;8;7.4;9;8.0;9;9.8;999.9;11.6;7.9;1.0;999.9;0;1;0;0;0;0
Sauce_Viejo_Aero;873710;20130917;9.3;8;3.0;8;1021.0;8;1018.8;8;12.1;8;8.8;8;11.3;999.9;14.7;4.3;0.0;999.9;0;0;0;0;0;0
Sauce_Viejo_Aero;873710;20130918;10.2;8;-1.4;8;1021.6;8;1019.5;8;12.1;8;4.8;8;10.3;999.9;20.3;2.0;0.0;999.9;0;0;0;0;0;0
Sauce_Viejo_Aero;873710;20130919;13.8;8;0.6;8;1020.8;8;1018.6;8;12.1;8;5.4;8;9.3;999.9;22.6;6.1;0.0;999.9;0;0;0;0;0;0
Sauce_Viejo_Aero;873710;20130920;17.6;8;4.0;8;1011.2;8;1009.0;8;12.1;8;3.3;8;4.6;999.9;25.7;10.4;0.0;999.9;0;0;0;0;0;0
Sauce_Viejo_Aero;873710;20130921;16.3;7;7.0;7;1010.0;7;1007.9;7;12.1;7;4.8;7;10.3;999.9;26.5;12.1;0.0;999.9;0;0;0;0;0;0
Sauce_Viejo_Aero;873710;20130922;11.6;7;6.0;7;1022.3;7;1020.1;7;10.3;7;6.6;7;11.8;999.9;18.9;7.0;11.9;999.9;0;1;0;0;0;0
Sauce_Viejo_Aero;873710;20130923;9.9;8;4.2;8;1029.0;8;1026.8;8;12.1;8;2.8;8;4.6;999.9;16.1;1.5;0.5;999.9;0;0;0;0;0;0
Sauce_Viejo_Aero;873710;20130924;9.6;8;3.2;8;1030.6;8;1028.4;8;12.1;8;2.4;8;4.1;999.9;17.5;1.3;0.0;999.9;0;0;0;0;0;0
Sauce_Viejo_Aero;873710;20130925;12.7;8;5.6;8;1025.9;8;1023.7;8;12.1;8;3.2;8;7.2;999.9;18.2;6.5;0.0;999.9;0;0;0;0;0;0
Sauce_Viejo_Aero;873710;20130926;15.8;8;6.7;8;1018.8;8;1016.6;8;12.1;8;4.0;8;6.7;999.9;22.4;9.8;0.0;999.9;0;0;0;0;0;0
Sauce_Viejo_Aero;873710;20130927;17.2;8;9.2;8;1015.2;8;1013.1;8;12.1;8;2.8;8;3.6;999.9;22.7;11.5;0.0;999.9;0;0;0;0;0;0
Sauce_Viejo_Aero;873710;20130928;15.2;8;11.1;8;1015.9;8;1013.7;8;12.1;8;6.6;8;11.8;999.9;22.3;12.2;0.0;999.9;0;0;0;0;0;0
Sauce_Viejo_Aero;873710;20130929;11.3;7;3.2;7;1021.1;7;1019.0;7;12.1;7;8.6;7;11.3;999.9;18.9;6.3;0.0;999.9;0;0;0;0;0;0
Sauce_Viejo_Aero;873710;20130930;12.6;8;6.1;8;1018.5;8;1016.3;8;12.1;8;4.0;8;6.2;999.9;19.5;5.8;0.0;999.9;0;0;0;0;0;0
Sauce_Viejo_Aero;873710;20131001;12.5;8;6.5;8;1016.9;8;1014.8;8;12.1;8;4.2;8;6.2;999.9;18.7;5.4;0.0;999.9;0;0;0;0;0;0
Sauce_Viejo_Aero;873710;20131002;12.9;10;7.3;10;1016.7;8;1014.5;8;9.3;10;1.9;10;4.6;999.9;23.3;5.0;0.0;999.9;0;0;0;0;0;0
Sauce_Viejo_Aero;873710;20131003;17.5;8;10.9;8;1016.1;8;1014.0;8;12.1;8;5.4;8;10.3;999.9;24.0;11.6;0.0;999.9;0;0;0;0;0;0
Sauce_Viejo_Aero;873710;20131004;14.4;8;9.8;8;1020.9;8;1018.7;8;11.6;8;5.5;8;7.2;999.9;25.1;8.7;0.0;999.9;0;0;0;0;0;0
Sauce_Viejo_Aero;873710;20131005;16.8;8;9.1;8;1021.0;8;1018.8;8;12.1;8;2.6;8;4.6;999.9;23.2;9.6;0.0;999.9;0;0;0;0;0;0
Sauce_Viejo_Aero;873710;20131006;18.6;8;9.2;8;1021.8;8;1019.7;8;12.1;8;2.8;8;4.1;999.9;25.5;11.1;0.0;999.9;0;0;0;0;0;0
Sauce_Viejo_Aero;873710;20131007;19.6;8;9.3;8;1021.9;8;1019.8;8;12.1;8;3.8;8;6.2;999.9;26.0;13.3;0.0;999.9;0;0;0;0;0;0
Sauce_Viejo_Aero;873710;20131008;21.5;8;11.1;8;1016.6;8;1014.5;8;12.1;8;3.3;8;4.1;999.9;28.6;15.5;0.0;999.9;0;0;0;0;0;0
Sauce_Viejo_Aero;873710;20131009;23.6;8;15.2;8;1011.1;8;1009.0;8;11.7;8;6.0;8;9.3;999.9;29.6;19.0;4.1;999.9;0;1;0;0;1;0
Sauce_Viejo_Aero;873710;20131010;19.9;8;16.9;8;1014.0;8;1011.9;8;12.1;8;3.3;8;5.7;999.9;26.6;15.8;0.0;999.9;0;0;0;0;0;0
Sauce_Viejo_Aero;873710;20131011;21.2;8;17.7;8;1014.9;8;1012.8;8;11.4;8;3.4;8;5.7;999.9;24.6;18.4;1.0;999.9;0;1;0;0;1;0
Sauce_Viejo_Aero;873710;20131012;19.9;7;16.7;7;1014.1;7;1012.0;7;10.5;7;2.9;7;3.6;999.9;24.8;17.4;0.0;999.9;0;0;0;0;0;0
Sauce_Viejo_Aero;873710;20131013;21.1;8;17.1;8;1014.1;8;1012.0;8;12.1;8;2.0;8;3.1;999.9;25.2;18.2;0.0;999.9;0;0;0;0;0;0
Sauce_Viejo_Aero;873710;20131014;22.4;8;16.8;8;1015.4;8;1013.3;8;10.9;8;1.8;8;3.1;999.9;28.4;16.8;0.0;999.9;0;0;0;0;0;0
Sauce_Viejo_Aero;873710;20131015;25.1;8;14.8;8;1016.8;8;1014.7;8;12.1;8;3.0;8;4.1;999.9;31.0;18.8;0.0;999.9;0;0;0;0;0;0
Sauce_Viejo_Aero;873710;20131016;24.8;8;14.9;8;1015.5;8;1013.4;8;12.1;8;3.3;8;4.1;999.9;31.4;17.1;0.0;999.9;0;0;0;0;0;0
Sauce_Viejo_Aero;873710;20131017;24.5;8;14.3;8;1014.1;8;1012.0;8;12.7;8;1.6;8;4.6;999.9;32.8;15.3;0.0;999.9;0;0;0;0;0;0
Sauce_Viejo_Aero;873710;20131018;22.4;8;14.4;8;1012.6;8;1010.4;8;11.1;8;2.2;8;3.6;999.9;31.9;14.1;0.0;999.9;0;0;0;0;0;0
Sauce_Viejo_Aero;873710;20131019;25.4;8;13.0;8;1007.7;8;1005.6;8;12.1;8;4.1;8;8.2;999.9;33.9;17.3;0.0;999.9;0;0;0;0;0;0
Sauce_Viejo_Aero;873710;20131020;27.2;8;13.3;8;998.9;8;996.9;8;10.8;8;8.4;8;10.3;999.9;34.5;22.0;0.0;999.9;0;0;0;0;0;0
Sauce_Viejo_Aero;873710;20131021;22.6;8;12.3;8;1011.2;8;1009.1;8;12.1;8;4.7;8;6.7;999.9;36.0;13.0;0.0;999.9;0;0;0;0;0;0
Sauce_Viejo_Aero;873710;20131022;20.7;8;11.8;8;1011.3;8;1009.2;8;12.1;8;5.0;8;6.7;999.9;29.2;12.0;0.0;999.9;0;0;0;0;0;0
Sauce_Viejo_Aero;873710;20131023;24.7;8;14.2;8;1006.1;8;1003.9;8;12.1;8;4.6;8;10.3;999.9;31.0;18.1;0.0;999.9;0;0;0;0;0;0
Sauce_Viejo_Aero;873710;20131024;18.2;8;10.5;8;1019.9;8;1017.7;8;11.4;8;6.9;8;9.8;999.9;33.0;14.5;0.3;999.9;0;0;0;0;0;0
Sauce_Viejo_Aero;873710;20131025;16.5;8;7.3;8;1020.0;7;1017.8;7;11.4;8;3.9;8;6.2;999.9;22.8;11.0;0.0;999.9;0;1;0;0;1;0
Sauce_Viejo_Aero;873710;20131026;18.1;8;14.5;8;1014.1;8;1012.0;8;8.9;8;3.3;8;5.1;999.9;23.9;13.2;39.1;999.9;0;1;0;0;1;0
Sauce_Viejo_Aero;873710;20131027;20.3;8;14.6;8;1017.5;8;1015.4;8;10.9;8;1.7;8;4.1;999.9;29.0;12.0;0.0;999.9;0;0;0;0;0;0
Sauce_Viejo_Aero;873710;20131028;21.3;7;10.2;7;1015.6;7;1013.5;7;12.1;7;4.7;7;6.2;999.9;30.0;12.0;0.0;999.9;0;0;0;0;0;0
Sauce_Viejo_Aero;873710;20131029;22.7;8;8.1;8;1010.9;8;1008.8;8;12.1;8;3.3;8;5.7;999.9;29.2;15.1;0.0;999.9;0;0;0;0;0;0
Sauce_Viejo_Aero;873710;20131030;23.8;8;12.2;8;1009.8;8;1007.7;8;11.7;8;4.6;8;6.2;999.9;30.1;17.4;0.0;999.9;0;0;0;0;0;0
Sauce_Viejo_Aero;873710;20131031;21.7;8;16.7;8;1006.0;8;1003.9;8;11.3;8;5.6;8;8.2;999.9;30.0;19.7;1.0;999.9;0;1;0;0;1;0
Sauce_Viejo_Aero;873710;20131101;19.6;6;18.3;6;1004.0;6;1001.9;6;9.7;6;4.6;6;11.3;999.9;22.8;16.6;43.9;999.9;0;1;0;0;1;0
Sauce_Viejo_Aero;873710;20131102;22.7;4;12.1;4;1013.4;4;1011.2;4;12.1;4;7.6;4;8.8;999.9;24.2;17.6;23.9;999.9;0;0;0;0;0;0
Sauce_Viejo_Aero;873710;20131103;20.1;7;12.6;7;1017.0;7;1014.9;7;12.1;7;3.1;7;5.1;999.9;25.3;13.0;0.0;999.9;0;0;0;0;0;0
Sauce_Viejo_Aero;873710;20131104;20.7;8;10.7;8;1017.3;8;1015.2;8;12.1;8;1.9;8;3.6;999.9;26.6;11.7;0.0;999.9;0;0;0;0;0;0
Sauce_Viejo_Aero;873710;20131105;21.9;8;13.2;8;1017.4;8;1015.3;8;12.1;8;3.3;8;6.2;999.9;27.2;15.7;0.0;999.9;0;0;0;0;0;0
Sauce_Viejo_Aero;873710;20131106;23.1;8;13.1;8;1014.0;8;1011.9;8;10.9;8;5.0;8;6.7;999.9;29.0;17.6;0.0;999.9;0;0;0;0;0;0
Sauce_Viejo_Aero;873710;20131107;24.8;8;17.8;8;1011.0;8;1008.9;8;12.1;8;5.1;8;7.7;999.9;29.5;20.2;0.0;999.9;0;0;0;0;0;0
Sauce_Viejo_Aero;873710;20131108;19.8;8;17.8;8;1010.8;8;1008.7;8;9.8;8;4.4;8;6.7;999.9;27.8;18.7;17.0;999.9;0;1;0;0;1;0
Sauce_Viejo_Aero;873710;20131109;20.6;8;17.6;8;1006.0;8;1003.9;8;9.8;8;3.3;8;4.6;999.9;24.4;18.2;39.9;999.9;0;1;0;0;1;0
Sauce_Viejo_Aero;873710;20131110;22.1;8;18.9;8;1002.5;8;1000.3;8;10.3;8;3.8;8;7.7;999.9;25.2;18.9;15.0;999.9;0;1;0;0;1;0
Sauce_Viejo_Aero;873710;20131111;19.6;8;15.6;8;1006.8;8;1004.7;8;10.8;8;7.4;8;13.9;999.9;25.6;16.5;10.9;999.9;0;1;0;0;1;0
Sauce_Viejo_Aero;873710;20131112;21.6;8;13.5;8;1009.7;8;1007.6;8;12.1;8;2.6;8;3.6;999.9;29.3;13.4;0.0;999.9;0;0;0;0;0;0
Sauce_Viejo_Aero;873710;20131113;24.8;8;14.4;8;1013.0;8;1010.9;8;12.1;8;4.1;8;8.2;999.9;30.0;19.4;0.0;999.9;0;0;0;0;0;0
