Tartagal_Aero;870220;20130101;24.1;9;18.9;9;1007.9;8;958.7;8;9.2;9;4.0;9;9.3;999.9;39.3;19.0;8.9;999.9;0;1;0;0;1;0
Tartagal_Aero;870220;20130102;21.5;8;16.6;8;1015.3;8;964.6;8;10.0;8;2.0;8;4.1;999.9;24.8;19.0;0.0;999.9;0;0;0;0;0;0
Tartagal_Aero;870220;20130103;24.1;8;18.4;8;1010.8;8;960.6;8;10.0;8;1.8;8;5.1;999.9;29.2;20.0;0.0;999.9;0;0;0;0;0;0
Tartagal_Aero;870220;20130104;27.1;7;19.7;7;1005.4;7;956.0;7;10.0;7;2.2;7;7.2;999.9;33.6;20.7;0.0;999.9;0;0;0;0;0;0
Tartagal_Aero;870220;20130105;30.9;5;20.6;5;1000.0;5;951.5;5;10.0;5;3.9;5;6.2;999.9;36.2;23.6;0.0;999.9;0;0;0;0;0;0
Tartagal_Aero;870220;20130106;28.2;8;21.4;8;999.8;8;951.1;8;9.8;8;1.5;8;5.1;999.9;36.8;24.4;999.9;999.9;0;1;0;0;1;0
Tartagal_Aero;870220;20130107;25.6;8;21.8;8;999.7;8;950.5;8;7.1;8;1.3;8;6.2;999.9;33.0;21.0;34.0;999.9;0;1;0;0;1;0
Tartagal_Aero;870220;20130108;29.2;7;22.4;7;1001.1;7;952.3;7;10.0;7;0.6;7;4.1;999.9;36.2;22.8;0.0;999.9;0;0;0;0;0;0
Tartagal_Aero;870220;20130109;26.1;7;22.0;7;1006.0;7;957.0;7;9.2;7;2.2;7;6.2;999.9;37.2;21.2;11.9;999.9;0;1;0;0;1;0
Tartagal_Aero;870220;20130110;27.7;6;20.2;6;1010.5;6;960.8;6;10.0;6;3.1;6;6.2;999.9;33.4;23.4;0.0;999.9;0;0;0;0;0;0
Tartagal_Aero;870220;20130111;28.4;7;20.1;7;1006.6;7;957.5;7;10.0;7;0.5;7;3.1;999.9;35.6;21.0;0.0;999.9;0;0;0;0;0;0
Tartagal_Aero;870220;20130112;28.8;8;18.9;8;1002.4;8;953.6;8;10.0;8;0.9;8;2.1;999.9;36.0;21.0;0.0;999.9;0;0;0;0;0;0
Tartagal_Aero;870220;20130113;28.1;7;19.5;7;1005.5;7;956.5;7;10.0;7;1.9;7;4.1;999.9;36.4;24.0;0.0;999.9;0;0;0;0;0;0
Tartagal_Aero;870220;20130114;28.4;8;19.6;8;1007.4;8;958.3;8;10.0;8;3.2;8;7.2;999.9;34.4;24.1;0.0;999.9;0;0;0;0;0;0
Tartagal_Aero;870220;20130115;30.2;5;18.8;5;1005.3;4;956.3;4;10.0;5;3.1;5;5.1;999.9;35.2;23.4;0.0;999.9;0;0;0;0;0;0
Tartagal_Aero;870220;20130116;29.8;8;18.8;8;1001.0;8;952.9;8;10.0;8;0.3;8;2.6;999.9;36.6;23.7;0.0;999.9;0;0;0;0;0;0
Tartagal_Aero;870220;20130117;26.8;8;19.8;8;1004.9;8;955.9;8;9.5;8;3.5;8;7.2;999.9;37.7;20.8;2.0;999.9;0;1;0;0;1;0
Tartagal_Aero;870220;20130118;24.1;8;20.6;8;1011.0;8;961.1;8;8.5;8;3.1;8;5.1;999.9;32.6;21.0;10.9;999.9;0;1;0;0;1;0
Tartagal_Aero;870220;20130119;23.7;7;20.2;7;1011.5;7;961.4;7;8.7;7;1.1;7;3.1;999.9;28.4;22.0;0.8;999.9;0;1;0;0;0;0
Tartagal_Aero;870220;20130120;25.1;7;17.7;7;1012.4;7;962.3;7;9.7;7;4.6;7;6.2;999.9;29.2;21.8;0.0;999.9;0;1;0;0;0;0
Tartagal_Aero;870220;20130121;24.8;5;17.5;5;1012.3;5;962.6;5;11.4;5;1.4;5;4.1;999.9;29.7;20.6;0.5;999.9;0;1;0;0;0;0
Tartagal_Aero;870220;20130122;27.1;8;17.7;8;1010.0;8;960.3;8;10.0;8;1.4;8;4.1;999.9;33.4;20.8;0.5;999.9;0;0;0;0;0;0
Tartagal_Aero;870220;20130123;28.4;7;19.6;7;1007.5;7;958.4;7;10.0;7;0.7;7;3.1;999.9;36.6;22.0;0.0;999.9;0;0;0;0;0;0
Tartagal_Aero;870220;20130124;30.6;7;18.6;6;1002.1;7;953.6;7;10.0;7;3.1;7;5.1;999.9;36.7;25.0;0.0;999.9;0;0;0;0;0;0
Tartagal_Aero;870220;20130125;26.6;6;20.4;6;1003.0;6;954.1;6;8.9;6;3.1;6;13.4;999.9;29.8;23.0;0.0;999.9;0;0;0;0;0;0
Tartagal_Aero;870220;20130126;26.1;8;18.1;8;1010.6;8;960.9;8;9.7;8;2.1;8;4.1;999.9;32.0;21.0;4.1;999.9;0;1;0;0;0;0
Tartagal_Aero;870220;20130127;27.9;8;16.3;8;1008.2;8;958.9;8;10.0;8;2.8;8;7.2;999.9;35.8;21.6;0.0;999.9;0;0;0;0;0;0
Tartagal_Aero;870220;20130128;29.7;7;14.7;7;1006.8;7;957.9;7;10.0;7;0.9;7;2.1;999.9;37.6;19.2;0.0;999.9;0;0;0;0;0;0
Tartagal_Aero;870220;20130129;30.1;6;17.9;6;1006.6;6;957.9;6;10.0;6;0.9;6;4.1;999.9;35.7;24.5;0.0;999.9;0;0;0;0;0;0
Tartagal_Aero;870220;20130130;31.5;4;17.7;4;1004.1;4;955.3;4;10.0;4;0.9;4;2.1;999.9;37.8;23.0;0.0;999.9;0;0;0;0;0;0
Tartagal_Aero;870220;20130131;31.3;7;18.2;7;1001.9;6;953.3;6;8.7;7;2.1;6;4.1;999.9;39.4;23.5;0.0;999.9;0;0;0;0;0;0
Tartagal_Aero;870220;20130201;33.2;8;17.8;8;1000.1;8;951.9;8;9.8;8;2.6;8;4.1;999.9;40.4;23.0;0.0;999.9;0;0;0;0;0;0
Tartagal_Aero;870220;20130202;36.6;5;15.8;5;1000.5;5;952.8;5;10.0;5;1.8;5;2.1;999.9;42.6;26.0;0.0;999.9;0;0;0;0;0;0
Tartagal_Aero;870220;20130203;24.8;7;20.8;7;1010.9;7;961.4;7;8.4;7;3.4;7;5.1;999.9;30.2;21.5;17.0;999.9;0;1;0;0;1;0
Tartagal_Aero;870220;20130204;26.8;6;19.1;6;1008.2;6;958.8;6;10.0;6;1.2;6;3.1;999.9;33.7;21.0;0.0;999.9;0;0;0;0;0;0
Tartagal_Aero;870220;20130205;28.6;7;19.3;7;1005.7;7;956.6;7;10.0;7;1.3;7;4.1;999.9;35.4;23.5;0.0;999.9;0;0;0;0;0;0
Tartagal_Aero;870220;20130206;29.0;7;19.8;7;1006.9;7;957.8;7;9.5;7;1.9;7;5.1;999.9;36.0;22.6;1.0;999.9;0;1;0;0;0;0
Tartagal_Aero;870220;20130207;26.1;6;19.4;6;1009.4;6;960.0;6;10.0;6;2.8;6;4.1;999.9;31.4;21.8;0.0;999.9;0;0;0;0;0;0
Tartagal_Aero;870220;20130208;28.6;8;16.1;8;1005.8;8;956.6;8;10.0;8;1.8;8;4.1;999.9;35.6;20.0;0.0;999.9;0;0;0;0;0;0
Tartagal_Aero;870220;20130209;28.8;5;15.1;5;1003.6;5;954.7;5;10.0;5;1.0;5;2.1;999.9;37.8;20.0;0.0;999.9;0;0;0;0;0;0
Tartagal_Aero;870220;20130210;29.6;6;15.7;6;1000.9;6;952.3;6;10.0;6;2.1;6;5.1;999.9;35.4;22.5;0.0;999.9;0;0;0;0;0;0
Tartagal_Aero;870220;20130211;26.2;8;16.9;8;1004.9;8;955.7;8;8.7;8;2.7;8;8.2;999.9;37.2;20.6;0.0;999.9;0;0;0;0;0;0
Tartagal_Aero;870220;20130212;27.7;6;17.3;6;1003.2;6;954.0;6;10.0;6;1.7;6;5.1;999.9;35.6;19.6;0.0;999.9;0;0;0;0;0;0
Tartagal_Aero;870220;20130213;29.6;7;18.7;7;1000.1;7;951.5;7;10.0;7;0.2;7;1.0;999.9;37.2;21.2;0.0;999.9;0;0;0;0;0;0
Tartagal_Aero;870220;20130214;30.7;7;18.6;7;1002.9;7;954.3;7;9.8;7;3.5;7;8.2;999.9;38.5;22.0;0.0;999.9;0;0;0;0;0;0
Tartagal_Aero;870220;20130215;28.8;8;19.2;8;1006.1;8;957.0;8;10.0;8;1.4;8;3.1;999.9;35.0;23.8;0.0;999.9;0;0;0;0;0;0
Tartagal_Aero;870220;20130216;28.2;7;20.1;7;1000.9;7;952.3;7;10.0;7;0.6;7;4.1;999.9;36.6;21.2;0.0;999.9;0;0;0;0;0;0
Tartagal_Aero;870220;20130217;31.7;7;19.2;7;997.0;7;948.8;7;10.0;7;2.5;7;4.1;999.9;39.2;23.0;0.0;999.9;0;0;0;0;0;0
Tartagal_Aero;870220;20130218;24.3;7;19.8;7;1005.1;7;955.9;7;8.9;7;3.8;7;10.8;999.9;34.8;18.8;7.1;999.9;0;1;0;0;1;0
Tartagal_Aero;870220;20130219;18.6;6;16.9;6;1012.2;6;961.2;6;6.3;6;1.7;6;4.1;999.9;22.2;16.5;3.3;999.9;0;1;0;0;0;0
Tartagal_Aero;870220;20130220;18.1;8;17.4;8;1011.5;8;960.5;8;4.8;8;1.9;8;3.1;999.9;22.6;16.0;7.1;999.9;0;1;0;0;0;0
Tartagal_Aero;870220;20130221;20.1;8;18.1;8;1012.2;8;961.3;8;6.1;8;1.0;8;4.1;999.9;25.6;17.0;6.1;999.9;0;1;0;0;0;0
Tartagal_Aero;870220;20130222;24.2;5;18.6;5;1011.9;5;961.7;5;10.0;5;0.6;5;1.0;999.9;30.0;17.3;0.0;999.9;0;0;0;0;0;0
Tartagal_Aero;870220;20130223;24.1;6;19.9;6;1007.8;6;958.1;6;10.0;6;1.2;6;7.2;999.9;31.6;17.8;0.0;999.9;0;0;0;0;0;0
Tartagal_Aero;870220;20130224;30.1;8;19.9;8;1000.2;8;951.7;8;10.0;8;2.7;8;7.2;999.9;36.8;23.8;0.0;999.9;0;0;0;0;0;0
Tartagal_Aero;870220;20130225;24.1;8;21.4;8;1004.8;8;955.6;8;7.2;8;3.2;8;8.2;999.9;38.3;19.6;4.1;999.9;0;1;0;0;1;0
Tartagal_Aero;870220;20130226;19.7;7;16.7;7;1013.6;7;962.7;7;6.9;7;4.4;7;8.2;999.9;22.6;17.0;45.0;999.9;0;1;0;0;0;0
Tartagal_Aero;870220;20130227;22.3;7;16.6;7;1012.8;7;962.3;7;10.0;7;1.8;7;5.1;999.9;26.2;19.6;0.0;999.9;0;0;0;0;0;0
Tartagal_Aero;870220;20130228;23.7;7;18.4;7;1009.5;7;959.5;7;10.0;7;1.2;7;4.1;999.9;31.6;18.4;0.0;999.9;0;0;0;0;0;0
Tartagal_Aero;870220;20130301;27.8;8;20.1;8;1000.9;8;951.5;8;10.0;8;2.4;8;9.3;999.9;37.0;20.0;0.0;999.9;0;0;0;0;0;0
Tartagal_Aero;870220;20130302;29.4;8;21.1;8;998.5;8;950.0;8;10.0;8;3.9;8;8.2;999.9;38.0;22.4;0.0;999.9;0;0;0;0;0;0
Tartagal_Aero;870220;20130303;23.7;8;14.9;8;1010.9;8;961.0;8;10.0;8;3.3;8;7.2;999.9;34.5;18.5;2.0;999.9;0;0;0;0;0;0
Tartagal_Aero;870220;20130304;22.5;8;15.0;8;1013.4;8;963.1;8;10.0;8;1.7;8;5.1;999.9;28.4;19.8;0.0;999.9;0;0;0;0;0;0
Tartagal_Aero;870220;20130305;23.0;7;16.6;7;1011.6;7;961.3;7;10.0;7;1.1;7;5.1;999.9;27.0;19.5;0.0;999.9;0;0;0;0;0;0
Tartagal_Aero;870220;20130306;21.6;8;17.7;8;1005.4;8;955.3;8;10.0;8;1.3;8;4.1;999.9;28.0;17.5;0.0;999.9;0;0;0;0;0;0
Tartagal_Aero;870220;20130307;26.6;8;20.3;8;1004.8;8;955.2;8;10.0;8;1.3;8;5.1;999.9;32.6;20.6;0.0;999.9;0;0;0;0;0;0
Tartagal_Aero;870220;20130308;27.8;8;22.4;8;1004.3;8;955.2;8;9.8;8;1.8;8;5.1;999.9;33.5;22.4;0.0;999.9;0;1;0;0;0;0
Tartagal_Aero;870220;20130309;29.0;8;22.2;8;1002.6;8;953.7;8;10.0;8;1.4;8;6.2;999.9;35.4;23.4;0.0;999.9;0;0;0;0;0;0
Tartagal_Aero;870220;20130310;27.4;5;20.7;5;1000.5;5;952.0;5;10.0;5;1.6;5;5.1;999.9;34.3;24.2;0.0;999.9;0;0;0;0;1;0
Tartagal_Aero;870220;20130311;22.6;6;21.2;6;1004.0;6;954.5;6;8.9;6;1.4;6;3.1;999.9;38.8;20.6;17.0;999.9;0;1;0;0;1;0
Tartagal_Aero;870220;20130312;23.2;7;22.1;7;1002.9;7;953.2;7;6.4;7;3.7;7;8.2;999.9;24.2;22.3;3.0;999.9;0;1;0;0;0;0
Tartagal_Aero;870220;20130314;21.9;7;18.8;7;1009.7;7;959.2;6;9.0;7;1.9;7;4.1;999.9;26.6;19.0;0.3;999.9;0;1;0;0;0;0
Tartagal_Aero;870220;20130315;18.0;8;16.3;8;1014.5;7;963.5;7;8.7;8;4.8;8;6.2;999.9;24.0;16.4;0.0;999.9;0;1;0;0;0;0
Tartagal_Aero;870220;20130316;18.4;4;14.0;4;1019.1;4;967.6;4;10.0;4;1.3;4;2.1;999.9;21.0;14.8;0.0;999.9;0;0;0;0;0;0
Tartagal_Aero;870220;20130317;19.6;7;15.5;7;1016.2;7;965.4;7;9.7;7;3.1;7;7.2;999.9;22.8;17.0;0.0;999.9;0;0;0;0;0;0
Tartagal_Aero;870220;20130318;17.5;5;15.1;5;1015.9;5;964.6;5;8.0;5;1.9;5;2.1;999.9;20.1;14.6;2.0;999.9;0;1;0;0;0;0
Tartagal_Aero;870221;20130319;18.8;4;17.7;4;9999.9;0;9999.9;0;1.9;4;3.2;4;3.6;999.9;19.0;18.0;999.9;999.9;0;1;0;0;0;0
Tartagal_Aero;870220;20130320;20.6;8;15.4;8;1009.7;8;959.1;8;10.0;8;1.2;8;5.1;999.9;26.5;16.2;0.0;999.9;0;0;0;0;0;0
Tartagal_Aero;870220;20130321;27.3;4;14.9;4;1009.6;4;959.4;4;10.0;4;1.0;4;2.1;999.9;30.2;15.8;0.0;999.9;0;0;0;0;0;0
Tartagal_Aero;870220;20130322;24.3;7;16.1;7;1010.5;7;960.6;7;10.0;7;1.0;7;4.1;999.9;31.0;17.4;0.0;999.9;0;0;0;0;0;0
Tartagal_Aero;870220;20130323;23.9;8;17.5;8;1010.2;8;960.4;8;10.0;8;0.8;8;3.1;999.9;31.5;21.6;0.0;999.9;0;0;0;0;0;0
Tartagal_Aero;870220;20130324;23.4;7;17.4;7;1009.0;7;959.0;7;10.0;7;1.0;7;4.1;999.9;28.0;18.9;0.0;999.9;0;0;0;0;0;0
Tartagal_Aero;870220;20130325;24.9;7;18.1;7;1007.0;7;957.2;7;10.0;7;1.8;7;3.1;999.9;29.2;18.6;0.0;999.9;0;0;0;0;1;0
Tartagal_Aero;870220;20130326;24.3;8;17.9;8;1014.4;8;964.3;8;10.0;8;2.0;8;6.2;999.9;30.0;20.2;0.0;999.9;0;0;0;0;0;0
Tartagal_Aero;870220;20130327;28.0;4;16.0;4;1013.8;4;963.6;4;10.0;4;2.6;4;5.1;999.9;30.6;19.8;0.0;999.9;0;0;0;0;0;0
Tartagal_Aero;870220;20130329;25.1;7;14.2;7;1011.4;7;961.5;7;10.0;7;1.6;7;5.1;999.9;31.0;17.4;0.0;999.9;0;0;0;0;0;0
Tartagal_Aero;870220;20130330;24.7;8;13.4;8;1008.9;8;959.1;8;10.0;8;0.8;8;3.1;999.9;33.6;14.8;0.0;999.9;0;0;0;0;0;0
Tartagal_Aero;870220;20130331;24.7;7;15.7;7;1005.0;7;955.5;7;10.0;7;0.9;7;4.1;999.9;35.0;17.3;0.0;999.9;0;0;0;0;0;0
Tartagal_Aero;870220;20130401;27.8;5;17.3;5;1004.6;5;955.3;5;10.0;5;3.1;5;5.1;999.9;31.8;19.2;0.0;999.9;0;0;0;0;0;0
Tartagal_Aero;870220;20130402;20.7;8;17.6;8;1008.9;8;959.0;8;7.6;8;4.1;8;7.2;999.9;33.9;18.6;0.0;999.9;0;1;0;0;0;0
Tartagal_Aero;870220;20130403;18.3;8;17.1;8;1013.5;8;962.5;8;4.8;8;2.1;8;4.1;999.9;20.1;17.0;6.1;999.9;0;1;0;0;0;0
Tartagal_Aero;870220;20130404;18.2;7;15.9;7;1011.1;7;960.0;7;6.9;7;2.1;7;6.2;999.9;22.2;15.7;0.0;999.9;0;1;0;0;0;0
Tartagal_Aero;870220;20130405;20.5;8;15.8;8;1008.4;8;957.8;8;10.0;8;0.9;8;3.1;999.9;28.3;14.0;0.3;999.9;0;0;0;0;0;0
Tartagal_Aero;870220;20130406;22.4;7;16.3;7;1005.0;7;954.9;7;10.0;7;0.9;7;2.1;999.9;28.6;15.0;0.0;999.9;0;0;0;0;0;0
Tartagal_Aero;870220;20130407;22.8;7;18.9;7;1010.4;7;960.2;7;10.0;7;1.6;7;4.1;999.9;30.2;18.0;0.0;999.9;0;0;0;0;0;0
Tartagal_Aero;870220;20130408;22.2;7;18.0;7;1012.9;7;962.5;7;10.0;7;1.6;7;4.1;999.9;23.9;19.5;0.0;999.9;0;0;0;0;0;0
Tartagal_Aero;870220;20130409;23.8;7;15.3;7;1011.5;7;961.2;7;9.7;7;2.5;7;6.2;999.9;28.2;19.0;0.0;999.9;0;0;0;0;0;0
Tartagal_Aero;870220;20130410;26.3;5;18.4;5;1004.1;5;954.6;5;10.0;5;2.1;5;5.1;999.9;30.0;21.0;0.0;999.9;0;0;0;0;0;0
Tartagal_Aero;870220;20130411;26.5;8;19.7;8;1000.1;8;950.9;8;10.0;8;0.8;8;2.1;999.9;32.2;20.0;0.0;999.9;0;0;0;0;0;0
Tartagal_Aero;870220;20130412;20.9;7;17.9;6;1006.6;7;956.9;7;9.0;7;5.4;7;11.8;999.9;26.2;17.6;0.5;999.9;0;1;0;0;0;0
Tartagal_Aero;870220;20130413;19.2;7;14.3;7;1017.2;7;966.2;7;11.3;7;2.1;7;4.1;999.9;23.0;16.8;0.5;999.9;0;0;0;0;0;0
Tartagal_Aero;870220;20130414;22.9;4;12.5;4;1014.1;4;963.2;4;10.0;4;3.1;4;4.1;999.9;26.0;12.4;0.0;999.9;0;0;0;0;0;0
Tartagal_Aero;870220;20130415;23.3;5;11.6;5;1015.0;5;964.3;5;10.0;5;1.2;5;2.1;999.9;29.4;12.5;0.0;999.9;0;0;0;0;0;0
Tartagal_Aero;870220;20130416;21.9;8;9.3;8;1013.7;8;963.1;8;9.8;8;1.3;8;5.1;999.9;31.6;11.6;0.0;999.9;0;0;0;0;0;0
Tartagal_Aero;870220;20130417;21.9;7;9.1;7;1013.5;7;963.0;7;9.5;7;0.7;7;4.1;999.9;31.4;12.3;0.0;999.9;0;0;0;0;0;0
Tartagal_Aero;870220;20130418;27.7;4;10.8;4;1012.7;4;962.3;4;10.0;4;2.3;4;4.1;999.9;31.4;12.0;0.0;999.9;0;0;0;0;0;0
Tartagal_Aero;870220;20130419;23.3;8;9.8;8;1011.6;7;961.5;7;10.0;8;1.9;8;4.1;999.9;32.6;15.4;0.0;999.9;0;0;0;0;0;0
Tartagal_Aero;870220;20130420;24.3;7;9.7;7;1012.1;7;962.1;7;10.0;7;0.9;7;3.1;999.9;32.6;13.6;0.0;999.9;0;0;0;0;0;0
Tartagal_Aero;870220;20130421;24.9;7;10.8;7;1012.3;7;962.1;7;10.0;7;2.2;7;6.2;999.9;33.0;14.0;0.0;999.9;0;0;0;0;0;0
Tartagal_Aero;870220;20130422;24.1;8;9.9;7;1012.9;8;962.8;8;10.0;8;1.9;8;5.1;999.9;33.6;13.5;0.0;999.9;0;0;0;0;0;0
Tartagal_Aero;870220;20130423;23.8;8;8.5;8;1013.4;8;963.3;8;9.7;8;1.5;8;4.1;999.9;34.5;12.5;0.0;999.9;0;0;0;0;0;0
Tartagal_Aero;870220;20130424;25.4;7;10.1;6;1011.8;6;961.6;6;9.8;7;2.6;7;999.9;999.9;33.5;13.8;0.0;999.9;0;0;0;0;0;0
Tartagal_Aero;870220;20130425;26.2;8;10.8;8;1008.8;8;959.2;8;10.0;8;1.9;8;5.1;999.9;34.2;17.8;0.0;999.9;0;0;0;0;0;0
Tartagal_Aero;870220;20130426;26.2;6;12.1;6;1005.3;6;955.9;6;10.0;6;2.6;6;8.2;999.9;34.0;14.2;0.0;999.9;0;0;0;0;0;0
Tartagal_Aero;870220;20130427;25.4;8;15.5;8;1002.6;8;953.4;8;10.0;8;2.2;8;4.1;999.9;30.1;18.0;0.0;999.9;0;0;0;0;0;0
Tartagal_Aero;870220;20130428;23.8;7;16.8;7;1005.3;7;955.9;7;10.0;7;1.5;7;6.2;999.9;31.7;18.6;0.0;999.9;0;0;0;0;0;0
Tartagal_Aero;870220;20130429;25.4;8;17.1;8;1007.8;8;958.2;8;10.0;8;2.1;8;4.1;999.9;32.3;21.0;0.0;999.9;0;0;0;0;0;0
Tartagal_Aero;870220;20130430;25.5;7;18.6;7;1007.4;7;957.7;7;10.0;7;1.8;7;3.1;999.9;31.0;22.2;0.0;999.9;0;0;0;0;0;0
Tartagal_Aero;870220;20130501;25.3;7;18.4;7;1005.3;7;955.8;7;10.0;7;3.2;7;8.2;999.9;34.1;18.2;0.0;999.9;0;0;0;0;0;0
Tartagal_Aero;870220;20130502;29.7;7;19.6;7;1002.1;7;954.0;7;10.0;7;1.6;7;3.1;999.9;35.6;19.5;0.0;999.9;0;0;0;0;0;0
Tartagal_Aero;870220;20130503;26.5;8;20.1;8;1003.1;8;953.9;8;10.0;8;2.2;8;6.2;999.9;35.6;20.4;0.0;999.9;0;0;0;0;0;0
Tartagal_Aero;870220;20130504;22.5;8;19.9;7;1008.8;7;958.8;7;7.9;8;2.0;8;4.1;999.9;32.5;21.0;0.5;999.9;0;1;0;0;0;0
Tartagal_Aero;870220;20130505;22.6;8;15.2;8;1015.7;8;965.1;8;9.2;8;3.6;8;8.2;999.9;26.5;18.6;2.0;999.9;0;1;0;0;1;0
Tartagal_Aero;870220;20130506;21.1;7;11.4;7;1013.2;7;962.7;7;10.0;7;3.1;7;7.2;999.9;29.2;11.2;0.0;999.9;0;0;0;0;0;0
Tartagal_Aero;870220;20130507;21.2;8;9.6;8;1018.7;8;967.8;8;9.7;8;0.8;8;3.1;999.9;30.5;12.6;0.0;999.9;0;0;0;0;0;0
Tartagal_Aero;870220;20130508;22.4;8;7.9;8;1012.1;7;961.8;7;9.2;8;5.6;8;10.8;999.9;29.2;15.4;0.0;999.9;0;0;0;0;0;0
Tartagal_Aero;870220;20130509;21.1;7;8.7;7;1007.4;7;957.1;7;10.0;7;1.1;7;3.1;999.9;30.2;8.5;0.0;999.9;0;0;0;0;0;0
Tartagal_Aero;870220;20130510;20.8;8;12.4;8;1004.8;8;954.5;8;10.0;8;2.1;8;4.1;999.9;30.6;11.6;0.0;999.9;0;0;0;0;0;0
Tartagal_Aero;870220;20130511;22.5;7;14.7;7;1006.7;7;956.6;7;10.0;7;1.8;7;5.1;999.9;28.8;16.6;0.0;999.9;0;0;0;0;0;0
Tartagal_Aero;870220;20130512;22.8;8;15.1;8;1009.2;8;959.2;8;11.3;8;1.0;8;4.1;999.9;30.1;17.3;0.0;999.9;0;0;0;0;0;0
Tartagal_Aero;870220;20130513;21.4;8;16.5;7;1009.2;7;959.0;7;10.0;8;1.6;8;3.1;999.9;27.4;19.6;0.0;999.9;0;0;0;0;0;0
Tartagal_Aero;870220;20130514;21.4;7;18.1;7;1008.0;7;957.7;7;9.0;7;1.1;7;2.1;999.9;24.0;18.8;0.0;999.9;0;1;0;0;0;0
Tartagal_Aero;870220;20130515;20.6;7;17.9;7;1008.7;7;958.2;7;8.9;7;2.4;7;8.7;999.9;24.6;14.0;0.8;999.9;0;1;0;0;0;0
Tartagal_Aero;870220;20130516;11.6;8;5.4;8;1023.9;8;970.2;8;9.5;8;4.3;8;8.2;999.9;23.6;8.6;0.0;999.9;0;1;0;0;0;0
Tartagal_Aero;870220;20130517;13.4;6;3.3;6;1020.7;6;968.3;6;10.0;6;0.0;6;999.9;999.9;16.4;11.0;0.0;999.9;0;0;0;0;0;0
Tartagal_Aero;870220;20130518;13.9;7;7.9;7;1016.5;7;964.6;7;10.0;7;0.9;7;2.1;999.9;14.8;12.8;0.0;999.9;0;0;0;0;0;0
Tartagal_Aero;870220;20130519;13.8;8;10.6;8;1018.2;8;966.1;8;7.4;8;1.8;7;5.1;999.9;16.8;11.4;1.5;999.9;0;1;0;0;0;0
Tartagal_Aero;870220;20130520;15.3;8;9.6;8;1018.5;8;966.4;8;10.0;8;1.3;8;4.1;999.9;21.6;8.9;0.0;999.9;0;0;0;0;0;0
Tartagal_Aero;870220;20130521;17.6;8;12.1;8;1012.0;8;960.8;8;9.5;8;0.8;8;3.1;999.9;22.2;10.7;999.9;999.9;0;1;0;0;0;0
Tartagal_Aero;870220;20130522;16.7;7;12.9;7;1016.0;7;964.4;7;10.0;7;3.1;7;5.1;999.9;20.7;15.1;0.0;999.9;0;0;0;0;0;0
Tartagal_Aero;870220;20130523;16.8;8;11.2;8;1016.8;8;965.2;8;10.0;8;0.5;8;1.0;999.9;20.0;14.3;0.0;999.9;0;0;0;0;0;0
Tartagal_Aero;870220;20130524;15.5;7;10.1;7;1018.0;7;965.9;7;10.0;7;0.3;7;2.1;999.9;22.4;9.4;0.0;999.9;0;0;0;0;0;0
Tartagal_Aero;870220;20130525;15.7;8;9.7;8;1016.0;8;964.3;8;10.0;8;2.0;8;6.2;999.9;24.4;9.2;0.0;999.9;0;0;0;0;0;0
Tartagal_Aero;870220;20130526;17.9;8;9.9;8;1009.2;8;958.4;7;10.0;8;1.3;8;4.1;999.9;25.0;9.6;0.0;999.9;0;0;0;0;0;0
Tartagal_Aero;870220;20130527;18.7;7;12.6;7;1006.6;7;955.9;7;10.0;7;1.4;7;3.1;999.9;26.8;11.4;0.0;999.9;0;0;0;0;0;0
Tartagal_Aero;870220;20130528;21.8;7;11.8;7;997.2;7;947.4;7;10.0;7;1.2;7;3.1;999.9;34.4;11.8;0.0;999.9;0;0;0;0;0;0
Tartagal_Aero;870220;20130529;21.1;8;11.1;8;1000.5;8;950.8;8;9.3;8;5.4;8;10.8;999.9;35.3;13.8;0.0;999.9;0;0;0;0;0;0
Tartagal_Aero;870220;20130530;19.2;7;10.8;7;1013.9;7;963.9;7;10.0;7;0.9;7;4.1;999.9;27.2;15.8;0.0;999.9;0;0;0;0;0;0
Tartagal_Aero;870220;20130531;21.0;8;8.2;8;1005.9;8;955.5;8;10.0;8;2.3;8;4.1;999.9;27.8;15.8;0.0;999.9;0;0;0;0;0;0
Tartagal_Aero;870220;20130601;20.8;7;10.9;7;1006.8;7;956.6;7;10.0;7;1.8;7;5.1;999.9;29.3;12.8;0.0;999.9;0;0;0;0;0;0
Tartagal_Aero;870220;20130602;20.7;8;11.9;8;1012.4;8;961.8;8;10.0;8;1.6;8;5.1;999.9;29.3;15.6;0.0;999.9;0;0;0;0;0;0
Tartagal_Aero;870220;20130603;20.9;7;12.8;7;1017.0;7;966.2;7;10.0;7;1.2;7;3.1;999.9;28.2;13.6;0.0;999.9;0;0;0;0;0;0
Tartagal_Aero;870220;20130604;21.9;7;10.3;7;1013.2;7;962.7;7;10.0;7;2.8;7;6.2;999.9;28.3;13.5;0.0;999.9;0;0;0;0;0;0
Tartagal_Aero;870220;20130605;21.7;8;11.8;8;1010.4;8;959.9;8;9.8;8;2.6;8;7.2;999.9;30.0;13.2;0.0;999.9;0;0;0;0;0;0
Tartagal_Aero;870220;20130606;20.9;8;10.2;8;1014.3;8;963.7;8;10.0;8;2.8;8;6.2;999.9;31.0;16.5;0.0;999.9;0;0;0;0;0;0
Tartagal_Aero;870220;20130607;20.2;7;9.9;7;1011.7;7;961.5;7;10.0;7;3.3;7;8.2;999.9;30.0;10.8;0.0;999.9;0;0;0;0;0;0
Tartagal_Aero;870220;20130608;23.1;8;11.8;8;1014.7;8;964.4;8;10.0;8;2.6;8;5.1;999.9;31.0;15.0;0.0;999.9;0;0;0;0;0;0
Tartagal_Aero;870220;20130609;21.9;8;14.1;8;1010.4;8;960.0;8;11.1;8;0.7;8;3.1;999.9;27.8;14.8;0.0;999.9;0;0;0;0;0;0
Tartagal_Aero;870220;20130610;23.1;8;14.7;8;1012.2;8;962.0;8;10.0;8;3.0;8;6.2;999.9;28.5;17.8;0.0;999.9;0;0;0;0;0;0
Tartagal_Aero;870220;20130611;20.7;7;17.8;7;1014.4;7;963.8;7;8.0;7;1.3;7;3.1;999.9;26.2;18.2;3.0;999.9;0;1;0;0;0;0
Tartagal_Aero;870220;20130612;20.7;8;18.5;8;1014.6;8;963.8;8;9.0;8;0.3;8;1.0;999.9;23.5;18.4;0.0;999.9;0;1;0;0;0;0
Tartagal_Aero;870220;20130613;22.0;5;18.9;5;1012.7;5;961.7;4;10.6;5;0.4;5;1.0;999.9;24.6;19.3;0.0;999.9;0;0;0;0;0;0
Tartagal_Aero;870220;20130614;22.3;8;18.6;8;1009.7;8;959.5;8;10.0;8;0.5;8;3.1;999.9;27.2;17.4;0.0;999.9;0;0;0;0;0;0
Tartagal_Aero;870220;20130615;17.7;8;15.1;8;1013.5;7;963.0;8;9.0;8;3.0;8;7.2;999.9;27.6;15.0;2.0;999.9;0;1;0;0;0;0
Tartagal_Aero;870220;20130616;15.8;7;13.9;7;1009.5;7;958.2;7;9.3;7;2.2;7;4.1;999.9;20.6;12.2;0.0;999.9;0;1;0;0;0;0
Tartagal_Aero;870220;20130617;15.1;8;14.7;8;1015.5;7;963.4;8;4.2;8;2.1;8;4.1;999.9;19.6;13.6;5.1;999.9;0;1;0;0;0;0
Tartagal_Aero;870220;20130618;14.9;8;14.2;8;1010.3;8;958.4;8;4.3;8;1.9;8;3.1;999.9;18.2;13.0;11.9;999.9;0;1;0;0;0;0
Tartagal_Aero;870220;20130619;14.2;7;13.3;7;1015.5;7;963.7;7;7.2;7;6.3;7;8.2;999.9;18.5;10.8;0.0;999.9;0;1;0;0;0;0
Tartagal_Aero;870220;20130620;7.6;6;6.9;6;1019.8;6;966.8;6;3.2;6;2.7;6;5.1;999.9;14.4;5.9;3.6;999.9;0;1;0;0;0;0
Tartagal_Aero;870220;20130621;10.3;7;5.6;7;1016.8;7;963.8;7;10.0;7;1.0;7;2.1;999.9;20.0;6.8;0.3;999.9;0;1;0;0;0;0
Tartagal_Aero;870220;20130622;9.9;8;6.6;8;1010.8;8;958.5;8;10.0;8;0.7;8;3.1;999.9;21.0;2.4;0.0;999.9;0;0;0;0;0;0
Tartagal_Aero;870220;20130623;11.5;8;8.4;8;1014.7;8;962.2;8;10.0;8;0.9;8;2.6;999.9;16.4;7.3;0.0;999.9;0;0;0;0;0;0
Tartagal_Aero;870220;20130624;12.2;8;8.3;8;1017.2;8;965.0;8;10.0;8;0.8;8;2.1;999.9;17.0;8.8;0.0;999.9;0;0;0;0;0;0
Tartagal_Aero;870220;20130625;13.8;8;8.6;8;1015.7;7;963.7;7;10.0;8;0.5;8;2.1;999.9;16.2;10.6;0.0;999.9;0;0;0;0;0;0
Tartagal_Aero;870220;20130626;15.8;8;8.2;8;1015.5;7;963.6;8;10.0;8;1.4;8;3.1;999.9;20.2;12.2;0.0;999.9;0;0;0;0;0;0
Tartagal_Aero;870220;20130627;14.7;7;8.3;7;1013.1;7;961.3;7;10.0;7;2.6;7;6.2;999.9;23.5;8.1;0.0;999.9;0;0;0;0;0;0
Tartagal_Aero;870220;20130628;16.5;8;11.2;8;1005.5;8;954.4;8;10.0;8;1.5;8;4.1;999.9;26.6;8.8;0.0;999.9;0;0;0;0;0;0
Tartagal_Aero;870220;20130629;18.4;8;9.9;8;1010.4;8;959.4;8;10.0;8;2.9;8;5.1;999.9;28.7;11.0;0.0;999.9;0;0;0;0;0;0
Tartagal_Aero;870220;20130630;13.7;7;8.3;7;1014.0;7;962.3;7;10.0;7;1.3;7;5.1;999.9;25.0;8.4;0.0;999.9;0;0;0;0;0;0
Tartagal_Aero;870220;20130701;15.4;7;8.1;7;1019.2;7;967.2;7;10.0;7;1.3;7;2.1;999.9;23.0;8.5;0.0;999.9;0;0;0;0;0;0
Tartagal_Aero;870220;20130702;16.3;8;6.0;8;1014.6;8;962.9;8;10.0;8;3.6;8;8.2;999.9;25.6;6.8;0.0;999.9;0;0;0;0;0;0
Tartagal_Aero;870220;20130703;16.8;8;7.3;8;1005.0;8;954.2;8;9.8;8;1.1;8;4.1;999.9;26.6;6.0;0.0;999.9;0;0;0;0;0;0
Tartagal_Aero;870220;20130704;18.8;8;11.0;8;1006.2;8;955.3;8;10.0;8;1.4;8;4.1;999.9;25.9;9.0;0.0;999.9;0;0;0;0;0;0
Tartagal_Aero;870220;20130705;22.5;8;14.7;8;1008.4;8;958.1;8;10.0;8;1.2;8;4.1;999.9;27.8;16.0;0.0;999.9;0;0;0;0;0;0
Tartagal_Aero;870220;20130706;20.2;8;15.9;8;1007.4;8;957.0;8;10.0;8;2.7;8;6.2;999.9;29.0;16.5;0.0;999.9;0;0;0;0;0;0
Tartagal_Aero;870220;20130707;14.8;8;11.6;8;1016.4;8;964.9;8;8.7;8;3.1;8;5.1;999.9;22.7;12.6;0.0;999.9;0;1;0;0;0;0
Tartagal_Aero;870220;20130708;10.4;8;8.8;8;1025.5;8;972.3;7;5.5;8;2.5;8;5.1;999.9;15.2;8.2;2.0;999.9;0;1;0;0;0;0
Tartagal_Aero;870220;20130709;12.3;8;9.7;8;1016.3;8;963.9;8;10.0;8;3.0;8;6.2;999.9;15.2;8.6;0.0;999.9;0;0;0;0;0;0
Tartagal_Aero;870220;20130710;14.9;6;11.9;5;1011.6;5;959.8;5;9.3;6;1.7;6;4.1;999.9;23.1;11.0;0.0;999.9;0;0;0;0;0;0
Tartagal_Aero;870220;20130711;18.8;10;13.6;10;1007.6;10;956.7;10;9.8;10;1.2;10;3.1;999.9;25.4;11.0;0.0;999.9;0;0;0;0;0;0
Tartagal_Aero;870220;20130712;18.6;9;14.4;9;1014.5;9;963.6;9;9.0;9;2.9;9;7.2;999.9;26.7;14.6;0.3;999.9;0;1;0;0;0;0
Tartagal_Aero;870220;20130713;17.5;8;11.3;8;1015.0;8;963.5;8;10.0;8;0.8;8;3.1;999.9;23.4;14.6;0.5;999.9;0;0;0;0;0;0
Tartagal_Aero;870220;20130714;16.9;7;9.9;7;1012.9;7;961.4;7;9.7;7;2.1;7;6.2;999.9;25.2;9.5;0.0;999.9;0;0;0;0;0;0
Tartagal_Aero;870220;20130715;17.2;8;13.8;8;1018.4;8;967.1;8;8.0;8;2.5;8;5.1;999.9;26.0;13.6;3.0;999.9;0;1;0;0;0;0
Tartagal_Aero;870220;20130716;15.8;5;13.9;5;1017.8;5;966.1;5;10.0;5;1.2;5;5.1;999.9;19.3;12.8;0.0;999.9;0;0;0;0;0;0
Tartagal_Aero;870220;20130717;18.8;8;14.4;8;1010.8;8;959.8;8;10.0;8;1.0;8;4.1;999.9;28.4;12.0;0.0;999.9;0;0;0;0;0;0
Tartagal_Aero;870220;20130718;20.6;7;14.0;7;1005.3;7;954.8;7;9.7;7;4.0;7;9.3;999.9;29.0;14.0;0.0;999.9;0;0;0;0;0;0
Tartagal_Aero;870220;20130719;13.5;7;1.9;7;1016.2;7;964.8;7;8.2;7;6.1;7;10.3;999.9;20.0;11.2;0.0;999.9;0;0;0;0;0;0
Tartagal_Aero;870220;20130720;11.6;7;4.4;7;1007.9;6;956.0;7;8.4;7;1.8;7;5.1;999.9;19.0;2.0;0.0;999.9;0;0;0;0;0;0
Tartagal_Aero;870220;20130721;10.2;8;1.0;8;1016.5;8;964.0;8;8.7;8;4.6;8;6.2;999.9;19.5;5.2;0.0;999.9;0;0;0;0;0;0
Tartagal_Aero;870220;20130722;7.7;7;-4.2;7;1025.7;7;972.3;7;10.0;7;2.6;7;5.1;999.9;12.0;3.6;0.0;999.9;0;0;0;0;0;0
Tartagal_Aero;870220;20130723;6.8;8;-5.2;8;1027.5;8;973.4;8;10.0;8;3.5;8;6.2;999.9;14.8;-1.0;0.0;999.9;0;0;0;0;0;0
Tartagal_Aero;870220;20130724;7.7;8;-7.2;8;1026.7;7;973.4;8;9.0;8;0.9;8;2.1;999.9;17.8;-0.9;0.0;999.9;0;0;0;0;0;0
Tartagal_Aero;870220;20130725;10.1;8;-9.3;8;1023.6;8;970.6;8;10.0;8;2.8;8;7.2;999.9;21.4;-1.5;0.0;999.9;0;0;0;0;0;0
Tartagal_Aero;870220;20130726;14.5;8;-8.1;8;1017.5;8;965.6;8;10.0;8;3.2;8;6.2;999.9;23.9;3.0;0.0;999.9;0;0;0;0;0;0
Tartagal_Aero;870220;20130727;14.4;6;-2.6;6;1014.4;6;962.4;6;10.0;6;2.9;6;9.3;999.9;24.6;7.2;0.0;999.9;0;0;0;0;0;0
Tartagal_Aero;870220;20130728;18.9;6;1.4;6;1015.4;5;964.5;6;10.0;6;1.4;6;2.1;999.9;27.3;11.0;0.0;999.9;0;0;0;0;0;0
Tartagal_Aero;870220;20130729;18.8;7;5.4;7;1013.6;7;962.7;7;9.2;7;1.9;7;4.1;999.9;29.0;13.0;0.0;999.9;0;0;0;0;0;0
Tartagal_Aero;870220;20130730;23.3;7;9.6;7;1008.3;7;958.2;7;8.2;7;4.3;7;10.8;999.9;33.0;12.5;0.0;999.9;0;0;0;0;0;0
Tartagal_Aero;870220;20130731;24.4;8;10.8;8;1003.1;8;953.7;8;9.0;8;1.4;8;4.1;999.9;34.5;12.0;0.0;999.9;0;0;0;0;0;0
Tartagal_Aero;870220;20130801;22.9;6;9.6;6;1006.9;5;957.3;6;8.7;6;2.7;6;6.2;999.9;25.2;19.2;0.0;999.9;0;0;0;0;0;0
Tartagal_Aero;870220;20130802;17.8;8;6.9;8;1014.2;8;963.3;8;10.0;8;2.6;8;8.2;999.9;26.4;12.5;0.0;999.9;0;0;0;0;0;0
Tartagal_Aero;870220;20130803;18.3;8;6.0;8;1011.7;8;961.5;8;10.0;8;2.5;8;6.2;999.9;23.7;14.6;0.0;999.9;0;0;0;0;0;0
Tartagal_Aero;870220;20130804;18.7;8;7.6;8;1013.5;8;962.4;8;10.0;8;1.8;8;4.1;999.9;25.8;13.8;0.0;999.9;0;0;0;0;0;0
Tartagal_Aero;870220;20130805;20.0;6;9.1;6;1010.5;6;959.4;6;8.7;6;0.9;6;2.1;999.9;28.4;8.0;0.0;999.9;0;0;0;0;0;0
Tartagal_Aero;870220;20130806;22.3;8;11.2;8;1010.8;8;960.3;8;10.0;8;2.9;8;4.1;999.9;29.6;14.5;0.0;999.9;0;0;0;0;0;0
Tartagal_Aero;870220;20130807;21.6;8;14.0;8;1001.2;8;951.5;7;9.2;8;1.7;8;6.2;999.9;29.8;16.3;0.0;999.9;0;0;0;0;0;0
Tartagal_Aero;870220;20130808;20.1;8;7.3;8;1001.0;8;951.0;8;5.6;8;4.5;8;10.3;999.9;28.4;16.0;0.0;999.9;0;0;0;0;0;0
Tartagal_Aero;870220;20130809;14.6;9;-6.8;9;1020.7;9;969.0;9;8.4;9;7.4;9;10.3;999.9;22.8;12.8;0.0;999.9;0;0;0;0;0;0
Tartagal_Aero;870220;20130810;11.0;8;-6.2;8;1027.0;8;973.9;8;9.8;8;2.1;8;6.2;999.9;18.5;0.2;0.0;999.9;0;0;0;0;0;0
Tartagal_Aero;870220;20130811;14.1;8;-6.9;8;1014.8;8;962.4;8;10.0;8;4.6;8;9.3;999.9;23.9;0.8;0.0;999.9;0;0;0;0;0;0
Tartagal_Aero;870220;20130812;15.2;8;-1.1;8;1006.1;8;954.8;8;9.5;8;3.6;8;9.3;999.9;25.5;7.0;0.0;999.9;0;0;0;0;0;0
Tartagal_Aero;870220;20130813;15.6;8;-2.5;8;1017.6;8;966.1;8;8.0;8;7.2;8;10.3;999.9;25.4;12.2;0.0;999.9;0;0;0;0;0;0
Tartagal_Aero;870220;20130814;10.2;8;-1.4;8;1031.7;8;978.4;8;10.0;8;3.1;8;6.2;999.9;17.2;2.2;0.0;999.9;0;0;0;0;0;0
Tartagal_Aero;870220;20130815;12.1;7;-9.3;7;1022.6;7;969.8;7;8.2;7;4.0;7;8.2;999.9;20.9;4.0;0.0;999.9;0;0;0;0;0;0
Tartagal_Aero;870220;20130816;15.9;6;-14.2;6;1016.0;6;964.1;6;7.4;6;1.0;6;2.1;999.9;23.2;4.2;0.0;999.9;0;0;0;0;0;0
Tartagal_Aero;870220;20130817;14.3;8;-8.4;8;1022.0;8;969.8;8;5.3;8;1.8;8;3.1;999.9;24.5;5.2;0.0;999.9;0;0;0;0;0;0
Tartagal_Aero;870220;20130818;15.2;8;-4.3;8;1015.7;8;963.8;8;8.7;8;2.8;8;8.2;999.9;25.9;5.1;0.0;999.9;0;0;0;0;0;0
Tartagal_Aero;870220;20130819;20.5;8;1.1;8;1010.4;6;959.2;8;9.2;8;0.0;8;999.9;999.9;30.5;8.8;0.0;999.9;0;0;0;0;0;0
Tartagal_Aero;870220;20130820;22.6;8;4.3;7;1006.5;7;956.5;7;6.9;8;2.1;8;4.1;999.9;33.5;14.8;0.0;999.9;0;0;0;0;0;0
Tartagal_Aero;870220;20130821;24.7;8;7.6;8;1001.4;7;952.1;7;4.0;8;1.0;8;2.1;999.9;34.0;14.0;0.0;999.9;0;0;0;0;0;0
Tartagal_Aero;870220;20130822;23.5;8;7.2;8;1003.2;8;953.6;8;3.9;8;4.2;8;10.8;999.9;34.0;16.0;0.0;999.9;0;0;0;0;0;0
Tartagal_Aero;870220;20130823;12.9;7;-11.3;7;1016.9;7;965.3;7;3.5;7;4.4;7;9.3;999.9;14.6;11.8;0.0;999.9;0;0;0;0;0;0
Tartagal_Aero;870220;20130824;10.6;7;-8.3;6;1020.7;7;967.9;7;10.0;7;2.2;7;4.1;999.9;13.2;7.6;0.0;999.9;0;0;0;0;0;0
Tartagal_Aero;870220;20130825;9.2;8;-5.7;8;1025.6;8;972.3;8;9.2;8;1.8;8;7.2;999.9;13.6;6.2;7.9;999.9;0;1;0;0;0;0
Tartagal_Aero;870220;20130826;10.4;8;-6.4;8;1028.4;7;975.0;7;10.0;8;3.8;8;8.2;999.9;16.4;5.5;0.0;999.9;0;0;0;0;0;0
Tartagal_Aero;870220;20130827;10.7;8;-4.7;8;1026.6;8;973.4;8;9.5;8;1.3;8;3.1;999.9;21.4;1.8;0.0;999.9;0;0;0;0;0;0
Tartagal_Aero;870220;20130828;16.1;7;-5.1;7;1022.2;7;969.9;7;8.5;7;4.0;7;6.2;999.9;25.7;3.5;0.0;999.9;0;0;0;0;0;0
Tartagal_Aero;870220;20130829;17.7;8;-6.1;8;1016.1;8;964.6;8;8.0;8;3.1;8;9.8;999.9;30.0;6.2;0.0;999.9;0;0;0;0;0;0
Tartagal_Aero;870220;20130830;20.3;8;-4.9;8;1007.5;8;957.1;8;5.3;8;1.5;8;4.1;999.9;31.6;10.2;0.0;999.9;0;0;0;0;0;0
Tartagal_Aero;870220;20130901;26.7;8;-0.2;8;1004.9;8;955.6;8;4.8;8;1.3;8;5.1;999.9;35.8;19.3;0.0;999.9;0;0;0;0;0;0
Tartagal_Aero;870220;20130902;28.2;7;4.2;7;1003.3;7;954.3;7;5.1;7;2.6;7;14.9;999.9;35.4;18.5;0.0;999.9;0;0;0;0;0;0
Tartagal_Aero;870220;20130903;21.8;8;10.3;8;1010.7;8;960.7;8;7.1;8;2.1;8;4.1;999.9;36.2;17.0;32.0;999.9;0;0;0;0;1;0
Tartagal_Aero;870220;20130904;19.4;7;6.7;7;1019.0;7;967.7;7;8.9;7;3.2;7;7.2;999.9;25.7;15.3;0.0;999.9;0;0;0;0;0;0
Tartagal_Aero;870220;20130905;23.7;8;9.9;8;1010.5;8;959.0;6;6.9;8;3.3;8;9.8;999.9;33.4;13.4;0.0;999.9;0;0;0;0;0;0
Tartagal_Aero;870220;20130906;24.9;8;11.8;8;1006.8;8;957.0;8;7.9;8;1.5;8;6.2;999.9;35.4;17.0;0.0;999.9;0;0;0;0;0;0
Tartagal_Aero;870220;20130907;27.2;6;11.1;6;1003.4;6;954.4;6;7.2;6;1.2;6;999.9;999.9;37.0;19.0;0.0;999.9;0;0;0;0;0;0
Tartagal_Aero;870220;20130908;29.2;7;11.1;7;1007.3;7;958.3;7;7.4;7;2.8;7;7.2;999.9;36.4;22.0;0.0;999.9;0;0;0;0;0;0
Tartagal_Aero;870220;20130909;27.6;7;12.4;7;1010.9;7;961.4;7;9.2;7;3.7;7;9.3;999.9;37.3;17.0;0.0;999.9;0;0;0;0;0;0
Tartagal_Aero;870220;20130910;28.6;8;8.9;8;1005.9;8;956.9;8;7.7;8;5.1;8;10.8;999.9;37.1;21.0;0.0;999.9;0;0;0;0;0;0
Tartagal_Aero;870220;20130911;30.1;8;11.1;8;1000.6;8;952.0;8;5.3;8;5.6;8;11.8;999.9;39.0;22.2;0.0;999.9;0;0;0;0;0;0
Tartagal_Aero;870220;20130912;29.6;8;14.8;8;998.8;8;950.3;8;6.9;8;4.3;8;8.7;999.9;38.5;22.6;0.0;999.9;0;0;0;0;0;0
Tartagal_Aero;870220;20130913;23.8;8;12.7;8;1006.9;8;957.5;8;8.7;8;6.0;8;10.8;999.9;36.8;19.2;0.0;999.9;0;0;0;0;0;0
Tartagal_Aero;870220;20130914;15.7;8;8.3;8;1014.6;8;963.3;8;9.3;8;2.5;8;7.2;999.9;22.7;13.8;0.0;999.9;0;1;0;0;0;0
Tartagal_Aero;870220;20130915;13.5;8;8.7;8;1014.2;8;962.3;8;9.2;8;0.7;7;2.1;999.9;15.8;11.9;999.9;999.9;0;1;0;0;0;0
Tartagal_Aero;870220;20130916;12.9;7;7.4;7;1013.7;7;961.7;7;10.0;7;3.1;7;4.1;999.9;14.4;11.5;0.0;999.9;0;1;0;0;0;0
Tartagal_Aero;870220;20130917;12.0;8;4.3;8;1019.6;8;967.2;8;10.0;8;2.6;8;6.2;999.9;14.5;8.8;0.0;999.9;0;0;0;0;0;0
Tartagal_Aero;870220;20130918;14.7;8;2.9;8;1018.6;7;966.4;8;9.0;8;1.9;8;6.2;999.9;21.4;10.0;0.0;999.9;0;0;0;0;0;0
Tartagal_Aero;870220;20130919;15.7;5;4.3;5;1019.5;5;967.5;5;9.2;5;2.5;5;5.1;999.9;22.0;11.9;0.0;999.9;0;0;0;0;0;0
Tartagal_Aero;870220;20130920;19.4;7;8.1;7;1006.1;7;955.6;7;8.9;7;1.5;7;6.2;999.9;29.0;13.5;0.0;999.9;0;0;0;0;0;0
Tartagal_Aero;870220;20130921;23.9;5;9.2;5;1001.9;5;952.4;5;9.7;5;4.7;5;7.2;999.9;30.1;17.6;0.0;999.9;0;0;0;0;0;0
Tartagal_Aero;870220;20130922;19.6;8;3.0;8;1011.8;8;961.5;8;8.0;8;6.7;8;10.8;999.9;33.0;13.1;0.0;999.9;0;0;0;0;0;0
Tartagal_Aero;870220;20130923;14.7;8;-0.1;8;1025.2;8;973.1;8;8.9;8;4.5;8;7.2;999.9;20.8;12.0;0.0;999.9;0;0;0;0;0;0
Tartagal_Aero;870220;20130924;16.1;8;-2.1;8;1026.5;8;974.1;8;6.1;8;2.5;8;4.1;999.9;21.7;7.0;0.0;999.9;0;0;0;0;0;0
Tartagal_Aero;870220;20130925;14.4;7;-3.6;7;1020.8;7;968.8;7;7.2;7;3.5;7;7.2;999.9;23.0;9.2;0.0;999.9;0;0;0;0;0;0
Tartagal_Aero;870220;20130926;16.9;8;-2.0;8;1012.3;8;960.8;8;8.2;8;3.7;8;9.8;999.9;28.2;6.0;0.0;999.9;0;0;0;0;0;0
Tartagal_Aero;870220;20130927;24.2;7;0.6;7;1005.1;7;955.0;7;5.0;6;2.1;7;7.2;999.9;31.4;12.6;0.0;999.9;0;0;0;0;0;0
Tartagal_Aero;870220;20130928;24.2;7;7.1;7;1007.7;7;957.7;7;6.3;7;4.7;7;7.2;999.9;31.7;15.0;0.0;999.9;0;0;0;0;0;0
Tartagal_Aero;870220;20130929;19.1;8;2.3;8;1014.2;8;963.6;8;8.2;8;5.1;8;8.2;999.9;31.4;15.4;0.0;999.9;0;0;0;0;0;0
Tartagal_Aero;870220;20130930;15.4;8;-2.3;8;1017.3;8;965.4;8;10.0;8;2.7;8;6.2;999.9;21.9;9.5;0.0;999.9;0;0;0;0;0;0
Tartagal_Aero;870220;20131001;15.9;7;0.3;7;1014.1;7;962.5;7;5.3;7;1.9;7;4.1;999.9;25.6;5.2;0.0;999.9;0;0;0;0;0;0
Tartagal_Aero;870220;20131002;20.7;8;3.4;8;1010.0;8;959.4;8;4.7;8;2.8;8;8.2;999.9;29.2;10.3;0.0;999.9;0;0;0;0;0;0
Tartagal_Aero;870220;20131003;22.1;7;8.3;6;1007.1;6;957.2;6;6.9;7;0.7;7;3.1;999.9;32.2;14.0;0.0;999.9;0;0;0;0;0;0
Tartagal_Aero;870220;20131004;22.3;6;9.3;6;1015.8;6;965.7;6;8.0;6;5.1;6;8.2;999.9;34.0;19.7;0.0;999.9;0;0;0;0;0;0
Tartagal_Aero;870220;20131005;21.9;9;7.8;9;1013.2;9;964.9;9;8.0;9;3.8;9;6.2;999.9;30.3;12.0;0.0;999.9;0;0;0;0;0;0
Tartagal_Aero;870220;20131006;23.4;8;4.7;8;1013.6;8;963.5;8;10.0;8;0.9;8;5.1;999.9;30.8;15.5;0.0;999.9;0;0;0;0;0;0
Tartagal_Aero;870220;20131007;24.3;8;6.6;8;1013.1;8;963.0;8;8.2;8;1.8;8;5.1;999.9;32.0;14.2;0.0;999.9;0;0;0;0;0;0
Tartagal_Aero;870220;20131008;27.1;8;8.2;8;1008.9;8;959.3;8;6.0;8;4.5;8;10.3;999.9;35.4;19.0;0.0;999.9;0;0;0;0;0;0
Tartagal_Aero;870220;20131009;29.1;8;11.3;8;1002.2;8;953.4;8;6.9;8;1.8;8;5.1;999.9;37.4;17.8;0.0;999.9;0;0;0;0;0;0
Tartagal_Aero;870220;20131010;25.8;7;16.6;7;1005.4;7;956.4;7;8.5;7;2.9;7;6.2;999.9;38.5;21.8;0.0;999.9;0;1;0;0;0;0
Tartagal_Aero;870220;20131011;20.6;8;20.1;8;1009.8;7;959.3;8;5.3;8;1.7;8;3.1;999.9;23.2;19.6;27.9;999.9;0;1;0;0;1;0
Tartagal_Aero;870220;20131012;21.2;7;20.6;6;1008.2;7;957.9;7;6.3;7;2.5;7;4.1;999.9;22.7;19.8;0.0;999.9;0;1;0;0;0;0
Tartagal_Aero;870220;20131013;21.3;8;18.9;8;1009.6;8;959.2;8;8.5;8;1.8;8;3.1;999.9;23.8;19.8;8.9;999.9;0;0;0;0;0;0
Tartagal_Aero;870220;20131014;21.2;6;19.7;6;1011.2;6;960.7;6;6.8;6;2.1;6;5.1;999.9;24.1;18.2;10.9;999.9;0;1;0;0;1;0
Tartagal_Aero;870220;20131015;21.7;8;18.5;8;1013.2;8;962.6;8;7.6;8;0.8;8;2.1;999.9;26.8;18.4;7.9;999.9;1;0;0;0;1;0
Tartagal_Aero;870220;20131016;23.0;8;17.8;8;1010.7;8;960.4;8;10.0;8;2.1;8;4.1;999.9;28.2;17.5;0.0;999.9;0;0;0;0;0;0
Tartagal_Aero;870220;20131017;22.5;8;18.0;8;1010.2;8;960.2;8;9.5;8;1.2;8;4.1;999.9;29.2;18.8;7.9;999.9;0;1;0;0;0;0
Tartagal_Aero;870220;20131018;26.1;8;16.6;8;1009.1;8;959.3;8;10.0;8;2.2;8;7.2;999.9;31.7;19.4;0.0;999.9;0;0;0;0;0;0
Tartagal_Aero;870220;20131019;28.7;7;16.0;7;1003.3;7;954.2;7;10.0;7;5.1;7;9.3;999.9;34.7;20.4;0.0;999.9;0;0;0;0;0;0
Tartagal_Aero;870220;20131020;29.4;8;18.1;8;994.6;8;946.2;8;10.0;8;3.3;8;7.2;999.9;37.2;21.6;0.0;999.9;0;0;0;0;0;0
Tartagal_Aero;870220;20131021;26.9;8;13.5;8;1002.4;8;953.5;8;6.9;8;5.9;8;13.4;999.9;38.1;22.2;0.0;999.9;0;0;0;0;0;0
Tartagal_Aero;870220;20131022;25.4;8;11.2;8;1005.8;8;956.2;8;10.0;8;2.2;8;5.1;999.9;32.9;18.0;0.0;999.9;0;0;0;0;0;0
Tartagal_Aero;870220;20131023;27.6;8;15.7;8;998.0;8;949.0;8;10.0;8;1.4;8;2.6;999.9;34.9;19.1;0.0;999.9;0;0;0;0;0;0
Tartagal_Aero;870220;20131024;23.4;8;16.8;8;1008.0;8;958.6;8;7.7;8;5.5;8;11.8;999.9;36.0;17.4;0.0;999.9;0;1;0;0;0;0
Tartagal_Aero;870220;20131025;17.4;8;14.7;8;1015.2;8;964.0;8;8.0;8;2.4;8;6.2;999.9;24.5;14.0;0.0;999.9;0;1;0;0;0;0
Tartagal_Aero;870220;20131026;20.2;7;17.2;7;1008.7;7;958.2;7;8.7;7;0.6;7;3.1;999.9;23.5;15.6;0.0;999.9;0;1;0;0;0;0
Tartagal_Aero;870220;20131027;23.4;7;15.3;7;1012.7;7;962.2;7;10.0;7;1.2;7;3.1;999.9;29.2;18.4;0.0;999.9;0;0;0;0;0;0
Tartagal_Aero;870220;20131028;24.7;8;16.9;8;1009.7;8;959.8;8;10.0;8;2.6;8;5.1;999.9;30.2;20.4;0.0;999.9;0;0;0;0;0;0
Tartagal_Aero;870220;20131029;25.9;7;18.1;7;1003.9;7;954.4;7;10.0;7;2.2;7;6.2;999.9;33.7;21.6;0.0;999.9;0;0;0;0;0;0
Tartagal_Aero;870220;20131030;28.7;8;18.5;8;1001.3;8;952.3;8;10.0;8;1.5;8;6.2;999.9;36.5;21.7;0.0;999.9;0;0;0;0;0;0
Tartagal_Aero;870220;20131031;31.1;5;18.7;5;997.7;5;949.5;5;9.7;5;4.1;5;6.2;999.9;37.6;25.4;0.0;999.9;0;0;0;0;0;0
Tartagal_Aero;870220;20131101;30.1;6;19.4;6;996.5;6;948.3;6;10.0;6;5.4;6;12.9;999.9;34.0;25.0;0.0;999.9;0;0;0;0;0;0
Tartagal_Aero;870220;20131102;19.9;8;16.0;8;1011.2;8;960.9;8;7.6;8;5.8;8;10.3;999.9;34.4;16.0;14.0;999.9;0;1;0;0;0;0
Tartagal_Aero;870220;20131103;23.7;8;14.1;8;1014.4;8;964.0;8;10.0;8;1.3;8;3.1;999.9;28.6;17.4;0.0;999.9;0;0;0;0;0;0
Tartagal_Aero;870220;20131104;23.6;7;12.1;7;1011.9;7;961.5;7;10.0;7;1.9;7;4.1;999.9;31.0;15.0;0.0;999.9;0;0;0;0;0;0
Tartagal_Aero;870220;20131105;21.8;5;11.7;5;1011.2;5;961.2;5;10.0;5;1.2;5;4.1;999.9;32.0;16.8;0.0;999.9;0;0;0;0;0;0
Tartagal_Aero;870220;20131106;24.9;8;8.9;8;1008.1;8;958.2;8;9.7;8;4.2;8;8.8;999.9;34.4;14.6;0.0;999.9;0;0;0;0;0;0
Tartagal_Aero;870220;20131107;27.1;7;7.7;7;1004.1;7;955.0;7;10.0;7;2.7;7;9.3;999.9;36.0;19.0;0.0;999.9;0;0;0;0;0;0
Tartagal_Aero;870220;20131108;29.8;8;9.4;8;1001.1;8;952.3;8;10.0;8;1.9;8;7.2;999.9;39.5;16.0;0.0;999.9;0;0;0;0;0;0
Tartagal_Aero;870220;20131109;32.6;7;13.8;7;993.7;7;945.8;7;10.0;7;5.0;7;7.2;999.9;40.7;24.0;0.0;999.9;0;0;0;0;0;0
Tartagal_Aero;870220;20131110;29.6;5;18.2;5;992.4;5;944.6;5;10.0;5;2.7;5;6.2;999.9;39.5;25.5;0.0;999.9;0;0;0;0;0;0
Tartagal_Aero;870220;20131111;20.2;8;13.4;8;1007.6;8;957.4;8;9.3;8;6.0;8;8.2;999.9;34.5;15.8;3.0;999.9;0;1;0;0;1;0
Tartagal_Aero;870220;20131112;25.5;8;9.6;8;1009.5;8;959.5;8;10.0;8;3.4;8;7.2;999.9;33.4;17.0;0.0;999.9;0;0;0;0;0;0
Tartagal_Aero;870220;20131113;29.3;8;9.0;8;1006.2;8;957.1;8;9.7;8;4.5;8;10.8;999.9;37.0;20.7;0.0;999.9;0;0;0;0;0;0
