Trelew_Aero;878280;2013;01;01;12.5;8;4.7;8;1022.8;8;1017.7;8;29.9;8;4.3;8;8.7;999.9;18.4;6.2;3.0;999.9;0;0;0;0;0;0
Trelew_Aero;878280;2013;01;02;19.2;8;1.6;8;1014.6;8;1009.5;8;29.9;8;6.8;8;12.9;999.9;32.8;9.2;0.0;999.9;0;0;0;0;0;0
Trelew_Aero;878280;2013;01;03;24.3;8;1.4;8;1005.6;8;1000.6;8;28.2;8;7.5;8;11.8;999.9;34.0;18.6;0.0;999.9;0;0;0;0;0;0
Trelew_Aero;878280;2013;01;04;18.9;8;6.9;8;1011.3;8;1006.3;8;29.9;8;3.8;8;7.2;999.9;29.6;11.4;0.0;999.9;0;0;0;0;0;0
Trelew_Aero;878280;2013;01;05;23.4;6;5.6;6;1007.8;6;1002.7;6;29.9;6;3.3;6;5.1;999.9;32.2;10.6;0.0;999.9;0;0;0;0;0;0
Trelew_Aero;878280;2013;01;06;23.3;7;5.6;7;996.9;7;992.0;7;29.9;7;5.0;7;11.8;999.9;32.8;17.0;0.0;999.9;0;0;0;0;0;0
Trelew_Aero;878280;2013;01;07;18.4;8;-2.1;8;996.8;8;991.8;8;27.7;8;10.2;8;15.4;999.9;29.9;14.0;0.5;999.9;0;0;0;0;0;0
Trelew_Aero;878280;2013;01;08;21.0;8;0.6;8;1003.8;8;998.8;8;29.9;8;7.3;8;11.8;999.9;26.8;15.5;0.0;999.9;0;0;0;0;0;0
Trelew_Aero;878280;2013;01;09;24.4;8;4.0;8;1010.8;8;1005.8;8;29.9;8;4.8;8;8.7;999.9;32.6;16.0;0.0;999.9;0;0;0;0;0;0
Trelew_Aero;878280;2013;01;10;26.2;7;9.3;7;1012.5;7;1007.5;7;29.9;7;4.0;7;6.2;999.9;36.0;18.0;0.0;999.9;0;0;0;0;0;0
Trelew_Aero;878280;2013;01;11;26.9;8;12.2;8;1005.7;8;1000.8;8;27.5;8;6.2;8;11.8;999.9;36.5;19.0;7.1;999.9;0;1;0;0;1;0
Trelew_Aero;878280;2013;01;12;19.4;8;11.2;8;1015.0;8;1009.9;8;27.5;8;5.1;8;11.3;999.9;23.0;14.0;0.0;999.9;0;0;0;0;0;0
Trelew_Aero;878280;2013;01;13;18.8;8;9.0;8;1020.5;8;1015.4;8;29.9;8;5.7;8;11.3;999.9;27.0;11.4;0.0;999.9;0;0;0;0;0;0
Trelew_Aero;878280;2013;01;14;22.1;8;12.7;8;1016.6;8;1011.6;8;29.9;8;8.4;8;10.8;999.9;28.0;16.3;0.0;999.9;0;0;0;0;0;0
Trelew_Aero;878280;2013;01;15;23.3;8;14.4;8;1008.4;8;1003.4;8;29.9;8;6.1;8;8.7;999.9;31.6;17.0;0.0;999.9;0;0;0;0;0;0
Trelew_Aero;878280;2013;01;16;20.7;8;14.0;8;1009.8;8;1004.8;8;28.2;8;5.7;8;12.3;999.9;32.0;17.2;0.0;999.9;0;0;0;0;0;0
Trelew_Aero;878280;2013;01;17;18.0;8;8.7;8;1019.6;7;1014.8;8;27.5;8;4.3;8;9.3;999.9;27.2;11.0;0.0;999.9;0;0;0;0;0;0
Trelew_Aero;878280;2013;01;18;18.9;8;11.8;8;1018.5;8;1013.4;8;29.4;8;6.1;8;10.8;999.9;26.6;15.0;0.0;999.9;0;0;0;0;0;0
Trelew_Aero;878280;2013;01;19;18.8;8;10.1;8;1025.7;7;1020.6;7;17.7;8;2.9;8;7.7;999.9;28.0;11.8;0.0;999.9;1;0;0;0;0;0
Trelew_Aero;878280;2013;01;20;22.4;8;9.3;8;1022.0;8;1016.9;8;29.9;8;6.4;8;11.8;999.9;32.4;12.6;0.0;999.9;0;0;0;0;0;0
Trelew_Aero;878280;2013;01;21;26.3;8;10.9;8;1013.8;8;1008.9;8;29.9;8;7.5;8;10.3;999.9;35.8;17.0;0.0;999.9;0;0;0;0;0;0
Trelew_Aero;878280;2013;01;22;29.3;7;11.9;7;1007.4;7;1002.5;7;29.9;7;8.1;7;11.3;999.9;37.0;17.0;0.0;999.9;0;0;0;0;0;0
Trelew_Aero;878280;2013;01;23;21.9;8;9.2;8;1007.5;8;1002.6;8;27.5;8;5.7;8;12.9;999.9;37.6;17.0;0.0;999.9;0;0;0;0;0;0
Trelew_Aero;878280;2013;01;24;14.7;8;10.8;8;1011.3;8;1006.2;8;22.5;8;4.6;8;8.7;999.9;27.5;12.6;8.9;999.9;0;1;0;0;0;0
Trelew_Aero;878280;2013;01;25;15.5;8;4.2;8;1015.0;8;1009.8;8;29.9;8;5.0;8;7.7;999.9;26.4;6.3;4.1;999.9;0;0;0;0;0;0
Trelew_Aero;878280;2013;01;26;18.6;8;6.4;8;1010.1;8;1005.0;8;29.9;8;3.6;8;7.7;999.9;28.0;9.6;0.0;999.9;0;0;0;0;0;0
Trelew_Aero;878280;2013;01;27;21.0;8;8.8;8;1008.3;8;1003.3;8;27.5;8;4.3;8;8.2;999.9;32.4;9.6;0.0;999.9;0;0;0;0;0;0
Trelew_Aero;878280;2013;01;28;24.2;8;6.3;8;1011.0;8;1006.0;8;29.9;8;5.1;8;8.7;999.9;33.6;18.4;0.0;999.9;0;0;0;0;0;0
Trelew_Aero;878280;2013;01;29;22.1;8;8.8;8;1013.9;8;1008.9;8;29.9;8;3.6;8;5.7;999.9;31.4;13.3;0.0;999.9;0;0;0;0;0;0
Trelew_Aero;878280;2013;01;30;22.7;7;6.8;7;1011.5;7;1006.5;7;29.9;7;4.8;7;6.2;999.9;27.2;17.6;0.0;999.9;0;0;0;0;0;0
Trelew_Aero;878280;2013;01;31;24.3;8;7.3;8;1003.3;8;998.3;8;29.4;8;3.7;8;7.2;999.9;35.6;16.0;0.0;999.9;0;0;0;0;0;0
Trelew_Aero;878280;2013;02;01;22.5;8;6.1;7;1001.2;7;996.3;7;27.5;8;5.0;8;11.3;999.9;36.0;14.7;2.0;999.9;0;1;0;0;0;0
Trelew_Aero;878280;2013;02;02;17.8;8;4.1;8;1015.8;8;1010.7;8;29.9;8;4.2;8;7.7;999.9;26.4;13.0;0.0;999.9;0;0;0;0;0;0
Trelew_Aero;878280;2013;02;03;21.2;8;6.9;8;1014.3;8;1009.2;8;29.9;8;4.2;8;7.7;999.9;32.6;12.5;0.0;999.9;0;0;0;0;0;0
Trelew_Aero;878280;2013;02;04;22.0;7;7.1;7;1012.1;7;1007.1;7;29.9;7;6.9;7;10.3;999.9;30.6;18.2;0.0;999.9;0;0;0;0;0;0
Trelew_Aero;878280;2013;02;05;22.3;8;6.9;8;1012.1;8;1007.0;8;29.4;8;5.4;8;9.3;999.9;35.4;13.0;0.0;999.9;0;0;0;0;0;0
Trelew_Aero;878280;2013;02;06;26.4;8;9.6;8;1010.1;8;1005.1;8;29.9;8;5.4;8;9.3;999.9;35.4;13.0;0.0;999.9;0;0;0;0;0;0
Trelew_Aero;878280;2013;02;07;21.2;8;10.8;8;1013.0;8;1008.0;8;28.2;8;4.5;8;12.9;999.9;34.4;13.0;0.0;999.9;0;0;0;0;0;0
Trelew_Aero;878280;2013;02;08;20.9;8;9.9;8;1013.3;8;1008.3;8;25.9;8;5.8;8;12.3;999.9;31.0;13.5;0.0;999.9;0;0;0;0;0;0
Trelew_Aero;878280;2013;02;09;24.4;7;15.0;7;1004.2;7;999.3;7;29.9;7;6.5;7;12.3;999.9;29.0;18.7;0.0;999.9;0;0;0;0;0;0
Trelew_Aero;878280;2013;02;10;19.7;7;16.1;7;1006.8;7;1001.8;7;27.8;7;3.0;7;5.1;999.9;25.0;16.2;0.0;999.9;1;0;0;0;1;0
Trelew_Aero;878280;2013;02;11;22.2;8;13.6;8;1000.0;8;995.0;8;26.2;8;5.0;8;9.8;999.9;30.0;16.4;5.1;999.9;0;1;0;0;0;0
Trelew_Aero;878280;2013;02;12;21.1;7;2.0;7;997.0;7;992.1;7;27.8;7;11.0;7;11.8;999.9;27.6;17.2;0.0;999.9;0;0;0;0;0;0
Trelew_Aero;878280;2013;02;13;20.4;8;1.3;8;1003.9;8;998.9;8;29.9;8;7.4;8;10.3;999.9;26.6;15.4;0.0;999.9;0;0;0;0;0;0
Trelew_Aero;878280;2013;02;14;19.9;8;4.1;8;1006.4;8;1001.4;8;29.9;8;3.6;8;8.7;999.9;29.3;10.8;0.0;999.9;0;0;0;0;0;0
Trelew_Aero;878280;2013;02;15;21.8;8;9.2;8;1001.6;8;996.7;8;24.9;8;3.0;8;5.1;999.9;29.5;18.1;2.0;999.9;0;1;0;0;0;0
Trelew_Aero;878280;2013;02;16;16.5;7;13.3;7;1000.3;6;995.3;6;18.5;7;1.6;7;5.1;999.9;22.4;13.8;6.1;999.9;0;1;0;0;0;0
Trelew_Aero;878280;2013;02;17;14.1;6;6.1;6;1007.9;6;1002.8;6;29.1;6;5.7;6;7.7;999.9;18.8;9.0;7.1;999.9;0;0;0;0;0;0
Trelew_Aero;878280;2013;02;18;16.9;8;3.6;8;1016.8;8;1011.6;8;29.9;8;4.3;8;6.2;999.9;24.7;9.0;0.0;999.9;0;0;0;0;0;0
Trelew_Aero;878280;2013;02;19;19.5;8;5.9;8;1015.0;8;1010.0;8;29.9;8;4.9;8;7.2;999.9;25.1;10.6;0.0;999.9;0;0;0;0;0;0
Trelew_Aero;878280;2013;02;20;20.0;8;9.8;8;1015.0;8;1009.9;8;29.9;8;2.1;8;5.1;999.9;29.8;11.6;0.0;999.9;0;0;0;0;0;0
Trelew_Aero;878280;2013;02;21;17.9;7;14.7;7;1013.5;7;1008.5;7;22.7;7;5.3;7;8.7;999.9;21.0;14.4;0.0;999.9;0;0;0;0;0;0
Trelew_Aero;878280;2013;02;22;17.8;5;16.3;5;1012.2;4;1007.1;4;13.7;5;1.8;5;5.7;999.9;19.0;15.0;0.0;999.9;0;1;0;0;0;0
Trelew_Aero;878280;2013;02;23;18.6;8;15.6;8;1006.1;8;1001.0;8;15.4;8;3.9;8;8.7;999.9;23.8;15.0;33.0;999.9;0;1;0;0;0;0
Trelew_Aero;878280;2013;02;24;14.7;8;11.1;8;1012.6;8;1007.5;8;16.9;8;6.2;8;10.3;999.9;24.1;12.6;10.9;999.9;0;1;0;0;1;0
Trelew_Aero;878280;2013;02;25;13.2;8;4.6;8;1020.8;8;1015.6;8;29.9;8;4.6;8;6.7;999.9;17.2;10.8;0.5;999.9;0;0;0;0;0;0
Trelew_Aero;878280;2013;02;26;12.4;7;7.3;7;1017.6;7;1012.4;7;22.9;7;2.9;7;8.7;999.9;18.8;5.0;0.0;999.9;0;0;0;0;0;0
Trelew_Aero;878280;2013;02;27;16.7;6;11.6;6;1013.3;6;1008.1;6;25.9;6;5.3;6;6.7;999.9;20.2;9.4;0.0;999.9;0;0;0;0;0;0
Trelew_Aero;878280;2013;02;28;16.1;7;14.1;7;1016.5;7;1011.4;7;20.8;7;5.3;7;7.7;999.9;18.2;14.4;0.0;999.9;0;1;0;0;0;0
Trelew_Aero;878280;2013;03;01;15.8;8;14.0;8;1015.3;8;1010.1;8;14.8;8;3.4;8;8.2;999.9;18.6;13.7;5.1;999.9;0;1;0;0;0;0
Trelew_Aero;878280;2013;03;02;15.7;8;11.7;8;1017.6;8;1012.4;8;26.9;8;5.4;8;9.3;999.9;18.4;13.6;0.0;999.9;0;1;0;0;0;0
Trelew_Aero;878280;2013;03;03;15.2;7;9.1;7;1020.6;7;1015.5;7;28.6;7;2.4;7;4.1;999.9;21.6;9.0;0.0;999.9;0;0;0;0;0;0
Trelew_Aero;878280;2013;03;04;17.4;8;9.5;8;1017.2;8;1012.0;8;27.0;8;2.0;8;7.2;999.9;26.4;8.8;0.0;999.9;0;0;0;0;0;0
Trelew_Aero;878280;2013;03;05;20.9;8;11.6;7;1006.7;7;1001.7;7;29.9;8;3.2;8;7.2;999.9;29.6;14.0;0.0;999.9;0;0;0;0;0;0
Trelew_Aero;878280;2013;03;06;17.4;8;5.1;8;1000.2;8;995.2;8;24.9;8;8.4;8;13.9;999.9;31.8;12.6;1.0;999.9;0;1;0;0;0;0
Trelew_Aero;878280;2013;03;07;13.3;7;-1.5;7;1009.9;7;1004.8;7;28.6;7;5.5;7;7.2;999.9;20.6;9.8;0.0;999.9;0;0;0;0;0;0
Trelew_Aero;878280;2013;03;08;18.9;7;5.6;7;1006.6;7;1001.5;7;29.9;7;4.9;7;8.7;999.9;26.6;12.0;0.0;999.9;0;0;0;0;0;0
Trelew_Aero;878280;2013;03;09;17.3;8;9.0;8;1001.4;8;996.3;8;26.6;8;4.9;8;10.3;999.9;27.8;14.4;0.5;999.9;0;1;0;0;0;0
Trelew_Aero;878280;2013;03;10;15.5;6;4.1;6;1008.9;6;1003.7;6;29.9;6;3.8;6;6.2;999.9;23.0;10.0;2.0;999.9;0;0;0;0;0;0
Trelew_Aero;878280;2013;03;11;16.9;7;4.9;7;1005.7;6;1000.2;7;27.2;7;5.3;7;7.7;999.9;24.0;11.0;0.0;999.9;0;1;0;0;0;0
Trelew_Aero;878280;2013;03;12;12.9;8;4.6;8;1014.2;8;1009.0;8;27.5;8;4.3;8;7.2;999.9;20.0;9.0;0.0;999.9;0;1;0;0;0;0
Trelew_Aero;878280;2013;03;13;9.8;7;3.9;7;1025.8;7;1020.5;7;27.8;7;4.6;7;8.7;999.9;12.8;6.0;0.0;999.9;0;0;0;0;0;0
Trelew_Aero;878280;2013;03;14;9.7;8;4.4;8;1026.6;8;1021.2;8;29.4;8;3.6;8;6.2;999.9;13.5;5.8;0.3;999.9;0;0;0;0;0;0
Trelew_Aero;878280;2013;03;15;9.6;8;4.0;8;1027.1;8;1021.8;8;29.9;8;2.2;8;5.1;999.9;15.4;4.5;0.0;999.9;0;0;0;0;0;0
Trelew_Aero;878280;2013;03;16;13.4;8;2.8;8;1024.0;8;1018.8;8;29.9;8;4.4;8;7.7;999.9;22.2;5.0;0.0;999.9;0;0;0;0;0;0
Trelew_Aero;878280;2013;03;17;16.9;8;6.4;8;1022.9;8;1017.8;8;29.9;8;8.2;8;11.8;999.9;23.0;11.0;0.0;999.9;0;0;0;0;0;0
Trelew_Aero;878280;2013;03;18;19.7;8;8.0;8;1019.2;8;1014.1;8;29.9;8;8.0;8;12.9;999.9;26.0;13.4;0.0;999.9;0;0;0;0;0;0
Trelew_Aero;878280;2013;03;19;20.7;7;7.3;7;1013.4;7;1008.4;7;29.9;7;8.4;7;12.3;999.9;28.6;14.8;0.0;999.9;0;0;0;0;0;0
Trelew_Aero;878280;2013;03;20;22.3;7;6.6;7;1003.9;7;998.9;7;28.6;7;7.6;7;11.3;999.9;29.5;16.0;0.0;999.9;0;0;0;0;0;0
Trelew_Aero;878280;2013;03;21;15.4;7;4.1;7;1012.9;7;1007.8;7;29.9;7;6.0;7;8.7;999.9;21.0;10.0;0.5;999.9;0;0;0;0;0;0
Trelew_Aero;878280;2013;03;22;16.1;8;4.5;8;1012.2;8;1007.1;8;29.9;8;5.3;8;9.3;999.9;23.6;11.0;0.0;999.9;0;0;0;0;0;0
Trelew_Aero;878280;2013;03;23;15.0;8;9.2;8;1017.8;8;1012.7;8;25.6;8;4.5;8;9.8;999.9;24.6;6.0;0.0;999.9;0;0;0;0;0;0
Trelew_Aero;878280;2013;03;24;17.9;8;9.0;8;1004.8;8;999.8;8;29.4;8;6.0;8;9.8;999.9;24.5;11.4;0.0;999.9;0;0;0;0;0;0
Trelew_Aero;878280;2013;03;25;16.4;7;2.7;7;1011.0;7;1005.9;7;29.9;7;5.6;7;7.7;999.9;23.0;11.2;3.0;999.9;0;0;0;0;0;0
Trelew_Aero;878280;2013;03;26;17.9;8;2.7;8;1014.4;8;1009.3;8;29.9;8;4.4;8;7.2;999.9;23.2;11.4;0.0;999.9;0;0;0;0;0;0
Trelew_Aero;878280;2013;03;27;17.4;8;12.0;8;1019.0;8;1013.9;8;29.4;8;3.3;8;6.2;999.9;24.2;13.0;0.0;999.9;0;0;0;0;0;0
Trelew_Aero;878280;2013;03;28;17.7;8;10.2;8;1015.6;8;1010.4;8;29.9;8;3.9;8;7.7;999.9;24.0;11.0;0.0;999.9;0;0;0;0;0;0
Trelew_Aero;878280;2013;03;29;16.3;8;12.1;8;1016.7;8;1011.6;8;26.2;8;2.4;8;5.1;999.9;25.6;11.0;0.0;999.9;0;0;0;0;0;0
Trelew_Aero;878280;2013;03;30;16.2;8;12.1;8;1016.0;8;1010.9;8;23.2;8;4.2;8;8.7;999.9;23.0;13.6;0.8;999.9;0;0;0;0;0;0
Trelew_Aero;878280;2013;03;31;12.1;7;5.9;7;1028.2;7;1023.0;7;29.9;7;2.4;7;4.6;999.9;19.0;5.2;0.0;999.9;0;0;0;0;0;0
Trelew_Aero;878280;2013;04;01;13.6;5;6.8;5;1024.6;5;1019.4;5;29.9;5;4.0;5;7.7;999.9;20.0;6.4;0.0;999.9;0;0;0;0;0;0
Trelew_Aero;878280;2013;04;02;11.9;9;9.3;9;1022.3;8;1017.1;8;21.4;9;2.1;9;4.1;999.9;20.2;6.6;0.0;999.9;0;0;0;0;0;0
Trelew_Aero;878280;2013;04;03;15.7;8;12.4;8;1022.5;8;1017.3;8;15.8;8;2.3;8;8.2;999.9;22.2;11.0;0.0;999.9;0;0;0;0;0;0
Trelew_Aero;878280;2013;04;04;18.9;8;12.1;8;1006.8;7;1001.8;7;27.7;8;5.1;8;7.2;999.9;27.4;13.4;0.0;999.9;0;0;0;0;0;0
Trelew_Aero;878280;2013;04;05;15.8;6;2.4;6;1001.9;6;996.8;6;28.3;6;4.2;6;6.7;999.9;22.4;10.0;0.0;999.9;0;0;0;0;0;0
Trelew_Aero;878280;2013;04;06;13.9;8;-1.6;8;1004.8;8;999.7;8;29.9;8;7.1;8;8.7;999.9;21.8;7.2;0.0;999.9;0;0;0;0;0;0
Trelew_Aero;878280;2013;04;07;16.5;8;2.8;8;1010.9;8;1005.8;8;29.9;8;4.7;8;6.2;999.9;22.4;8.6;0.0;999.9;0;0;0;0;0;0
Trelew_Aero;878280;2013;04;08;14.3;8;3.3;8;1015.7;8;1010.5;8;29.9;8;2.2;8;3.1;999.9;21.0;7.0;0.0;999.9;0;0;0;0;0;0
Trelew_Aero;878280;2013;04;09;18.5;8;6.7;8;1008.5;8;1003.4;8;29.9;8;5.6;8;9.3;999.9;26.6;11.0;0.0;999.9;0;0;0;0;0;0
Trelew_Aero;878280;2013;04;10;21.1;7;0.1;7;1003.1;7;998.1;7;29.3;7;7.4;7;10.8;999.9;25.4;14.2;0.0;999.9;0;0;0;0;0;0
Trelew_Aero;878280;2013;04;11;14.2;8;2.1;8;1010.9;8;1005.8;8;27.5;8;4.8;8;7.7;999.9;27.6;7.8;0.0;999.9;0;0;0;0;0;0
Trelew_Aero;878280;2013;04;12;9.4;8;0.8;8;1018.8;8;1013.6;8;29.9;8;4.2;8;6.2;999.9;16.8;4.4;0.0;999.9;0;0;0;0;0;0
Trelew_Aero;878280;2013;04;13;11.6;8;-1.0;8;1013.5;8;1008.3;8;29.9;8;5.0;8;9.3;999.9;17.0;5.6;0.0;999.9;0;0;0;0;0;0
Trelew_Aero;878280;2013;04;14;15.3;6;6.2;6;1009.0;6;1003.9;6;29.9;6;4.9;6;8.2;999.9;22.6;9.0;0.0;999.9;0;0;0;0;0;0
Trelew_Aero;878280;2013;04;15;12.8;7;6.4;7;1016.2;7;1011.0;7;29.9;7;2.7;7;7.2;999.9;23.2;5.4;0.0;999.9;0;0;0;0;0;0
Trelew_Aero;878280;2013;04;16;18.3;8;9.9;8;1013.2;8;1008.1;8;29.9;8;3.1;8;4.6;999.9;26.6;8.4;0.0;999.9;0;0;0;0;0;0
Trelew_Aero;878280;2013;04;17;19.1;7;7.9;7;1011.5;7;1006.4;7;29.9;7;2.7;7;5.1;999.9;28.1;11.8;0.0;999.9;0;0;0;0;0;0
Trelew_Aero;878280;2013;04;18;22.0;6;7.0;6;1008.1;6;1003.1;6;29.9;6;2.9;6;5.1;999.9;31.0;12.2;0.0;999.9;0;0;0;0;0;0
Trelew_Aero;878280;2013;04;19;20.4;8;6.0;8;1011.3;8;1006.2;8;29.9;8;2.3;8;6.2;999.9;32.6;13.6;0.0;999.9;0;0;0;0;0;0
Trelew_Aero;878280;2013;04;20;18.3;8;8.9;8;1014.0;8;1008.9;8;29.9;8;4.3;8;10.3;999.9;29.2;8.5;0.0;999.9;0;0;0;0;0;0
Trelew_Aero;878280;2013;04;21;19.7;8;7.1;8;1012.5;8;1007.4;8;29.9;8;3.4;8;5.1;999.9;29.2;11.6;0.0;999.9;0;0;0;0;0;0
Trelew_Aero;878280;2013;04;22;17.1;8;6.9;8;1017.2;8;1012.0;8;29.9;8;1.3;8;5.1;999.9;27.5;11.0;0.0;999.9;0;0;0;0;0;0
Trelew_Aero;878280;2013;04;23;15.5;7;14.6;7;1020.4;7;1015.3;7;9.5;7;2.3;7;4.1;999.9;25.0;9.0;2.0;999.9;0;1;0;0;0;0
Trelew_Aero;878280;2013;04;24;15.4;8;14.6;8;1017.6;7;1012.4;7;7.2;8;1.3;8;4.1;999.9;18.1;14.0;2.0;999.9;1;1;0;0;1;0
Trelew_Aero;878280;2013;04;25;16.4;8;12.7;8;1015.3;8;1010.2;8;15.3;8;1.8;8;3.1;999.9;20.6;13.7;4.1;999.9;1;1;0;0;1;0
Trelew_Aero;878280;2013;04;26;16.3;7;10.9;7;1014.0;6;1008.9;6;26.1;7;3.0;7;4.1;999.9;23.0;9.5;0.0;999.9;0;0;0;0;0;0
Trelew_Aero;878280;2013;04;27;14.9;8;10.9;8;1014.7;8;1009.5;8;22.5;8;2.6;8;6.2;999.9;24.6;9.8;0.0;999.9;0;0;0;0;0;0
Trelew_Aero;878280;2013;04;28;15.0;8;10.9;8;1014.1;8;1008.9;8;26.2;8;1.9;8;7.2;999.9;21.5;11.4;0.0;999.9;0;0;0;0;0;0
Trelew_Aero;878280;2013;04;29;14.0;8;11.2;8;1010.5;8;1005.3;8;18.8;8;1.2;8;2.6;999.9;20.8;11.2;0.0;999.9;1;0;0;0;0;0
Trelew_Aero;878280;2013;04;30;13.7;8;8.1;8;1010.1;8;1005.0;8;29.9;8;2.3;8;6.2;999.9;20.4;9.0;0.0;999.9;0;0;0;0;0;0
Trelew_Aero;878280;2013;05;01;13.4;8;9.3;8;1010.4;8;1005.2;8;26.9;8;1.4;8;2.6;999.9;19.2;11.0;0.0;999.9;0;1;0;0;0;0
Trelew_Aero;878280;2013;05;02;10.0;8;4.6;8;1015.5;8;1010.2;8;28.8;8;1.1;8;3.1;999.9;16.2;2.4;0.5;999.9;0;1;0;0;0;0
Trelew_Aero;878280;2013;05;03;15.1;7;9.4;7;1010.0;7;1004.9;7;29.9;7;6.7;7;9.8;999.9;19.8;11.0;0.0;999.9;0;0;0;0;0;0
Trelew_Aero;878280;2013;05;04;14.5;8;3.4;8;1009.9;8;1004.8;8;29.9;8;4.8;8;9.8;999.9;21.6;9.0;0.0;999.9;0;0;0;0;0;0
Trelew_Aero;878280;2013;05;05;10.6;8;-1.4;8;1014.0;8;1008.8;8;29.9;8;3.9;8;8.2;999.9;19.1;2.6;0.0;999.9;0;0;0;0;0;0
Trelew_Aero;878280;2013;05;06;14.4;7;-1.4;7;1010.6;7;1005.5;7;29.9;7;6.7;7;8.7;999.9;20.8;7.0;0.0;999.9;0;0;0;0;0;0
Trelew_Aero;878280;2013;05;07;12.7;7;-4.4;7;1008.5;7;1003.3;7;29.9;7;5.8;7;11.3;999.9;22.0;4.5;0.0;999.9;0;0;0;0;0;0
Trelew_Aero;878280;2013;05;08;17.5;8;0.5;8;998.1;8;993.2;8;29.9;8;6.5;8;8.7;999.9;24.0;9.4;0.0;999.9;0;0;0;0;0;0
Trelew_Aero;878280;2013;05;09;15.0;8;4.3;8;1004.8;8;999.7;8;29.9;8;3.9;8;7.7;999.9;22.4;9.0;0.0;999.9;0;0;0;0;0;0
Trelew_Aero;878280;2013;05;10;16.5;8;3.7;8;1001.6;8;996.5;8;29.4;8;5.2;8;7.7;999.9;22.7;12.0;0.0;999.9;0;0;0;0;0;0
Trelew_Aero;878280;2013;05;11;11.9;8;0.4;8;1010.6;8;1005.4;8;29.9;8;5.1;8;7.7;999.9;22.6;2.4;0.0;999.9;0;0;0;0;0;0
Trelew_Aero;878280;2013;05;12;12.3;8;-3.5;8;1007.8;8;1002.7;8;29.9;8;6.7;8;11.8;999.9;19.0;5.2;0.0;999.9;0;0;0;0;0;0
Trelew_Aero;878280;2013;05;13;10.8;8;-1.4;8;1008.1;8;1002.9;8;29.9;8;5.3;8;8.7;999.9;19.8;5.8;0.0;999.9;0;1;0;0;0;0
Trelew_Aero;878280;2013;05;14;5.1;7;-2.8;7;1014.5;7;1009.1;7;29.9;7;5.5;7;7.7;999.9;14.0;1.6;0.3;999.9;0;0;0;0;0;0
Trelew_Aero;878280;2013;05;15;5.0;8;-7.2;8;1017.3;8;1012.0;8;29.9;8;8.2;8;14.4;999.9;9.2;1.9;0.0;999.9;0;0;0;0;0;0
Trelew_Aero;878280;2013;05;16;7.1;8;-0.6;8;1019.7;8;1014.4;8;29.9;8;3.7;8;6.2;999.9;13.2;2.1;0.0;999.9;0;0;0;0;0;0
Trelew_Aero;878280;2013;05;17;7.6;8;-0.8;8;1016.9;8;1011.6;8;29.9;8;2.3;8;5.1;999.9;17.0;0.2;0.0;999.9;0;0;0;0;0;0
Trelew_Aero;878280;2013;05;18;7.4;7;-1.6;7;1017.8;7;1012.5;7;29.9;7;1.9;7;2.6;999.9;16.8;0.0;0.0;999.9;0;0;0;0;0;0
Trelew_Aero;878280;2013;05;19;6.3;9;1.5;9;1021.2;8;1015.9;8;20.1;9;1.5;9;5.1;999.9;18.2;-1.0;0.0;999.9;1;0;0;0;0;0
Trelew_Aero;878280;2013;05;20;8.4;8;4.8;8;1016.3;7;1011.0;7;21.6;8;2.2;8;6.2;999.9;17.7;-0.6;999.9;999.9;1;1;0;0;1;0
Trelew_Aero;878280;2013;05;21;10.4;8;3.2;8;1012.2;8;1006.9;8;29.9;8;2.6;8;5.1;999.9;18.5;4.4;0.5;999.9;0;0;0;0;0;0
Trelew_Aero;878280;2013;05;22;11.0;8;3.8;8;1014.9;8;1009.7;8;29.9;8;2.5;8;4.1;999.9;19.0;3.5;0.0;999.9;0;0;0;0;0;0
Trelew_Aero;878280;2013;05;23;10.7;8;4.3;8;1006.3;8;1001.1;8;26.2;8;5.9;8;9.8;999.9;20.0;4.0;0.5;999.9;0;1;0;0;0;0
Trelew_Aero;878280;2013;05;24;5.7;8;-1.3;8;1020.3;8;1015.0;8;29.9;8;2.7;8;3.6;999.9;21.8;-3.0;0.5;999.9;0;0;0;0;0;0
Trelew_Aero;878280;2013;05;25;8.3;8;2.7;8;1010.9;8;1005.6;8;29.9;8;1.1;8;3.6;999.9;19.2;-2.0;0.0;999.9;0;0;0;0;0;0
Trelew_Aero;878280;2013;05;26;12.3;7;4.9;7;1005.2;7;1000.1;7;29.9;7;2.7;7;4.1;999.9;19.5;4.0;0.0;999.9;0;0;0;0;0;0
Trelew_Aero;878280;2013;05;27;9.7;8;8.6;8;1004.5;8;999.2;8;19.5;8;2.6;8;5.1;999.9;17.6;6.0;1.0;999.9;1;1;0;0;0;0
Trelew_Aero;878280;2013;05;28;11.3;8;5.8;8;996.5;8;991.9;8;29.9;8;3.7;8;10.3;999.9;14.3;6.0;0.0;999.9;0;0;0;0;0;0
Trelew_Aero;878280;2013;05;29;8.3;8;1.6;8;1002.3;8;997.1;8;29.9;8;4.9;8;11.3;999.9;16.0;4.5;0.0;999.9;0;0;0;0;0;0
Trelew_Aero;878280;2013;05;30;12.2;7;0.9;7;996.3;7;991.2;7;29.9;7;5.6;7;10.3;999.9;17.8;4.0;0.0;999.9;0;0;0;0;0;0
Trelew_Aero;878280;2013;05;31;10.9;8;1.4;8;991.7;8;986.6;8;29.9;8;3.6;8;6.2;999.9;19.6;3.8;0.0;999.9;0;0;0;0;0;0
Trelew_Aero;878280;2013;06;01;8.2;7;2.4;7;996.2;7;991.1;7;24.8;7;2.9;7;5.7;999.9;17.1;4.4;4.1;999.9;0;1;0;0;0;0
Trelew_Aero;878280;2013;06;02;7.6;7;3.9;7;1010.7;7;1005.4;7;29.9;7;3.2;7;5.7;999.9;15.0;2.0;0.0;999.9;0;0;0;0;0;0
Trelew_Aero;878280;2013;06;03;8.1;8;5.4;8;1009.1;8;1003.8;8;23.7;8;2.3;8;3.6;999.9;16.2;2.5;3.0;999.9;0;1;0;0;0;0
Trelew_Aero;878280;2013;06;04;9.5;8;6.9;8;1008.8;8;1003.6;8;29.9;8;2.6;8;6.2;999.9;12.2;6.0;2.0;999.9;0;0;0;0;0;0
Trelew_Aero;878280;2013;06;05;9.9;8;6.8;8;1005.5;8;1000.3;8;20.4;8;5.7;8;11.3;999.9;14.5;7.0;16.0;999.9;0;1;0;0;0;0
Trelew_Aero;878280;2013;06;06;7.3;8;2.4;8;1011.5;8;1006.2;8;29.9;8;2.2;8;5.1;999.9;15.0;3.1;2.0;999.9;0;0;0;0;0;0
Trelew_Aero;878280;2013;06;07;10.9;7;-1.7;7;1009.2;7;1004.0;7;29.9;7;7.5;7;12.9;999.9;16.4;4.0;0.0;999.9;0;0;0;0;0;0
Trelew_Aero;878280;2013;06;08;5.9;8;-2.9;8;1018.7;7;1013.4;7;29.9;8;3.2;7;6.2;999.9;14.2;-0.6;0.0;999.9;0;0;0;0;0;0
Trelew_Aero;878280;2013;06;09;8.3;8;-2.0;8;1011.0;8;1005.7;8;29.9;8;3.8;8;7.7;999.9;16.2;1.0;0.0;999.9;0;0;0;0;0;0
Trelew_Aero;878280;2013;06;10;11.4;8;2.1;8;1008.9;8;1003.7;8;29.9;8;3.8;8;7.2;999.9;17.5;5.4;0.0;999.9;0;0;0;0;0;0
Trelew_Aero;878280;2013;06;11;10.3;8;0.4;8;1008.7;8;1003.5;8;29.9;8;3.6;8;5.1;999.9;17.4;5.4;0.0;999.9;0;0;0;0;0;0
Trelew_Aero;878280;2013;06;12;10.2;8;1.7;8;1012.3;8;1007.1;8;28.8;8;4.0;8;6.2;999.9;17.0;5.6;0.0;999.9;0;1;0;0;0;0
Trelew_Aero;878280;2013;06;13;7.3;8;1.3;8;1014.1;8;1008.8;8;28.8;8;2.5;8;6.2;999.9;18.8;5.0;0.5;999.9;0;0;0;0;0;0
Trelew_Aero;878280;2013;06;14;2.7;8;-5.2;8;1024.4;7;1018.8;8;29.4;8;3.1;8;7.7;999.9;12.0;-4.0;0.0;999.9;0;0;0;0;0;0
Trelew_Aero;878280;2013;06;15;11.1;8;-1.8;8;1003.3;8;998.1;8;28.8;8;9.4;8;11.8;999.9;17.6;-2.0;0.8;999.9;0;1;0;0;0;0
Trelew_Aero;878280;2013;06;16;8.4;8;-5.6;8;1012.3;7;1006.1;8;29.9;8;6.0;8;11.3;999.9;18.5;3.0;0.0;999.9;0;0;0;0;0;0
Trelew_Aero;878280;2013;06;17;8.7;8;-4.1;8;1006.2;8;1000.9;8;29.9;8;6.5;8;8.2;999.9;14.2;3.9;0.0;999.9;0;0;0;0;0;0
Trelew_Aero;878280;2013;06;18;6.8;8;-4.2;8;1007.0;8;1001.8;8;29.9;8;5.8;8;8.2;999.9;15.2;3.2;0.0;999.9;0;0;0;0;0;0
Trelew_Aero;878280;2013;06;19;3.5;8;-4.3;8;1017.0;8;1011.7;8;29.9;8;4.7;8;8.2;999.9;13.6;-3.2;0.0;999.9;0;0;0;0;0;0
Trelew_Aero;878280;2013;06;20;8.9;7;0.1;7;1010.4;7;1005.1;7;29.9;7;4.1;7;8.7;999.9;15.0;-3.0;0.0;999.9;0;0;0;0;0;0
Trelew_Aero;878280;2013;06;21;10.8;6;0.9;6;999.2;6;994.0;6;26.1;6;6.5;6;10.3;999.9;17.4;6.5;2.0;999.9;0;1;0;0;0;0
Trelew_Aero;878280;2013;06;22;4.0;8;-0.2;8;1010.6;8;1005.3;8;29.9;8;2.9;8;5.1;999.9;14.6;-2.6;11.9;999.9;0;0;0;0;0;0
Trelew_Aero;878280;2013;06;23;5.4;8;0.7;8;1017.4;8;1012.0;8;29.9;8;3.1;8;5.1;999.9;12.2;-1.0;0.0;999.9;0;0;0;0;0;0
Trelew_Aero;878280;2013;06;24;5.5;8;0.9;8;1016.2;8;1010.9;8;29.9;8;2.6;8;4.6;999.9;13.2;-0.8;0.0;999.9;0;0;0;0;0;0
Trelew_Aero;878280;2013;06;25;7.6;8;0.6;8;1009.4;8;1004.1;8;29.9;8;2.7;8;4.1;999.9;15.7;0.8;0.0;999.9;0;0;0;0;0;0
Trelew_Aero;878280;2013;06;26;8.2;8;-0.6;8;1006.5;8;1001.3;8;29.9;8;2.8;8;3.1;999.9;16.9;2.2;0.0;999.9;0;0;0;0;0;0
Trelew_Aero;878280;2013;06;27;10.2;8;3.1;8;1001.7;7;996.3;8;29.9;8;3.8;8;8.7;999.9;17.0;2.0;0.0;999.9;0;0;0;0;0;0
Trelew_Aero;878280;2013;06;28;10.7;8;1.8;8;1000.3;8;995.1;8;29.9;8;4.8;8;7.7;999.9;15.8;6.5;0.0;999.9;0;0;0;0;0;0
Trelew_Aero;878280;2013;06;29;5.7;7;-1.7;6;1010.6;6;1005.7;7;29.9;7;4.5;7;7.7;999.9;15.9;2.0;0.0;999.9;0;0;0;0;0;0
Trelew_Aero;878280;2013;06;30;2.9;8;-5.1;8;1017.1;8;1011.8;8;29.9;8;2.4;8;4.1;999.9;9.0;-3.0;0.0;999.9;0;0;0;0;0;0
Trelew_Aero;878280;2013;07;01;1.1;7;-4.5;7;1012.9;7;1007.5;7;29.9;7;2.7;7;5.1;999.9;12.6;-4.4;0.0;999.9;0;0;0;0;0;0
Trelew_Aero;878280;2013;07;02;14.8;8;0.8;8;996.3;8;991.5;7;26.2;8;6.8;8;9.3;999.9;17.0;13.0;0.0;999.9;0;0;0;0;0;0
Trelew_Aero;878280;2013;07;03;10.3;7;0.0;7;1002.4;7;997.2;7;29.9;7;5.5;7;7.7;999.9;15.0;7.0;0.0;999.9;0;0;0;0;0;0
Trelew_Aero;878280;2013;07;04;6.7;8;-3.0;8;1015.1;8;1009.8;8;29.9;8;4.0;8;8.2;999.9;13.9;2.1;0.0;999.9;0;0;0;0;0;0
Trelew_Aero;878280;2013;07;05;4.1;8;-0.7;8;1021.3;8;1015.9;8;24.3;8;1.2;8;5.1;999.9;11.0;0.5;999.9;999.9;0;1;0;0;0;0
Trelew_Aero;878280;2013;07;06;5.9;9;4.2;9;1022.8;8;1017.5;8;14.2;9;1.4;9;3.1;999.9;9.4;1.5;5.1;999.9;1;1;0;0;0;0
Trelew_Aero;878280;2013;07;07;3.7;8;-2.3;8;1027.5;8;1022.2;8;29.9;8;2.8;8;4.1;999.9;10.4;-5.0;0.0;999.9;0;0;0;0;0;0
Trelew_Aero;878280;2013;07;08;3.6;8;-3.3;8;1021.8;8;1016.4;8;29.9;8;4.7;8;11.3;999.9;12.4;-3.0;0.0;999.9;0;0;0;0;0;0
Trelew_Aero;878280;2013;07;09;8.8;8;1.7;8;1011.2;8;1005.9;8;29.9;8;4.7;8;11.3;999.9;16.0;-0.6;0.0;999.9;0;0;0;0;0;0
Trelew_Aero;878280;2013;07;10;10.4;8;2.8;8;1008.3;8;1003.0;8;29.9;8;3.5;8;6.2;999.9;17.8;4.0;0.0;999.9;0;0;0;0;0;0
Trelew_Aero;878280;2013;07;11;7.2;10;-0.2;10;1014.1;10;1008.8;10;29.9;10;3.0;10;5.1;999.9;17.8;0.7;0.0;999.9;0;0;0;0;0;0
Trelew_Aero;878280;2013;07;12;8.9;8;-1.2;8;1012.1;8;1006.8;8;29.9;8;3.9;8;7.2;999.9;17.4;1.4;0.0;999.9;0;0;0;0;0;0
Trelew_Aero;878280;2013;07;13;10.4;8;-2.3;8;1004.3;8;999.1;8;29.9;8;7.2;8;10.3;999.9;14.0;3.0;0.0;999.9;0;0;0;0;0;0
Trelew_Aero;878280;2013;07;14;7.1;8;-2.4;8;1015.5;8;1010.2;8;29.9;8;3.6;8;5.7;999.9;13.8;1.4;0.0;999.9;0;0;0;0;0;0
Trelew_Aero;878280;2013;07;15;7.7;8;-2.8;8;1012.6;8;1007.3;8;29.9;8;3.9;8;9.3;999.9;14.4;2.0;0.0;999.9;0;0;0;0;0;0
Trelew_Aero;878280;2013;07;16;11.7;7;1.5;7;1006.5;7;1001.3;7;29.9;7;5.8;7;8.7;999.9;14.8;7.8;0.0;999.9;0;0;0;0;0;0
Trelew_Aero;878280;2013;07;17;4.7;8;2.8;8;1013.0;8;1007.6;8;9.7;8;4.2;8;10.3;999.9;16.1;2.2;14.0;999.9;0;1;0;0;0;0
Trelew_Aero;878280;2013;07;18;0.1;8;-3.3;8;1025.7;8;1020.2;8;29.9;8;5.9;8;7.7;999.9;4.0;-4.5;8.9;999.9;0;0;0;0;0;0
Trelew_Aero;878280;2013;07;19;0.4;8;-3.4;8;1015.6;8;1010.2;8;29.9;8;4.8;8;6.2;999.9;7.8;-4.5;0.0;999.9;0;0;0;0;0;0
Trelew_Aero;878280;2013;07;20;3.5;8;-1.1;8;1009.5;8;1004.2;8;25.3;8;7.3;8;9.8;999.9;9.6;-3.6;5.1;999.9;0;1;0;0;0;0
Trelew_Aero;878280;2013;07;21;3.5;8;1.8;8;1025.6;8;1020.2;8;11.3;8;7.1;8;9.3;999.9;5.3;2.0;22.1;999.9;0;1;0;0;0;0
Trelew_Aero;878280;2013;07;22;2.6;6;-3.4;6;1024.8;6;1019.4;6;29.9;6;4.2;6;6.2;999.9;5.8;-1.6;3.0;999.9;0;0;0;0;0;0
Trelew_Aero;878280;2013;07;23;5.4;8;-0.5;8;1022.9;8;1017.5;8;29.9;8;3.6;8;6.2;999.9;9.8;-1.2;0.0;999.9;0;0;0;0;0;0
Trelew_Aero;878280;2013;07;24;6.2;8;0.2;8;1016.7;7;1011.1;8;29.9;8;3.7;8;7.2;999.9;14.2;1.0;0.0;999.9;0;0;0;0;0;0
Trelew_Aero;878280;2013;07;25;8.0;8;-0.9;8;1009.8;8;1004.6;8;29.9;8;4.9;8;12.9;999.9;15.1;2.0;0.0;999.9;0;0;0;0;0;0
Trelew_Aero;878280;2013;07;26;5.5;8;0.8;8;1015.7;8;1010.4;8;29.9;8;1.3;8;4.6;999.9;16.0;2.0;0.0;999.9;0;0;0;0;0;0
Trelew_Aero;878280;2013;07;27;4.6;8;-2.1;8;1021.1;8;1015.8;8;29.9;8;3.8;8;8.7;999.9;11.0;-2.4;0.0;999.9;0;0;0;0;0;0
Trelew_Aero;878280;2013;07;28;5.1;6;-1.2;6;1018.8;6;1013.4;6;29.9;6;1.8;6;2.6;999.9;13.2;-0.6;0.0;999.9;0;0;0;0;0;0
Trelew_Aero;878280;2013;07;29;6.7;6;1.2;6;1022.1;6;1016.8;6;29.9;6;1.6;6;3.1;999.9;15.0;-1.7;0.0;999.9;0;0;0;0;0;0
Trelew_Aero;878280;2013;07;30;4.7;9;2.1;9;1019.0;8;1013.6;8;18.7;9;1.0;9;2.1;999.9;16.0;-1.2;0.0;999.9;1;0;0;0;0;0
Trelew_Aero;878280;2013;07;31;7.6;8;4.8;8;1018.0;8;1012.8;8;24.3;8;2.4;8;5.1;999.9;14.0;0.8;0.5;999.9;0;1;0;0;0;0
Trelew_Aero;878280;2013;08;01;4.9;7;1.0;7;1018.1;7;1012.7;7;27.8;7;2.9;7;5.1;999.9;11.8;-1.0;1.0;999.9;0;0;0;0;0;0
Trelew_Aero;878280;2013;08;02;7.4;7;5.4;7;1020.4;7;1015.1;7;20.9;7;2.5;7;5.7;999.9;12.8;1.5;0.0;999.9;0;0;0;0;0;0
Trelew_Aero;878280;2013;08;03;9.7;7;4.0;7;1009.6;6;1004.0;7;29.9;7;4.4;7;7.2;999.9;12.0;6.0;0.0;999.9;0;1;0;0;0;0
Trelew_Aero;878280;2013;08;04;6.3;7;1.2;7;1004.4;7;999.1;7;26.4;7;3.4;7;7.2;999.9;14.0;-1.0;0.0;999.9;0;1;0;0;0;0
Trelew_Aero;878280;2013;08;05;9.4;8;2.7;8;997.8;7;992.7;8;23.7;8;7.4;8;11.3;999.9;14.0;3.0;3.0;999.9;0;1;0;0;0;0
Trelew_Aero;878280;2013;08;06;6.7;8;-0.3;8;1005.6;8;1000.3;8;29.9;8;6.5;8;12.9;999.9;13.6;-0.8;2.0;999.9;0;0;0;0;0;0
Trelew_Aero;878280;2013;08;07;8.3;8;1.4;8;993.7;8;988.6;8;29.9;8;9.0;8;15.4;999.9;14.2;3.5;0.3;999.9;0;0;0;0;0;0
Trelew_Aero;878280;2013;08;08;6.9;8;-2.8;8;1010.8;8;1005.5;8;29.9;8;7.5;8;11.3;999.9;13.5;2.0;0.0;999.9;0;0;0;0;0;0
Trelew_Aero;878280;2013;08;09;5.2;8;-3.6;8;1022.3;8;1017.0;8;29.9;8;3.6;8;6.7;999.9;12.5;-1.6;0.0;999.9;0;0;0;0;0;0
Trelew_Aero;878280;2013;08;10;12.4;8;-3.3;8;1004.9;7;999.7;7;29.9;8;7.4;8;8.7;999.9;19.8;7.8;0.0;999.9;0;0;0;0;0;0
Trelew_Aero;878280;2013;08;11;10.2;7;-0.9;7;1002.1;6;997.0;6;29.9;7;5.9;7;10.3;999.9;20.4;3.4;0.0;999.9;0;0;0;0;0;0
Trelew_Aero;878280;2013;08;12;4.3;8;-3.6;8;1018.9;8;1013.5;8;29.9;8;4.6;8;6.2;999.9;16.0;-2.8;0.0;999.9;0;0;0;0;0;0
Trelew_Aero;878280;2013;08;13;4.2;8;-6.4;8;1025.1;8;1019.7;8;29.9;8;4.9;8;8.2;999.9;11.0;-2.2;0.0;999.9;0;0;0;0;0;0
Trelew_Aero;878280;2013;08;14;7.9;8;-10.2;8;1015.7;8;1010.4;8;29.9;8;7.5;8;11.8;999.9;19.0;-0.4;0.0;999.9;0;0;0;0;0;0
Trelew_Aero;878280;2013;08;15;11.0;8;-2.8;8;1003.3;8;998.2;8;29.9;8;5.0;8;12.3;999.9;20.0;5.9;0.0;999.9;0;0;0;0;0;0
Trelew_Aero;878280;2013;08;16;9.8;7;-5.6;7;1018.5;7;1013.3;7;29.9;7;6.5;7;11.3;999.9;18.0;5.0;0.0;999.9;0;0;0;0;0;0
Trelew_Aero;878280;2013;08;17;12.3;8;-7.2;7;1014.1;8;1008.9;8;29.9;8;5.9;8;10.3;999.9;21.8;4.2;0.0;999.9;0;0;0;0;0;0
Trelew_Aero;878280;2013;08;18;15.0;8;-8.7;8;1002.9;8;997.8;8;27.5;8;6.7;8;11.3;999.9;24.4;5.0;0.0;999.9;0;0;0;0;0;0
Trelew_Aero;878280;2013;08;19;14.5;7;-5.2;7;1004.4;7;999.3;7;27.2;7;9.0;7;12.4;999.9;22.0;9.0;0.0;999.9;0;0;0;0;0;0
Trelew_Aero;878280;2013;08;20;11.3;8;-5.4;8;1010.2;8;1005.0;8;29.9;8;6.2;8;10.3;999.9;17.0;6.0;0.0;999.9;0;0;0;0;0;0
Trelew_Aero;878280;2013;08;21;4.7;8;-0.9;8;1011.9;8;1006.6;8;20.8;8;5.1;8;11.3;999.9;15.5;3.0;0.0;999.9;0;1;0;0;0;0
Trelew_Aero;878280;2013;08;22;1.1;7;-3.3;7;1022.5;7;1017.1;7;23.7;7;7.4;7;11.3;999.9;3.7;-1.6;1.0;999.9;0;0;1;0;0;0
Trelew_Aero;878280;2013;08;23;0.6;7;-4.4;7;1028.7;7;1023.2;7;28.6;7;6.9;7;11.3;999.9;4.0;-2.6;4.1;999.9;0;1;1;0;0;0
Trelew_Aero;878280;2013;08;24;0.2;8;-1.9;8;1035.6;8;1030.1;8;20.4;8;5.3;8;10.3;999.9;4.5;-3.0;5.1;5.1;0;1;1;0;0;0
Trelew_Aero;878280;2013;08;25;1.6;8;-3.9;8;1035.8;8;1030.4;8;29.9;8;3.6;8;7.7;999.9;8.5;-3.2;91.4;999.9;0;0;0;0;0;0
Trelew_Aero;878280;2013;08;26;5.3;7;-4.3;7;1025.1;7;1019.8;7;29.9;7;6.3;7;8.8;999.9;12.5;-1.0;0.0;999.9;0;0;0;0;0;0
Trelew_Aero;878280;2013;08;27;10.9;7;-2.2;7;1011.9;7;1006.6;7;29.9;7;4.3;7;7.2;999.9;14.4;0.4;0.0;999.9;0;0;0;0;0;0
Trelew_Aero;878280;2013;08;28;10.8;8;3.6;8;1009.4;8;1004.1;8;26.2;8;4.7;8;8.2;999.9;20.6;4.6;1.0;999.9;0;1;0;0;0;0
Trelew_Aero;878280;2013;08;29;12.6;7;4.1;7;1006.0;7;1000.4;6;29.9;7;3.4;7;6.2;999.9;22.0;5.4;0.0;999.9;0;0;0;0;0;0
Trelew_Aero;878280;2013;08;30;9.8;8;5.4;8;1011.0;8;1005.8;8;29.9;8;3.3;8;5.7;999.9;21.4;5.6;0.0;999.9;0;0;0;0;0;0
Trelew_Aero;878280;2013;08;31;8.6;8;4.1;8;1013.1;8;1007.8;8;28.8;8;1.7;8;4.1;999.9;20.0;1.0;0.5;999.9;0;1;0;0;0;0
Trelew_Aero;878280;2013;09;01;9.5;10;4.8;10;1012.7;8;1007.5;8;16.9;10;3.3;10;9.3;999.9;15.6;4.0;2.0;999.9;1;0;0;0;0;0
Trelew_Aero;878280;2013;09;02;7.0;8;1.2;8;1017.0;8;1011.8;8;27.5;8;3.2;8;6.2;999.9;16.5;1.2;0.0;999.9;0;1;0;0;0;0
Trelew_Aero;878280;2013;09;03;5.2;7;1.0;6;1028.1;5;1022.5;6;29.9;7;2.1;7;4.1;999.9;10.0;0.2;0.8;999.9;0;0;0;0;0;0
Trelew_Aero;878280;2013;09;04;6.6;7;2.7;7;1019.0;7;1013.7;7;25.7;7;6.0;7;11.3;999.9;11.4;1.5;0.0;999.9;0;1;0;0;0;0
Trelew_Aero;878280;2013;09;05;13.1;8;4.2;8;1006.6;8;1001.4;8;26.2;8;7.4;8;11.3;999.9;21.9;6.0;3.0;999.9;0;1;0;0;0;0
Trelew_Aero;878280;2013;09;06;12.4;7;6.2;7;1009.8;7;1004.6;7;29.9;7;2.7;7;5.7;999.9;16.9;6.8;0.8;999.9;0;0;0;0;0;0
Trelew_Aero;878280;2013;09;07;12.8;8;7.3;8;1007.0;8;1001.9;8;25.6;8;3.4;8;5.1;999.9;18.6;9.4;3.0;999.9;0;1;0;0;0;0
Trelew_Aero;878280;2013;09;08;13.3;8;4.0;8;1005.8;8;1000.6;8;29.9;8;6.0;8;12.9;999.9;23.9;5.1;1.0;999.9;0;0;0;0;0;0
Trelew_Aero;878280;2013;09;09;18.6;7;3.8;7;996.9;7;991.9;7;27.2;7;8.0;7;12.9;999.9;25.7;8.6;0.0;999.9;0;0;0;0;0;0
Trelew_Aero;878280;2013;09;10;16.3;6;-2.1;6;997.7;6;992.7;6;29.9;6;10.9;6;15.4;999.9;19.4;13.8;0.0;999.9;0;0;0;0;0;0
Trelew_Aero;878280;2013;09;11;8.4;8;-5.1;8;1017.2;8;1012.0;8;29.9;8;3.3;8;5.1;999.9;20.0;1.0;0.0;999.9;0;0;0;0;0;0
Trelew_Aero;878280;2013;09;12;6.5;8;-0.3;8;1021.5;8;1016.2;8;28.2;8;2.8;8;7.2;999.9;12.0;3.5;999.9;999.9;0;1;0;0;0;0
Trelew_Aero;878280;2013;09;13;5.0;8;-0.7;8;1028.9;7;1022.6;8;27.5;8;3.5;8;5.1;999.9;12.7;-1.0;0.5;999.9;0;0;0;0;0;0
Trelew_Aero;878280;2013;09;14;3.7;8;-3.3;8;1029.5;8;1024.8;7;29.9;8;1.9;8;5.1;999.9;11.8;-4.1;0.3;999.9;0;0;0;0;0;0
Trelew_Aero;878280;2013;09;15;3.4;7;-2.4;7;1031.4;7;1026.0;7;29.9;7;2.4;7;6.2;999.9;12.6;-4.7;0.0;999.9;0;0;0;0;0;0
Trelew_Aero;878280;2013;09;16;4.6;7;-1.9;7;1027.5;7;1022.1;7;29.9;7;2.6;7;10.3;999.9;11.4;-1.7;0.0;999.9;0;0;0;0;0;0
Trelew_Aero;878280;2013;09;17;6.3;8;-2.1;8;1020.5;8;1015.1;8;29.9;8;2.7;8;5.1;999.9;14.2;-1.0;0.0;999.9;0;0;0;0;0;0
Trelew_Aero;878280;2013;09;18;8.9;8;-2.6;8;1014.7;8;1009.5;8;29.9;8;2.8;8;4.1;999.9;16.9;-0.4;0.0;999.9;0;0;0;0;0;0
Trelew_Aero;878280;2013;09;19;10.9;7;-1.8;7;1008.0;7;1002.8;7;29.9;7;3.8;7;8.7;999.9;18.2;4.8;0.0;999.9;0;0;0;0;0;0
Trelew_Aero;878280;2013;09;20;7.6;7;-2.4;7;1007.2;7;1002.0;7;29.9;7;3.8;7;6.2;999.9;19.0;2.0;0.0;999.9;0;0;0;0;0;0
Trelew_Aero;878280;2013;09;21;7.6;8;0.9;8;1017.5;8;1012.2;8;28.2;8;3.3;8;5.1;999.9;13.5;1.0;0.0;999.9;0;0;0;0;0;0
Trelew_Aero;878280;2013;09;22;8.8;8;-1.0;8;1029.1;8;1023.7;8;29.9;8;4.6;8;9.3;999.9;14.3;2.9;0.0;999.9;0;0;0;0;0;0
Trelew_Aero;878280;2013;09;23;7.9;8;-1.6;8;1030.5;8;1025.2;8;29.9;8;4.4;8;10.3;999.9;15.4;-1.1;0.0;999.9;0;0;0;0;0;0
Trelew_Aero;878280;2013;09;24;7.2;8;1.1;8;1029.1;8;1023.8;8;26.2;8;4.0;8;10.3;999.9;16.5;-2.3;0.0;999.9;0;0;0;0;0;0
Trelew_Aero;878280;2013;09;25;12.7;8;-3.1;8;1016.6;8;1011.4;8;29.9;8;11.3;8;17.0;999.9;20.2;5.0;0.0;999.9;0;0;0;0;0;0
Trelew_Aero;878280;2013;09;26;12.7;8;-2.6;8;1012.6;8;1007.4;8;29.9;8;7.7;8;14.4;999.9;21.5;5.6;0.0;999.9;0;0;0;0;0;0
Trelew_Aero;878280;2013;09;27;6.9;7;-0.2;7;1028.4;7;1023.1;7;29.9;7;6.8;7;9.3;999.9;10.4;3.0;1.0;999.9;0;0;0;0;0;0
Trelew_Aero;878280;2013;09;28;6.5;8;4.2;7;1033.0;8;1027.6;8;22.2;8;4.8;8;10.3;999.9;13.0;4.0;2.0;999.9;0;1;0;0;0;0
Trelew_Aero;878280;2013;09;29;7.1;7;9999.9;0;1032.5;7;1027.1;7;4.8;7;4.5;7;6.2;999.9;8.4;5.2;7.1;999.9;0;1;0;0;0;0
Trelew_Aero;878280;2013;09;30;8.6;7;6.3;6;1029.2;7;1023.9;7;14.8;7;3.3;7;6.2;999.9;10.7;6.6;2.0;999.9;0;0;0;0;0;0
Trelew_Aero;878280;2013;10;01;9.9;7;5.9;7;1020.8;7;1015.6;7;27.2;7;9.1;7;12.9;999.9;12.0;7.5;0.8;999.9;0;0;0;0;0;0
Trelew_Aero;878280;2013;10;02;9.1;8;2.3;8;1016.4;8;1011.2;8;24.3;8;4.9;8;7.7;999.9;16.4;1.6;7.9;999.9;0;1;0;0;0;0
Trelew_Aero;878280;2013;10;03;10.6;8;0.7;8;1019.6;8;1014.3;8;29.9;8;4.0;8;10.3;999.9;17.0;1.5;0.0;999.9;0;0;0;0;0;0
Trelew_Aero;878280;2013;10;04;12.3;6;4.6;6;1019.1;6;1013.9;6;29.9;6;5.3;6;9.3;999.9;19.0;7.0;0.0;999.9;0;0;0;0;0;0
Trelew_Aero;878280;2013;10;05;14.1;7;2.4;7;1018.6;7;1013.5;7;29.9;7;4.5;7;7.2;999.9;20.0;8.0;0.0;999.9;0;0;0;0;0;0
Trelew_Aero;878280;2013;10;06;13.5;8;0.1;8;1018.8;8;1013.6;8;29.9;8;3.7;8;6.2;999.9;23.9;6.0;0.0;999.9;0;0;0;0;0;0
Trelew_Aero;878280;2013;10;07;15.9;8;5.1;8;1014.5;8;1009.3;8;29.9;8;2.3;8;7.7;999.9;28.8;4.0;0.0;999.9;0;0;0;0;0;0
Trelew_Aero;878280;2013;10;08;22.3;8;4.4;8;1005.1;8;1000.1;8;29.9;8;5.9;8;10.3;999.9;29.4;13.0;0.0;999.9;0;0;0;0;0;0
Trelew_Aero;878280;2013;10;09;16.6;8;-3.2;8;1010.1;8;1005.0;8;28.8;8;6.7;8;10.3;999.9;27.4;9.2;0.0;999.9;0;0;0;0;0;0
Trelew_Aero;878280;2013;10;10;13.2;8;-1.4;8;1014.4;8;1009.2;8;29.9;8;7.2;8;12.9;999.9;21.0;9.5;0.0;999.9;0;0;0;0;0;0
Trelew_Aero;878280;2013;10;11;11.3;8;-3.3;8;1023.8;8;1018.6;8;29.4;8;7.6;8;12.9;999.9;20.8;3.5;0.0;999.9;0;0;0;0;0;0
Trelew_Aero;878280;2013;10;12;16.2;7;0.2;7;1018.1;7;1013.0;7;28.6;7;7.8;7;12.9;999.9;23.3;10.9;0.0;999.9;0;0;0;0;0;0
Trelew_Aero;878280;2013;10;13;17.5;8;6.7;8;1010.8;8;1005.7;8;29.9;8;8.2;8;11.3;999.9;25.0;10.6;0.0;999.9;0;0;0;0;0;0
Trelew_Aero;878280;2013;10;14;20.3;8;0.8;8;1010.3;8;1005.3;8;29.9;8;5.8;8;7.7;999.9;26.0;14.9;0.0;999.9;0;0;0;0;0;0
Trelew_Aero;878280;2013;10;15;20.4;8;3.8;8;1011.8;8;1006.7;8;29.9;8;5.1;8;8.8;999.9;27.8;12.6;0.0;999.9;0;0;0;0;0;0
Trelew_Aero;878280;2013;10;16;17.8;7;5.6;7;1018.1;7;1013.1;7;29.9;7;5.1;7;9.3;999.9;29.2;14.0;0.0;999.9;0;0;0;0;0;0
Trelew_Aero;878280;2013;10;17;13.6;8;6.3;8;1016.9;8;1011.7;8;29.9;8;3.2;8;6.2;999.9;24.0;5.2;0.0;999.9;0;0;0;0;0;0
Trelew_Aero;878280;2013;10;18;14.9;8;2.8;8;1010.5;7;1005.8;8;29.9;8;3.9;8;10.3;999.9;24.5;6.9;0.0;999.9;0;0;0;0;0;0
Trelew_Aero;878280;2013;10;19;18.3;8;0.6;8;1000.6;8;995.5;8;29.9;8;4.9;8;11.3;999.9;26.0;10.0;0.0;999.9;0;0;0;0;0;0
Trelew_Aero;878280;2013;10;20;13.1;8;-0.6;8;999.5;8;995.4;7;29.9;8;9.1;8;15.4;999.9;27.4;8.2;0.0;999.9;0;0;0;0;0;0
Trelew_Aero;878280;2013;10;21;8.5;8;-6.3;8;1013.2;8;1008.0;8;29.9;8;5.3;8;8.8;999.9;16.9;1.2;0.0;999.9;0;0;0;0;0;0
Trelew_Aero;878280;2013;10;22;14.3;8;-7.6;8;1005.6;8;1000.4;8;29.9;8;5.4;8;9.3;999.9;18.2;7.0;0.0;999.9;0;0;0;0;0;0
Trelew_Aero;878280;2013;10;23;11.3;8;0.1;8;1015.4;8;1010.2;8;28.2;8;3.7;8;7.7;999.9;19.4;3.4;0.5;999.9;0;1;0;0;0;0
Trelew_Aero;878280;2013;10;24;14.3;8;-3.0;8;1021.2;8;1016.1;8;29.9;8;3.7;8;9.3;999.9;23.2;3.1;0.0;999.9;0;0;0;0;0;0
Trelew_Aero;878280;2013;10;25;17.8;8;-1.6;8;1013.7;8;1008.6;8;29.9;8;6.9;8;12.4;999.9;26.4;9.3;0.0;999.9;0;0;0;0;0;0
Trelew_Aero;878280;2013;10;26;18.0;8;-3.6;8;1008.8;8;1003.7;8;26.2;8;10.9;8;15.4;999.9;27.5;13.7;0.0;999.9;0;0;0;0;0;0
Trelew_Aero;878280;2013;10;27;15.6;8;-6.2;8;1017.9;8;1012.7;8;29.9;8;4.9;8;8.2;999.9;26.7;7.0;0.0;999.9;0;0;0;0;0;0
Trelew_Aero;878280;2013;10;28;14.5;8;-0.7;8;1013.0;8;1007.9;8;29.9;8;5.5;8;11.3;999.9;27.5;6.0;0.0;999.9;0;0;0;0;0;0
Trelew_Aero;878280;2013;10;29;12.8;7;7.0;7;1018.6;7;1013.4;7;27.8;7;4.5;7;9.3;999.9;18.6;8.0;0.0;999.9;0;0;0;0;0;0
Trelew_Aero;878280;2013;10;30;14.6;6;11.6;6;1011.5;6;1006.2;6;22.5;6;3.8;6;7.2;999.9;19.2;9.0;6.1;999.9;0;1;0;0;0;0
Trelew_Aero;878280;2013;10;31;16.5;8;11.2;8;1007.0;8;1001.9;8;29.9;8;3.9;8;6.2;999.9;21.4;13.0;4.1;999.9;0;0;0;0;0;0
Trelew_Aero;878280;2013;11;01;16.5;8;8.0;8;1013.6;8;1008.5;8;28.2;8;4.4;8;7.7;999.9;22.7;9.6;0.3;999.9;0;1;0;0;1;0
Trelew_Aero;878280;2013;11;02;16.8;8;4.6;8;1015.7;7;1010.5;8;29.9;8;5.2;8;11.3;999.9;26.4;9.1;0.0;999.9;0;0;0;0;0;0
Trelew_Aero;878280;2013;11;03;15.1;8;7.1;8;1019.1;8;1014.0;8;29.9;8;2.4;8;4.1;999.9;27.5;11.4;0.0;999.9;0;0;0;0;0;0
Trelew_Aero;878280;2013;11;04;16.4;8;8.8;8;1017.0;8;1011.8;8;22.9;8;3.9;8;11.3;999.9;26.0;8.4;0.0;999.9;1;0;0;0;0;0
Trelew_Aero;878280;2013;11;05;20.7;8;9.6;8;1011.2;8;1006.1;8;29.9;8;5.7;8;12.3;999.9;29.8;10.2;0.0;999.9;0;0;0;0;0;0
Trelew_Aero;878280;2013;11;06;22.3;6;5.4;6;1001.6;5;996.2;6;29.9;6;5.8;6;9.3;999.9;27.4;17.0;0.0;999.9;0;0;0;0;0;0
Trelew_Aero;878280;2013;11;07;18.4;7;0.3;7;1005.3;7;1000.3;7;29.9;7;8.6;6;11.3;999.9;28.3;12.5;0.0;999.9;0;0;0;0;0;0
Trelew_Aero;878280;2013;11;08;15.8;8;1.4;8;1009.6;8;1004.4;8;29.9;8;4.0;8;6.7;999.9;23.0;8.0;0.0;999.9;0;0;0;0;0;0
Trelew_Aero;878280;2013;11;09;14.2;8;4.3;8;1015.2;8;1010.0;8;28.8;8;4.7;8;7.7;999.9;19.2;8.8;0.0;999.9;0;0;0;0;0;0
Trelew_Aero;878280;2013;11;10;17.2;8;3.4;8;1008.6;8;1003.5;8;29.9;8;8.1;8;12.9;999.9;24.8;10.7;0.0;999.9;0;0;0;0;0;0
Trelew_Aero;878280;2013;11;11;19.1;8;-2.7;8;1002.2;8;997.1;8;25.6;8;8.8;8;15.4;999.9;26.0;11.2;0.0;999.9;0;0;0;0;0;0
Trelew_Aero;878280;2013;11;12;15.5;8;-8.6;8;1007.2;8;1002.1;8;24.3;8;9.1;8;14.4;999.9;25.0;9.0;0.0;999.9;0;0;0;0;0;0
Trelew_Aero;878280;2013;11;13;15.3;8;0.8;8;1009.8;8;1004.7;8;29.9;8;3.4;8;6.2;999.9;21.0;11.4;0.0;999.9;0;0;0;0;0;0
