Tucuman_Aero_II;871210;20130101;22.4;8;15.1;8;1014.6;8;964.5;8;10.8;8;4.7;8;14.4;15.4;31.0;16.4;23.1;999.9;0;1;0;0;1;0
Tucuman_Aero_II;871210;20130102;21.8;14;14.1;14;1016.5;8;965.4;8;13.2;14;2.4;14;5.1;999.9;25.0;15.8;0.0;999.9;0;0;0;0;0;0
Tucuman_Aero_II;871210;20130103;24.5;22;16.2;22;1010.6;8;960.2;8;12.2;22;2.2;22;6.2;9.3;34.5;17.6;0.0;999.9;0;0;0;0;0;0
Tucuman_Aero_II;871210;20130104;27.2;22;19.1;22;1005.4;7;955.9;7;11.9;22;2.8;22;5.1;999.9;33.0;21.5;0.0;999.9;0;0;0;0;0;0
Tucuman_Aero_II;871210;20130105;28.7;24;21.1;24;1003.0;8;953.9;8;11.1;24;3.8;24;9.3;11.3;36.2;23.0;0.0;999.9;0;0;0;0;0;0
Tucuman_Aero_II;871210;20130106;21.9;23;20.2;23;1006.3;8;956.4;8;6.8;23;3.6;23;6.2;999.9;36.6;20.0;2.0;999.9;0;1;0;0;0;0
Tucuman_Aero_II;871210;20130107;24.2;24;20.1;24;1001.7;7;951.7;7;9.7;24;2.2;24;5.1;999.9;32.2;18.3;15.0;999.9;1;1;0;0;1;0
Tucuman_Aero_II;871210;20130108;27.5;23;22.4;23;1003.1;8;953.7;8;12.1;23;3.0;23;6.2;999.9;33.0;18.3;0.0;999.9;0;0;0;0;0;0
Tucuman_Aero_II;871210;20130109;26.3;20;21.2;20;1011.8;8;962.0;8;10.9;19;4.2;20;9.3;11.3;33.5;20.6;41.9;999.9;0;1;0;0;1;0
Tucuman_Aero_II;871210;20130110;27.9;20;21.8;20;1012.4;8;962.7;8;12.4;20;2.7;20;5.1;8.2;34.0;24.0;0.0;999.9;0;0;0;0;0;0
Tucuman_Aero_II;871210;20130111;27.6;23;21.0;23;1009.0;8;959.5;8;12.4;23;1.9;23;5.1;999.9;33.7;20.6;41.9;999.9;0;0;0;0;0;0
Tucuman_Aero_II;871210;20130112;27.0;24;20.0;24;1005.8;8;956.3;8;11.9;24;2.1;24;5.1;999.9;33.6;22.7;0.0;999.9;0;0;0;0;0;0
Tucuman_Aero_II;871210;20130113;26.8;22;21.8;22;1008.8;8;959.1;8;9.8;22;1.0;22;2.1;999.9;31.0;23.1;0.8;999.9;0;1;0;0;0;0
Tucuman_Aero_II;871210;20130114;25.6;15;19.9;15;1009.5;5;959.7;5;11.9;15;1.8;15;3.1;999.9;33.1;20.7;0.0;999.9;0;0;0;0;0;0
Tucuman_Aero_II;871210;20130115;27.6;7;20.3;7;1007.2;7;957.8;7;15.0;7;1.4;7;3.1;999.9;33.6;23.0;0.0;999.9;0;0;0;0;0;0
Tucuman_Aero_II;871210;20130116;29.5;12;20.6;12;1003.5;8;954.3;8;12.2;12;2.7;12;5.1;999.9;34.0;23.5;0.0;999.9;0;0;0;0;0;0
Tucuman_Aero_II;871210;20130117;25.4;24;20.4;24;1009.0;8;959.3;8;10.0;24;3.6;24;7.2;999.9;34.2;20.0;30.0;999.9;0;1;0;0;1;0
Tucuman_Aero_II;871210;20130118;25.4;23;20.7;23;1013.4;8;963.2;8;10.3;23;2.5;22;4.1;999.9;30.3;20.4;17.0;999.9;0;0;0;0;0;0
Tucuman_Aero_II;871210;20130119;26.1;24;20.0;24;1013.7;7;963.6;7;11.1;24;3.3;24;5.1;999.9;30.7;23.3;0.0;999.9;0;0;0;0;0;0
Tucuman_Aero_II;871210;20130120;24.3;23;18.3;22;1015.0;8;964.7;8;11.3;23;3.8;22;7.2;999.9;30.2;21.0;0.0;999.9;0;0;0;0;0;0
Tucuman_Aero_II;871210;20130121;22.8;23;19.2;23;1014.7;7;964.1;7;9.0;23;2.5;23;4.6;999.9;26.4;20.0;0.3;999.9;0;1;0;0;0;0
Tucuman_Aero_II;871210;20130122;23.9;24;19.4;24;1013.0;7;962.5;7;10.6;24;2.1;24;4.1;999.9;29.0;20.0;0.0;999.9;0;1;0;0;0;0
Tucuman_Aero_II;871210;20130123;26.4;24;20.9;24;1009.1;8;959.2;8;10.9;24;1.8;24;4.1;999.9;33.0;21.0;0.0;999.9;0;0;0;0;0;0
Tucuman_Aero_II;871210;20130124;29.6;19;20.1;19;1002.9;7;953.7;7;12.2;19;3.4;19;6.7;999.9;38.0;23.7;0.0;999.9;0;0;0;0;0;0
Tucuman_Aero_II;871210;20130125;26.4;23;18.8;23;1007.5;8;958.1;8;11.9;23;3.1;23;8.2;999.9;38.0;22.0;0.0;999.9;0;1;0;0;0;0
Tucuman_Aero_II;871210;20130126;24.6;24;17.8;24;1012.0;8;961.8;8;12.1;24;2.1;24;5.1;999.9;30.5;19.2;0.0;999.9;0;0;0;0;0;0
Tucuman_Aero_II;871210;20130127;26.4;24;19.6;24;1009.1;8;959.1;8;12.2;24;2.3;24;4.1;999.9;34.0;20.0;0.0;999.9;0;0;0;0;0;0
Tucuman_Aero_II;871210;20130128;27.1;23;19.3;23;1008.9;8;959.2;8;12.1;23;1.3;23;4.1;999.9;35.6;20.0;0.0;999.9;0;0;0;0;0;0
Tucuman_Aero_II;871210;20130129;27.2;23;19.4;23;1009.5;8;959.9;8;10.5;23;2.0;23;4.1;999.9;34.4;21.4;0.0;999.9;0;0;0;0;0;0
Tucuman_Aero_II;871210;20130130;27.9;22;19.9;22;1007.4;8;957.9;8;11.3;22;3.6;22;7.7;12.9;34.0;12.3;4.1;999.9;0;1;0;0;1;0
Tucuman_Aero_II;871210;20130131;27.4;21;17.4;21;1004.2;8;954.9;8;10.9;21;4.5;21;8.2;10.3;35.0;20.6;0.0;999.9;0;0;0;0;1;0
Tucuman_Aero_II;871210;20130201;29.4;20;20.7;20;1002.4;8;953.4;8;9.8;20;4.0;20;999.9;999.9;39.0;22.4;0.3;999.9;0;0;0;0;1;0
Tucuman_Aero_II;871210;20130202;26.5;21;20.2;20;1005.7;8;956.6;8;8.5;21;4.0;21;7.7;10.3;39.4;21.0;0.0;999.9;0;0;0;0;0;0
Tucuman_Aero_II;871210;20130203;25.6;22;20.1;22;1014.2;8;963.9;8;8.9;22;1.8;22;3.1;999.9;30.0;23.0;0.0;999.9;0;0;0;0;0;0
Tucuman_Aero_II;871210;20130204;26.3;23;20.0;23;1009.5;8;959.6;8;10.6;23;1.8;23;4.1;999.9;33.0;22.0;0.0;999.9;0;0;0;0;0;0
Tucuman_Aero_II;871210;20130205;28.3;21;19.7;21;1007.8;7;958.3;7;11.7;21;3.1;21;7.2;999.9;36.0;22.5;0.0;999.9;0;0;0;0;0;0
Tucuman_Aero_II;871210;20130206;27.4;24;16.8;24;1010.2;8;960.7;8;11.7;24;2.4;24;7.7;999.9;36.8;21.0;0.0;999.9;0;0;0;0;0;0
Tucuman_Aero_II;871210;20130207;27.1;23;16.2;23;1011.4;8;961.6;8;11.6;23;2.0;23;4.1;999.9;34.0;20.0;0.0;999.9;0;0;0;0;0;0
Tucuman_Aero_II;871210;20130208;27.7;20;15.6;20;1008.2;8;958.4;8;11.7;20;2.2;20;5.1;999.9;36.0;17.4;0.0;999.9;0;0;0;0;0;0
Tucuman_Aero_II;871210;20130209;27.1;24;17.4;24;1005.2;7;955.8;7;8.9;24;2.9;24;6.2;999.9;34.8;20.8;999.9;999.9;0;1;0;0;0;0
Tucuman_Aero_II;871210;20130210;27.1;23;17.9;23;1003.0;8;953.6;8;11.1;23;4.6;23;8.2;14.4;35.5;21.7;0.0;999.9;0;0;0;0;0;0
Tucuman_Aero_II;871210;20130211;25.7;24;17.7;24;1007.7;8;957.8;8;9.7;24;3.6;24;10.3;999.9;35.4;19.0;20.1;999.9;0;1;0;0;1;0
Tucuman_Aero_II;871210;20130212;28.3;23;16.8;23;1002.5;8;953.1;8;11.9;23;3.8;23;6.2;999.9;37.3;21.0;0.0;999.9;0;0;0;0;0;0
Tucuman_Aero_II;871210;20130213;30.1;23;19.5;23;1000.8;8;952.0;8;12.1;23;2.8;23;6.2;999.9;38.3;22.3;0.0;999.9;0;0;0;0;0;0
Tucuman_Aero_II;871210;20130214;24.9;22;19.7;22;1007.7;8;958.2;8;10.0;22;3.7;22;9.3;999.9;39.0;19.4;20.1;999.9;0;1;0;0;1;0
Tucuman_Aero_II;871210;20130215;27.1;22;20.6;22;1007.7;7;958.0;7;12.2;22;3.0;22;6.7;999.9;34.0;20.2;0.0;999.9;0;0;0;0;0;0
Tucuman_Aero_II;871210;20130216;29.6;24;21.6;24;1000.4;8;951.5;8;12.1;24;2.8;24;5.1;999.9;36.4;23.5;0.0;999.9;0;0;0;0;0;0
Tucuman_Aero_II;871210;20130217;29.4;23;21.9;23;998.7;8;950.0;8;10.5;23;4.3;23;19.5;25.7;39.0;22.0;999.9;999.9;0;1;0;0;1;0
Tucuman_Aero_II;871210;20130218;18.1;24;16.7;24;1013.9;8;963.1;8;6.4;24;2.9;23;6.2;999.9;21.2;15.0;54.1;999.9;0;1;0;0;1;0
Tucuman_Aero_II;871210;20130219;16.8;24;14.8;24;1016.1;7;964.3;7;6.8;24;2.5;24;4.1;999.9;20.0;14.8;7.1;999.9;0;1;0;0;0;0
Tucuman_Aero_II;871210;20130220;18.2;23;16.0;23;1013.9;7;962.5;7;8.7;23;2.4;23;4.1;999.9;21.0;15.7;0.0;999.9;0;1;0;0;0;0
Tucuman_Aero_II;871210;20130221;23.4;15;18.3;15;1013.9;8;963.0;8;12.4;15;3.4;15;7.2;8.2;28.0;16.1;0.0;999.9;0;0;0;0;0;0
Tucuman_Aero_II;871210;20130222;21.2;23;18.8;23;1013.4;5;962.8;5;9.0;23;2.4;23;5.1;999.9;27.8;19.0;0.0;999.9;0;1;0;0;0;0
Tucuman_Aero_II;871210;20130223;24.4;22;20.1;22;9999.9;0;9999.9;0;9.5;22;2.6;22;4.6;999.9;33.0;18.0;0.0;999.9;0;0;0;0;0;0
Tucuman_Aero_II;871210;20130224;27.4;24;21.9;24;1002.2;8;952.8;8;11.7;24;3.1;24;7.2;999.9;34.0;21.6;0.0;999.9;0;0;0;0;1;0
Tucuman_Aero_II;871210;20130225;22.1;24;17.9;24;1013.5;7;963.1;7;7.1;24;3.1;24;7.2;7.7;27.0;18.0;81.0;999.9;0;1;0;0;1;0
Tucuman_Aero_II;871210;20130226;20.8;23;16.3;23;1014.5;6;963.6;6;11.7;23;2.2;23;4.6;999.9;26.5;17.2;0.0;999.9;0;0;0;0;0;0
Tucuman_Aero_II;871210;20130227;22.8;23;16.5;23;1012.5;6;961.9;6;11.7;23;3.4;23;6.2;999.9;30.0;15.6;0.0;999.9;0;0;0;0;0;0
Tucuman_Aero_II;871210;20130228;24.8;24;18.9;24;1007.0;8;957.1;8;11.6;24;4.3;24;7.2;999.9;33.0;19.3;0.0;999.9;0;0;0;0;0;0
Tucuman_Aero_II;871210;20130301;27.4;24;21.5;24;1000.3;8;951.0;8;11.9;24;3.2;24;4.6;999.9;34.2;22.0;0.0;999.9;0;0;0;0;0;0
Tucuman_Aero_II;871210;20130302;25.0;24;18.7;24;1002.6;7;953.3;7;10.0;24;3.0;24;8.2;999.9;34.4;22.6;0.0;999.9;0;0;0;0;0;0
Tucuman_Aero_II;871210;20130303;22.2;17;14.8;17;1015.0;8;964.3;8;11.7;17;2.1;17;4.1;999.9;25.9;19.9;0.0;999.9;0;0;0;0;0;0
Tucuman_Aero_II;871210;20130304;20.2;24;14.8;24;1016.8;8;966.0;7;12.2;24;2.7;24;5.1;999.9;23.6;17.6;0.0;999.9;0;0;0;0;0;0
Tucuman_Aero_II;871210;20130305;21.1;24;14.2;24;1013.2;8;962.1;8;11.4;24;3.7;24;6.2;999.9;29.0;14.5;0.0;999.9;0;0;0;0;0;0
Tucuman_Aero_II;871210;20130306;22.9;24;16.2;24;1005.3;8;955.1;8;11.7;24;2.9;24;7.2;999.9;30.6;16.6;0.0;999.9;0;0;0;0;0;0
Tucuman_Aero_II;871210;20130307;26.1;18;19.7;18;1006.5;7;956.6;7;12.2;18;3.3;18;5.1;999.9;32.0;19.8;0.0;999.9;0;0;0;0;0;0
Tucuman_Aero_II;871210;20130308;26.8;23;22.3;23;1006.7;8;957.1;8;11.3;23;1.6;23;4.1;999.9;32.2;22.0;0.0;999.9;0;0;0;0;0;0
Tucuman_Aero_II;871210;20130309;29.1;24;23.7;24;1004.1;8;954.9;8;10.8;24;2.5;24;5.1;999.9;34.1;24.0;0.0;999.9;0;0;0;0;1;0
Tucuman_Aero_II;871210;20130310;24.7;24;19.6;24;1005.1;8;955.7;8;10.6;24;4.5;24;7.7;999.9;34.5;21.0;4.1;999.9;0;1;0;0;0;0
Tucuman_Aero_II;871210;20130311;22.2;22;18.4;22;1006.2;7;955.6;7;11.9;22;2.5;22;4.1;999.9;26.0;18.0;999.9;999.9;0;1;0;0;0;0
Tucuman_Aero_II;871210;20130312;21.1;24;17.8;24;1007.3;8;956.8;8;10.1;24;2.5;24;7.7;15.4;26.2;17.0;0.5;999.9;1;1;0;0;0;0
Tucuman_Aero_II;871210;20130313;21.7;24;16.7;24;1010.3;8;959.6;8;12.2;24;2.4;24;4.1;999.9;26.0;16.0;3.0;999.9;0;0;0;0;0;0
Tucuman_Aero_II;871210;20130314;16.2;22;15.1;22;1015.8;8;964.4;8;4.3;22;3.4;22;5.1;999.9;26.7;13.7;30.0;999.9;0;1;0;0;0;0
Tucuman_Aero_II;871210;20130315;14.6;24;13.1;24;1020.9;8;968.5;8;6.3;24;2.6;24;4.1;999.9;16.2;13.0;8.9;999.9;0;1;0;0;0;0
Tucuman_Aero_II;871210;20130316;16.1;23;14.0;23;1021.9;8;969.5;7;10.1;23;1.3;23;4.1;999.9;18.0;13.2;0.0;999.9;0;1;0;0;0;0
Tucuman_Aero_II;871210;20130317;16.3;23;14.7;23;1020.6;8;968.5;8;7.1;23;2.1;23;4.6;999.9;18.4;15.0;6.1;999.9;0;1;0;0;0;0
Tucuman_Aero_II;871210;20130318;16.2;23;14.4;23;1019.4;8;967.5;8;7.6;23;1.6;23;4.1;999.9;18.7;14.8;3.0;999.9;0;1;0;0;0;0
Tucuman_Aero_II;871210;20130319;17.7;23;14.6;23;1015.7;8;964.0;8;10.6;23;2.2;23;4.6;999.9;22.0;15.0;0.0;999.9;0;0;0;0;0;0
Tucuman_Aero_II;871210;20130320;19.4;24;14.3;24;1011.4;8;960.2;8;11.7;24;2.3;24;4.1;999.9;26.0;13.8;0.0;999.9;0;0;0;0;0;0
Tucuman_Aero_II;871210;20130321;21.7;23;15.8;23;1010.6;8;959.9;8;11.9;23;2.5;23;6.2;999.9;28.3;15.5;0.0;999.9;0;0;0;0;0;0
Tucuman_Aero_II;871210;20130322;22.6;24;17.3;24;1012.4;8;961.9;8;11.9;24;2.8;24;6.2;999.9;30.0;17.6;0.0;999.9;0;0;0;0;0;0
Tucuman_Aero_II;871210;20130323;21.9;24;17.8;24;1013.2;8;962.7;8;10.9;24;3.2;24;5.1;999.9;29.6;17.3;5.1;999.9;0;1;0;0;1;0
Tucuman_Aero_II;871210;20130324;20.4;17;15.8;17;1011.7;8;960.7;8;12.4;17;2.6;17;4.1;999.9;26.0;13.9;0.0;999.9;0;0;0;0;0;0
Tucuman_Aero_II;871210;20130325;22.1;24;17.8;24;1009.7;8;959.3;8;10.3;24;1.5;24;4.1;999.9;28.0;15.6;0.0;999.9;0;0;0;0;0;0
Tucuman_Aero_II;871210;20130326;22.1;24;17.5;24;1018.5;8;966.9;8;10.3;24;1.4;24;4.1;999.9;28.3;19.0;0.0;999.9;0;0;0;0;0;0
Tucuman_Aero_II;871210;20130327;22.4;24;18.1;24;1017.0;8;966.1;8;11.7;24;1.7;24;4.1;999.9;27.0;19.6;0.0;999.9;0;0;0;0;0;0
Tucuman_Aero_II;871210;20130328;23.1;23;17.4;23;1015.9;8;965.1;8;11.4;23;1.3;23;5.1;999.9;29.0;18.5;0.0;999.9;0;0;0;0;0;0
Tucuman_Aero_II;871210;20130329;23.0;24;17.0;24;1013.4;8;962.8;8;11.4;24;2.4;24;4.1;999.9;29.0;17.7;0.0;999.9;0;1;0;0;0;0
Tucuman_Aero_II;871210;20130330;23.8;20;17.8;20;1009.4;8;959.0;8;12.2;20;2.6;20;5.1;999.9;31.0;17.0;0.0;999.9;0;0;0;0;0;0
Tucuman_Aero_II;871210;20130331;23.5;23;17.9;23;1006.5;7;956.4;7;11.9;23;2.2;23;4.1;999.9;31.0;17.6;0.0;999.9;0;0;0;0;0;0
Tucuman_Aero_II;871210;20130401;19.9;23;17.5;23;1011.9;6;961.2;6;7.4;23;2.6;23;6.2;999.9;31.2;18.0;0.3;999.9;0;1;0;0;1;0
Tucuman_Aero_II;871210;20130402;17.6;24;16.5;24;1014.6;8;963.1;8;2.9;24;2.5;24;4.1;999.9;19.2;16.0;7.1;999.9;0;1;0;0;0;0
Tucuman_Aero_II;871210;20130403;17.9;21;14.8;21;1017.2;8;965.6;8;12.1;21;2.4;21;5.1;999.9;21.4;16.0;9.9;999.9;0;1;0;0;0;0
Tucuman_Aero_II;871210;20130404;19.2;24;14.3;24;1011.8;8;960.7;8;11.7;24;2.6;24;5.1;999.9;26.0;13.8;0.0;999.9;0;0;0;0;0;0
Tucuman_Aero_II;871210;20130405;20.8;24;13.4;24;1007.8;8;957.6;7;11.1;24;3.3;24;6.2;999.9;30.0;14.0;0.0;999.9;0;0;0;0;0;0
Tucuman_Aero_II;871210;20130406;22.1;24;14.7;24;1006.0;8;955.7;8;11.6;24;3.4;24;6.2;999.9;30.6;13.5;0.0;999.9;0;0;0;0;0;0
Tucuman_Aero_II;871210;20130407;19.2;18;14.8;18;1014.5;8;963.6;8;10.6;18;2.6;18;4.1;999.9;30.2;17.0;0.0;999.9;0;0;0;0;0;0
Tucuman_Aero_II;871210;20130408;19.3;21;15.1;21;1016.2;8;964.9;8;11.4;21;1.3;21;4.1;999.9;23.0;17.0;0.0;999.9;0;0;0;0;0;0
Tucuman_Aero_II;871210;20130409;21.2;24;16.8;24;1013.1;8;962.1;8;8.5;24;2.0;24;5.1;999.9;26.0;16.5;0.0;999.9;0;0;0;0;0;0
Tucuman_Aero_II;871210;20130410;21.2;23;16.7;23;1006.8;8;956.2;8;8.7;23;2.6;23;5.1;999.9;28.0;15.0;0.0;999.9;0;0;0;0;0;0
Tucuman_Aero_II;871210;20130411;24.1;24;17.8;24;1001.7;8;951.7;8;11.7;24;3.1;24;5.1;999.9;31.0;17.2;0.0;999.9;0;0;0;0;0;0
Tucuman_Aero_II;871210;20130412;18.1;22;16.2;22;1013.0;8;962.1;8;4.7;22;3.2;22;6.7;999.9;30.6;16.0;5.1;999.9;0;1;0;0;0;0
Tucuman_Aero_II;871210;20130413;15.7;24;14.9;24;1019.2;8;967.2;8;4.2;24;1.8;24;3.1;999.9;19.1;14.0;10.9;999.9;0;1;0;0;0;0
Tucuman_Aero_II;871210;20130414;17.9;24;14.7;24;1016.2;8;964.3;8;10.9;24;1.3;24;3.1;999.9;24.0;13.4;0.8;999.9;0;0;0;0;0;0
Tucuman_Aero_II;871210;20130415;19.6;24;14.3;24;1016.5;8;965.1;8;11.3;24;2.2;24;5.1;999.9;28.0;13.5;164.1;999.9;0;0;0;0;0;0
Tucuman_Aero_II;871210;20130416;21.3;22;14.3;22;1014.9;8;964.0;8;11.6;22;2.7;22;5.1;999.9;31.0;14.6;0.0;999.9;0;0;0;0;0;0
Tucuman_Aero_II;871210;20130417;21.4;24;14.3;24;1014.4;8;963.6;8;11.6;24;2.9;24;5.1;999.9;30.6;14.0;0.0;999.9;0;0;0;0;0;0
Tucuman_Aero_II;871210;20130418;21.1;24;14.5;24;1013.4;8;962.6;8;11.3;24;2.5;24;4.6;999.9;30.3;14.2;0.0;999.9;0;0;0;0;0;0
Tucuman_Aero_II;871210;20130419;20.9;23;14.7;23;1013.4;8;962.6;8;11.3;23;2.8;23;5.1;999.9;29.9;14.0;0.0;999.9;0;0;0;0;0;0
Tucuman_Aero_II;871210;20130420;20.4;23;14.6;23;1013.5;7;962.7;7;11.3;23;2.7;23;5.1;999.9;30.0;14.0;0.0;999.9;0;0;0;0;0;0
Tucuman_Aero_II;871210;20130421;21.3;24;14.4;24;1013.6;8;962.8;8;11.6;24;2.7;24;6.2;999.9;30.6;14.4;0.0;999.9;0;0;0;0;0;0
Tucuman_Aero_II;871210;20130422;21.1;22;14.7;22;1013.9;8;963.0;8;11.6;22;2.3;22;4.6;999.9;30.8;13.6;0.0;999.9;0;0;0;0;0;0
Tucuman_Aero_II;871210;20130423;21.3;23;14.5;23;1014.5;8;963.6;8;11.4;23;2.7;23;4.1;999.9;31.0;14.0;0.0;999.9;0;0;0;0;0;0
Tucuman_Aero_II;871210;20130424;20.9;24;13.2;24;1013.1;8;962.3;8;11.1;24;2.9;24;7.2;999.9;30.5;14.0;0.0;999.9;0;0;0;0;0;0
Tucuman_Aero_II;871210;20130425;21.6;24;14.4;24;1009.7;8;959.0;7;10.3;24;2.6;24;5.1;999.9;31.0;14.6;0.0;999.9;0;0;0;0;0;0
Tucuman_Aero_II;871210;20130426;21.2;24;15.3;24;1007.8;8;957.2;8;9.0;24;2.8;24;4.1;999.9;30.1;15.7;0.0;999.9;0;0;0;0;0;0
Tucuman_Aero_II;871210;20130427;21.2;23;15.1;23;1005.1;8;954.7;8;9.7;23;3.7;23;6.2;999.9;29.0;14.8;0.0;999.9;0;0;0;0;0;0
Tucuman_Aero_II;871210;20130428;22.0;22;14.7;22;1011.0;6;960.5;6;10.9;22;2.3;22;4.1;999.9;25.4;17.0;0.0;999.9;0;0;0;0;0;0
Tucuman_Aero_II;871210;20130429;20.6;24;15.6;24;1012.3;8;961.5;8;10.9;24;2.1;24;4.1;999.9;25.5;18.8;0.0;999.9;0;0;0;0;0;0
Tucuman_Aero_II;871210;20130430;20.2;23;15.5;23;1011.6;7;960.7;7;9.0;23;1.9;23;4.1;999.9;24.0;17.3;0.0;999.9;0;0;0;0;0;0
Tucuman_Aero_II;871210;20130501;20.1;24;16.6;24;1008.8;8;958.0;8;6.9;24;2.2;24;5.1;999.9;25.0;16.0;0.0;999.9;0;0;0;0;0;0
Tucuman_Aero_II;871210;20130502;20.5;24;17.1;24;1006.7;8;956.0;8;7.9;24;1.3;24;3.1;999.9;26.0;16.0;0.0;999.9;0;0;0;0;0;0
Tucuman_Aero_II;871210;20130503;22.4;23;19.1;23;1007.8;8;957.5;8;8.0;23;1.5;23;4.1;999.9;27.0;20.0;1.0;999.9;0;1;0;0;0;0
Tucuman_Aero_II;871210;20130504;20.1;24;17.6;24;1012.8;8;962.0;8;10.0;24;2.8;24;5.1;999.9;27.4;18.0;0.0;999.9;0;1;0;0;0;0
Tucuman_Aero_II;871210;20130505;20.8;22;16.0;22;1019.2;8;968.2;7;9.7;22;2.0;22;5.1;999.9;27.0;16.3;4.1;999.9;0;1;0;0;0;0
Tucuman_Aero_II;871210;20130506;19.7;22;13.0;22;1014.6;8;963.5;8;11.7;22;2.7;22;5.1;999.9;27.0;11.8;0.0;999.9;0;0;0;0;0;0
Tucuman_Aero_II;871210;20130507;19.1;23;11.7;23;1021.7;8;970.2;8;11.6;23;3.0;23;5.1;999.9;26.6;14.6;0.0;999.9;0;0;0;0;0;0
Tucuman_Aero_II;871210;20130508;16.6;22;10.6;22;1012.9;7;961.4;7;9.7;22;2.4;22;4.1;999.9;27.4;10.6;67.1;999.9;0;0;0;0;0;0
Tucuman_Aero_II;871210;20130509;18.3;23;11.8;23;1008.6;7;957.6;7;10.0;23;3.1;23;5.1;999.9;27.4;11.9;0.0;999.9;0;0;0;0;0;0
Tucuman_Aero_II;871210;20130510;19.3;23;12.2;23;1006.1;7;955.4;7;10.0;23;2.9;23;6.2;999.9;28.0;13.0;0.0;999.9;0;0;0;0;0;0
Tucuman_Aero_II;871210;20130511;19.4;24;14.1;24;1010.8;8;959.9;8;9.3;24;2.9;24;4.6;999.9;28.0;14.7;0.0;999.9;0;0;0;0;0;0
Tucuman_Aero_II;871210;20130512;19.6;24;12.1;24;1013.4;8;962.3;8;9.2;24;1.8;24;4.6;999.9;25.2;14.0;0.0;999.9;0;0;0;0;0;0
Tucuman_Aero_II;871210;20130513;18.8;23;15.2;23;1011.8;7;960.7;7;9.0;23;1.2;23;3.1;999.9;25.5;14.5;0.0;999.9;0;0;0;0;0;0
Tucuman_Aero_II;871210;20130514;20.6;24;16.9;24;1009.8;8;959.0;8;8.0;24;0.9;24;2.1;999.9;25.0;17.0;0.0;999.9;0;1;0;0;0;0
Tucuman_Aero_II;871210;20130515;15.1;24;13.4;24;1014.9;7;963.5;7;5.3;24;3.1;24;12.9;15.4;25.3;8.5;1.0;999.9;0;1;0;0;0;0
Tucuman_Aero_II;871210;20130516;12.1;22;6.7;22;1025.7;8;972.5;8;10.1;22;2.6;22;6.2;999.9;17.0;8.5;6.1;999.9;0;0;0;0;0;0
Tucuman_Aero_II;871210;20130517;11.7;24;7.4;24;1021.4;7;968.6;7;8.7;24;1.3;24;3.1;999.9;16.7;8.8;0.0;999.9;0;0;0;0;0;0
Tucuman_Aero_II;871210;20130518;11.6;24;7.4;24;1018.5;8;965.8;8;10.8;24;1.5;24;3.1;999.9;15.0;9.0;0.0;999.9;0;1;0;0;0;0
Tucuman_Aero_II;871210;20130519;13.1;22;6.9;22;1021.1;8;968.2;8;11.3;22;2.9;22;4.1;999.9;20.0;6.0;0.0;999.9;0;0;0;0;0;0
Tucuman_Aero_II;871210;20130520;12.4;24;7.2;24;1020.6;8;968.7;7;9.8;24;2.8;24;4.1;999.9;20.1;6.0;0.0;999.9;1;0;0;0;0;0
Tucuman_Aero_II;871210;20130521;11.4;24;7.8;24;1015.6;8;963.0;8;9.2;24;2.4;24;4.6;999.9;19.6;6.7;0.0;999.9;0;0;0;0;0;0
Tucuman_Aero_II;871210;20130522;12.9;24;8.9;24;1019.6;7;966.9;7;8.2;24;2.2;24;4.1;999.9;19.0;7.0;0.0;999.9;0;0;0;0;0;0
Tucuman_Aero_II;871210;20130523;12.3;22;7.6;22;1018.9;8;966.4;8;10.1;22;2.1;22;6.2;999.9;21.0;6.6;0.0;999.9;0;0;0;0;0;0
Tucuman_Aero_II;871210;20130524;14.1;23;8.0;23;1020.0;8;967.6;8;8.5;23;2.7;23;5.1;999.9;23.0;8.0;0.0;999.9;0;0;0;0;0;0
Tucuman_Aero_II;871210;20130525;15.2;22;8.2;22;1016.6;8;964.6;8;10.9;22;3.4;22;6.2;999.9;24.0;9.0;0.0;999.9;0;0;0;0;0;0
Tucuman_Aero_II;871210;20130526;15.2;22;9.2;22;1010.9;8;959.2;8;9.8;22;1.8;22;4.1;999.9;24.3;9.0;0.0;999.9;0;0;0;0;0;0
Tucuman_Aero_II;871210;20130527;16.6;24;9.5;24;1007.7;8;956.2;8;10.0;24;3.2;24;8.2;999.9;27.0;9.9;0.0;999.9;0;0;0;0;0;0
Tucuman_Aero_II;871210;20130528;18.1;24;10.6;24;997.5;8;946.9;8;8.5;24;2.9;24;5.1;999.9;28.0;8.7;0.0;999.9;0;0;0;0;0;0
Tucuman_Aero_II;871210;20130529;16.0;24;9.1;23;1007.8;8;956.5;8;7.6;24;2.4;24;4.6;999.9;28.1;11.6;0.0;999.9;0;0;0;0;0;0
Tucuman_Aero_II;871210;20130530;16.4;24;9.2;24;1014.8;8;963.0;8;9.2;24;3.7;24;6.2;999.9;25.6;10.7;0.0;999.9;0;0;0;0;0;0
Tucuman_Aero_II;871210;20130531;15.3;23;9.6;23;1005.7;8;954.5;8;8.7;23;2.8;23;5.1;999.9;25.6;9.8;0.0;999.9;0;0;0;0;0;0
Tucuman_Aero_II;871210;20130601;15.8;24;9.6;23;1010.2;8;958.5;8;7.9;24;2.2;24;5.1;999.9;25.0;9.7;0.0;999.9;0;0;0;0;0;0
Tucuman_Aero_II;871210;20130602;17.9;22;9.9;22;1015.6;8;963.9;8;6.6;22;3.8;22;7.2;999.9;27.0;10.0;0.0;999.9;0;0;0;0;0;0
Tucuman_Aero_II;871210;20130603;16.7;24;9.5;24;1019.3;8;967.5;8;6.6;24;2.6;24;4.6;999.9;27.1;8.1;0.0;999.9;0;0;0;0;0;0
Tucuman_Aero_II;871210;20130604;16.3;22;10.7;22;1015.5;8;963.7;8;7.2;22;2.6;22;5.1;999.9;26.0;9.8;0.0;999.9;0;0;0;0;0;0
Tucuman_Aero_II;871210;20130605;19.5;22;11.1;22;1010.5;8;959.4;8;9.2;22;4.4;22;6.7;999.9;29.0;12.3;0.0;999.9;0;0;0;0;0;0
Tucuman_Aero_II;871210;20130606;17.4;22;6.0;22;1019.2;6;967.9;6;7.2;22;3.7;22;5.1;999.9;22.0;10.0;0.0;999.9;0;0;0;0;0;0
Tucuman_Aero_II;871210;20130607;14.2;24;5.4;24;1014.5;8;962.4;8;7.6;24;2.6;24;4.6;999.9;23.2;7.4;0.0;999.9;0;0;0;0;0;0
Tucuman_Aero_II;871210;20130608;18.4;24;9.6;24;1020.0;7;968.4;7;6.6;24;2.8;24;6.2;999.9;22.0;15.8;0.0;999.9;0;0;0;0;0;0
Tucuman_Aero_II;871210;20130609;15.7;23;9.9;23;1014.6;8;962.8;8;8.2;23;3.3;23;5.1;999.9;23.0;9.9;0.0;999.9;0;0;0;0;0;0
Tucuman_Aero_II;871210;20130610;16.7;24;12.1;24;1016.9;8;965.1;8;5.1;24;2.8;24;4.6;999.9;23.2;10.2;0.0;999.9;0;0;0;0;0;0
Tucuman_Aero_II;871210;20130611;19.5;23;14.9;23;1016.6;8;965.1;8;5.3;23;1.9;23;3.1;999.9;25.0;13.2;0.0;999.9;0;0;0;0;0;0
Tucuman_Aero_II;871210;20130612;19.4;24;14.9;24;1015.1;8;964.0;8;6.0;24;2.7;24;5.1;999.9;27.0;14.0;0.0;999.9;0;0;0;0;0;0
Tucuman_Aero_II;871210;20130613;20.2;23;15.3;23;1013.1;7;962.1;7;8.4;23;2.7;23;4.6;999.9;26.0;15.7;0.0;999.9;0;0;0;0;0;0
Tucuman_Aero_II;871210;20130614;18.7;24;15.7;24;1014.7;8;963.6;8;5.6;24;3.4;24;8.7;10.3;25.9;15.5;0.0;999.9;0;1;0;0;0;0
Tucuman_Aero_II;871210;20130615;16.5;24;14.9;24;1015.9;7;964.3;7;5.0;24;3.8;24;6.2;999.9;23.7;15.0;2.0;999.9;1;1;0;0;0;0
Tucuman_Aero_II;871210;20130616;14.7;24;13.6;24;1011.7;6;959.9;6;4.3;24;3.0;24;10.3;11.3;19.3;12.0;0.0;999.9;1;1;0;0;0;0
Tucuman_Aero_II;871210;20130617;10.5;23;7.9;23;1018.8;8;966.0;8;8.9;23;1.5;23;4.1;999.9;16.5;9.3;7.1;999.9;0;1;0;0;0;0
Tucuman_Aero_II;871210;20130618;12.1;23;9.1;23;1013.4;6;960.9;6;6.0;23;1.5;23;5.1;999.9;17.0;9.6;0.0;999.9;1;0;0;0;0;0
Tucuman_Aero_II;871210;20130619;8.9;24;7.1;24;1023.3;8;970.2;8;4.5;24;3.3;24;6.2;999.9;17.0;5.0;7.9;999.9;0;1;0;0;0;0
Tucuman_Aero_II;871210;20130620;7.5;19;2.9;19;1023.4;5;970.0;6;9.2;19;2.7;19;20.6;999.9;10.4;4.6;4.1;999.9;0;1;0;0;0;0
Tucuman_Aero_II;871210;20130621;8.6;21;3.3;21;1017.0;7;963.7;7;11.7;21;3.0;21;5.1;999.9;18.6;3.8;0.0;999.9;0;0;0;0;0;0
Tucuman_Aero_II;871210;20130622;12.5;23;4.5;23;1010.4;8;958.1;8;10.0;23;3.2;23;8.0;999.9;22.0;4.9;0.0;999.9;0;0;0;0;0;0
Tucuman_Aero_II;871210;20130623;10.8;23;6.3;23;1017.9;8;965.3;8;9.7;22;2.5;23;4.1;999.9;21.8;5.3;0.0;999.9;0;0;0;0;0;0
Tucuman_Aero_II;871210;20130624;11.1;24;6.3;24;1019.7;6;966.8;6;8.7;24;2.0;24;4.1;999.9;17.2;5.0;0.0;999.9;0;0;0;0;0;0
Tucuman_Aero_II;871210;20130625;10.6;24;4.0;24;1018.6;8;965.6;8;10.0;24;3.3;24;5.1;999.9;19.0;4.4;0.0;999.9;0;0;0;0;0;0
Tucuman_Aero_II;871210;20130626;11.7;24;4.4;24;1017.1;8;964.4;8;8.7;24;3.6;24;6.2;999.9;21.0;4.9;0.0;999.9;0;0;0;0;0;0
Tucuman_Aero_II;871210;20130627;12.8;22;6.3;22;1012.4;8;960.1;8;9.0;22;3.1;22;5.1;999.9;23.0;5.7;0.0;999.9;0;0;0;0;0;0
Tucuman_Aero_II;871210;20130628;14.1;23;7.8;23;1006.1;8;954.5;8;7.1;23;4.1;23;6.2;999.9;23.7;7.3;0.0;999.9;0;0;0;0;0;0
Tucuman_Aero_II;871210;20130629;15.0;16;6.8;16;1014.0;8;961.9;8;8.9;16;3.7;16;6.2;999.9;22.3;7.9;0.0;999.9;0;0;0;0;0;0
Tucuman_Aero_II;871210;20130630;14.1;22;7.7;22;1016.8;8;964.6;8;7.4;22;3.1;22;6.2;999.9;23.0;7.6;0.0;999.9;0;0;0;0;0;0
Tucuman_Aero_II;871210;20130701;15.0;24;8.7;24;1019.9;8;967.6;8;6.3;24;3.0;24;6.2;999.9;23.2;7.8;0.0;999.9;0;0;0;0;0;0
Tucuman_Aero_II;871210;20130702;14.4;23;8.2;23;1012.6;8;960.7;8;7.6;23;3.3;23;6.7;999.9;24.0;7.5;0.0;999.9;0;0;0;0;0;0
Tucuman_Aero_II;871210;20130703;15.3;23;7.8;23;1005.2;8;953.6;8;5.5;23;2.3;23;5.1;999.9;24.2;6.0;0.0;999.9;0;0;0;0;0;0
Tucuman_Aero_II;871210;20130704;16.3;23;9.8;23;1009.5;8;958.0;8;7.4;23;3.4;23;5.1;999.9;25.0;9.8;0.0;999.9;0;0;0;0;0;0
Tucuman_Aero_II;871210;20130705;17.8;23;12.9;23;1010.3;8;959.1;8;5.8;23;2.7;23;5.1;999.9;25.0;11.0;0.0;999.9;0;0;0;0;0;0
Tucuman_Aero_II;871210;20130706;15.2;24;10.8;24;1013.3;8;961.7;8;6.0;24;1.9;24;4.1;999.9;25.2;13.3;0.0;999.9;0;1;0;0;0;0
Tucuman_Aero_II;871210;20130707;11.4;24;8.8;24;1022.2;8;969.6;8;4.7;24;2.6;24;5.1;999.9;17.6;8.8;0.5;999.9;0;1;0;0;0;0
Tucuman_Aero_II;871210;20130708;10.3;24;7.3;24;1027.6;8;974.0;8;6.0;24;1.8;24;5.1;999.9;14.0;8.6;0.8;999.9;0;1;0;0;0;0
Tucuman_Aero_II;871210;20130709;9.9;24;5.8;24;1017.2;8;964.2;8;9.2;24;2.2;24;4.1;999.9;14.9;7.5;0.0;999.9;0;0;0;0;0;0
Tucuman_Aero_II;871210;20130710;10.1;23;7.1;23;1014.2;8;961.5;8;4.8;23;1.4;23;3.1;999.9;14.0;6.4;0.0;999.9;0;0;0;0;0;0
Tucuman_Aero_II;871210;20130711;12.6;24;9.1;24;1012.6;8;960.1;8;3.5;24;2.5;24;4.6;999.9;20.0;7.0;0.0;999.9;0;0;0;0;0;0
Tucuman_Aero_II;871210;20130712;16.8;24;11.2;24;1019.6;8;967.6;8;8.2;24;2.2;24;4.6;999.9;22.0;10.8;0.0;999.9;0;0;0;0;0;0
Tucuman_Aero_II;871210;20130713;12.3;24;7.8;24;1016.5;7;964.2;7;7.1;24;2.6;24;5.1;999.9;22.3;6.0;0.0;999.9;0;0;0;0;0;0
Tucuman_Aero_II;871210;20130714;12.4;22;9.2;22;1017.7;8;965.1;8;5.0;22;2.6;22;6.7;999.9;20.5;6.6;0.0;999.9;1;0;0;0;0;0
Tucuman_Aero_II;871210;20130715;15.4;21;10.5;21;1021.7;8;969.3;8;6.9;21;2.4;21;4.6;999.9;21.0;8.2;0.0;999.9;0;0;0;0;0;0
Tucuman_Aero_II;871210;20130716;16.1;22;10.1;22;1015.6;7;964.1;7;7.9;22;3.4;22;5.7;999.9;25.0;10.0;0.0;999.9;0;0;0;0;0;0
Tucuman_Aero_II;871210;20130717;16.8;24;10.3;24;1010.7;8;960.1;7;7.6;24;3.0;24;5.1;999.9;26.0;10.0;0.0;999.9;0;0;0;0;0;0
Tucuman_Aero_II;871210;20130718;16.2;23;8.0;23;1010.2;6;958.9;6;7.7;23;4.3;23;7.2;999.9;26.0;11.4;0.0;999.9;0;0;0;0;0;0
Tucuman_Aero_II;871210;20130719;8.8;24;0.8;24;1022.3;8;969.3;8;4.7;24;3.0;24;7.2;999.9;20.3;6.7;0.0;999.9;0;0;0;0;0;0
Tucuman_Aero_II;871210;20130720;8.4;22;2.5;22;1011.7;7;958.5;7;5.0;22;2.3;22;5.7;999.9;14.0;4.5;0.0;999.9;0;0;0;0;0;0
Tucuman_Aero_II;871210;20130721;6.5;24;-0.8;24;1022.1;8;968.5;8;7.7;24;3.1;24;8.2;999.9;14.0;4.0;0.0;999.9;0;0;0;0;0;0
Tucuman_Aero_II;871210;20130722;4.2;24;-4.3;24;1029.5;7;974.7;7;10.3;24;2.8;24;4.1;999.9;11.0;-1.5;0.0;999.9;0;0;0;0;0;0
Tucuman_Aero_II;871210;20130723;5.7;24;-5.6;24;1027.8;7;973.3;7;9.0;24;4.1;24;6.2;999.9;15.1;-1.0;0.0;999.9;0;0;0;0;0;0
Tucuman_Aero_II;871210;20130724;8.3;24;-5.3;24;1028.1;8;974.1;8;8.2;22;3.2;24;5.7;999.9;18.0;-0.1;0.0;999.9;0;0;0;0;0;0
Tucuman_Aero_II;871210;20130725;10.6;24;-4.1;24;1021.7;8;968.4;8;8.2;24;3.7;24;5.7;999.9;22.0;0.8;0.0;999.9;0;0;0;0;0;0
Tucuman_Aero_II;871210;20130726;10.3;23;-1.9;23;1016.5;8;963.8;8;5.6;23;2.8;23;5.1;999.9;22.2;1.8;0.0;999.9;0;0;0;0;0;0
Tucuman_Aero_II;871210;20130727;12.8;23;-0.6;23;1018.1;8;965.5;8;5.1;23;3.8;23;6.2;999.9;22.0;3.6;0.0;999.9;0;0;0;0;0;0
Tucuman_Aero_II;871210;20130728;14.2;24;0.5;24;1018.9;8;966.5;8;5.5;24;3.4;24;6.2;999.9;24.0;6.0;0.0;999.9;0;0;0;0;0;0
Tucuman_Aero_II;871210;20130729;17.3;22;4.4;22;1016.0;8;964.2;8;5.0;22;3.2;22;5.1;999.9;28.0;7.4;0.0;999.9;0;0;0;0;0;0
Tucuman_Aero_II;871210;20130730;18.9;16;8.2;16;1009.5;8;958.6;8;5.1;16;3.1;16;6.2;999.9;30.2;10.8;0.0;999.9;0;0;0;0;0;0
Tucuman_Aero_II;871210;20130731;19.6;24;9.4;24;1006.7;8;956.0;8;4.2;24;3.6;24;5.7;999.9;30.5;13.0;0.0;999.9;0;0;0;0;0;0
Tucuman_Aero_II;871210;20130801;15.0;23;9.6;23;9999.9;0;9999.9;0;5.1;23;1.5;23;4.1;999.9;18.5;12.2;0.0;999.9;0;0;0;0;0;0
Tucuman_Aero_II;871210;20130802;14.7;23;6.4;23;1018.6;4;966.4;4;6.4;23;2.2;23;4.6;999.9;22.0;8.8;0.0;999.9;0;0;0;0;0;0
Tucuman_Aero_II;871210;20130803;14.4;23;4.3;23;9999.9;0;9999.9;0;6.4;21;3.7;23;8.2;999.9;23.4;5.0;0.0;999.9;0;0;0;0;0;0
Tucuman_Aero_II;871210;20130804;15.6;24;6.3;24;1016.6;4;964.6;4;5.3;24;3.3;24;6.2;999.9;24.0;8.8;0.0;999.9;0;0;0;0;0;0
Tucuman_Aero_II;871210;20130805;13.3;13;6.3;13;1012.5;4;960.8;4;7.6;13;3.7;13;6.2;999.9;26.4;9.9;0.0;999.9;0;0;0;0;0;0
Tucuman_Aero_II;871210;20130806;16.0;4;7.7;4;1015.5;4;963.8;4;4.5;4;1.7;4;3.1;999.9;28.5;9.0;0.0;999.9;0;0;0;0;0;0
Tucuman_Aero_II;871210;20130807;25.0;9;11.3;9;1002.2;4;951.3;4;3.9;9;3.5;9;5.1;999.9;33.0;9.6;0.0;999.9;0;0;0;0;0;0
Tucuman_Aero_II;871210;20130808;17.6;21;1.0;21;1008.8;4;957.9;4;6.0;21;4.3;21;7.7;999.9;33.0;13.5;0.0;999.9;0;0;0;0;0;0
Tucuman_Aero_II;871210;20130809;11.8;23;-2.3;23;1026.5;5;973.6;5;6.8;23;3.3;23;6.2;999.9;18.8;9.3;0.0;999.9;0;0;0;0;0;0
Tucuman_Aero_II;871210;20130810;10.1;23;-2.4;23;1027.4;4;973.5;4;8.0;20;4.0;23;7.2;999.9;20.0;2.0;0.0;999.9;0;0;0;0;0;0
Tucuman_Aero_II;871210;20130811;13.0;24;-0.9;24;1013.8;4;961.3;4;6.9;24;3.1;24;6.2;999.9;24.0;3.4;0.0;999.9;0;0;0;0;0;0
Tucuman_Aero_II;871210;20130812;14.4;24;-0.6;24;1010.1;5;958.1;5;6.4;18;4.3;24;6.2;999.9;24.3;6.7;0.0;999.9;0;0;0;0;0;0
Tucuman_Aero_II;871210;20130813;10.8;21;2.4;21;1024.0;4;971.2;4;6.1;21;2.7;21;6.2;999.9;21.8;8.0;0.0;999.9;0;1;0;0;0;0
Tucuman_Aero_II;871210;20130814;9.4;23;0.6;23;1032.8;4;978.7;4;7.6;23;3.9;23;6.7;999.9;18.0;1.5;0.0;999.9;0;0;0;0;0;0
Tucuman_Aero_II;871210;20130815;10.8;23;-0.9;23;1022.8;4;969.4;4;8.4;18;3.0;23;6.2;7.7;22.0;1.5;0.0;999.9;0;0;0;0;0;0
Tucuman_Aero_II;871210;20130816;13.6;17;-1.9;17;1018.3;4;965.7;4;5.6;11;5.0;17;7.7;9.3;23.0;2.5;0.0;999.9;0;0;0;0;0;0
Tucuman_Aero_II;871210;20130817;11.1;21;-2.9;21;1024.7;4;971.7;4;4.5;21;3.3;21;6.7;999.9;23.5;4.7;0.0;999.9;0;0;0;0;0;0
Tucuman_Aero_II;871210;20130818;15.9;23;-1.2;23;1017.2;4;964.6;4;5.8;21;3.6;21;6.2;999.9;9999.9;4.0;0.0;999.9;0;0;0;0;0;0
Tucuman_Aero_II;871210;20130819;17.6;24;2.3;24;1011.1;4;959.5;4;5.6;24;3.0;24;5.1;999.9;29.0;6.4;0.0;999.9;0;0;0;0;0;0
Tucuman_Aero_II;871210;20130820;20.6;24;5.0;24;1009.7;4;958.7;4;4.7;24;3.6;24;5.1;999.9;31.0;11.6;0.0;999.9;0;0;0;0;0;0
Tucuman_Aero_II;871210;20130821;22.9;21;9.1;21;1005.7;4;955.4;4;4.3;21;3.0;21;6.2;999.9;32.0;13.6;0.0;999.9;0;0;0;0;0;0
Tucuman_Aero_II;871210;20130822;16.5;23;5.1;22;1010.2;4;959.3;4;4.5;23;4.1;23;9.3;999.9;32.3;13.0;0.0;999.9;0;0;0;0;0;0
Tucuman_Aero_II;871210;20130823;10.3;22;-6.6;22;9999.9;0;9999.9;0;5.5;22;2.6;22;4.6;999.9;19.5;8.0;0.0;999.9;0;0;0;0;0;0
Tucuman_Aero_II;871210;20130824;8.2;24;-5.1;24;9999.9;0;968.8;4;6.9;17;2.6;24;6.2;999.9;14.0;1.0;0.0;999.9;0;0;0;0;0;0
Tucuman_Aero_II;871210;20130825;7.5;23;-5.2;23;1029.8;4;975.6;4;7.6;23;3.5;23;6.2;999.9;13.8;0.5;0.0;999.9;0;0;0;0;0;0
Tucuman_Aero_II;871210;20130826;9.2;24;-2.3;24;1032.1;4;978.0;4;8.0;24;2.2;24;4.1;999.9;16.0;3.0;0.0;999.9;0;0;0;0;0;0
Tucuman_Aero_II;871210;20130827;11.3;23;-3.2;23;1027.3;4;973.7;4;7.7;23;3.7;23;5.1;999.9;22.0;3.0;0.0;999.9;0;0;0;0;0;0
Tucuman_Aero_II;871210;20130828;16.3;24;-1.8;24;1021.7;4;969.3;4;7.9;16;4.5;24;7.7;999.9;29.0;6.6;0.0;999.9;0;0;0;0;0;0
Tucuman_Aero_II;871210;20130829;20.4;24;0.1;24;1015.1;4;963.7;4;6.4;24;4.1;24;9.3;999.9;32.0;9.4;0.0;999.9;0;0;0;0;0;0
Tucuman_Aero_II;871210;20130830;20.1;21;2.2;21;1008.3;4;957.6;4;5.8;21;2.9;21;6.2;999.9;31.4;10.0;0.0;999.9;0;0;0;0;0;0
Tucuman_Aero_II;871210;20130831;21.9;24;2.5;24;1006.6;4;956.0;4;4.3;24;3.1;24;5.1;999.9;32.0;13.0;0.0;999.9;0;0;0;0;0;0
Tucuman_Aero_II;871210;20130901;23.1;23;3.2;23;9999.9;0;9999.9;0;5.1;23;4.9;23;10.3;999.9;34.1;10.0;0.0;999.9;0;0;0;0;0;0
Tucuman_Aero_II;871210;20130902;22.8;24;6.2;24;1007.3;4;957.0;4;5.3;24;3.1;24;4.6;999.9;34.2;13.0;52.3;999.9;0;0;0;0;0;0
Tucuman_Aero_II;871210;20130903;18.1;23;8.2;23;1017.2;4;966.2;4;4.3;23;3.8;23;6.2;8.2;33.2;14.0;0.0;999.9;0;0;0;0;0;0
Tucuman_Aero_II;871210;20130904;17.4;18;6.8;18;9999.9;0;9999.9;0;4.3;18;3.9;18;12.9;999.9;26.0;12.9;0.0;999.9;0;0;0;0;0;0
Tucuman_Aero_II;871210;20130905;18.5;24;8.0;24;1011.8;4;960.4;4;4.3;23;2.5;24;6.7;9.3;27.2;11.0;0.0;999.9;0;0;0;0;0;0
Tucuman_Aero_II;871210;20130906;23.4;24;10.0;24;1009.7;4;959.0;4;4.2;24;3.7;24;7.2;999.9;36.0;14.7;0.0;999.9;0;0;0;0;0;0
Tucuman_Aero_II;871210;20130907;26.5;20;11.9;20;1004.9;4;955.2;4;4.5;19;3.3;20;6.2;999.9;36.5;19.0;0.0;999.9;0;0;0;0;0;0
Tucuman_Aero_II;871210;20130908;24.9;22;11.7;22;1011.8;4;961.8;4;4.8;21;2.7;22;4.6;999.9;36.0;15.3;0.0;999.9;0;0;0;0;0;0
Tucuman_Aero_II;871210;20130909;28.9;21;11.3;21;1009.2;4;959.4;4;4.2;21;6.4;21;15.4;999.9;40.0;20.6;0.0;999.9;0;0;0;0;0;0
Tucuman_Aero_II;871210;20130910;31.0;23;12.1;23;9999.9;0;9999.9;0;5.1;23;3.7;23;5.1;999.9;40.2;21.8;0.0;999.9;0;0;0;0;0;0
Tucuman_Aero_II;871210;20130911;30.5;23;11.7;23;1000.2;4;951.5;4;4.0;21;3.6;23;6.2;999.9;40.9;22.7;0.0;999.9;0;0;0;0;0;0
Tucuman_Aero_II;871210;20130912;26.4;24;9.7;24;1001.2;4;952.0;4;5.6;24;4.0;24;8.2;999.9;38.0;20.0;0.0;999.9;0;0;0;0;0;0
Tucuman_Aero_II;871210;20130913;17.6;23;6.5;23;1014.8;4;963.9;4;6.1;23;4.0;23;7.2;999.9;32.5;14.0;0.0;999.9;0;0;0;0;0;0
Tucuman_Aero_II;871210;20130914;11.4;24;6.7;24;9999.9;0;9999.9;0;6.1;24;2.1;24;4.6;999.9;16.2;8.0;0.0;999.9;0;1;0;0;0;0
Tucuman_Aero_II;871210;20130915;10.5;20;8.2;20;9999.9;0;9999.9;0;4.5;20;1.8;20;4.1;999.9;13.0;8.9;1.0;999.9;0;1;0;0;0;0
Tucuman_Aero_II;871210;20130916;9.3;24;7.3;24;1018.7;4;965.7;4;4.8;24;2.4;24;5.1;999.9;12.6;8.0;7.9;999.9;0;1;0;0;0;0
Tucuman_Aero_II;871210;20130917;10.2;23;4.4;23;1023.5;4;970.1;4;10.1;21;2.6;23;5.7;999.9;14.0;8.0;0.5;999.9;0;0;0;0;0;0
Tucuman_Aero_II;871210;20130918;10.3;24;3.5;24;1021.3;4;968.0;4;10.1;14;3.3;24;6.2;999.9;18.0;5.0;0.0;999.9;0;0;0;0;0;0
Tucuman_Aero_II;871210;20130919;14.7;22;3.6;22;1018.5;4;965.7;4;9.0;11;3.3;22;6.2;999.9;26.0;5.0;0.0;999.9;0;0;0;0;0;0
Tucuman_Aero_II;871210;20130920;18.1;24;5.3;24;1007.6;4;956.2;4;7.4;24;3.4;24;6.2;999.9;30.0;8.5;0.0;999.9;0;0;0;0;0;0
Tucuman_Aero_II;871210;20130921;19.6;22;5.4;22;1005.0;4;954.4;4;7.7;17;4.5;22;9.8;11.8;30.3;13.0;999.9;999.9;0;1;0;0;0;0
Tucuman_Aero_II;871210;20130922;14.6;22;1.5;22;1020.0;4;968.1;4;7.2;22;3.8;22;5.1;999.9;30.0;11.0;0.0;999.9;0;0;0;0;0;0
Tucuman_Aero_II;871210;20130923;13.7;24;0.3;24;1028.1;4;975.2;4;9.0;17;2.6;24;5.1;999.9;19.6;9.8;0.0;999.9;0;0;0;0;0;0
Tucuman_Aero_II;871210;20130924;13.3;22;-1.0;22;9999.9;0;9999.9;0;7.9;22;4.0;22;7.7;999.9;22.0;4.5;0.0;999.9;0;0;0;0;0;0
Tucuman_Aero_II;871210;20130925;13.3;20;-0.9;20;1020.7;4;968.2;4;6.3;15;3.4;20;9.3;12.4;24.0;5.2;0.0;999.9;0;0;0;0;0;0
Tucuman_Aero_II;871210;20130926;17.2;24;1.2;24;1011.4;6;959.9;6;5.6;18;3.6;24;9.3;999.9;26.0;8.9;0.0;999.9;0;0;0;0;0;0
Tucuman_Aero_II;871210;20130927;18.3;22;2.6;22;1010.2;4;958.9;4;6.4;22;3.6;22;7.2;999.9;26.4;11.7;0.0;999.9;0;0;0;0;0;0
Tucuman_Aero_II;871210;20130928;17.6;22;4.2;22;1013.5;4;962.1;4;5.5;22;4.3;22;7.2;999.9;26.3;10.7;0.0;999.9;0;0;0;0;0;0
Tucuman_Aero_II;871210;20130929;14.5;22;-0.4;22;1021.0;4;968.9;4;8.2;22;3.3;22;6.2;999.9;24.0;9.0;0.0;999.9;0;0;0;0;0;0
Tucuman_Aero_II;871210;20130930;14.5;22;-0.1;22;1020.4;4;967.8;4;8.7;10;3.1;22;5.1;999.9;23.1;6.0;0.0;999.9;0;0;0;0;0;0
Tucuman_Aero_II;871210;20131001;15.8;21;0.1;21;9999.9;0;9999.9;0;7.9;19;2.7;21;4.1;999.9;25.0;6.0;0.0;999.9;0;0;0;0;0;0
Tucuman_Aero_II;871210;20131002;16.3;17;2.4;17;1012.2;4;960.7;4;6.1;17;2.9;17;15.4;18.0;28.7;9.0;0.0;999.9;0;0;0;0;0;0
Tucuman_Aero_II;871210;20131003;20.0;24;4.7;24;1011.6;5;960.7;5;5.0;22;3.1;24;10.3;999.9;30.1;10.6;0.0;999.9;0;0;0;0;0;0
Tucuman_Aero_II;871210;20131004;20.3;19;3.9;19;1020.9;4;969.6;4;8.0;16;3.4;19;6.2;999.9;28.2;15.0;0.0;999.9;0;0;0;0;0;0
Tucuman_Aero_II;871210;20131005;19.4;24;4.1;24;1017.1;4;965.7;4;7.1;22;3.9;24;7.2;9.3;28.0;9.0;0.0;999.9;0;0;0;0;0;0
Tucuman_Aero_II;871210;20131006;19.7;21;6.1;21;1016.9;4;965.8;4;7.6;21;2.6;21;6.2;8.2;28.8;11.6;0.0;999.9;0;0;0;0;0;0
Tucuman_Aero_II;871210;20131007;23.2;21;6.3;21;1014.7;5;964.3;5;5.6;15;5.1;21;15.4;18.0;33.0;13.4;0.0;999.9;0;0;0;0;0;0
Tucuman_Aero_II;871210;20131008;23.6;21;8.3;21;1010.4;4;960.2;4;5.6;21;2.6;21;6.7;8.2;36.0;14.4;0.0;999.9;0;0;0;0;0;0
Tucuman_Aero_II;871210;20131009;26.8;24;10.8;24;1004.1;4;954.5;4;5.5;24;2.9;24;5.1;999.9;36.6;17.0;0.0;999.9;0;0;0;0;0;0
Tucuman_Aero_II;871210;20131010;24.0;23;12.0;23;9999.9;0;9999.9;0;5.5;23;3.6;23;9.3;12.9;30.0;17.9;0.0;999.9;0;0;0;0;0;0
Tucuman_Aero_II;871210;20131011;22.6;24;15.8;24;1011.2;4;960.6;4;7.1;24;2.8;24;6.7;999.9;29.0;17.2;999.9;999.9;0;1;0;0;0;0
Tucuman_Aero_II;871210;20131012;18.9;21;17.2;21;9999.9;0;9999.9;0;5.8;21;3.1;21;6.2;999.9;28.6;17.0;2.0;999.9;0;1;0;0;1;0
Tucuman_Aero_II;871210;20131013;20.2;24;17.0;24;1012.2;6;961.2;6;6.9;20;1.9;24;4.1;999.9;25.0;17.0;0.3;999.9;0;1;0;0;0;0
Tucuman_Aero_II;871210;20131014;21.4;24;18.3;24;1013.3;4;962.4;4;6.0;22;2.8;24;10.3;12.4;26.0;17.6;0.0;999.9;0;1;0;0;1;0
Tucuman_Aero_II;871210;20131015;21.4;23;17.8;23;1014.2;4;963.3;4;8.4;16;2.7;23;6.7;10.3;27.0;18.0;0.0;999.9;0;0;0;0;0;0
Tucuman_Aero_II;871210;20131016;23.3;24;16.9;24;1012.0;4;961.4;4;8.9;21;2.4;24;4.6;999.9;31.4;15.5;0.0;999.9;1;0;0;0;1;0
Tucuman_Aero_II;871210;20131017;22.4;23;15.6;23;1013.7;4;963.1;4;9.7;20;3.2;23;7.7;10.3;32.0;16.3;8.9;999.9;0;1;0;0;1;0
Tucuman_Aero_II;871210;20131018;25.3;24;14.8;24;1011.1;4;960.9;4;10.9;20;3.7;24;8.2;999.9;35.0;17.8;0.0;999.9;0;0;0;0;0;0
Tucuman_Aero_II;871210;20131019;28.3;24;16.1;24;1003.1;4;953.8;4;10.1;13;3.2;24;9.3;12.9;38.0;18.6;0.0;999.9;0;0;0;0;0;0
Tucuman_Aero_II;871210;20131020;30.9;24;18.3;24;994.2;4;945.8;4;12.9;6;3.9;24;6.2;999.9;39.0;22.5;0.0;999.9;0;0;0;0;0;0
Tucuman_Aero_II;871210;20131021;26.0;23;5.9;23;9999.9;0;9999.9;0;7.6;15;4.9;23;11.3;999.9;39.8;18.9;0.0;999.9;0;0;0;0;0;0
Tucuman_Aero_II;871210;20131022;24.7;23;8.9;23;1006.1;4;956.0;4;10.1;17;3.3;23;7.2;999.9;34.0;16.0;0.0;999.9;0;0;0;0;0;0
Tucuman_Aero_II;871210;20131023;25.9;24;14.1;24;1001.0;4;951.6;4;10.0;9;3.6;24;5.7;999.9;35.0;17.0;0.0;999.9;0;0;0;0;0;0
Tucuman_Aero_II;871210;20131024;20.6;24;11.4;24;1015.5;4;965.2;4;8.2;24;4.2;24;9.3;11.3;35.3;16.6;0.5;999.9;0;1;0;0;0;0
Tucuman_Aero_II;871210;20131025;18.2;22;10.7;22;1017.8;4;966.1;4;10.3;18;2.6;22;6.7;999.9;25.0;15.0;0.0;999.9;0;0;0;0;0;0
Tucuman_Aero_II;871210;20131026;22.3;24;13.0;23;1011.5;4;960.7;4;9.7;22;2.2;24;6.2;999.9;31.0;15.0;0.0;999.9;0;0;0;0;0;0
Tucuman_Aero_II;871210;20131027;23.8;24;15.4;24;1014.9;4;964.5;4;10.8;14;3.5;24;6.2;999.9;31.1;16.0;0.0;999.9;0;0;0;0;0;0
Tucuman_Aero_II;871210;20131028;27.2;24;13.9;24;1009.5;4;959.7;4;10.6;20;4.8;24;8.2;12.4;35.0;20.2;0.0;999.9;0;0;0;0;0;0
Tucuman_Aero_II;871210;20131029;28.5;24;15.9;24;1003.5;4;954.4;4;11.6;12;3.5;24;6.2;999.9;35.7;20.4;0.0;999.9;0;0;0;0;0;0
Tucuman_Aero_II;871210;20131030;29.8;20;18.2;20;1002.4;4;953.6;4;10.8;12;3.7;20;7.7;999.9;39.0;24.0;0.0;999.9;0;0;0;0;0;0
Tucuman_Aero_II;871210;20131031;33.2;14;21.8;14;995.9;4;947.6;4;10.5;12;4.8;14;9.3;10.3;40.0;22.0;999.9;999.9;0;1;0;0;1;0
Tucuman_Aero_II;871210;20131101;21.6;23;18.8;23;1003.8;7;954.0;7;9.5;23;4.8;23;9.3;999.9;26.0;17.0;36.1;999.9;0;1;0;0;1;0
Tucuman_Aero_II;871210;20131102;21.7;17;13.4;17;1016.6;6;965.3;6;9.3;15;3.2;17;5.1;999.9;27.0;16.0;9.9;999.9;0;1;0;0;1;0
Tucuman_Aero_II;871210;20131103;21.8;21;11.6;21;1017.0;8;966.0;8;13.7;11;3.4;21;5.1;999.9;30.0;14.6;0.0;999.9;0;0;0;0;0;0
Tucuman_Aero_II;871210;20131104;23.4;19;11.3;19;1013.8;8;963.3;8;15.0;8;4.4;19;7.7;999.9;33.0;13.8;0.0;999.9;0;0;0;0;0;0
Tucuman_Aero_II;871210;20131105;23.4;18;11.4;18;1012.5;7;962.2;7;14.3;8;3.0;18;7.7;10.3;33.0;14.7;0.0;999.9;0;0;0;0;0;0
Tucuman_Aero_II;871210;20131106;28.2;19;11.2;19;1007.0;4;957.7;4;10.1;9;5.0;19;9.3;12.9;37.0;16.9;0.0;999.9;0;0;0;0;0;0
Tucuman_Aero_II;871210;20131107;29.5;24;11.9;24;1003.6;4;954.5;4;11.1;10;3.6;24;6.2;999.9;37.4;23.2;0.0;999.9;0;0;0;0;0;0
Tucuman_Aero_II;871210;20131108;29.4;24;16.0;24;1002.4;4;953.3;4;9.8;14;2.9;24;6.2;7.7;38.0;20.2;0.0;999.9;0;0;0;0;0;0
Tucuman_Aero_II;871210;20131109;24.4;22;18.6;22;999.9;4;950.7;4;8.4;18;3.0;22;6.2;999.9;38.6;20.0;0.0;999.9;0;0;0;0;0;0
Tucuman_Aero_II;871210;20131110;20.8;24;17.0;24;1000.3;4;950.3;4;8.4;18;3.3;24;6.2;999.9;26.4;17.0;3.0;999.9;0;1;0;0;0;0
Tucuman_Aero_II;871210;20131111;20.9;23;10.6;23;1010.6;4;959.6;4;10.1;14;4.1;23;9.3;10.3;30.0;13.8;0.8;999.9;0;1;0;0;0;0
Tucuman_Aero_II;871210;20131112;25.2;24;9.2;24;1009.6;4;959.1;4;14.3;5;4.8;24;9.3;12.9;36.0;15.0;0.0;999.9;0;0;0;0;0;0
Tucuman_Aero_II;871210;20131113;29.2;24;12.1;24;1005.5;4;956.3;4;9.8;9;5.4;24;14.4;17.0;38.0;18.0;0.0;999.9;0;0;0;0;0;0
