Ushuaia_Aero_II;879380;2013;01;01;9.9;22;3.8;22;1016.1;5;1009.1;5;15.4;22;6.6;22;12.3;19.0;12.5;7.6;0.0;999.9;0;0;0;0;0;0
Ushuaia_Aero_II;879380;2013;01;02;9.7;23;4.5;23;1007.8;7;1000.8;7;16.1;23;5.0;23;9.8;14.4;14.0;7.1;0.0;999.9;0;1;0;0;0;0
Ushuaia_Aero_II;879380;2013;01;03;9.4;21;4.3;21;992.8;8;986.0;8;16.7;21;7.4;21;13.4;17.5;14.6;7.6;4.1;999.9;0;1;0;0;0;0
Ushuaia_Aero_II;879380;2013;01;04;10.7;24;3.7;24;997.9;7;991.1;7;16.1;24;5.2;24;9.3;14.9;14.0;7.7;0.8;999.9;0;1;0;0;0;0
Ushuaia_Aero_II;879380;2013;01;05;13.2;20;3.9;20;991.9;6;985.1;6;16.4;20;6.6;20;11.8;15.9;16.0;9.0;0.0;999.9;0;0;0;0;0;0
Ushuaia_Aero_II;879380;2013;01;06;7.5;24;4.1;24;977.4;8;970.7;8;13.0;24;7.6;24;15.4;17.5;16.4;5.0;7.9;999.9;0;1;0;0;0;0
Ushuaia_Aero_II;879380;2013;01;07;7.8;24;3.3;24;973.0;8;966.1;8;17.2;24;4.9;24;13.9;17.0;12.2;4.0;142.2;999.9;0;1;0;0;0;0
Ushuaia_Aero_II;879380;2013;01;08;7.9;24;3.7;24;984.7;7;977.9;7;13.8;24;9.7;24;15.9;19.5;12.6;5.1;0.0;999.9;0;1;0;0;0;0
Ushuaia_Aero_II;879380;2013;01;09;10.7;21;5.4;21;993.5;7;986.7;7;16.9;21;4.5;21;12.3;16.5;15.4;7.0;0.0;999.9;0;1;0;0;0;0
Ushuaia_Aero_II;879380;2013;01;10;11.7;22;7.1;22;995.2;7;988.4;7;17.1;22;4.4;22;10.3;15.9;16.0;7.8;0.3;999.9;0;1;0;0;0;0
Ushuaia_Aero_II;879380;2013;01;11;11.8;24;6.1;24;988.3;8;981.5;8;16.4;24;11.4;24;16.5;24.7;18.1;7.0;0.0;999.9;0;1;0;0;0;0
Ushuaia_Aero_II;879380;2013;01;12;7.7;24;2.7;24;1004.5;7;997.6;7;14.5;24;16.6;24;22.6;28.8;10.8;6.0;2.0;999.9;0;1;0;0;0;0
Ushuaia_Aero_II;879380;2013;01;13;9.0;18;6.6;18;1015.1;6;1008.0;6;11.9;18;5.2;18;11.3;999.9;11.0;7.0;4.1;999.9;0;1;0;0;0;0
Ushuaia_Aero_II;879380;2013;01;14;13.0;18;7.2;18;1012.4;6;1005.4;6;17.5;18;9.1;18;12.9;18.0;16.0;7.6;0.5;999.9;0;1;0;0;0;0
Ushuaia_Aero_II;879380;2013;01;15;12.5;18;7.9;18;1002.1;6;995.2;6;16.9;18;7.7;18;12.9;18.5;16.4;9.0;0.0;999.9;0;1;0;0;0;0
Ushuaia_Aero_II;879380;2013;01;16;10.2;16;5.3;16;1006.5;5;999.6;5;15.3;16;12.0;16;15.4;20.1;16.5;7.0;0.0;999.9;0;1;0;0;0;0
Ushuaia_Aero_II;879380;2013;01;17;11.6;17;6.3;17;1009.2;5;1002.3;5;16.3;17;8.1;17;12.3;15.4;14.8;8.5;0.0;999.9;0;1;0;0;0;0
Ushuaia_Aero_II;879380;2013;01;18;11.9;16;6.3;16;1015.8;5;1008.8;5;15.9;16;9.4;16;13.4;17.5;15.0;9.8;999.9;999.9;0;1;0;0;0;0
Ushuaia_Aero_II;879380;2013;01;19;15.8;18;10.6;18;1015.4;6;1008.5;6;16.1;18;6.0;18;10.8;999.9;22.0;9.0;2.0;999.9;0;1;0;0;0;0
Ushuaia_Aero_II;879380;2013;01;20;18.6;15;10.4;15;1009.1;5;1002.3;5;17.5;15;4.2;15;9.8;12.9;22.6;12.0;0.0;999.9;0;0;0;0;0;0
Ushuaia_Aero_II;879380;2013;01;21;12.3;19;9.3;19;1007.5;6;1000.6;6;15.1;19;4.0;19;9.8;999.9;22.7;10.8;15.0;999.9;0;1;0;0;0;0
Ushuaia_Aero_II;879380;2013;01;22;12.2;17;5.7;17;1006.0;5;999.1;5;16.7;17;9.1;17;12.9;17.5;14.2;9.3;0.0;999.9;0;0;0;0;0;0
Ushuaia_Aero_II;879380;2013;01;23;7.8;18;4.2;18;1003.0;6;996.0;6;14.8;18;12.0;18;17.5;24.2;14.5;6.0;999.9;999.9;0;1;0;0;0;0
Ushuaia_Aero_II;879380;2013;01;24;7.3;15;2.8;15;1009.8;5;1002.8;5;13.2;15;14.2;15;23.7;27.8;9.0;4.8;3.0;999.9;0;1;0;0;0;0
Ushuaia_Aero_II;879380;2013;01;25;10.4;19;3.8;19;1004.5;7;997.5;7;16.9;19;16.8;19;19.0;25.2;12.6;6.8;0.0;999.9;0;1;0;0;0;0
Ushuaia_Aero_II;879380;2013;01;26;11.6;18;5.6;18;1003.8;6;996.8;6;17.5;18;10.8;18;14.9;22.6;15.0;8.2;0.0;999.9;0;0;0;0;0;0
Ushuaia_Aero_II;879380;2013;01;27;12.5;17;6.7;17;992.5;6;985.7;6;17.9;17;5.1;17;11.3;12.9;15.1;9.0;0.0;999.9;0;0;0;0;0;0
Ushuaia_Aero_II;879380;2013;01;28;9.7;19;4.8;19;996.4;7;989.5;7;15.3;19;10.7;19;19.5;28.8;14.9;4.8;4.1;999.9;0;1;0;0;0;0
Ushuaia_Aero_II;879380;2013;01;29;12.6;16;5.5;16;998.3;4;991.5;4;15.9;16;5.9;16;15.9;22.1;18.0;7.0;0.0;999.9;0;1;0;0;0;0
Ushuaia_Aero_II;879380;2013;01;30;11.2;18;3.2;18;998.1;6;991.2;6;17.2;18;8.2;18;14.4;20.1;18.6;7.3;0.0;999.9;0;0;0;0;0;0
Ushuaia_Aero_II;879380;2013;01;31;13.5;12;2.6;12;977.5;4;970.8;4;15.0;12;9.5;12;14.9;20.1;17.0;8.0;999.9;999.9;0;1;0;0;0;0
Ushuaia_Aero_II;879380;2013;02;01;6.8;23;2.7;23;982.2;7;975.4;7;11.4;23;13.0;23;22.1;27.3;16.1;4.0;0.8;999.9;0;1;0;0;0;0
Ushuaia_Aero_II;879380;2013;02;02;8.1;23;3.4;23;1004.9;8;997.9;8;15.4;23;8.0;23;14.9;17.5;11.0;4.6;5.1;999.9;0;1;0;0;0;0
Ushuaia_Aero_II;879380;2013;02;03;11.3;19;5.1;19;989.6;7;982.8;7;13.5;19;11.0;19;23.7;32.4;16.0;7.0;0.0;999.9;0;1;0;0;0;0
Ushuaia_Aero_II;879380;2013;02;04;10.2;24;3.1;24;999.5;8;992.6;8;14.3;24;14.6;24;25.7;32.9;16.1;7.0;3.0;999.9;0;1;0;0;0;0
Ushuaia_Aero_II;879380;2013;02;05;11.9;23;5.9;23;993.1;6;985.9;7;16.1;23;4.4;23;10.3;14.9;16.0;10.5;0.0;999.9;0;1;0;0;0;0
Ushuaia_Aero_II;879380;2013;02;06;9.0;24;4.6;24;995.0;8;988.2;8;13.0;24;12.3;24;19.5;27.8;13.8;6.6;0.8;999.9;0;1;0;0;0;0
Ushuaia_Aero_II;879380;2013;02;07;7.8;23;2.7;23;1003.5;7;996.5;7;15.6;23;10.9;23;15.4;26.8;10.2;5.0;4.1;999.9;0;1;0;0;0;0
Ushuaia_Aero_II;879380;2013;02;08;8.7;24;3.1;24;1004.2;8;997.2;8;16.7;24;3.4;24;11.3;999.9;12.0;5.8;0.0;999.9;0;0;0;0;0;0
Ushuaia_Aero_II;879380;2013;02;09;11.5;24;5.2;24;998.1;7;991.2;7;15.6;24;6.6;24;12.9;16.5;17.0;7.0;0.0;999.9;0;1;0;0;0;0
Ushuaia_Aero_II;879380;2013;02;10;12.7;24;6.7;24;1001.9;8;995.1;8;17.4;24;1.5;24;4.1;999.9;23.6;9.0;0.0;999.9;0;0;0;0;0;0
Ushuaia_Aero_II;879380;2013;02;11;12.2;24;9.0;24;985.7;8;979.0;8;14.0;24;3.7;24;12.3;18.0;16.2;9.0;0.5;999.9;0;1;0;0;0;0
Ushuaia_Aero_II;879380;2013;02;12;8.8;24;3.6;24;988.2;7;981.8;8;12.9;24;8.2;24;12.9;13.4;15.6;6.2;7.9;999.9;0;1;0;0;0;0
Ushuaia_Aero_II;879380;2013;02;13;9.6;23;3.6;23;989.1;8;982.3;8;17.7;23;5.5;23;10.8;999.9;13.0;6.8;0.0;999.9;0;0;0;0;0;0
Ushuaia_Aero_II;879380;2013;02;14;12.1;24;4.2;24;982.9;7;976.2;7;16.6;24;6.7;24;17.0;24.7;15.0;8.5;0.0;999.9;0;1;0;0;0;0
Ushuaia_Aero_II;879380;2013;02;15;8.0;23;1.9;23;981.2;8;974.5;8;17.4;23;7.9;23;17.0;22.1;16.1;5.0;0.0;999.9;0;0;0;0;0;0
Ushuaia_Aero_II;879380;2013;02;16;6.3;24;1.8;24;989.8;8;982.9;8;14.3;24;11.5;24;15.4;21.6;10.5;3.9;3.0;999.9;0;1;0;0;0;0
Ushuaia_Aero_II;879380;2013;02;17;5.3;23;1.6;23;996.0;8;989.0;8;12.2;23;8.4;23;17.5;20.6;8.5;3.1;4.1;999.9;0;1;0;0;0;0
Ushuaia_Aero_II;879380;2013;02;18;7.4;24;2.7;24;997.1;8;990.2;8;15.3;24;10.6;24;17.5;22.1;10.8;3.0;2.0;999.9;0;1;0;0;0;0
Ushuaia_Aero_II;879380;2013;02;19;4.2;24;2.0;24;1001.3;8;994.2;8;10.1;24;13.0;24;19.5;26.2;11.1;1.8;7.9;999.9;0;1;0;0;0;0
Ushuaia_Aero_II;879380;2013;02;20;6.3;24;2.6;24;1008.8;8;1001.7;8;13.5;24;8.1;24;18.0;23.1;9.0;3.2;7.1;999.9;0;1;0;0;0;0
Ushuaia_Aero_II;879380;2013;02;21;6.0;22;2.4;22;1014.6;8;1007.5;8;16.4;22;2.0;22;5.1;999.9;9.0;2.9;0.0;999.9;0;1;0;0;0;0
Ushuaia_Aero_II;879380;2013;02;22;9.6;24;6.3;24;1017.4;8;1010.4;8;17.1;24;2.7;24;7.2;999.9;14.0;4.8;1.0;999.9;0;1;0;0;0;0
Ushuaia_Aero_II;879380;2013;02;23;10.3;24;7.0;24;1022.0;8;1015.0;8;16.7;24;3.9;24;7.7;999.9;15.0;7.4;0.0;999.9;0;0;0;0;0;0
Ushuaia_Aero_II;879380;2013;02;24;10.0;22;6.4;22;1022.6;6;1015.5;6;16.3;22;2.3;22;5.1;999.9;15.0;6.0;0.0;999.9;0;0;0;0;0;0
Ushuaia_Aero_II;879380;2013;02;25;8.9;24;6.8;24;1018.4;8;1011.4;8;12.1;24;4.1;24;9.8;999.9;15.0;5.9;0.0;999.9;1;0;0;0;0;0
Ushuaia_Aero_II;879380;2013;02;26;10.7;23;7.4;23;1014.9;8;1007.9;8;14.5;23;4.4;23;10.3;999.9;14.6;6.6;0.3;999.9;0;1;0;0;0;0
Ushuaia_Aero_II;879380;2013;02;27;9.9;23;6.3;23;1015.9;8;1008.9;8;17.4;23;5.2;23;10.3;999.9;14.6;6.0;0.0;999.9;0;0;0;0;0;0
Ushuaia_Aero_II;879380;2013;02;28;10.2;24;6.7;24;1013.4;7;1006.4;7;17.2;24;7.4;24;13.9;18.5;14.1;6.6;999.9;999.9;0;1;0;0;0;0
Ushuaia_Aero_II;879380;2013;03;01;10.6;24;5.2;24;1014.3;8;1007.3;8;17.5;24;7.2;24;9.8;999.9;14.0;8.0;0.0;999.9;0;1;0;0;0;0
Ushuaia_Aero_II;879380;2013;03;02;11.9;24;6.3;24;1013.2;7;1006.3;7;16.7;22;7.5;24;12.9;17.5;16.4;8.8;0.0;999.9;0;0;0;0;0;0
Ushuaia_Aero_II;879380;2013;03;03;14.1;22;9.4;22;1013.6;7;1006.7;7;16.7;22;4.5;22;8.7;999.9;18.2;10.7;0.0;999.9;0;0;0;0;0;0
Ushuaia_Aero_II;879380;2013;03;04;14.5;24;9.3;24;1005.3;8;998.5;8;17.7;23;5.3;24;9.3;999.9;19.3;11.0;0.0;999.9;0;0;0;0;0;0
Ushuaia_Aero_II;879380;2013;03;05;9.4;24;7.9;24;996.8;8;990.0;8;13.8;24;5.3;24;15.4;21.1;14.6;7.0;0.0;999.9;0;1;0;0;0;0
Ushuaia_Aero_II;879380;2013;03;06;7.3;24;3.1;24;998.3;8;991.4;8;13.4;24;7.2;24;13.4;16.5;12.2;6.0;7.1;999.9;0;1;0;0;0;0
Ushuaia_Aero_II;879380;2013;03;07;5.2;23;1.9;23;1004.6;8;997.5;8;16.9;23;2.7;23;7.7;999.9;9.8;2.9;0.5;999.9;0;1;0;0;0;0
Ushuaia_Aero_II;879380;2013;03;08;5.9;24;1.1;24;1003.7;8;996.7;8;17.1;24;3.8;24;9.3;18.5;10.0;1.8;0.0;999.9;0;0;0;0;0;0
Ushuaia_Aero_II;879380;2013;03;09;7.1;23;0.9;23;1000.6;8;993.7;8;17.5;23;6.0;23;9.3;999.9;11.1;3.0;999.9;999.9;0;1;0;0;0;0
Ushuaia_Aero_II;879380;2013;03;10;7.2;24;3.7;24;1001.2;8;994.2;8;16.3;24;4.4;24;11.3;999.9;10.0;5.5;0.0;999.9;0;1;0;0;0;0
Ushuaia_Aero_II;879380;2013;03;11;6.6;24;3.3;24;1002.1;7;995.2;7;15.6;24;5.8;24;8.2;999.9;9.9;4.8;0.5;999.9;0;1;0;0;0;0
Ushuaia_Aero_II;879380;2013;03;12;5.4;24;1.2;24;1020.1;8;1013.0;8;15.3;24;5.1;24;12.9;999.9;9.0;3.0;1.0;999.9;0;1;0;0;0;0
Ushuaia_Aero_II;879380;2013;03;13;6.7;24;1.6;24;1029.4;8;1022.3;8;17.5;24;4.1;24;8.2;999.9;10.0;4.0;0.0;999.9;0;0;0;0;0;0
Ushuaia_Aero_II;879380;2013;03;14;6.8;23;2.9;23;1026.4;8;1019.3;8;16.1;23;2.8;23;17.0;999.9;13.0;2.3;0.0;999.9;0;0;0;0;0;0
Ushuaia_Aero_II;879380;2013;03;15;8.2;24;2.3;24;1018.0;8;1011.0;8;16.9;23;1.5;20;3.1;999.9;13.0;3.7;999.9;999.9;0;1;0;0;0;0
Ushuaia_Aero_II;879380;2013;03;16;9.3;22;5.3;22;1018.0;8;1011.0;8;18.3;21;2.9;22;6.2;999.9;16.0;5.0;0.3;999.9;0;0;0;0;0;0
Ushuaia_Aero_II;879380;2013;03;17;12.7;21;6.7;21;1017.2;8;1010.2;8;18.5;20;2.6;21;6.2;999.9;17.6;5.8;0.0;999.9;0;0;0;0;0;0
Ushuaia_Aero_II;879380;2013;03;18;11.2;22;7.1;22;1012.2;8;1005.3;8;17.7;20;2.5;20;7.7;999.9;17.6;6.9;0.0;999.9;0;0;0;0;0;0
Ushuaia_Aero_II;879380;2013;03;19;14.8;21;7.8;21;999.9;8;993.1;8;18.3;21;3.8;18;10.3;999.9;19.6;8.6;0.0;999.9;0;0;0;0;0;0
Ushuaia_Aero_II;879380;2013;03;20;12.0;22;4.1;22;991.1;8;984.4;8;18.0;22;5.9;17;9.3;999.9;20.1;9.0;0.0;999.9;0;0;0;0;0;0
Ushuaia_Aero_II;879380;2013;03;21;9.6;21;2.6;21;990.3;8;983.5;8;16.4;21;6.8;17;13.4;19.0;13.3;5.5;0.0;999.9;0;1;0;0;0;0
Ushuaia_Aero_II;879380;2013;03;22;7.4;21;1.5;21;997.9;8;991.0;8;15.8;21;10.1;17;15.9;18.5;14.0;4.5;0.5;999.9;0;1;0;0;0;0
Ushuaia_Aero_II;879380;2013;03;23;7.1;22;2.7;22;1006.4;8;999.4;8;17.4;22;3.7;22;11.3;999.9;11.0;2.6;0.0;999.9;0;1;0;0;0;0
Ushuaia_Aero_II;879380;2013;03;24;10.3;18;7.0;18;989.9;6;983.1;6;15.8;18;4.9;18;18.0;24.2;14.0;4.2;0.0;999.9;0;1;0;0;0;0
Ushuaia_Aero_II;879380;2013;03;25;7.9;22;3.3;22;995.7;8;988.8;8;16.7;22;8.1;22;16.4;22.6;12.6;3.7;0.8;999.9;0;1;0;0;0;0
Ushuaia_Aero_II;879380;2013;03;26;8.1;19;4.3;19;992.2;7;985.4;7;12.4;19;10.3;19;15.9;23.7;12.2;5.7;7.1;999.9;0;1;0;0;0;0
Ushuaia_Aero_II;879380;2013;03;27;7.8;23;3.6;23;1004.4;8;997.4;8;16.9;23;2.7;23;10.3;17.0;12.0;4.0;1.0;999.9;0;1;0;0;0;0
Ushuaia_Aero_II;879380;2013;03;28;8.9;23;3.4;23;998.7;8;991.8;8;16.1;23;9.4;20;15.9;21.1;12.4;6.0;1.0;999.9;0;1;0;0;0;0
Ushuaia_Aero_II;879380;2013;03;29;9.0;24;3.6;24;1004.7;8;997.8;8;17.5;24;3.2;20;9.8;14.9;12.0;6.9;0.0;999.9;0;0;0;0;0;0
Ushuaia_Aero_II;879380;2013;03;30;8.9;24;3.4;24;1008.0;8;1001.0;8;15.4;24;12.0;24;19.0;24.2;12.1;7.0;0.5;999.9;0;1;0;0;0;0
Ushuaia_Aero_II;879380;2013;03;31;10.2;23;5.1;23;1015.3;8;1008.3;8;15.6;23;5.6;23;11.3;18.0;11.0;8.2;0.0;999.9;0;1;0;0;0;0
Ushuaia_Aero_II;879380;2013;04;01;14.6;20;4.7;20;1005.3;7;998.5;7;17.9;20;4.0;20;18.0;999.9;21.0;9.1;0.0;999.9;0;0;0;0;0;0
Ushuaia_Aero_II;879380;2013;04;02;8.8;23;0.6;23;1013.4;8;1006.5;8;17.5;23;7.1;23;19.5;999.9;21.6;4.5;0.0;999.9;0;0;0;0;0;0
Ushuaia_Aero_II;879380;2013;04;03;11.6;20;4.2;20;999.3;7;992.4;7;17.4;20;4.6;18;10.8;18.0;14.0;9.0;0.0;999.9;0;0;0;0;0;0
Ushuaia_Aero_II;879380;2013;04;04;9.9;24;4.5;24;987.1;8;980.3;8;16.3;24;5.9;20;11.3;15.4;13.8;8.0;2.0;999.9;0;1;0;0;0;0
Ushuaia_Aero_II;879380;2013;04;05;7.7;21;-0.2;21;982.4;7;975.6;7;16.6;21;5.7;18;11.3;20.6;12.3;5.7;0.0;999.9;0;0;0;0;0;0
Ushuaia_Aero_II;879380;2013;04;06;5.2;23;-0.5;23;978.0;7;971.2;7;12.9;23;8.5;23;14.4;23.1;8.4;2.4;0.5;999.9;0;1;1;0;0;0
Ushuaia_Aero_II;879380;2013;04;07;4.1;16;1.4;16;991.9;7;984.9;7;12.4;16;7.2;16;12.9;17.5;6.9;1.3;3.0;999.9;0;1;0;0;0;0
Ushuaia_Aero_II;879380;2013;04;08;7.4;22;3.1;22;998.8;8;991.8;8;16.9;21;3.7;18;8.2;999.9;12.0;3.2;0.0;999.9;0;1;0;0;0;0
Ushuaia_Aero_II;879380;2013;04;09;12.3;22;5.0;22;989.5;8;982.7;8;18.0;22;5.6;18;8.7;15.4;15.2;6.2;0.0;999.9;0;0;0;0;0;0
Ushuaia_Aero_II;879380;2013;04;10;9.3;17;4.8;17;986.2;7;979.4;7;18.3;17;6.3;17;11.8;16.5;15.6;6.9;0.0;999.9;0;0;0;0;0;0
Ushuaia_Aero_II;879380;2013;04;11;5.8;24;2.5;24;1008.1;8;1001.0;8;17.4;24;7.0;21;11.8;13.4;12.2;4.0;0.0;999.9;0;1;0;0;0;0
Ushuaia_Aero_II;879380;2013;04;12;5.6;21;2.3;21;1009.9;8;1002.8;8;16.9;21;4.1;17;10.3;999.9;8.1;2.5;0.3;999.9;0;1;0;0;0;0
Ushuaia_Aero_II;879380;2013;04;13;7.7;21;3.7;21;1006.8;8;999.9;8;18.3;21;4.9;21;10.8;13.9;11.0;3.4;0.5;999.9;0;0;0;0;0;0
Ushuaia_Aero_II;879380;2013;04;14;8.9;24;3.5;24;1004.2;6;997.2;6;15.9;24;7.7;24;12.9;18.0;11.1;3.8;0.0;999.9;0;0;0;0;0;0
Ushuaia_Aero_II;879380;2013;04;15;6.4;24;1.7;24;1011.7;8;1004.6;8;16.6;24;4.4;24;8.7;14.9;10.0;3.2;0.0;999.9;0;0;0;0;0;0
Ushuaia_Aero_II;879380;2013;04;16;9.1;23;6.2;23;1000.3;8;993.4;8;16.4;23;2.1;20;4.1;999.9;11.0;4.2;0.5;999.9;0;1;0;0;0;0
Ushuaia_Aero_II;879380;2013;04;17;11.7;24;7.5;24;996.3;8;989.5;8;17.7;24;3.4;24;10.8;13.4;16.2;7.0;0.5;999.9;0;0;0;0;0;0
Ushuaia_Aero_II;879380;2013;04;18;12.7;22;7.0;22;987.1;8;980.4;8;17.9;21;4.0;19;11.3;15.4;18.1;8.6;0.0;999.9;0;1;0;0;0;0
Ushuaia_Aero_II;879380;2013;04;19;9.3;23;4.2;23;996.5;8;989.7;8;17.1;23;8.2;19;15.4;999.9;18.2;6.6;0.0;999.9;0;1;0;0;0;0
Ushuaia_Aero_II;879380;2013;04;20;8.7;22;5.0;22;1007.4;8;1000.4;8;18.0;22;2.4;22;5.1;999.9;11.8;5.7;0.0;999.9;0;0;0;0;0;0
Ushuaia_Aero_II;879380;2013;04;21;8.9;24;5.3;24;996.5;7;989.6;7;16.1;24;3.6;24;14.9;19.5;10.5;7.0;999.9;999.9;0;1;0;0;0;0
Ushuaia_Aero_II;879380;2013;04;22;5.4;23;1.3;23;1012.8;8;1005.7;8;16.6;23;7.6;19;19.0;26.2;10.3;4.0;0.0;999.9;0;1;0;0;0;0
Ushuaia_Aero_II;879380;2013;04;23;5.5;24;-0.9;24;1016.8;8;1009.6;8;16.6;24;2.4;24;4.6;999.9;10.0;2.2;0.0;999.9;0;0;0;0;0;0
Ushuaia_Aero_II;879380;2013;04;24;9.3;23;0.8;23;1009.7;7;1002.7;7;16.4;23;4.0;23;7.2;13.9;13.0;3.0;0.0;999.9;0;0;0;0;0;0
Ushuaia_Aero_II;879380;2013;04;25;9.6;24;4.9;24;1001.7;8;994.7;8;17.4;24;2.5;24;6.7;999.9;13.8;6.8;0.0;999.9;0;0;0;0;0;0
Ushuaia_Aero_II;879380;2013;04;26;8.8;22;5.5;22;1000.2;8;993.3;8;17.2;22;4.9;22;15.4;23.1;14.1;6.6;0.3;999.9;0;1;0;0;0;0
Ushuaia_Aero_II;879380;2013;04;27;6.3;23;0.4;23;1009.9;7;1002.9;7;15.6;23;4.9;23;14.4;19.5;11.6;4.0;0.0;999.9;0;1;0;0;0;0
Ushuaia_Aero_II;879380;2013;04;28;10.3;22;-0.2;22;998.8;7;991.9;7;15.9;22;7.6;22;23.6;999.9;15.0;4.2;999.9;999.9;0;1;0;0;0;0
Ushuaia_Aero_II;879380;2013;04;29;7.3;24;-1.1;24;989.8;8;982.9;8;16.4;24;6.9;24;18.0;23.1;16.1;5.5;0.0;999.9;0;1;0;0;0;0
Ushuaia_Aero_II;879380;2013;04;30;5.0;21;-1.9;21;985.5;8;978.6;8;17.4;21;7.6;21;15.4;20.6;8.5;3.4;0.5;999.9;0;1;0;0;0;0
Ushuaia_Aero_II;879380;2013;05;01;5.4;22;2.6;22;995.6;7;988.6;7;14.0;22;6.0;22;12.3;17.0;7.0;3.4;4.1;999.9;0;1;0;0;0;0
Ushuaia_Aero_II;879380;2013;05;02;7.4;22;2.7;22;998.0;7;991.1;7;15.0;22;6.6;22;14.9;18.5;11.6;4.0;0.5;999.9;0;1;0;0;0;0
Ushuaia_Aero_II;879380;2013;05;03;5.7;24;2.6;24;1000.1;8;993.1;8;16.9;24;3.0;24;8.7;999.9;12.1;3.5;3.0;999.9;0;1;0;0;0;0
Ushuaia_Aero_II;879380;2013;05;04;7.9;24;2.2;24;995.3;8;988.4;8;17.4;24;5.1;24;14.4;19.5;9.2;3.7;0.0;999.9;0;1;0;0;0;0
Ushuaia_Aero_II;879380;2013;05;05;7.1;20;2.3;20;987.4;7;980.5;7;16.9;20;5.8;20;12.9;18.0;9.3;5.0;0.3;999.9;0;1;0;0;0;0
Ushuaia_Aero_II;879380;2013;05;06;4.5;23;0.8;23;984.9;7;978.1;7;13.2;23;16.0;23;21.1;32.4;6.1;3.0;1.0;999.9;0;1;0;0;0;0
Ushuaia_Aero_II;879380;2013;05;07;4.7;23;1.6;23;978.7;7;971.9;7;14.8;23;8.8;23;15.4;20.1;6.3;2.0;0.5;999.9;0;1;0;0;0;0
Ushuaia_Aero_II;879380;2013;05;08;4.8;24;0.9;24;977.1;8;970.3;8;16.4;24;5.1;24;12.9;22.6;9.0;2.4;0.5;999.9;0;1;0;0;0;0
Ushuaia_Aero_II;879380;2013;05;09;3.4;21;-0.1;21;980.0;6;973.1;6;12.9;21;5.4;20;13.9;24.7;6.9;2.0;2.0;999.9;0;1;1;0;0;0
Ushuaia_Aero_II;879380;2013;05;10;3.2;22;0.4;22;984.1;7;977.1;7;14.8;22;8.5;22;19.0;24.2;4.4;1.5;4.1;999.9;0;1;0;0;0;0
Ushuaia_Aero_II;879380;2013;05;11;5.1;18;-0.7;18;987.6;6;980.7;6;16.9;18;5.6;18;12.9;19.0;7.0;2.3;0.0;999.9;0;1;0;0;0;0
Ushuaia_Aero_II;879380;2013;05;12;4.6;21;-0.4;21;972.6;6;965.8;6;14.5;21;7.8;21;14.4;20.1;7.1;2.0;0.0;999.9;0;1;0;0;0;0
Ushuaia_Aero_II;879380;2013;05;13;1.1;23;-0.6;23;987.0;7;980.0;7;8.4;23;13.2;23;15.9;24.2;5.1;-2.0;6.1;999.9;0;1;1;0;0;0
Ushuaia_Aero_II;879380;2013;05;14;-0.1;24;-1.6;24;1005.6;8;999.0;7;4.5;24;11.4;24;14.4;20.1;1.6;-1.8;2.0;999.9;0;1;1;0;0;0
Ushuaia_Aero_II;879380;2013;05;15;2.8;24;-0.1;24;1012.1;8;1005.0;8;12.9;24;5.5;24;14.4;21.1;6.0;-0.4;2.0;999.9;0;1;1;0;0;0
Ushuaia_Aero_II;879380;2013;05;16;6.2;24;1.9;24;1006.8;7;999.7;7;16.7;24;6.6;24;16.4;21.1;8.0;1.3;0.0;999.9;0;1;0;0;0;0
Ushuaia_Aero_II;879380;2013;05;17;6.7;22;1.2;22;1000.0;8;993.1;8;18.0;22;3.8;22;6.7;14.4;8.7;4.6;0.0;999.9;0;0;0;0;0;0
Ushuaia_Aero_II;879380;2013;05;18;5.5;22;0.1;22;1005.7;6;998.7;6;16.4;22;3.3;22;9.3;15.4;8.5;3.0;0.0;999.9;0;0;0;0;0;0
Ushuaia_Aero_II;879380;2013;05;19;7.6;22;1.6;22;1006.4;8;999.4;8;18.0;22;4.0;22;10.8;16.5;12.0;4.4;0.0;999.9;0;0;0;0;0;0
Ushuaia_Aero_II;879380;2013;05;20;10.1;24;2.9;24;999.9;7;993.0;7;15.9;24;4.6;24;9.8;15.9;13.0;6.2;999.9;999.9;0;1;0;0;0;0
Ushuaia_Aero_II;879380;2013;05;21;5.5;21;0.2;21;991.4;7;984.5;7;16.7;21;5.3;21;15.9;23.1;14.1;2.0;2.0;999.9;0;1;0;0;0;0
Ushuaia_Aero_II;879380;2013;05;22;3.9;23;-0.7;23;986.2;6;979.3;6;13.7;23;9.0;23;19.5;28.8;7.1;2.0;0.8;999.9;0;1;0;0;0;0
Ushuaia_Aero_II;879380;2013;05;23;1.7;17;-1.0;17;996.4;6;989.3;6;13.2;17;8.5;17;12.9;15.4;5.1;-0.4;4.1;999.9;0;1;1;0;0;0
Ushuaia_Aero_II;879380;2013;05;24;0.8;23;-1.0;23;1007.3;8;1000.1;8;9.5;23;7.9;23;12.3;16.5;2.6;0.0;2.0;999.9;0;0;1;0;0;0
Ushuaia_Aero_II;879380;2013;05;25;-1.4;19;-3.7;19;1008.5;6;1001.2;6;17.1;19;3.3;19;6.7;999.9;1.6;-3.7;1.0;999.9;0;0;0;0;0;0
Ushuaia_Aero_II;879380;2013;05;26;-2.4;22;-4.7;22;1005.6;8;998.4;8;17.9;22;2.6;22;5.1;999.9;0.3;-4.0;0.0;999.9;0;0;0;0;0;0
Ushuaia_Aero_II;879380;2013;05;27;-3.1;24;-4.8;24;1006.1;8;998.9;8;17.1;24;2.8;24;5.1;999.9;0.5;-5.0;0.0;999.9;0;0;0;0;0;0
Ushuaia_Aero_II;879380;2013;05;28;0.2;24;-2.2;24;1009.4;8;1002.1;8;17.1;24;2.0;24;3.1;999.9;2.5;-4.8;0.0;999.9;0;0;0;0;0;0
Ushuaia_Aero_II;879380;2013;05;29;2.0;24;-1.8;24;1005.7;8;998.5;8;17.4;24;2.2;24;4.1;999.9;4.2;-0.8;0.0;999.9;0;0;0;0;0;0
Ushuaia_Aero_II;879380;2013;05;30;3.4;20;-0.8;20;982.2;7;975.2;7;17.9;20;2.2;20;7.7;999.9;5.2;1.0;0.0;999.9;0;0;0;0;0;0
Ushuaia_Aero_II;879380;2013;05;31;3.3;22;-0.3;22;977.1;8;970.2;8;16.7;22;5.8;22;11.3;999.9;5.5;1.4;999.9;999.9;0;1;0;0;0;0
Ushuaia_Aero_II;879380;2013;06;01;0.7;21;-0.9;21;993.2;7;986.2;7;9.3;21;4.1;21;9.3;999.9;5.1;-2.0;5.1;2.0;0;1;1;0;0;0
Ushuaia_Aero_II;879380;2013;06;02;0.3;22;-3.5;22;998.3;8;991.2;8;17.9;22;2.5;22;4.6;999.9;3.1;-3.0;2.0;999.9;0;0;0;0;0;0
Ushuaia_Aero_II;879380;2013;06;03;2.4;24;0.6;24;995.5;8;988.5;8;15.9;24;1.6;24;4.1;999.9;4.0;0.5;0.0;999.9;0;1;0;0;0;0
Ushuaia_Aero_II;879380;2013;06;04;3.6;21;1.3;21;1001.5;7;994.4;7;17.5;21;1.6;21;3.1;999.9;5.1;2.0;5.1;999.9;0;0;0;0;0;0
Ushuaia_Aero_II;879380;2013;06;05;3.5;24;0.3;24;999.4;8;992.3;8;17.4;24;2.5;24;7.7;12.9;7.0;1.7;0.0;999.9;0;0;0;0;0;0
Ushuaia_Aero_II;879380;2013;06;06;6.2;24;0.8;24;985.8;8;978.9;8;16.4;24;4.7;24;8.2;999.9;8.4;1.8;0.3;999.9;0;1;0;0;0;0
Ushuaia_Aero_II;879380;2013;06;07;2.6;23;0.2;23;980.7;7;973.4;7;11.9;23;10.9;23;16.5;22.1;7.7;2.0;2.0;999.9;0;1;1;0;0;0
Ushuaia_Aero_II;879380;2013;06;08;3.9;24;0.2;24;987.3;8;980.4;8;17.5;24;4.5;23;12.3;19.5;6.0;0.4;4.1;999.9;0;0;0;0;0;0
Ushuaia_Aero_II;879380;2013;06;09;4.3;24;0.5;24;985.8;8;978.9;8;17.2;24;3.7;24;8.7;999.9;8.0;1.2;0.0;999.9;0;1;0;0;0;0
Ushuaia_Aero_II;879380;2013;06;10;3.3;24;0.4;24;979.3;7;972.4;7;14.0;24;9.7;24;14.4;21.6;8.1;1.0;0.0;999.9;0;1;1;0;0;0
Ushuaia_Aero_II;879380;2013;06;11;2.2;24;-2.8;24;991.1;8;984.1;8;17.4;24;4.0;24;9.3;14.4;4.6;-0.9;0.5;999.9;0;0;0;0;0;0
Ushuaia_Aero_II;879380;2013;06;12;1.9;23;-1.3;23;987.7;8;980.6;8;16.3;23;5.5;23;12.9;21.6;4.1;1.0;0.0;999.9;0;1;1;0;0;0
Ushuaia_Aero_II;879380;2013;06;13;1.5;24;-0.7;24;998.6;6;991.5;6;9.7;23;9.2;24;14.9;20.1;4.1;0.4;2.0;999.9;0;1;1;0;0;0
Ushuaia_Aero_II;879380;2013;06;14;1.8;21;-2.3;21;1008.5;8;1001.3;8;17.9;21;3.3;20;7.2;999.9;4.0;0.0;2.0;999.9;0;0;0;0;0;0
Ushuaia_Aero_II;879380;2013;06;15;2.5;21;-0.8;21;985.5;8;978.6;8;14.2;21;7.5;21;18.0;18.5;5.1;-0.3;1.0;999.9;0;1;0;0;0;0
Ushuaia_Aero_II;879380;2013;06;16;1.7;21;-3.6;21;980.7;7;973.7;7;15.6;21;6.7;21;13.4;19.0;4.6;-0.9;1.0;999.9;0;0;1;0;0;0
Ushuaia_Aero_II;879380;2013;06;17;-0.4;23;-4.2;23;985.6;8;978.6;8;15.0;23;4.9;23;10.8;18.5;3.1;-2.2;0.0;999.9;0;0;1;0;0;0
Ushuaia_Aero_II;879380;2013;06;18;-1.2;21;-4.1;21;994.0;8;986.9;8;10.6;21;5.5;20;12.9;14.9;1.3;-2.7;0.0;999.9;0;0;1;0;0;0
Ushuaia_Aero_II;879380;2013;06;19;0.6;24;-2.8;24;989.0;7;981.9;7;10.3;24;8.1;24;14.4;22.6;5.0;-2.3;1.0;999.9;0;1;1;0;0;0
Ushuaia_Aero_II;879380;2013;06;20;1.8;22;-0.6;22;976.2;7;969.3;7;12.2;22;5.9;22;20.6;26.8;3.6;0.2;3.0;999.9;0;1;1;0;0;0
Ushuaia_Aero_II;879380;2013;06;21;-0.5;19;-2.3;19;971.6;6;964.7;6;4.5;19;9.0;19;14.4;24.2;3.0;-1.2;3.0;3.0;0;0;1;0;0;0
Ushuaia_Aero_II;879380;2013;06;22;1.7;19;-0.9;19;988.4;7;981.4;7;9.0;19;9.6;19;20.6;26.2;4.0;-1.5;3.0;7.9;0;1;1;0;0;0
Ushuaia_Aero_II;879380;2013;06;23;6.2;24;1.0;24;989.1;7;982.2;7;14.5;24;14.0;24;22.6;32.4;10.0;-0.2;0.0;999.9;0;1;0;0;0;0
Ushuaia_Aero_II;879380;2013;06;24;8.4;24;3.4;24;983.5;8;976.7;8;16.3;24;10.4;24;20.6;29.8;11.4;5.5;0.3;999.9;0;1;0;0;0;0
Ushuaia_Aero_II;879380;2013;06;25;7.9;24;1.9;24;981.5;6;975.4;7;17.2;24;5.3;24;9.3;14.4;13.0;5.8;0.0;999.9;0;0;0;0;0;0
Ushuaia_Aero_II;879380;2013;06;26;10.6;23;1.5;23;980.6;8;973.9;8;17.4;23;8.6;23;18.0;24.7;15.6;5.0;0.0;999.9;0;0;0;0;0;0
Ushuaia_Aero_II;879380;2013;06;27;4.3;24;-1.4;24;992.0;8;985.1;8;17.1;24;3.3;24;9.8;999.9;14.3;1.0;0.0;999.9;0;0;0;0;0;0
Ushuaia_Aero_II;879380;2013;06;28;4.1;24;1.6;24;987.2;7;980.2;7;11.6;24;8.0;24;11.8;999.9;5.8;3.0;3.0;999.9;0;1;0;0;0;0
Ushuaia_Aero_II;879380;2013;06;29;1.3;24;-3.5;24;1003.3;8;996.2;8;16.7;24;4.2;24;9.8;999.9;5.1;0.9;0.3;999.9;0;1;0;0;0;0
Ushuaia_Aero_II;879380;2013;06;30;0.3;24;-2.7;24;1006.8;8;999.6;8;17.2;24;1.9;24;4.1;999.9;2.0;-1.0;0.0;999.9;0;0;0;0;0;0
Ushuaia_Aero_II;879380;2013;07;01;3.3;24;-2.2;24;993.6;8;986.6;8;14.8;24;7.3;24;12.9;17.0;6.0;-0.7;0.5;999.9;0;1;0;0;0;0
Ushuaia_Aero_II;879380;2013;07;02;3.6;21;-0.7;21;975.3;8;968.5;8;16.4;21;1.6;21;5.7;999.9;5.7;3.0;2.0;999.9;0;1;0;0;0;0
Ushuaia_Aero_II;879380;2013;07;03;2.0;23;1.4;23;979.6;8;972.7;8;10.8;23;0.9;23;2.1;999.9;4.1;0.8;0.0;999.9;1;0;0;0;0;0
Ushuaia_Aero_II;879380;2013;07;04;2.7;24;-0.6;24;996.7;7;989.6;7;16.6;24;4.3;24;11.8;17.0;4.1;0.8;0.0;999.9;0;0;0;0;0;0
Ushuaia_Aero_II;879380;2013;07;05;1.8;23;-1.9;23;1011.2;8;1004.1;8;16.7;23;2.7;23;5.7;999.9;4.2;0.5;0.0;999.9;0;0;1;0;0;0
Ushuaia_Aero_II;879380;2013;07;06;2.3;24;-3.1;24;1012.8;8;1005.6;8;16.7;24;4.0;24;10.8;17.0;5.4;0.5;999.9;999.9;0;1;0;0;0;0
Ushuaia_Aero_II;879380;2013;07;07;4.6;24;1.6;24;1004.2;7;997.1;7;13.8;24;11.5;24;17.0;23.1;6.0;0.8;2.0;999.9;0;1;0;0;0;0
Ushuaia_Aero_II;879380;2013;07;08;6.9;24;0.5;24;996.1;8;989.2;8;16.3;24;4.3;23;15.9;18.5;10.0;4.1;0.0;999.9;0;1;0;0;0;0
Ushuaia_Aero_II;879380;2013;07;09;4.5;24;-1.3;24;997.4;8;990.4;8;16.7;24;4.3;24;14.4;999.9;10.1;2.9;0.0;999.9;0;0;0;0;0;0
Ushuaia_Aero_II;879380;2013;07;10;4.7;22;0.1;22;995.6;8;988.6;8;18.0;22;1.2;22;4.6;999.9;6.9;2.3;0.0;999.9;0;0;0;0;0;0
Ushuaia_Aero_II;879380;2013;07;11;3.4;24;-0.1;24;993.9;8;986.9;8;17.2;24;3.2;24;9.3;999.9;6.1;1.0;0.0;999.9;0;1;0;0;0;0
Ushuaia_Aero_II;879380;2013;07;12;7.8;24;0.7;24;982.4;8;975.6;8;17.1;24;6.2;24;10.8;23.1;12.0;2.0;0.0;999.9;0;0;0;0;0;0
Ushuaia_Aero_II;879380;2013;07;13;3.2;24;-1.9;24;978.4;8;971.6;8;12.4;24;8.3;24;18.5;25.7;11.8;1.0;0.5;999.9;0;1;1;0;0;0
Ushuaia_Aero_II;879380;2013;07;14;3.7;21;-1.5;21;994.2;7;987.2;7;15.1;21;10.5;21;22.6;25.7;5.4;1.0;2.0;999.9;0;1;1;0;0;0
Ushuaia_Aero_II;879380;2013;07;15;4.1;21;-0.4;21;986.2;8;979.3;8;17.5;21;4.8;21;10.3;14.4;7.0;2.0;0.0;999.9;0;1;0;0;0;0
Ushuaia_Aero_II;879380;2013;07;16;-1.8;24;-2.7;24;988.5;7;981.4;7;4.3;24;13.9;24;19.5;21.1;7.5;-4.0;2.0;3.0;0;1;1;0;0;0
Ushuaia_Aero_II;879380;2013;07;17;0.2;24;-2.2;24;1009.3;8;1002.0;8;10.9;24;10.2;24;13.9;19.5;2.0;-3.8;2.0;999.9;0;1;1;0;0;0
Ushuaia_Aero_II;879380;2013;07;18;3.1;24;-0.7;24;1005.7;8;998.6;8;14.8;24;8.1;24;18.5;24.7;5.0;0.1;0.5;999.9;0;1;0;0;0;0
Ushuaia_Aero_II;879380;2013;07;19;2.3;24;-0.2;24;989.9;8;983.0;8;6.9;24;9.0;24;16.5;28.3;5.1;0.7;2.0;999.9;0;1;1;0;0;0
Ushuaia_Aero_II;879380;2013;07;20;0.8;23;-1.8;23;1022.2;8;1015.0;8;9.7;23;8.8;23;17.5;23.7;2.0;0.0;4.1;999.9;0;1;1;0;0;0
Ushuaia_Aero_II;879380;2013;07;21;-0.5;23;-3.4;23;1028.2;7;1020.9;7;16.6;23;1.7;23;4.6;999.9;2.0;-3.5;0.5;999.9;0;0;0;0;0;0
Ushuaia_Aero_II;879380;2013;07;22;4.7;24;0.6;24;1010.0;8;1003.6;8;16.7;24;9.7;24;20.1;26.8;8.0;-1.0;0.0;999.9;0;1;0;0;0;0
Ushuaia_Aero_II;879380;2013;07;23;4.3;23;0.8;23;1010.5;8;1003.4;8;17.4;23;7.6;23;20.6;23.7;7.6;3.5;0.0;999.9;0;0;0;0;0;0
Ushuaia_Aero_II;879380;2013;07;24;6.2;24;-0.7;24;984.1;8;977.3;8;16.9;24;6.8;24;12.3;19.0;8.0;4.0;0.0;999.9;0;1;0;0;0;0
Ushuaia_Aero_II;879380;2013;07;25;2.3;24;-1.3;24;973.6;7;966.7;7;10.8;24;8.7;24;15.9;23.1;8.5;0.0;0.0;999.9;0;1;1;0;0;0
Ushuaia_Aero_II;879380;2013;07;26;-0.7;23;-3.3;23;993.7;8;986.6;8;11.3;23;5.9;23;16.5;25.2;2.3;-2.0;0.3;999.9;0;0;1;0;0;0
Ushuaia_Aero_II;879380;2013;07;27;2.7;24;-1.0;24;996.6;8;989.5;8;15.0;24;7.4;24;19.0;28.3;6.0;-2.2;2.0;999.9;0;1;1;0;0;0
Ushuaia_Aero_II;879380;2013;07;28;5.2;23;1.3;23;1001.7;7;994.6;7;16.1;23;13.5;23;22.6;28.3;6.1;2.5;0.3;999.9;0;1;0;0;0;0
Ushuaia_Aero_II;879380;2013;07;29;5.1;22;2.0;22;1005.4;7;998.3;7;14.6;22;11.5;22;18.5;25.2;6.3;4.0;0.8;999.9;0;1;0;0;0;0
Ushuaia_Aero_II;879380;2013;07;30;4.7;20;-0.5;20;1004.0;8;997.0;8;15.4;20;15.1;20;28.3;33.4;7.1;2.0;0.0;999.9;0;1;0;0;0;0
Ushuaia_Aero_II;879380;2013;07;31;3.0;24;-0.2;24;1007.6;8;1000.5;8;14.8;24;6.4;24;13.9;18.5;6.0;1.0;0.5;999.9;0;1;0;0;0;0
Ushuaia_Aero_II;879380;2013;08;01;-0.1;20;-3.7;20;1016.2;7;1009.0;7;13.4;20;6.2;20;10.8;13.4;3.6;-1.2;0.8;999.9;0;0;1;0;0;0
Ushuaia_Aero_II;879380;2013;08;02;0.9;24;-1.9;24;1012.0;8;1004.8;8;15.8;24;1.1;24;2.6;999.9;2.3;-0.6;0.0;999.9;0;0;0;0;0;0
Ushuaia_Aero_II;879380;2013;08;03;2.7;24;0.2;24;997.4;7;990.4;7;16.1;17;2.9;24;7.7;999.9;4.0;0.3;0.0;999.9;0;1;0;0;0;0
Ushuaia_Aero_II;879380;2013;08;04;3.2;22;1.0;22;993.9;7;986.9;7;14.0;22;3.4;22;7.2;999.9;4.4;1.7;0.0;999.9;0;1;0;0;0;0
Ushuaia_Aero_II;879380;2013;08;05;0.9;16;0.1;16;998.7;8;991.6;8;15.9;16;2.0;16;5.1;999.9;4.5;0.0;2.0;999.9;0;1;0;0;0;0
Ushuaia_Aero_II;879380;2013;08;06;2.4;8;-0.6;8;993.9;7;987.2;8;28.8;8;3.1;8;8.2;999.9;4.7;-0.1;0.0;999.9;0;0;0;0;0;0
Ushuaia_Aero_II;879380;2013;08;07;3.7;12;-1.4;12;991.2;8;984.2;8;23.3;12;2.0;12;5.7;999.9;5.1;1.7;0.0;999.9;0;0;0;0;0;0
Ushuaia_Aero_II;879380;2013;08;08;2.0;24;-2.3;24;996.6;8;989.5;8;14.2;24;6.5;24;18.0;999.9;5.2;0.7;0.5;999.9;0;1;1;0;0;0
Ushuaia_Aero_II;879380;2013;08;09;3.7;23;-2.6;23;994.9;8;987.9;8;16.6;23;5.9;23;13.9;16.5;5.0;0.7;0.3;999.9;0;0;0;0;0;0
Ushuaia_Aero_II;879380;2013;08;10;5.2;24;-0.8;24;977.2;8;970.3;8;16.3;24;8.8;24;19.6;26.3;7.0;2.9;0.3;999.9;0;1;0;0;0;0
Ushuaia_Aero_II;879380;2013;08;11;-0.3;22;-3.0;22;983.4;5;976.4;5;6.9;22;8.8;22;18.5;23.2;7.6;-4.0;2.0;999.9;0;1;1;0;0;0
Ushuaia_Aero_II;879380;2013;08;12;0.7;23;-2.4;23;993.3;8;986.2;8;9.2;23;4.4;23;12.9;18.5;3.0;-4.3;3.0;999.9;0;1;1;0;0;0
Ushuaia_Aero_II;879380;2013;08;13;-0.5;19;-3.2;19;1003.7;8;996.6;8;8.7;17;9.4;19;20.6;23.2;2.0;-3.4;3.0;999.9;0;0;1;0;0;0
Ushuaia_Aero_II;879380;2013;08;14;3.4;24;-1.2;24;980.2;7;973.2;7;12.1;24;7.8;24;12.9;18.5;8.0;-1.0;0.0;999.9;0;1;1;0;0;0
Ushuaia_Aero_II;879380;2013;08;15;3.3;21;-3.2;21;971.7;7;964.8;7;13.5;21;8.1;21;13.9;23.7;5.0;1.0;0.0;999.9;0;1;1;0;0;0
Ushuaia_Aero_II;879380;2013;08;16;3.0;20;-2.4;20;986.9;6;979.9;6;15.8;19;7.1;20;14.4;24.2;7.2;0.0;0.8;999.9;0;1;0;0;0;0
Ushuaia_Aero_II;879380;2013;08;17;3.8;23;-1.2;23;983.0;7;976.1;7;14.3;23;6.7;23;11.3;21.6;7.0;2.0;0.3;999.9;0;1;0;0;0;0
Ushuaia_Aero_II;879380;2013;08;18;2.9;24;-1.9;24;984.5;8;977.5;8;15.3;24;5.0;24;10.3;999.9;4.2;0.9;0.0;999.9;0;1;0;0;0;0
Ushuaia_Aero_II;879380;2013;08;19;3.1;24;-4.7;24;973.1;7;966.2;7;15.0;24;5.7;24;13.9;22.1;7.0;1.8;1.0;999.9;0;1;0;0;0;0
Ushuaia_Aero_II;879380;2013;08;20;0.1;17;-2.3;17;987.4;7;980.4;7;6.9;17;11.8;17;16.0;22.7;2.0;-1.2;5.1;1.0;0;0;1;0;0;0
Ushuaia_Aero_II;879380;2013;08;21;-1.4;14;-3.2;14;1011.6;8;1004.4;8;5.5;14;9.8;14;13.9;18.0;-0.6;-2.2;2.0;6.1;0;0;1;0;0;0
Ushuaia_Aero_II;879380;2013;08;22;-2.2;22;-3.9;22;1028.9;7;1021.6;7;5.5;22;7.7;22;15.4;17.5;-1.0;-3.0;0.5;4.1;0;0;1;0;0;0
Ushuaia_Aero_II;879380;2013;08;23;-1.4;23;-2.7;23;1035.7;7;1028.4;7;10.6;23;6.4;23;9.3;999.9;1.0;-3.0;2.0;1.0;0;0;1;0;0;0
Ushuaia_Aero_II;879380;2013;08;24;-1.0;24;-3.5;24;1031.4;8;1024.1;8;20.6;15;3.2;24;7.2;999.9;3.0;-4.2;0.0;999.9;0;0;0;0;0;0
Ushuaia_Aero_II;879380;2013;08;25;1.3;24;-5.4;24;1019.1;8;1011.9;8;20.0;16;4.0;24;9.8;999.9;4.0;-1.0;0.0;999.9;0;0;0;0;0;0
Ushuaia_Aero_II;879380;2013;08;26;4.4;24;-2.7;24;1003.9;8;996.8;8;16.9;22;5.8;24;9.8;16.5;6.0;1.0;0.0;999.9;0;0;0;0;0;0
Ushuaia_Aero_II;879380;2013;08;27;2.7;23;-1.7;23;988.1;8;981.1;8;13.7;23;10.2;23;18.0;24.2;6.0;0.9;0.8;999.9;0;1;1;0;0;0
Ushuaia_Aero_II;879380;2013;08;28;1.2;23;-2.2;23;988.8;8;981.8;8;9.5;23;6.8;23;16.5;22.7;3.0;-2.0;0.3;999.9;0;1;1;0;0;0
Ushuaia_Aero_II;879380;2013;08;29;0.3;22;-2.3;22;995.7;8;988.6;8;7.4;22;9.1;22;13.4;20.1;2.0;-1.0;2.0;5.1;0;0;1;0;0;0
Ushuaia_Aero_II;879380;2013;08;30;0.8;23;-3.9;23;1005.4;8;998.3;8;16.3;23;4.0;23;10.8;15.4;4.0;-1.5;1.0;999.9;0;0;0;0;0;0
Ushuaia_Aero_II;879380;2013;08;31;1.3;21;-2.3;21;1004.5;8;997.4;8;12.1;19;10.0;21;15.4;20.1;3.0;-1.0;1.0;999.9;0;1;1;0;0;0
Ushuaia_Aero_II;879380;2013;09;01;2.9;23;-2.1;23;1012.1;8;1005.0;8;17.2;21;5.4;23;10.3;999.9;5.0;0.9;0.5;999.9;0;0;0;0;0;0
Ushuaia_Aero_II;879380;2013;09;02;4.1;22;0.4;22;1017.1;8;1010.0;8;17.2;22;7.2;22;10.8;14.4;5.0;3.4;0.0;999.9;0;0;0;0;0;0
Ushuaia_Aero_II;879380;2013;09;03;4.5;24;0.2;24;1022.7;8;1015.6;8;16.3;24;5.8;24;9.8;999.9;7.0;3.0;0.0;999.9;0;0;0;0;0;0
Ushuaia_Aero_II;879380;2013;09;04;2.7;22;-1.8;22;1017.7;7;1010.5;7;18.8;16;3.4;22;8.2;13.4;8.0;0.0;0.0;999.9;0;0;0;0;0;0
Ushuaia_Aero_II;879380;2013;09;05;3.4;24;-0.6;24;1008.5;8;1001.4;8;16.7;24;3.1;24;9.8;12.4;7.0;1.0;999.9;999.9;0;1;0;0;0;0
Ushuaia_Aero_II;879380;2013;09;06;3.8;24;1.1;24;1005.2;7;998.1;7;15.4;23;3.0;24;6.2;999.9;6.0;2.0;0.0;999.9;0;1;0;0;0;0
Ushuaia_Aero_II;879380;2013;09;07;3.9;24;-1.0;24;997.0;8;990.0;8;17.2;22;4.5;24;9.3;17.5;8.0;1.7;0.0;999.9;0;0;0;0;0;0
Ushuaia_Aero_II;879380;2013;09;08;6.9;24;1.9;24;983.4;8;976.6;8;16.7;24;4.0;24;10.3;15.4;11.0;3.5;999.9;999.9;0;1;0;0;0;0
Ushuaia_Aero_II;879380;2013;09;09;2.5;23;-0.7;23;982.2;7;975.3;7;11.7;23;7.2;23;11.8;18.0;6.0;-1.0;0.0;999.9;0;1;1;0;0;0
Ushuaia_Aero_II;879380;2013;09;10;-0.1;24;-4.1;24;993.6;8;986.5;8;15.0;24;8.8;24;15.4;19.0;2.2;-2.2;1.0;999.9;0;0;1;0;0;0
Ushuaia_Aero_II;879380;2013;09;11;1.1;24;-4.2;24;1001.9;8;994.8;8;12.6;24;6.6;24;14.9;23.2;4.1;-1.0;0.0;999.9;0;1;1;0;0;0
Ushuaia_Aero_II;879380;2013;09;12;1.5;24;-0.4;24;1010.9;8;1003.7;8;11.1;24;13.5;24;16.0;21.6;4.2;-0.1;0.0;999.9;0;0;1;0;0;0
Ushuaia_Aero_II;879380;2013;09;13;3.0;24;-0.1;24;1018.5;8;1011.3;8;15.3;24;11.5;24;16.0;21.1;5.0;1.3;0.0;999.9;0;1;0;0;0;0
Ushuaia_Aero_II;879380;2013;09;14;3.9;23;0.1;23;1015.2;8;1008.1;8;16.1;23;11.8;23;26.0;39.0;5.2;2.5;0.0;999.9;0;0;0;0;0;0
Ushuaia_Aero_II;879380;2013;09;15;5.7;23;1.3;23;1019.0;8;1011.9;8;15.3;23;10.8;23;13.9;21.1;7.0;4.4;0.0;999.9;0;1;0;0;0;0
Ushuaia_Aero_II;879380;2013;09;16;6.2;24;-1.3;24;1016.9;8;1009.8;8;20.0;16;2.9;24;8.8;999.9;11.0;2.0;0.0;999.9;0;0;0;0;0;0
Ushuaia_Aero_II;879380;2013;09;17;6.0;22;-1.6;22;1008.4;7;1001.4;7;16.7;21;4.7;22;9.8;999.9;8.0;4.0;0.0;999.9;0;0;0;0;0;0
Ushuaia_Aero_II;879380;2013;09;18;6.1;24;-3.7;24;1003.4;8;996.4;8;16.7;24;7.5;24;11.3;18.0;8.0;3.6;0.0;999.9;0;0;0;0;0;0
Ushuaia_Aero_II;879380;2013;09;19;5.4;23;-1.3;23;998.2;8;991.2;8;15.0;23;5.6;23;10.3;999.9;9.0;3.0;0.8;999.9;0;1;1;0;0;0
Ushuaia_Aero_II;879380;2013;09;20;2.5;23;-1.9;23;1006.5;8;999.4;8;13.8;23;4.6;23;9.8;999.9;5.0;0.0;0.0;999.9;0;1;1;0;0;0
Ushuaia_Aero_II;879380;2013;09;21;2.7;23;-1.7;23;1002.9;6;995.8;6;12.2;18;8.6;23;18.0;22.1;4.0;1.0;0.5;999.9;0;1;1;0;0;0
Ushuaia_Aero_II;879380;2013;09;22;4.8;22;0.7;22;1010.3;8;1003.2;8;14.5;22;12.8;22;17.0;25.2;9.0;2.7;0.8;999.9;0;1;0;0;0;0
Ushuaia_Aero_II;879380;2013;09;23;6.8;24;0.8;24;1015.8;8;1008.7;8;15.8;24;13.1;24;20.1;27.8;9.2;4.0;0.3;999.9;0;0;0;0;0;0
Ushuaia_Aero_II;879380;2013;09;24;7.5;20;1.6;20;1014.4;7;1007.3;7;16.7;20;3.3;20;7.7;999.9;9.3;4.9;0.0;999.9;0;1;0;0;0;0
Ushuaia_Aero_II;879380;2013;09;25;4.2;24;0.4;24;1003.7;8;996.7;8;13.4;24;2.6;24;11.8;999.9;10.1;1.0;0.5;999.9;0;1;0;0;0;0
Ushuaia_Aero_II;879380;2013;09;26;2.3;24;-2.8;24;1015.6;8;1008.4;8;17.1;22;7.6;24;11.8;16.5;7.1;-1.5;6.1;999.9;0;0;0;0;0;0
Ushuaia_Aero_II;879380;2013;09;27;6.3;24;0.5;24;1029.1;8;1021.9;8;16.9;22;8.8;24;13.9;17.0;9.0;1.1;0.0;999.9;0;1;0;0;0;0
Ushuaia_Aero_II;879380;2013;09;28;5.8;22;0.8;22;1035.5;8;1029.1;8;23.3;12;2.3;22;7.2;999.9;10.0;1.1;0.0;999.9;0;0;0;0;0;0
Ushuaia_Aero_II;879380;2013;09;29;7.4;24;1.3;24;1031.6;8;1024.5;8;15.4;17;4.6;24;9.8;18.5;16.0;1.4;0.0;999.9;1;0;0;0;0;0
Ushuaia_Aero_II;879380;2013;09;30;7.4;24;-0.2;24;1022.7;8;1015.7;8;17.1;22;7.3;24;11.3;17.5;16.1;2.2;0.0;999.9;0;0;0;0;0;0
Ushuaia_Aero_II;879380;2013;10;01;6.7;23;2.6;23;1012.6;8;1005.6;8;15.3;23;5.4;23;10.8;14.4;11.6;3.5;0.0;999.9;0;1;0;0;0;0
Ushuaia_Aero_II;879380;2013;10;02;7.8;22;3.2;22;1007.5;8;1000.5;8;16.9;22;3.5;22;6.7;999.9;11.0;4.6;0.0;999.9;0;0;0;0;0;0
Ushuaia_Aero_II;879380;2013;10;03;5.3;23;0.1;23;1008.6;7;1001.6;7;15.4;23;7.3;23;14.9;18.0;11.1;2.9;1.0;999.9;0;1;0;0;0;0
Ushuaia_Aero_II;879380;2013;10;04;5.8;24;-2.3;24;1008.7;8;1001.7;8;18.0;20;4.0;24;8.2;999.9;11.0;1.3;0.0;999.9;0;0;0;0;0;0
Ushuaia_Aero_II;879380;2013;10;05;6.6;24;-0.5;24;1005.1;8;998.1;8;17.4;21;4.2;24;14.4;16.0;11.1;3.5;0.3;999.9;0;1;0;0;0;0
Ushuaia_Aero_II;879380;2013;10;06;7.1;24;0.6;24;997.7;8;990.8;8;15.0;24;10.6;24;16.5;23.7;10.6;3.1;0.0;999.9;0;1;0;1;1;0
Ushuaia_Aero_II;879380;2013;10;07;6.9;23;0.1;23;1000.6;7;993.6;7;16.1;23;5.6;23;11.3;18.0;11.0;2.2;0.0;999.9;0;0;0;0;0;0
Ushuaia_Aero_II;879380;2013;10;08;7.2;24;3.8;24;993.7;8;986.8;8;15.0;24;2.8;24;6.2;999.9;11.4;5.7;0.0;999.9;0;1;0;0;0;0
Ushuaia_Aero_II;879380;2013;10;09;6.9;24;-0.6;24;991.4;8;984.5;8;16.4;23;5.9;24;14.9;20.1;10.0;4.0;0.3;999.9;0;1;0;0;0;0
Ushuaia_Aero_II;879380;2013;10;10;4.6;23;0.9;23;1000.8;7;993.8;7;15.6;23;9.3;23;14.4;18.5;7.0;2.0;9.9;999.9;0;1;0;0;0;0
Ushuaia_Aero_II;879380;2013;10;11;7.1;24;-0.4;24;1003.1;8;996.1;8;16.3;24;6.0;24;20.6;26.8;11.0;4.9;0.0;999.9;0;1;0;0;0;0
Ushuaia_Aero_II;879380;2013;10;12;8.0;22;-0.7;22;1004.5;6;997.3;7;16.4;21;7.6;22;12.9;23.2;15.0;3.0;0.0;999.9;0;0;0;0;0;0
Ushuaia_Aero_II;879380;2013;10;13;12.7;23;1.0;23;982.5;7;975.8;7;15.3;23;9.8;23;15.4;29.9;15.0;11.0;0.0;999.9;0;1;0;0;0;0
Ushuaia_Aero_II;879380;2013;10;14;5.5;24;-0.7;23;983.5;8;976.7;8;14.8;24;10.3;24;16.0;20.1;10.0;2.8;0.3;999.9;0;1;0;0;0;0
Ushuaia_Aero_II;879380;2013;10;15;2.8;24;-2.5;24;993.6;8;986.5;8;14.2;24;7.6;24;18.0;25.7;8.0;-0.6;0.0;999.9;0;1;1;0;0;0
Ushuaia_Aero_II;879380;2013;10;16;3.2;24;-1.1;24;1001.6;8;994.5;8;12.6;24;10.3;24;13.9;21.6;8.6;-0.5;2.0;999.9;0;1;1;0;0;0
Ushuaia_Aero_II;879380;2013;10;17;5.8;23;2.4;23;1002.5;6;995.5;6;13.5;23;9.3;23;16.5;23.2;8.0;3.7;0.3;999.9;0;1;0;0;0;0
Ushuaia_Aero_II;879380;2013;10;18;5.9;23;1.4;23;992.9;8;985.9;8;13.5;23;11.5;23;23.7;31.9;8.1;4.2;0.3;999.9;0;1;0;0;0;0
Ushuaia_Aero_II;879380;2013;10;19;2.6;21;-1.3;21;981.3;6;974.4;6;10.8;21;10.7;21;20.6;27.8;7.1;-2.0;0.0;999.9;0;1;1;0;0;0
Ushuaia_Aero_II;879380;2013;10;20;-1.3;19;-3.0;19;985.9;7;978.9;7;2.7;19;8.5;18;14.9;19.6;6.1;-5.0;4.1;999.9;0;0;1;0;0;0
Ushuaia_Aero_II;879380;2013;10;21;2.6;24;0.3;24;990.5;8;983.4;8;11.1;24;5.7;24;12.4;18.0;5.0;-1.3;3.0;999.9;0;1;1;0;0;0
Ushuaia_Aero_II;879380;2013;10;22;3.3;24;0.1;24;996.0;8;989.0;8;11.3;24;9.9;24;16.5;21.1;5.3;1.5;0.5;999.9;0;1;1;0;0;0
Ushuaia_Aero_II;879380;2013;10;23;5.9;23;1.3;23;1001.7;8;994.7;8;15.6;23;15.0;23;20.6;27.3;9.0;2.1;0.0;999.9;0;0;0;0;0;0
Ushuaia_Aero_II;879380;2013;10;24;8.5;24;2.6;24;1004.0;8;997.0;8;15.4;24;14.0;24;19.6;23.2;11.0;5.6;0.0;999.9;0;0;0;0;0;0
Ushuaia_Aero_II;879380;2013;10;25;9.2;22;1.4;22;998.3;8;991.4;8;17.2;22;6.5;22;12.9;21.1;15.0;5.2;0.0;999.9;0;0;0;0;0;0
Ushuaia_Aero_II;879380;2013;10;26;6.2;24;1.6;24;990.7;8;983.8;8;14.0;24;8.7;24;18.0;23.2;15.1;4.0;0.0;999.9;0;1;0;0;0;0
Ushuaia_Aero_II;879380;2013;10;27;7.0;23;0.7;23;993.2;7;985.5;6;13.7;23;9.1;23;20.1;29.9;14.0;2.9;2.0;999.9;0;1;0;0;0;0
Ushuaia_Aero_II;879380;2013;10;28;5.1;24;-2.5;24;1007.4;8;1000.3;8;17.5;16;5.4;24;13.9;20.1;15.6;1.2;1.0;999.9;0;1;0;0;0;0
Ushuaia_Aero_II;879380;2013;10;29;11.3;23;3.8;23;1007.9;6;1000.9;6;18.2;17;2.0;23;3.6;999.9;17.0;4.7;0.0;999.9;0;0;0;0;0;0
Ushuaia_Aero_II;879380;2013;10;30;12.4;21;3.8;21;998.3;8;991.5;8;18.3;19;5.2;21;12.4;20.6;18.6;7.0;0.0;999.9;0;0;0;0;0;0
Ushuaia_Aero_II;879380;2013;10;31;8.9;17;0.7;17;1001.1;5;994.2;5;15.9;17;7.4;17;10.8;13.4;18.6;5.9;0.0;999.9;0;0;0;0;0;0
Ushuaia_Aero_II;879380;2013;11;01;9.6;23;2.2;23;1005.0;8;998.1;8;16.9;23;3.2;23;7.7;17.0;14.0;3.7;0.0;999.9;0;0;0;0;0;0
Ushuaia_Aero_II;879380;2013;11;02;10.2;23;1.9;23;992.4;8;985.6;8;15.6;23;12.3;23;16.5;35.0;14.6;4.0;0.0;999.9;0;1;0;0;0;0
Ushuaia_Aero_II;879380;2013;11;03;4.0;22;-2.6;22;1003.0;8;996.0;8;14.0;22;10.5;22;18.0;23.2;12.6;0.5;2.0;999.9;0;1;1;0;0;0
Ushuaia_Aero_II;879380;2013;11;04;6.7;24;1.3;24;996.5;8;989.5;8;14.2;24;12.7;24;20.6;25.7;10.1;4.3;0.0;999.9;0;1;0;0;0;0
Ushuaia_Aero_II;879380;2013;11;05;7.3;21;1.7;21;999.2;8;992.2;8;16.4;21;8.0;21;18.0;999.9;11.0;2.9;0.3;999.9;0;1;0;0;0;0
Ushuaia_Aero_II;879380;2013;11;06;7.9;24;3.4;24;989.5;8;982.6;8;15.0;24;5.3;24;11.3;999.9;13.1;5.4;0.0;999.9;0;1;0;0;0;0
Ushuaia_Aero_II;879380;2013;11;07;2.1;23;-1.3;23;993.3;6;986.3;6;11.1;23;9.8;23;17.0;20.6;9.5;0.2;7.9;999.9;0;1;1;0;0;0
Ushuaia_Aero_II;879380;2013;11;08;0.9;24;-2.1;24;999.1;8;992.1;8;9.8;24;11.3;24;19.6;21.1;5.1;-0.8;0.0;999.9;0;1;1;0;0;0
Ushuaia_Aero_II;879380;2013;11;09;3.4;24;-0.2;24;1002.1;8;995.0;8;12.2;23;8.5;24;18.0;999.9;7.2;-1.3;5.1;999.9;0;1;1;0;0;0
Ushuaia_Aero_II;879380;2013;11;10;6.8;24;0.6;24;986.3;8;979.5;8;14.8;24;7.7;24;12.9;16.0;8.0;2.5;0.0;999.9;0;1;0;0;0;0
Ushuaia_Aero_II;879380;2013;11;11;6.7;21;1.2;21;976.9;7;970.1;7;16.7;21;5.3;21;12.4;24.2;9.0;4.0;0.3;999.9;0;1;0;0;0;0
Ushuaia_Aero_II;879380;2013;11;12;3.8;24;1.2;24;980.9;8;974.0;8;13.2;24;10.3;24;16.5;23.7;9.1;1.8;0.5;999.9;0;1;0;0;0;0
Ushuaia_Aero_II;879380;2013;11;13;5.0;24;0.0;24;994.6;8;987.6;8;15.8;24;11.4;24;14.9;21.6;9.7;2.5;0.5;999.9;0;1;1;0;0;0
