Viedma_Aero;877910;2013;01;01;14.5;6;4.2;6;1020.8;6;1020.0;6;26.7;6;8.6;6;12.3;999.9;20.2;9.5;1.0;999.9;0;1;0;0;0;0
Viedma_Aero;877910;2013;01;02;18.7;6;4.2;6;1017.5;6;1016.6;6;29.9;6;4.2;6;7.2;999.9;28.2;2.9;0.0;999.9;0;0;0;0;0;0
Viedma_Aero;877910;2013;01;03;25.3;5;8.8;5;1008.2;5;1007.4;5;28.0;5;8.4;5;10.3;999.9;33.2;16.3;0.0;999.9;0;0;0;0;0;0
Viedma_Aero;877910;2013;01;04;23.3;6;13.2;6;1008.6;6;1007.8;6;29.9;6;3.8;6;7.7;999.9;34.5;14.2;0.5;999.9;0;0;0;0;1;0
Viedma_Aero;877910;2013;01;05;26.1;6;15.1;6;1007.4;6;1006.6;6;24.3;6;5.0;6;10.3;999.9;32.7;16.0;0.3;999.9;0;1;0;0;1;0
Viedma_Aero;877910;2013;01;06;29.5;6;9.0;6;996.8;6;995.9;6;29.9;6;8.4;6;15.4;999.9;36.7;19.5;0.0;999.9;0;0;0;0;0;0
Viedma_Aero;877910;2013;01;07;22.8;6;1.3;6;1000.2;6;999.4;6;29.9;6;7.3;6;12.3;999.9;37.6;12.4;0.0;999.9;0;0;0;0;0;0
Viedma_Aero;877910;2013;01;08;23.0;6;3.6;6;1006.7;6;1005.9;6;29.9;6;7.2;6;9.3;999.9;29.1;14.3;0.0;999.9;0;0;0;0;0;0
Viedma_Aero;877910;2013;01;09;24.3;6;7.6;6;1012.6;6;1011.8;6;29.9;6;4.5;6;6.7;999.9;31.3;11.0;0.0;999.9;0;0;0;0;0;0
Viedma_Aero;877910;2013;01;10;27.4;6;11.2;6;1012.9;6;1012.1;6;29.9;6;4.3;6;11.3;999.9;33.5;15.5;0.0;999.9;0;0;0;0;0;0
Viedma_Aero;877910;2013;01;11;33.8;7;17.6;7;1006.1;6;1005.3;6;25.1;7;6.6;7;9.8;999.9;39.3;23.5;0.0;999.9;0;0;0;0;0;0
Viedma_Aero;877910;2013;01;12;21.1;7;16.1;6;1010.9;6;1011.8;6;25.1;7;6.8;7;11.8;999.9;24.6;15.0;0.8;999.9;0;1;0;0;1;0
Viedma_Aero;877910;2013;01;13;19.8;5;11.8;5;1019.5;5;1018.7;5;25.6;5;7.0;5;9.3;999.9;25.4;12.8;0.0;999.9;0;0;0;0;0;0
Viedma_Aero;877910;2013;01;14;22.2;5;11.4;5;1018.0;5;1017.1;5;29.9;5;3.8;5;6.2;999.9;28.0;11.5;0.0;999.9;0;0;0;0;0;0
Viedma_Aero;877910;2013;01;15;22.7;6;17.7;6;1009.1;6;1008.4;6;24.9;6;4.9;6;8.2;999.9;28.6;18.4;0.0;999.9;0;1;0;0;1;0
Viedma_Aero;877910;2013;01;16;25.7;5;15.9;5;1008.3;5;1007.5;5;29.9;5;6.2;5;8.2;999.9;31.3;16.7;0.0;999.9;0;0;0;0;0;0
Viedma_Aero;877910;2013;01;17;19.2;6;10.0;6;1019.1;6;1018.3;6;29.9;6;5.4;6;8.2;999.9;32.5;10.9;0.0;999.9;0;0;0;0;0;0
Viedma_Aero;877910;2013;01;18;21.7;5;10.3;5;1019.1;4;1018.2;5;28.0;5;5.6;5;8.7;999.9;26.2;15.4;0.0;999.9;0;0;0;0;0;0
Viedma_Aero;877910;2013;01;19;19.7;6;11.3;6;1025.1;6;1024.3;6;29.9;6;5.3;6;8.2;999.9;27.7;10.9;0.0;999.9;0;0;0;0;0;0
Viedma_Aero;877910;2013;01;20;21.1;6;11.5;6;1023.5;6;1022.7;6;29.9;6;4.0;6;5.7;999.9;26.8;8.0;0.0;999.9;0;0;0;0;0;0
Viedma_Aero;877910;2013;01;21;25.7;6;12.4;6;1018.0;6;1017.2;6;29.9;6;6.2;6;8.7;999.9;32.5;16.2;0.0;999.9;0;0;0;0;0;0
Viedma_Aero;877910;2013;01;22;29.7;6;14.9;6;1011.6;6;1010.8;6;29.9;6;6.8;6;8.7;999.9;35.9;21.2;0.0;999.9;0;0;0;0;0;0
Viedma_Aero;877910;2013;01;23;27.7;6;13.9;6;1005.7;6;1004.9;6;29.9;6;6.3;6;9.3;999.9;37.1;23.5;0.0;999.9;0;0;0;0;1;0
Viedma_Aero;877910;2013;01;24;17.2;6;11.6;6;1008.6;6;1007.8;6;25.4;6;7.4;6;11.8;999.9;30.5;14.0;0.8;999.9;0;1;0;0;0;0
Viedma_Aero;877910;2013;01;25;18.1;6;2.3;6;1014.2;6;1013.4;6;29.9;6;6.3;6;8.7;999.9;25.3;7.4;0.0;999.9;0;0;0;0;0;0
Viedma_Aero;877910;2013;01;26;23.3;6;7.2;6;1008.9;6;1008.0;6;29.9;6;3.3;6;9.3;999.9;33.5;8.0;0.0;999.9;0;0;0;0;0;0
Viedma_Aero;877910;2013;01;27;24.4;6;14.3;6;1007.1;6;1006.3;6;27.0;6;4.7;6;9.3;999.9;33.7;16.6;0.0;999.9;0;0;0;0;0;0
Viedma_Aero;877910;2013;01;28;22.2;7;11.4;7;1011.5;6;1010.7;6;22.5;7;5.8;6;9.3;999.9;30.1;12.5;0.0;999.9;0;0;0;0;0;0
Viedma_Aero;877910;2013;01;29;23.7;6;11.9;6;1013.5;6;1012.7;6;28.3;6;4.3;6;7.7;999.9;31.2;11.6;0.0;999.9;0;0;0;0;1;0
Viedma_Aero;877910;2013;01;30;25.9;6;15.7;6;1010.8;6;1009.9;6;29.9;6;3.5;6;6.7;999.9;33.0;14.9;0.0;999.9;0;0;0;0;0;0
Viedma_Aero;877910;2013;01;31;31.6;6;15.1;6;1004.1;6;1003.3;6;29.9;6;6.6;6;9.8;999.9;38.6;21.9;0.0;999.9;0;0;0;0;0;0
Viedma_Aero;877910;2013;02;01;25.7;6;11.4;6;1001.4;6;1000.6;6;29.9;6;7.3;6;9.3;999.9;39.4;18.0;0.0;999.9;0;0;0;0;0;0
Viedma_Aero;877910;2013;02;02;20.6;6;6.2;6;1015.9;6;1015.1;6;29.9;6;3.8;6;5.1;999.9;26.5;10.6;0.0;999.9;0;0;0;0;0;0
Viedma_Aero;877910;2013;02;03;23.8;6;6.6;6;1014.6;6;1013.9;6;29.9;6;4.5;6;7.7;999.9;33.6;10.3;0.0;999.9;0;0;0;0;0;0
Viedma_Aero;877910;2013;02;04;24.4;6;9.9;6;1009.8;6;1008.9;6;27.0;6;7.7;6;13.9;999.9;34.5;20.5;0.0;999.9;0;0;0;0;0;0
Viedma_Aero;877910;2013;02;05;22.2;6;12.0;6;1013.5;6;1012.6;6;26.1;6;3.1;6;4.6;999.9;29.8;8.6;0.0;999.9;0;0;0;0;0;0
Viedma_Aero;877910;2013;02;06;29.4;6;15.1;6;1010.8;6;1010.0;6;29.9;6;5.3;6;7.2;999.9;35.6;19.6;0.0;999.9;0;0;0;0;0;0
Viedma_Aero;877910;2013;02;07;29.2;6;12.7;6;1011.4;6;1010.6;6;29.9;6;6.7;6;10.8;999.9;39.3;17.6;0.0;999.9;0;0;0;0;0;0
Viedma_Aero;877910;2013;02;08;23.9;6;16.6;6;1012.6;6;1011.8;6;29.9;6;5.9;6;8.7;999.9;40.5;17.5;0.0;999.9;0;0;0;0;0;0
Viedma_Aero;877910;2013;02;09;26.0;5;18.0;5;1007.4;5;1006.6;5;29.9;5;3.7;5;5.7;999.9;31.5;20.9;0.0;999.9;0;0;0;0;0;0
Viedma_Aero;877910;2013;02;10;24.7;6;19.2;6;1003.9;6;1003.0;6;24.1;6;3.4;6;6.2;999.9;33.0;17.4;4.1;999.9;0;1;0;0;1;0
Viedma_Aero;877910;2013;02;11;24.9;5;13.7;5;1001.4;5;1000.6;5;29.9;5;6.3;5;8.7;999.9;33.4;15.3;0.0;999.9;0;0;0;0;0;0
Viedma_Aero;877910;2013;02;12;24.7;6;3.6;6;1000.0;6;999.2;6;29.9;6;9.8;6;13.4;999.9;35.0;20.0;0.0;999.9;0;0;0;0;0;0
Viedma_Aero;877910;2013;02;13;21.9;6;5.9;6;1005.5;6;1004.7;6;29.9;6;5.0;6;7.2;999.9;27.6;12.8;0.0;999.9;0;0;0;0;0;0
Viedma_Aero;877910;2013;02;14;24.0;6;7.9;6;1006.5;6;1005.6;6;29.9;6;6.7;6;12.9;999.9;30.7;15.4;0.0;999.9;0;0;0;0;0;0
Viedma_Aero;877910;2013;02;15;27.5;6;8.8;6;1003.7;6;1002.9;6;29.9;6;4.0;6;7.2;999.9;35.1;17.3;0.0;999.9;0;0;0;0;0;0
Viedma_Aero;877910;2013;02;16;27.7;6;11.8;6;999.0;6;998.2;6;29.9;6;6.0;6;9.8;999.9;36.6;20.3;0.0;999.9;0;0;0;0;0;0
Viedma_Aero;877910;2013;02;17;18.6;6;5.1;6;1009.1;6;1007.5;5;28.3;6;7.9;6;10.3;999.9;33.2;13.1;0.0;999.9;0;0;0;0;0;0
Viedma_Aero;877910;2013;02;18;17.6;6;5.2;6;1018.3;6;1017.6;6;29.9;6;3.9;6;5.1;999.9;22.5;5.1;0.0;999.9;0;0;0;0;0;0
Viedma_Aero;877910;2013;02;19;22.7;6;3.1;6;1016.2;6;1015.5;6;29.9;6;5.8;6;10.3;999.9;30.5;9.5;0.0;999.9;0;0;0;0;0;0
Viedma_Aero;877910;2013;02;20;23.8;6;6.8;6;1015.4;6;1014.6;6;29.9;6;4.3;6;7.2;999.9;32.1;8.8;0.0;999.9;0;0;0;0;0;0
Viedma_Aero;877910;2013;02;21;26.7;6;9.4;6;1013.1;6;1012.2;6;29.9;6;4.5;6;6.7;999.9;33.0;15.2;0.0;999.9;0;0;0;0;0;0
Viedma_Aero;877910;2013;02;22;25.8;6;12.1;6;1012.1;6;1011.3;6;28.3;6;4.1;6;7.2;999.9;32.9;18.7;999.9;999.9;0;1;0;0;0;0
Viedma_Aero;877910;2013;02;23;23.8;6;15.0;6;1004.7;6;1003.8;6;29.9;6;5.6;6;8.2;999.9;32.7;19.3;4.1;999.9;0;0;0;0;0;0
Viedma_Aero;877910;2013;02;24;17.3;6;13.1;6;1008.1;6;1007.3;6;20.9;6;8.6;6;13.9;999.9;28.1;14.0;0.0;999.9;0;1;0;0;0;0
Viedma_Aero;877910;2013;02;25;14.6;6;7.2;6;1017.1;6;1016.4;6;27.5;6;7.9;6;10.3;999.9;21.0;12.5;4.1;999.9;0;0;0;0;0;0
Viedma_Aero;877910;2013;02;26;15.4;6;5.7;6;1016.8;6;1016.0;6;29.9;6;3.9;6;5.1;999.9;21.3;4.7;0.0;999.9;0;0;0;0;0;0
Viedma_Aero;877910;2013;02;27;20.3;6;8.0;6;1013.4;6;1012.6;6;29.9;6;4.8;6;11.3;999.9;29.6;11.0;0.0;999.9;0;0;0;0;0;0
Viedma_Aero;877910;2013;02;28;17.9;7;15.8;7;1014.6;6;1013.8;6;15.8;7;5.0;7;8.7;999.9;30.3;16.1;4.1;999.9;0;1;0;0;1;0
Viedma_Aero;877910;2013;03;01;16.4;6;15.3;6;1011.1;6;1010.2;6;9.5;6;5.0;6;8.7;999.9;19.0;14.8;23.9;999.9;0;1;0;0;1;0
Viedma_Aero;877910;2013;03;02;15.9;6;13.7;6;1010.4;6;1009.6;6;10.6;6;10.5;6;14.4;999.9;17.6;13.9;27.9;999.9;0;1;0;0;0;0
Viedma_Aero;877910;2013;03;03;17.1;6;9.3;6;1018.2;6;1017.5;6;29.9;6;7.2;6;9.3;999.9;20.0;12.5;3.0;999.9;0;0;0;0;0;0
Viedma_Aero;877910;2013;03;04;16.7;6;10.8;6;1017.4;6;1016.5;6;29.9;6;2.2;6;4.1;999.9;23.2;7.5;0.0;999.9;0;0;0;0;0;0
Viedma_Aero;877910;2013;03;05;22.1;6;10.6;6;1008.4;6;1007.5;6;29.9;6;5.1;6;8.2;999.9;30.3;11.4;0.0;999.9;0;0;0;0;0;0
Viedma_Aero;877910;2013;03;06;21.1;6;5.3;6;1003.5;6;1002.7;6;29.9;6;9.3;6;11.8;999.9;31.1;15.9;0.0;999.9;0;0;0;0;0;0
Viedma_Aero;877910;2013;03;07;16.7;6;3.4;6;1011.0;6;1010.2;6;29.9;6;4.1;6;5.7;999.9;23.0;8.3;0.0;999.9;0;0;0;0;0;0
Viedma_Aero;877910;2013;03;08;20.6;7;6.3;7;1009.7;7;1008.8;7;29.9;7;5.7;7;9.8;999.9;28.8;11.0;0.0;999.9;0;0;0;0;0;0
Viedma_Aero;877910;2013;03;09;21.1;6;7.4;6;1003.4;6;1002.6;6;29.9;6;7.5;6;13.4;999.9;29.5;12.5;0.0;999.9;0;0;0;0;0;0
Viedma_Aero;877910;2013;03;10;16.9;5;8.0;5;1008.4;5;1007.6;5;28.0;5;5.4;5;9.3;999.9;30.0;13.0;2.0;999.9;0;1;0;0;0;0
Viedma_Aero;877910;2013;03;11;16.7;5;6.0;5;1005.4;5;1004.6;5;29.9;5;6.3;5;10.3;999.9;20.7;12.5;0.0;999.9;0;0;0;0;0;0
Viedma_Aero;877910;2013;03;12;13.7;6;6.2;6;1013.4;6;1012.5;6;28.3;6;7.1;6;10.8;999.9;19.8;4.9;0.0;999.9;0;1;0;0;0;0
Viedma_Aero;877910;2013;03;13;10.6;6;6.5;6;1022.5;6;1021.6;6;20.8;6;4.4;6;8.2;999.9;17.8;5.7;4.1;999.9;0;1;0;0;0;0
Viedma_Aero;877910;2013;03;14;9.4;7;7.1;7;1024.1;5;1023.2;5;17.5;7;3.6;7;6.2;999.9;14.7;6.4;7.9;999.9;0;1;0;0;0;0
Viedma_Aero;877910;2013;03;15;11.2;6;6.8;6;1025.7;6;1024.8;6;26.4;6;2.6;6;4.1;999.9;13.6;5.8;10.9;999.9;0;1;0;0;0;0
Viedma_Aero;877910;2013;03;16;13.6;6;5.7;6;1026.6;6;1025.8;6;29.9;6;2.3;6;6.2;999.9;19.7;2.3;0.0;999.9;0;0;0;0;0;0
Viedma_Aero;877910;2013;03;17;16.6;6;7.6;6;1026.4;6;1025.5;6;29.9;6;3.9;6;5.7;999.9;23.0;9.9;0.0;999.9;0;0;0;0;0;0
Viedma_Aero;877910;2013;03;18;17.3;6;6.5;6;1024.1;6;1023.3;6;29.9;6;4.6;6;7.2;999.9;23.4;10.9;0.0;999.9;0;0;0;0;0;0
Viedma_Aero;877910;2013;03;19;18.7;6;9.0;6;1018.8;6;1017.9;6;29.9;6;4.3;6;5.7;999.9;24.5;12.0;0.0;999.9;0;0;0;0;0;0
Viedma_Aero;877910;2013;03;20;20.9;6;12.6;6;1009.7;6;1008.9;6;29.9;6;5.1;6;6.2;999.9;26.6;14.4;0.0;999.9;0;0;0;0;0;0
Viedma_Aero;877910;2013;03;21;17.4;6;6.7;6;1012.4;6;1011.6;6;29.9;6;7.1;6;10.3;999.9;27.7;12.3;0.0;999.9;0;0;0;0;0;0
Viedma_Aero;877910;2013;03;22;15.4;6;3.8;6;1013.2;6;1012.4;6;29.9;6;4.4;6;8.2;999.9;22.7;3.0;0.0;999.9;0;0;0;0;0;0
Viedma_Aero;877910;2013;03;23;17.2;6;10.1;6;1017.7;6;1017.1;6;29.9;6;3.6;6;4.6;999.9;23.6;9.5;0.0;999.9;0;0;0;0;0;0
Viedma_Aero;877910;2013;03;24;19.7;6;12.1;6;1007.4;6;1006.5;6;29.9;6;4.9;6;8.2;999.9;25.5;13.7;0.3;999.9;0;0;0;0;0;0
Viedma_Aero;877910;2013;03;25;18.2;5;10.3;5;1012.3;5;1011.6;5;29.9;5;5.0;5;7.2;999.9;25.9;15.2;0.0;999.9;0;0;0;0;0;0
Viedma_Aero;877910;2013;03;26;19.7;6;9.9;6;1016.4;6;1015.6;6;29.9;6;3.9;6;5.7;999.9;27.9;11.5;0.0;999.9;0;0;0;0;0;0
Viedma_Aero;877910;2013;03;27;19.9;6;12.1;6;1017.2;6;1016.4;6;29.9;6;5.4;6;8.2;999.9;28.4;12.2;0.0;999.9;0;0;0;0;0;0
Viedma_Aero;877910;2013;03;28;20.4;6;10.8;6;1015.2;5;1015.4;5;29.9;6;5.3;6;8.2;999.9;26.2;10.9;0.0;999.9;0;0;0;0;0;0
Viedma_Aero;877910;2013;03;29;18.0;6;13.9;6;1015.6;6;1014.8;6;25.9;6;5.1;6;7.7;999.9;26.6;10.3;4.1;999.9;0;0;0;0;1;0
Viedma_Aero;877910;2013;03;30;18.5;6;15.7;6;1012.7;6;1011.9;6;22.4;6;5.4;6;7.7;999.9;23.2;14.9;2.0;999.9;0;0;0;0;0;0
Viedma_Aero;877910;2013;03;31;15.6;5;10.3;5;1024.1;5;1023.3;5;29.9;5;7.0;5;8.2;999.9;21.5;11.6;0.0;999.9;0;0;0;0;0;0
Viedma_Aero;877910;2013;04;01;12.8;5;8.9;5;1023.7;5;1022.9;5;24.9;5;3.6;5;5.7;999.9;18.8;5.6;999.9;999.9;0;1;0;0;0;0
Viedma_Aero;877910;2013;04;02;16.6;7;15.5;7;1018.9;7;1018.1;7;13.2;7;6.4;7;8.7;999.9;19.3;9.2;22.1;999.9;0;1;0;0;0;0
Viedma_Aero;877910;2013;04;03;18.6;6;15.5;6;1020.2;6;1019.4;6;18.3;6;3.8;6;5.1;999.9;21.9;15.5;3.0;999.9;0;0;0;0;0;0
Viedma_Aero;877910;2013;04;04;17.8;6;15.3;6;1007.5;6;1006.7;6;17.4;6;1.9;6;2.6;999.9;22.1;11.6;0.5;999.9;0;1;0;0;0;0
Viedma_Aero;877910;2013;04;05;17.4;6;10.6;6;1001.7;6;1000.9;5;29.9;6;3.0;6;6.2;999.9;22.6;12.8;0.5;999.9;0;0;0;0;0;0
Viedma_Aero;877910;2013;04;06;14.1;5;3.9;5;1005.9;5;1005.0;5;29.9;5;7.2;5;11.3;999.9;20.0;9.2;0.0;999.9;0;0;0;0;0;0
Viedma_Aero;877910;2013;04;07;14.3;6;6.4;6;1012.5;6;1011.7;6;29.9;6;3.4;6;6.2;999.9;19.8;5.4;0.0;999.9;0;0;0;0;0;0
Viedma_Aero;877910;2013;04;08;16.4;6;9.2;6;1016.5;6;1015.7;6;29.9;6;1.4;6;3.1;999.9;22.0;8.0;0.0;999.9;0;0;0;0;0;0
Viedma_Aero;877910;2013;04;09;19.3;6;10.3;6;1011.9;6;1011.1;6;29.9;6;4.5;6;10.3;999.9;26.5;11.3;0.0;999.9;0;0;0;0;0;0
Viedma_Aero;877910;2013;04;10;19.4;6;12.2;6;1009.7;6;1008.8;6;28.3;6;4.9;6;6.7;999.9;27.8;13.9;1.0;999.9;0;1;0;0;0;0
Viedma_Aero;877910;2013;04;11;14.9;6;9.4;6;1010.8;6;1010.0;6;28.3;6;5.9;6;11.3;999.9;22.7;12.2;0.0;999.9;0;0;0;0;0;0
Viedma_Aero;877910;2013;04;12;10.3;6;3.8;6;1016.1;6;1015.2;6;20.6;6;6.8;6;10.3;999.9;16.5;4.1;0.0;999.9;0;1;0;0;0;0
Viedma_Aero;877910;2013;04;13;11.8;6;3.8;6;1012.8;6;1012.0;6;29.9;6;5.3;6;8.7;999.9;18.6;3.5;0.3;999.9;0;0;0;0;0;0
Viedma_Aero;877910;2013;04;14;14.9;6;7.4;6;1008.8;6;1008.0;6;29.9;6;5.0;6;8.7;999.9;20.1;5.4;0.0;999.9;0;0;0;0;0;0
Viedma_Aero;877910;2013;04;15;14.8;6;10.3;6;1016.6;6;1015.7;6;29.9;6;1.4;6;3.1;999.9;20.6;6.8;0.0;999.9;0;0;0;0;0;0
Viedma_Aero;877910;2013;04;16;18.6;5;11.0;5;1015.9;5;1015.1;5;29.9;5;3.6;5;5.1;999.9;24.7;9.4;0.0;999.9;0;0;0;0;0;0
Viedma_Aero;877910;2013;04;17;19.4;6;12.5;6;1012.4;6;1011.6;6;29.9;6;2.9;6;4.1;999.9;25.6;12.1;0.0;999.9;0;0;0;0;0;0
Viedma_Aero;877910;2013;04;18;20.6;6;12.8;6;1009.6;5;1008.7;5;29.9;6;1.5;6;3.1;999.9;31.5;9.6;0.0;999.9;0;0;0;0;0;0
Viedma_Aero;877910;2013;04;19;20.4;6;12.1;6;1012.2;6;1011.5;6;29.9;6;3.5;6;6.2;999.9;32.1;11.6;0.0;999.9;0;0;0;0;0;0
Viedma_Aero;877910;2013;04;20;20.8;6;11.9;6;1014.8;6;1014.0;6;29.9;6;2.7;6;5.7;999.9;29.2;11.0;0.0;999.9;0;0;0;0;0;0
Viedma_Aero;877910;2013;04;21;20.4;6;11.6;6;1015.2;6;1014.5;6;29.9;6;2.3;6;3.6;999.9;29.6;13.8;0.0;999.9;0;0;0;0;0;0
Viedma_Aero;877910;2013;04;22;20.9;6;13.6;6;1016.8;6;1016.0;5;29.9;6;1.4;6;3.1;999.9;28.5;13.4;0.0;999.9;0;0;0;0;0;0
Viedma_Aero;877910;2013;04;23;21.3;6;15.1;6;1018.4;6;1017.6;6;29.1;6;2.3;6;5.1;999.9;29.3;11.8;0.0;999.9;0;0;0;0;0;0
Viedma_Aero;877910;2013;04;24;20.7;6;15.2;6;1015.5;6;1014.6;6;23.7;6;2.3;6;4.6;999.9;27.9;12.0;0.0;999.9;0;0;0;0;0;0
Viedma_Aero;877910;2013;04;25;17.4;6;14.9;6;1014.3;6;1013.5;6;19.5;6;3.7;6;5.7;999.9;28.5;15.5;0.0;999.9;0;0;0;0;0;0
Viedma_Aero;877910;2013;04;26;16.3;6;11.8;6;1016.0;6;1015.2;6;29.9;6;2.4;6;4.1;999.9;21.8;7.2;0.0;999.9;0;0;0;0;0;0
Viedma_Aero;877910;2013;04;27;18.8;6;15.8;6;1014.5;6;1013.7;6;15.8;6;2.0;6;3.1;999.9;23.6;14.8;0.0;999.9;1;0;0;0;0;0
Viedma_Aero;877910;2013;04;28;17.2;7;16.0;7;1011.8;6;1011.0;6;10.1;7;3.1;7;5.1;999.9;24.0;14.7;3.0;999.9;0;1;0;0;0;0
Viedma_Aero;877910;2013;04;29;16.0;6;14.6;6;1011.5;6;1010.7;6;15.9;6;2.1;6;4.1;999.9;19.9;13.6;0.0;999.9;1;0;0;0;0;0
Viedma_Aero;877910;2013;04;30;16.4;6;10.5;6;1011.1;5;1010.4;6;29.9;6;2.7;6;4.6;999.9;23.9;8.5;0.0;999.9;0;0;0;0;0;0
Viedma_Aero;877910;2013;05;01;17.3;7;13.3;7;1009.6;6;1008.8;6;24.5;7;3.1;7;5.7;999.9;24.1;10.8;999.9;999.9;0;1;0;0;1;0
Viedma_Aero;877910;2013;05;02;13.7;6;9.9;6;1015.1;6;1014.2;6;29.1;6;1.9;6;4.1;999.9;24.9;8.0;10.9;999.9;0;0;0;0;0;0
Viedma_Aero;877910;2013;05;03;14.4;6;11.1;6;1013.7;6;1012.9;6;29.9;6;2.6;6;4.6;999.9;18.2;7.4;0.0;999.9;0;0;0;0;0;0
Viedma_Aero;877910;2013;05;04;15.4;6;8.7;6;1011.6;6;1010.8;6;25.1;6;6.1;5;10.8;999.9;19.6;11.3;0.0;999.9;0;0;0;0;0;0
Viedma_Aero;877910;2013;05;05;11.8;5;3.4;5;1015.4;5;1014.5;5;24.3;5;4.0;5;7.2;999.9;19.0;1.5;0.0;999.9;0;0;0;0;0;0
Viedma_Aero;877910;2013;05;06;14.3;6;4.3;6;1012.6;6;1011.8;6;28.3;6;7.2;6;10.3;999.9;20.0;3.7;0.0;999.9;0;0;0;0;0;0
Viedma_Aero;877910;2013;05;07;11.7;6;-0.9;6;1011.6;6;1010.7;6;29.9;6;6.6;6;10.8;999.9;20.0;2.5;0.0;999.9;0;0;0;0;0;0
Viedma_Aero;877910;2013;05;08;19.3;6;4.3;6;1001.3;6;1000.5;6;29.9;6;8.1;6;11.3;999.9;22.9;7.2;0.0;999.9;0;0;0;0;0;0
Viedma_Aero;877910;2013;05;09;16.9;6;8.0;6;1007.7;6;1006.9;6;29.9;6;4.3;6;6.2;999.9;24.3;6.8;0.0;999.9;0;0;0;0;0;0
Viedma_Aero;877910;2013;05;10;16.1;6;7.8;6;1003.9;6;1003.2;6;29.9;6;4.1;6;7.2;999.9;24.5;9.4;0.0;999.9;0;0;0;0;0;0
Viedma_Aero;877910;2013;05;11;13.3;6;3.9;6;1012.1;6;1011.3;6;29.9;6;3.5;6;5.1;999.9;22.9;6.6;0.0;999.9;0;0;0;0;0;0
Viedma_Aero;877910;2013;05;12;12.1;6;0.9;6;1011.6;6;1010.8;6;29.9;6;3.3;6;4.1;999.9;18.8;2.9;0.0;999.9;0;0;0;0;0;0
Viedma_Aero;877910;2013;05;13;11.6;6;0.3;6;1010.6;6;1009.7;6;29.9;6;3.2;6;4.1;999.9;19.1;4.9;0.0;999.9;0;0;0;0;0;0
Viedma_Aero;877910;2013;05;14;5.9;6;0.4;6;1013.2;6;1012.3;6;26.7;6;4.5;6;7.7;999.9;18.0;0.3;0.0;999.9;0;1;0;0;0;0
Viedma_Aero;877910;2013;05;15;4.9;7;1.7;7;1014.4;6;1013.5;6;14.5;7;8.0;7;12.3;20.1;12.0;0.6;2.0;999.9;0;1;0;0;0;0
Viedma_Aero;877910;2013;05;16;7.4;6;3.2;6;1019.6;5;1015.2;5;27.5;6;4.2;6;7.2;999.9;14.0;1.0;5.1;999.9;0;0;0;0;0;0
Viedma_Aero;877910;2013;05;17;8.8;6;1.4;6;1019.1;6;1018.3;6;29.9;6;3.2;6;6.7;999.9;18.0;-1.6;0.0;999.9;0;0;0;0;0;0
Viedma_Aero;877910;2013;05;18;9.8;6;1.7;6;1018.8;6;1017.9;6;29.9;6;3.3;6;6.2;999.9;18.0;-0.1;0.0;999.9;0;0;0;0;0;0
Viedma_Aero;877910;2013;05;19;7.6;6;3.7;6;1021.1;6;1020.2;6;27.5;6;1.6;6;2.6;999.9;17.0;-1.8;0.0;999.9;0;0;0;0;0;0
Viedma_Aero;877910;2013;05;20;7.8;6;6.3;6;1018.5;6;1017.6;6;13.0;6;2.1;6;3.6;999.9;15.7;-0.1;0.0;999.9;1;0;0;0;0;0
Viedma_Aero;877910;2013;05;21;8.3;6;4.1;6;1014.6;6;1013.7;6;29.9;5;2.4;6;2.6;999.9;13.0;2.2;0.0;999.9;0;0;0;0;0;0
Viedma_Aero;877910;2013;05;22;9.9;6;2.9;6;1016.5;6;1015.6;6;29.9;6;2.6;6;4.6;999.9;20.5;-1.0;0.0;999.9;0;0;0;0;0;0
Viedma_Aero;877910;2013;05;23;12.2;6;4.6;6;1009.9;6;1009.0;6;29.9;6;6.7;6;13.4;999.9;20.5;1.5;0.0;999.9;0;0;0;0;0;0
Viedma_Aero;877910;2013;05;24;10.4;6;1.7;5;1019.6;6;1015.7;6;28.3;6;3.7;6;6.2;999.9;18.6;2.9;0.0;999.9;0;1;0;0;0;0
Viedma_Aero;877910;2013;05;25;11.8;6;3.8;6;1012.9;6;1012.1;6;25.3;6;3.5;5;7.7;999.9;20.1;2.8;0.0;999.9;0;0;0;0;0;0
Viedma_Aero;877910;2013;05;26;13.3;6;6.1;6;1006.6;6;1005.8;6;29.9;6;3.2;6;5.1;999.9;21.1;6.0;0.0;999.9;0;0;0;0;0;0
Viedma_Aero;877910;2013;05;27;10.8;6;5.2;6;1005.7;6;1004.8;6;29.9;6;1.9;6;5.1;999.9;20.1;2.5;0.0;999.9;0;0;0;0;0;0
Viedma_Aero;877910;2013;05;28;12.3;7;7.1;7;998.0;6;997.2;6;23.7;7;3.1;7;5.1;999.9;17.8;5.0;0.0;999.9;0;0;0;0;0;0
Viedma_Aero;877910;2013;05;29;7.2;5;1.7;5;1002.2;5;1001.3;5;29.9;5;4.6;5;8.7;999.9;18.6;0.6;0.0;999.9;0;0;0;0;0;0
Viedma_Aero;877910;2013;05;30;14.1;5;1.7;5;998.8;5;998.0;5;25.6;5;7.2;5;11.8;999.9;20.5;2.2;0.0;999.9;0;0;0;0;0;0
Viedma_Aero;877910;2013;05;31;15.3;6;1.7;6;994.6;6;993.7;6;29.9;6;7.3;6;12.3;999.9;21.0;10.0;0.0;999.9;0;0;0;0;0;0
Viedma_Aero;877910;2013;06;01;12.9;5;4.9;5;999.3;5;998.5;5;25.6;5;7.7;5;11.8;999.9;19.3;8.4;2.0;999.9;0;1;0;0;0;0
Viedma_Aero;877910;2013;06;02;9.8;6;4.5;6;1011.6;6;1010.7;6;28.3;6;4.7;6;7.2;999.9;17.5;3.3;0.8;999.9;0;1;0;0;0;0
Viedma_Aero;877910;2013;06;03;10.9;6;5.4;6;1010.4;6;1009.5;6;29.9;6;3.5;6;4.6;999.9;17.0;3.9;0.0;999.9;0;0;0;0;0;0
Viedma_Aero;877910;2013;06;04;12.9;6;7.2;6;1009.3;6;1008.5;6;29.9;6;5.4;6;9.3;999.9;19.0;6.2;0.0;999.9;0;0;0;0;0;0
Viedma_Aero;877910;2013;06;05;10.9;6;6.2;6;1005.2;6;1004.3;6;22.5;6;9.2;6;14.4;999.9;16.0;8.5;0.3;999.9;0;1;0;0;0;0
Viedma_Aero;877910;2013;06;06;9.1;6;2.4;6;1013.7;6;1012.8;6;29.9;6;5.8;6;11.8;999.9;15.7;2.4;0.0;999.9;0;1;0;0;0;0
Viedma_Aero;877910;2013;06;07;12.8;5;-0.9;5;1011.3;5;1010.5;5;29.9;5;9.6;5;13.9;999.9;17.1;3.6;0.0;999.9;0;0;0;0;0;0
Viedma_Aero;877910;2013;06;08;6.7;6;-5.3;6;1020.6;6;1019.7;6;29.9;6;4.4;6;8.2;999.9;15.9;-2.6;0.0;999.9;0;0;0;0;0;0
Viedma_Aero;877910;2013;06;09;7.0;6;-1.8;6;1013.0;6;1012.1;6;27.5;6;3.0;6;4.6;999.9;16.6;-0.9;0.0;999.9;0;0;0;0;0;0
Viedma_Aero;877910;2013;06;10;11.3;6;-0.9;6;1010.8;6;1009.9;6;29.9;6;2.4;6;4.1;999.9;23.3;-0.1;0.0;999.9;0;0;0;0;0;0
Viedma_Aero;877910;2013;06;11;12.9;6;0.3;6;1010.4;6;1009.4;6;29.9;6;3.8;6;5.7;999.9;23.9;0.5;0.0;999.9;0;0;0;0;0;0
Viedma_Aero;877910;2013;06;12;11.0;6;1.8;6;1013.1;6;1012.2;6;28.3;6;0.9;6;2.1;999.9;22.1;4.1;999.9;999.9;0;1;0;0;0;0
Viedma_Aero;877910;2013;06;13;9.7;6;4.2;6;1013.7;6;1012.8;6;29.9;6;2.7;6;5.1;999.9;17.0;3.9;0.5;999.9;0;0;0;0;0;0
Viedma_Aero;877910;2013;06;14;5.6;6;-2.2;6;1024.9;6;1024.0;6;29.9;6;3.2;6;8.2;999.9;14.4;-3.1;0.0;999.9;0;0;0;0;0;0
Viedma_Aero;877910;2013;06;15;9.6;6;2.5;6;1009.1;6;1008.2;6;29.9;6;6.6;6;9.3;999.9;12.3;-2.0;0.0;999.9;0;0;0;0;0;0
Viedma_Aero;877910;2013;06;16;8.8;6;-1.4;6;1013.9;6;1013.0;6;29.9;6;6.8;6;14.4;999.9;12.7;5.4;0.0;999.9;0;0;0;0;0;0
Viedma_Aero;877910;2013;06;17;6.8;6;-6.9;6;1010.6;6;1009.7;6;29.9;6;6.2;6;10.8;999.9;14.4;-1.5;0.0;999.9;0;0;0;0;0;0
Viedma_Aero;877910;2013;06;18;6.1;6;-1.9;6;1008.9;4;1008.0;4;18.5;6;7.3;6;12.3;999.9;14.5;1.5;2.0;999.9;0;1;0;0;0;0
Viedma_Aero;877910;2013;06;19;4.0;6;-5.2;6;1019.8;6;1018.9;6;29.9;6;5.4;6;7.7;999.9;11.2;-4.6;2.0;999.9;0;0;0;0;0;0
Viedma_Aero;877910;2013;06;20;7.9;6;-5.3;6;1013.8;6;1012.9;6;29.9;6;5.8;6;9.3;999.9;14.8;-2.2;0.0;999.9;0;0;0;0;0;0
Viedma_Aero;877910;2013;06;21;8.8;5;-2.7;5;1001.7;5;1000.8;5;29.9;5;4.2;5;6.7;999.9;15.4;1.5;0.0;999.9;0;0;0;0;0;0
Viedma_Aero;877910;2013;06;22;7.3;6;0.6;6;1011.7;6;1010.8;6;29.9;6;4.5;6;8.7;999.9;15.5;-0.6;0.0;999.9;0;1;0;0;0;0
Viedma_Aero;877910;2013;06;23;4.7;6;-1.8;6;1018.8;6;1017.9;6;29.9;6;3.3;6;4.6;999.9;14.5;-4.4;0.0;999.9;0;0;0;0;0;0
Viedma_Aero;877910;2013;06;24;6.0;5;-1.5;5;1018.7;5;1017.8;5;29.9;5;4.0;5;8.7;999.9;16.1;-4.1;0.0;999.9;0;0;0;0;0;0
Viedma_Aero;877910;2013;06;25;8.8;6;-0.8;6;1012.4;6;1011.5;6;29.9;6;3.9;6;5.1;999.9;16.5;-1.4;0.0;999.9;0;0;0;0;0;0
Viedma_Aero;877910;2013;06;26;8.2;6;-0.8;6;1008.7;6;1007.9;6;29.9;6;4.3;6;9.8;999.9;18.6;-3.2;0.0;999.9;0;0;0;0;0;0
Viedma_Aero;877910;2013;06;27;12.1;6;2.4;6;1005.2;5;1004.5;6;29.9;6;2.7;6;3.6;999.9;19.0;-2.6;0.0;999.9;0;0;0;0;0;0
Viedma_Aero;877910;2013;06;28;11.3;6;2.7;6;1003.9;6;1003.1;6;29.9;6;5.6;6;7.7;999.9;16.3;4.0;0.0;999.9;0;0;0;0;0;0
Viedma_Aero;877910;2013;06;29;6.9;6;0.6;6;1011.7;6;1010.8;6;29.9;6;4.9;6;8.7;999.9;17.5;-0.5;0.0;999.9;0;0;0;0;0;0
Viedma_Aero;877910;2013;06;30;3.5;6;-4.3;6;1018.2;6;1017.3;6;29.9;6;3.9;6;8.2;999.9;12.2;-5.5;0.0;999.9;0;0;0;0;0;0
Viedma_Aero;877910;2013;07;01;6.4;6;-1.7;6;1014.3;6;1013.4;6;29.9;5;4.0;5;7.2;999.9;14.5;-4.9;0.0;999.9;0;0;0;0;0;0
Viedma_Aero;877910;2013;07;02;14.8;6;3.8;6;1002.0;6;1001.2;6;29.9;6;6.7;6;9.3;999.9;19.2;-0.3;0.0;999.9;0;0;0;0;0;0
Viedma_Aero;877910;2013;07;03;11.8;6;3.3;6;1006.7;6;1005.9;6;29.9;6;5.0;6;7.7;999.9;20.3;6.4;0.0;999.9;0;0;0;0;0;0
Viedma_Aero;877910;2013;07;04;11.1;6;0.6;6;1017.3;6;1016.5;6;29.9;6;4.7;6;8.2;999.9;14.7;9.3;0.0;999.9;0;0;0;0;0;0
Viedma_Aero;877910;2013;07;05;7.3;6;2.3;6;1020.0;6;1019.1;6;29.9;6;2.8;6;5.1;999.9;14.2;1.0;0.0;999.9;0;0;0;0;0;0
Viedma_Aero;877910;2013;07;06;7.6;6;3.8;6;1020.6;6;1019.7;6;26.7;6;2.9;6;4.6;999.9;17.8;4.5;0.0;999.9;0;1;0;0;0;0
Viedma_Aero;877910;2013;07;07;4.9;6;0.1;6;1027.2;6;1026.3;6;29.9;6;3.0;6;4.1;999.9;12.7;-4.7;0.5;999.9;0;0;0;0;0;0
Viedma_Aero;877910;2013;07;08;4.2;6;-1.8;6;1026.0;6;1025.1;6;29.9;6;4.4;6;8.7;999.9;12.9;-4.5;0.0;999.9;0;0;0;0;0;0
Viedma_Aero;877910;2013;07;09;9.8;6;3.4;6;1016.5;6;1015.6;6;29.9;6;4.7;6;6.7;999.9;13.0;-3.6;0.0;999.9;0;0;0;0;0;0
Viedma_Aero;877910;2013;07;10;9.1;6;5.5;6;1012.8;6;1011.9;6;26.4;6;3.9;6;6.7;999.9;16.8;4.8;0.0;999.9;0;0;0;0;0;0
Viedma_Aero;877910;2013;07;11;11.9;8;4.3;8;1014.7;8;1013.8;8;27.2;8;3.3;8;5.1;999.9;17.8;1.0;0.0;999.9;0;0;0;0;0;0
Viedma_Aero;877910;2013;07;12;8.5;6;0.9;6;1014.3;6;1013.4;6;27.0;6;4.4;6;7.7;999.9;19.5;-1.0;0.0;999.9;0;0;0;0;0;0
Viedma_Aero;877910;2013;07;13;12.6;6;0.6;6;1007.1;6;1006.3;6;29.9;6;7.0;6;11.3;999.9;17.5;0.7;0.0;999.9;0;0;0;0;0;0
Viedma_Aero;877910;2013;07;14;8.9;6;-0.7;6;1016.3;6;1015.4;6;29.9;6;3.8;6;6.2;999.9;15.0;-0.4;0.0;999.9;0;0;0;0;0;0
Viedma_Aero;877910;2013;07;15;8.8;6;0.1;6;1014.0;6;1013.0;6;29.9;6;4.0;6;7.2;999.9;17.0;0.8;0.0;999.9;0;0;0;0;0;0
Viedma_Aero;877910;2013;07;16;12.9;6;3.6;6;1007.8;6;1006.9;6;29.9;6;6.2;6;10.3;999.9;18.8;2.4;0.0;999.9;0;0;0;0;0;0
Viedma_Aero;877910;2013;07;17;7.1;7;5.3;7;1009.8;7;1008.9;7;14.0;7;5.1;7;8.7;999.9;18.8;4.9;5.1;999.9;0;1;0;0;0;0
Viedma_Aero;877910;2013;07;18;4.7;6;0.2;6;1023.1;6;1022.2;6;25.9;6;5.5;6;7.2;999.9;7.1;0.9;17.0;999.9;0;1;0;0;0;0
Viedma_Aero;877910;2013;07;19;2.9;6;-6.1;6;1015.3;6;1014.3;6;29.9;6;6.1;6;8.2;999.9;10.0;-4.9;0.0;999.9;0;0;0;0;0;0
Viedma_Aero;877910;2013;07;20;5.6;6;-0.2;6;1006.8;6;1005.8;6;22.5;6;9.2;6;13.4;999.9;10.8;-3.8;0.0;999.9;0;1;0;0;0;0
Viedma_Aero;877910;2013;07;21;5.6;6;2.6;6;1017.4;6;1016.5;6;13.2;6;9.4;6;11.8;999.9;7.5;4.3;8.9;999.9;0;1;0;0;0;0
Viedma_Aero;877910;2013;07;22;5.4;6;2.6;6;1022.9;6;1022.0;6;21.7;6;5.6;6;9.3;999.9;7.9;3.2;5.1;999.9;0;1;0;0;0;0
Viedma_Aero;877910;2013;07;23;6.3;6;2.3;6;1021.4;6;1020.5;6;27.5;6;4.7;6;11.3;999.9;9.8;0.5;0.5;999.9;0;1;0;0;0;0
Viedma_Aero;877910;2013;07;24;6.6;5;0.7;5;1018.8;5;1019.1;5;29.9;5;6.1;5;9.8;999.9;15.8;-1.6;3.0;999.9;0;0;0;0;0;0
Viedma_Aero;877910;2013;07;25;10.1;6;0.1;6;1012.5;6;1011.6;6;29.9;6;4.4;6;7.7;999.9;17.0;3.5;0.0;999.9;0;0;0;0;0;0
Viedma_Aero;877910;2013;07;26;8.2;6;1.2;6;1014.5;6;1013.6;6;22.2;6;2.2;6;4.1;999.9;17.8;0.8;0.0;999.9;0;0;0;0;0;0
Viedma_Aero;877910;2013;07;27;8.8;6;2.8;6;1020.4;6;1019.4;6;27.5;6;3.4;6;5.1;999.9;13.0;2.5;0.0;999.9;0;0;0;0;0;0
Viedma_Aero;877910;2013;07;28;7.7;6;-0.2;6;1020.0;6;1019.2;6;29.9;6;1.6;6;3.6;999.9;16.2;-2.1;0.0;999.9;0;0;0;0;0;0
Viedma_Aero;877910;2013;07;29;6.9;6;1.3;6;1021.1;6;1020.2;6;29.9;6;2.1;6;5.1;999.9;16.8;-2.7;0.0;999.9;0;0;0;0;0;0
Viedma_Aero;877910;2013;07;30;7.4;6;5.8;6;1018.7;6;1017.8;6;18.5;6;1.3;6;2.1;999.9;15.9;-0.8;999.9;999.9;1;1;0;0;0;0
Viedma_Aero;877910;2013;07;31;9.4;6;8.4;6;1015.8;6;1014.9;6;12.6;6;3.0;6;6.2;999.9;12.1;3.9;17.0;999.9;0;1;0;0;0;0
Viedma_Aero;877910;2013;08;01;9.4;5;6.1;5;1017.5;5;1016.6;5;25.6;5;3.4;5;6.2;999.9;13.3;5.7;0.3;999.9;0;0;0;0;0;0
Viedma_Aero;877910;2013;08;02;8.6;6;6.4;6;1019.9;6;1019.0;6;29.9;6;0.9;6;1.5;999.9;13.6;5.5;0.0;999.9;0;0;0;0;0;0
Viedma_Aero;877910;2013;08;03;8.5;6;5.3;6;1013.0;6;1012.1;6;26.1;6;2.6;6;3.6;999.9;12.7;3.0;0.0;999.9;0;0;0;0;0;0
Viedma_Aero;877910;2013;08;04;10.3;6;3.2;6;1008.6;6;1007.7;6;29.9;6;6.1;6;12.3;999.9;14.2;3.6;0.0;999.9;0;0;0;0;0;0
Viedma_Aero;877910;2013;08;05;10.5;6;2.2;6;1001.8;6;1001.0;6;25.4;6;11.3;6;16.5;999.9;16.0;5.9;0.5;999.9;0;1;0;0;0;0
Viedma_Aero;877910;2013;08;06;8.7;6;-0.1;6;1008.8;6;1007.9;6;29.9;6;4.9;6;11.3;999.9;16.3;-0.1;0.5;999.9;0;0;0;0;0;0
Viedma_Aero;877910;2013;08;07;13.7;6;0.6;6;997.6;6;996.8;6;29.9;6;7.1;6;9.8;999.9;16.5;2.3;0.0;999.9;0;0;0;0;0;0
Viedma_Aero;877910;2013;08;08;8.1;6;0.7;6;1012.1;6;1011.3;6;29.9;6;6.3;6;9.3;999.9;16.7;1.4;0.0;999.9;0;0;0;0;0;0
Viedma_Aero;877910;2013;08;09;6.1;6;-2.1;5;1024.2;6;1023.3;6;29.9;6;2.6;6;5.1;999.9;12.8;-2.9;0.0;999.9;0;0;0;0;0;0
Viedma_Aero;877910;2013;08;10;11.3;6;-2.2;6;1010.4;6;1009.5;6;29.9;6;6.5;6;10.3;999.9;17.0;-1.1;0.0;999.9;0;0;0;0;0;0
Viedma_Aero;877910;2013;08;11;11.2;5;2.8;5;1004.4;5;1003.5;5;26.1;5;5.7;5;11.3;999.9;17.8;3.9;0.0;999.9;0;1;0;0;0;0
Viedma_Aero;877910;2013;08;12;6.2;6;-1.9;6;1016.6;5;1016.8;6;25.9;6;4.1;6;6.7;999.9;18.0;3.9;0.3;999.9;0;1;0;1;0;0
Viedma_Aero;877910;2013;08;13;4.7;6;-2.8;6;1026.2;6;1025.3;6;29.9;6;4.8;6;8.2;999.9;11.6;-4.0;0.0;999.9;0;0;0;0;0;0
Viedma_Aero;877910;2013;08;14;7.8;6;-4.8;6;1021.6;6;1022.6;5;29.9;6;7.2;6;12.4;999.9;15.4;-4.6;0.0;999.9;0;0;0;0;0;0
Viedma_Aero;877910;2013;08;15;12.6;5;-1.1;5;1005.3;5;1004.8;5;26.1;5;6.7;5;9.3;999.9;17.3;1.9;0.0;999.9;0;0;0;0;0;0
Viedma_Aero;877910;2013;08;16;11.5;6;-2.3;6;1020.5;5;1020.6;6;29.9;6;6.0;6;8.8;999.9;19.0;7.3;0.0;999.9;0;0;0;0;0;0
Viedma_Aero;877910;2013;08;17;10.3;6;-5.0;6;1020.5;6;1019.6;6;27.5;6;6.1;6;11.8;999.9;20.6;0.0;0.0;999.9;0;0;0;0;0;0
Viedma_Aero;877910;2013;08;18;15.9;6;-1.0;6;1009.0;6;1008.2;6;28.3;6;7.6;6;12.9;999.9;22.2;4.5;0.0;999.9;0;0;0;0;0;0
Viedma_Aero;877910;2013;08;19;14.5;6;-2.3;6;1008.9;6;1008.0;6;29.9;6;6.9;6;10.8;999.9;23.3;7.3;0.0;999.9;0;0;0;0;0;0
Viedma_Aero;877910;2013;08;20;11.2;6;-3.7;6;1014.2;6;1013.3;6;29.9;6;3.9;6;7.2;999.9;18.6;6.5;0.0;999.9;0;0;0;0;0;0
Viedma_Aero;877910;2013;08;21;8.3;6;1.3;5;1008.4;6;1007.6;6;27.5;6;4.1;6;12.9;999.9;15.7;-1.9;999.9;999.9;0;1;0;0;0;0
Viedma_Aero;877910;2013;08;22;4.6;6;-1.9;6;1016.4;6;1015.6;6;25.4;6;11.6;6;12.9;999.9;15.6;2.2;6.1;999.9;0;1;0;1;0;0
Viedma_Aero;877910;2013;08;23;4.2;5;-0.6;5;1025.9;4;1025.0;4;19.0;5;5.9;5;8.8;999.9;6.7;1.1;3.0;999.9;0;1;1;0;0;0
Viedma_Aero;877910;2013;08;24;2.6;6;-0.8;6;1033.2;6;1032.3;6;21.7;6;5.9;6;17.5;999.9;7.0;-2.6;2.0;5.1;0;0;1;0;0;0
Viedma_Aero;877910;2013;08;25;2.9;6;-2.3;6;1036.5;6;1035.5;6;29.9;6;1.5;6;3.1;999.9;8.5;-5.3;0.8;999.9;0;0;0;0;0;0
Viedma_Aero;877910;2013;08;26;6.5;5;-3.4;5;1030.9;5;1030.0;5;29.9;5;4.0;5;5.1;999.9;11.4;-1.3;0.0;999.9;0;0;0;0;0;0
Viedma_Aero;877910;2013;08;27;11.8;6;0.1;6;1014.7;6;1013.9;6;29.9;6;6.7;6;9.3;999.9;17.9;1.7;0.0;999.9;0;0;0;0;0;0
Viedma_Aero;877910;2013;08;28;14.1;6;4.7;6;1010.8;6;1009.9;6;29.9;6;5.0;6;9.8;999.9;23.8;4.1;0.8;999.9;0;0;0;0;0;0
Viedma_Aero;877910;2013;08;29;17.7;6;5.6;6;1006.3;6;1005.5;6;29.9;6;3.7;6;5.7;999.9;24.4;6.9;0.0;999.9;0;0;0;0;0;0
Viedma_Aero;877910;2013;08;30;12.3;6;6.4;6;1009.3;6;1008.6;6;29.9;6;3.6;6;5.1;999.9;25.6;3.8;0.0;999.9;0;0;0;0;0;0
Viedma_Aero;877910;2013;08;31;11.0;6;4.6;6;1013.8;6;1012.9;6;29.9;6;2.5;6;5.1;999.9;19.6;1.5;0.0;999.9;0;0;0;0;0;0
Viedma_Aero;877910;2013;09;01;12.4;6;4.7;6;1012.8;6;1011.8;6;29.9;6;3.5;6;7.2;999.9;18.4;4.0;0.0;999.9;0;0;0;0;0;0
Viedma_Aero;877910;2013;09;02;11.1;5;2.7;5;1016.2;5;1015.4;5;29.9;5;6.2;5;8.8;999.9;20.3;5.0;0.0;999.9;0;0;0;0;0;0
Viedma_Aero;877910;2013;09;03;5.5;4;2.1;4;1026.1;4;1025.2;4;29.9;4;4.3;4;5.7;999.9;13.8;0.7;0.0;999.9;0;0;0;0;0;0
Viedma_Aero;877910;2013;09;04;7.8;6;2.5;6;1021.2;6;1020.3;6;29.9;6;4.9;6;8.2;999.9;11.6;2.0;0.0;999.9;0;0;0;0;0;0
Viedma_Aero;877910;2013;09;05;15.8;6;2.9;6;1011.2;6;1010.3;6;29.9;6;5.7;6;8.8;999.9;23.5;6.9;0.0;999.9;0;0;0;0;0;0
Viedma_Aero;877910;2013;09;06;14.5;6;8.2;6;1013.4;6;1012.6;6;23.0;6;4.2;6;7.2;999.9;24.0;10.3;0.3;999.9;0;1;0;0;0;0
Viedma_Aero;877910;2013;09;07;12.7;6;10.9;6;1008.8;6;1008.0;6;19.8;6;2.7;6;5.1;999.9;16.7;7.0;5.1;999.9;0;1;0;0;0;0
Viedma_Aero;877910;2013;09;08;13.9;6;6.2;6;1009.0;6;1008.1;6;26.7;6;5.4;6;10.3;999.9;23.4;3.4;4.1;999.9;0;1;0;0;0;0
Viedma_Aero;877910;2013;09;09;20.5;6;9.2;6;1001.5;6;1000.7;6;29.9;6;2.8;6;4.1;999.9;28.5;9.0;0.0;999.9;0;0;0;0;0;0
Viedma_Aero;877910;2013;09;10;19.0;6;4.4;6;1004.4;6;1003.6;6;29.9;6;5.3;6;8.2;999.9;29.3;15.2;0.0;999.9;0;0;0;0;0;0
Viedma_Aero;877910;2013;09;11;11.3;6;2.6;6;1015.8;6;1015.0;6;29.9;6;4.8;6;7.7;999.9;20.5;7.3;0.0;999.9;0;0;0;0;0;0
Viedma_Aero;877910;2013;09;12;7.4;6;3.7;6;1019.8;6;1018.9;6;18.3;6;4.8;6;6.2;999.9;13.6;4.2;0.3;999.9;0;1;0;0;0;0
Viedma_Aero;877910;2013;09;13;6.3;5;0.7;5;1028.0;5;1027.1;5;29.9;5;3.6;5;6.2;999.9;9.8;-0.2;5.1;999.9;0;1;0;0;0;0
Viedma_Aero;877910;2013;09;14;5.3;6;-0.1;6;1029.7;5;1028.7;6;29.9;6;2.5;6;4.6;999.9;9.8;-3.4;0.5;999.9;0;0;0;0;0;0
Viedma_Aero;877910;2013;09;15;5.1;6;-0.9;6;1030.5;6;1029.6;6;29.9;6;2.7;6;5.1;999.9;10.7;-4.1;0.0;999.9;0;0;0;0;0;0
Viedma_Aero;877910;2013;09;16;6.2;6;2.2;6;1026.9;6;1026.6;5;19.6;6;2.6;6;4.6;999.9;10.6;1.5;0.0;999.9;0;1;0;0;0;0
Viedma_Aero;877910;2013;09;17;6.4;6;-0.3;6;1020.2;6;1019.4;6;25.1;6;2.1;6;5.7;999.9;13.3;-4.2;0.8;999.9;1;0;0;0;0;0
Viedma_Aero;877910;2013;09;18;9.4;6;0.2;6;1014.9;6;1014.0;6;29.9;6;3.9;6;7.2;999.9;16.1;-1.0;0.0;999.9;0;0;0;0;0;0
Viedma_Aero;877910;2013;09;19;14.7;6;-0.4;6;1009.8;6;1008.9;6;29.9;6;5.6;6;8.2;999.9;23.0;2.4;0.0;999.9;0;0;0;0;0;0
Viedma_Aero;877910;2013;09;20;11.1;6;1.6;6;1007.7;6;1007.0;6;29.9;6;5.0;6;11.3;999.9;24.0;2.5;0.0;999.9;0;0;0;0;0;0
Viedma_Aero;877910;2013;09;21;9.5;6;3.8;6;1016.2;6;1015.2;6;23.8;6;4.9;6;7.7;999.9;17.2;3.5;2.0;999.9;0;1;0;0;0;0
Viedma_Aero;877910;2013;09;22;8.2;6;2.6;6;1027.9;6;1027.0;6;26.7;6;7.1;6;11.3;999.9;12.7;1.6;0.0;999.9;0;1;0;0;0;0
Viedma_Aero;877910;2013;09;23;7.9;6;-1.7;6;1031.6;6;1030.7;6;29.9;6;3.6;6;5.7;999.9;16.9;-5.0;0.3;999.9;0;0;0;0;0;0
Viedma_Aero;877910;2013;09;24;11.7;6;-2.4;6;1028.6;6;1027.7;6;29.9;6;3.0;6;5.1;999.9;19.7;-1.4;0.0;999.9;0;0;0;0;0;0
Viedma_Aero;877910;2013;09;25;14.1;6;-0.6;6;1020.9;5;1020.1;5;29.9;6;6.6;6;9.3;999.9;20.5;3.7;0.0;999.9;0;0;0;0;0;0
Viedma_Aero;877910;2013;09;26;13.2;5;3.8;5;1014.5;5;1013.7;5;29.9;5;5.3;5;9.8;999.9;20.5;9.0;0.0;999.9;0;0;0;0;0;0
Viedma_Aero;877910;2013;09;27;8.4;6;2.7;6;1025.0;5;1024.5;6;29.9;6;5.7;6;7.2;999.9;20.3;3.9;0.0;999.9;0;0;0;0;0;0
Viedma_Aero;877910;2013;09;28;7.6;5;6.6;5;1027.4;5;1026.7;5;11.7;5;5.7;5;8.7;999.9;10.0;4.5;11.9;999.9;0;1;0;0;0;0
Viedma_Aero;877910;2013;09;29;10.7;6;8.5;6;1025.0;6;1024.1;6;19.3;6;9.3;6;11.8;999.9;12.1;7.5;7.1;999.9;0;1;0;0;0;0
Viedma_Aero;877910;2013;09;30;10.2;6;7.8;6;1025.3;6;1024.5;6;22.9;6;7.6;6;9.3;999.9;13.3;8.6;2.0;999.9;0;1;0;0;0;0
Viedma_Aero;877910;2013;10;01;10.2;6;7.1;6;1022.2;6;1021.3;6;24.1;6;3.8;6;5.7;999.9;12.5;8.0;0.0;999.9;0;1;0;0;0;0
Viedma_Aero;877910;2013;10;02;13.8;5;6.4;5;1018.8;5;1017.9;5;20.4;5;4.4;5;8.7;999.9;18.1;7.9;0.8;999.9;0;1;0;0;0;0
Viedma_Aero;877910;2013;10;03;12.9;6;6.6;6;1021.1;6;1020.3;6;29.9;6;4.3;6;6.2;999.9;19.3;9.4;0.0;999.9;0;0;0;0;0;0
Viedma_Aero;877910;2013;10;04;14.3;6;5.3;6;1021.0;6;1020.2;6;27.5;6;5.0;6;9.3;999.9;22.7;1.8;0.0;999.9;0;0;0;0;0;0
Viedma_Aero;877910;2013;10;05;16.2;6;5.6;6;1018.8;5;1017.7;6;29.9;6;3.8;6;6.7;999.9;23.7;9.9;0.0;999.9;0;0;0;0;0;0
Viedma_Aero;877910;2013;10;06;15.2;6;3.4;6;1020.6;6;1020.3;5;29.9;6;2.6;6;3.1;999.9;24.0;1.5;0.0;999.9;0;0;0;0;0;0
Viedma_Aero;877910;2013;10;07;21.7;6;8.1;6;1017.1;6;1016.3;6;29.9;6;4.9;6;7.2;999.9;30.1;11.0;0.0;999.9;0;0;0;0;0;0
Viedma_Aero;877910;2013;10;08;23.4;6;7.7;6;1009.5;6;1008.7;6;29.9;6;8.1;6;13.4;999.9;31.0;15.3;0.0;999.9;0;0;0;0;0;0
Viedma_Aero;877910;2013;10;09;17.6;6;4.9;6;1011.5;6;1010.7;6;29.9;6;5.3;6;7.2;999.9;29.7;12.0;5.1;999.9;0;0;0;0;0;0
Viedma_Aero;877910;2013;10;10;15.5;6;2.8;6;1016.1;6;1015.2;6;29.9;6;6.0;6;10.8;999.9;20.7;7.3;0.0;999.9;0;0;0;0;0;0
Viedma_Aero;877910;2013;10;11;11.0;6;0.1;6;1025.6;6;1024.7;6;29.9;6;3.1;6;5.7;999.9;20.5;-1.0;0.0;999.9;0;0;0;0;0;0
Viedma_Aero;877910;2013;10;12;15.6;5;7.9;5;1021.4;5;1020.6;5;29.9;5;3.8;5;6.2;999.9;20.7;9.2;0.0;999.9;0;0;0;0;0;0
Viedma_Aero;877910;2013;10;13;18.2;6;12.3;6;1013.2;6;1012.3;6;28.3;6;4.4;6;6.2;999.9;24.2;11.9;5.1;999.9;0;0;0;0;1;0
Viedma_Aero;877910;2013;10;14;19.1;6;8.2;6;1012.7;6;1011.9;6;29.9;6;3.2;6;5.1;999.9;25.1;9.0;0.0;999.9;0;0;0;0;0;0
Viedma_Aero;877910;2013;10;15;20.7;6;7.4;6;1013.9;6;1012.9;5;29.9;6;3.6;6;7.2;999.9;27.5;9.5;0.0;999.9;0;0;0;0;0;0
Viedma_Aero;877910;2013;10;16;17.1;6;9.2;6;1015.6;6;1014.4;6;29.9;6;4.5;6;8.2;999.9;28.5;10.9;0.0;999.9;0;0;0;0;0;0
Viedma_Aero;877910;2013;10;17;16.0;7;9.8;7;1015.7;5;1015.0;5;19.0;7;2.7;7;6.2;999.9;25.3;6.3;0.0;999.9;1;0;0;0;0;0
Viedma_Aero;877910;2013;10;18;17.5;6;11.4;6;1009.1;6;1008.2;6;29.9;6;4.3;6;7.2;999.9;26.4;12.7;0.0;999.9;0;0;0;0;0;0
Viedma_Aero;877910;2013;10;19;18.7;6;8.2;6;1001.7;6;1000.8;6;20.1;6;4.0;6;8.2;999.9;27.5;4.7;0.0;999.9;1;0;0;0;0;0
Viedma_Aero;877910;2013;10;20;16.1;6;3.6;6;999.8;6;999.0;6;27.0;6;8.0;6;12.9;999.9;30.5;9.7;0.0;999.9;0;0;0;0;0;0
Viedma_Aero;877910;2013;10;21;10.2;6;0.1;6;1014.8;6;1014.0;6;29.9;6;4.4;6;5.7;999.9;20.8;-2.2;0.0;999.9;0;0;0;0;0;0
Viedma_Aero;877910;2013;10;22;14.6;6;0.7;6;1006.6;6;1005.7;6;29.9;6;4.9;6;10.3;999.9;18.5;7.0;0.0;999.9;0;0;0;0;0;0
Viedma_Aero;877910;2013;10;23;11.6;6;1.9;6;1015.2;6;1014.4;6;29.9;6;6.2;6;8.8;999.9;20.5;5.6;0.0;999.9;0;0;0;0;0;0
Viedma_Aero;877910;2013;10;24;13.1;6;2.0;6;1023.1;6;1022.2;6;29.9;6;3.2;6;5.7;999.9;20.5;-1.8;0.0;999.9;0;0;0;0;0;0
Viedma_Aero;877910;2013;10;25;17.3;6;3.2;6;1017.8;6;1017.0;6;28.3;6;6.0;6;8.2;999.9;23.8;8.6;0.0;999.9;0;0;0;0;0;0
Viedma_Aero;877910;2013;10;26;18.3;6;1.9;6;1010.8;6;1010.0;6;29.9;6;6.8;6;9.8;999.9;23.1;9.2;0.0;999.9;0;0;0;0;0;0
Viedma_Aero;877910;2013;10;27;17.1;6;-0.1;6;1018.8;6;1017.9;6;29.9;6;5.8;6;7.7;999.9;25.6;1.6;0.0;999.9;0;0;0;0;0;0
Viedma_Aero;877910;2013;10;28;20.2;6;4.4;6;1012.5;6;1011.7;6;29.9;6;5.3;6;8.8;999.9;27.4;10.2;0.0;999.9;0;0;0;0;0;0
Viedma_Aero;877910;2013;10;29;16.4;7;11.6;7;1015.2;6;1014.4;6;23.5;7;4.8;7;8.2;999.9;30.0;9.3;0.0;999.9;0;0;0;0;0;0
Viedma_Aero;877910;2013;10;30;20.6;6;10.4;6;1011.9;6;1011.1;6;26.4;6;4.1;6;5.7;999.9;26.6;9.5;0.0;999.9;0;0;0;0;0;0
Viedma_Aero;877910;2013;10;31;18.1;6;13.1;6;1009.6;6;1008.8;6;18.5;6;3.9;6;7.2;999.9;28.6;15.4;7.1;999.9;0;1;0;0;0;0
Viedma_Aero;877910;2013;11;01;17.1;6;13.1;6;1012.6;6;1011.8;6;23.3;6;5.1;6;8.8;999.9;21.4;11.8;21.1;999.9;1;1;0;0;0;0
Viedma_Aero;877910;2013;11;02;18.5;6;8.1;6;1015.7;6;1014.9;6;27.0;6;3.0;6;5.1;999.9;27.9;5.6;0.0;999.9;0;0;0;0;0;0
Viedma_Aero;877910;2013;11;03;18.5;6;7.3;6;1018.2;6;1017.4;6;29.9;6;3.9;6;7.7;999.9;28.1;9.9;0.0;999.9;0;0;0;0;0;0
Viedma_Aero;877910;2013;11;04;16.7;5;9.3;5;1016.6;5;1015.8;5;29.9;5;4.0;5;7.2;999.9;23.8;7.7;0.0;999.9;0;0;0;0;0;0
Viedma_Aero;877910;2013;11;05;24.1;6;12.8;6;1012.2;6;1011.4;6;29.9;6;4.4;6;6.2;999.9;32.2;16.4;0.0;999.9;0;0;0;0;0;0
Viedma_Aero;877910;2013;11;06;24.2;7;14.3;7;1004.7;6;1003.9;6;26.2;7;6.8;7;10.3;999.9;32.6;18.0;999.9;999.9;0;1;0;0;1;0
Viedma_Aero;877910;2013;11;07;19.6;6;4.9;6;1008.3;6;1007.5;6;29.9;6;6.5;6;10.3;999.9;32.3;12.9;4.1;999.9;0;0;0;0;0;0
Viedma_Aero;877910;2013;11;08;16.8;6;2.7;6;1010.6;6;1009.8;6;29.9;6;4.7;6;7.2;999.9;25.5;9.2;0.0;999.9;0;0;0;0;0;0
Viedma_Aero;877910;2013;11;09;15.7;5;8.8;5;1015.0;5;1014.2;5;29.9;5;5.6;5;7.7;999.9;20.5;9.0;0.0;999.9;0;0;0;0;0;0
Viedma_Aero;877910;2013;11;10;15.2;4;8.7;4;1012.4;4;1011.7;4;29.9;4;2.6;4;4.1;999.9;22.9;6.5;0.0;999.9;0;0;0;0;0;0
Viedma_Aero;877910;2013;11;11;24.8;4;6.9;4;1002.6;4;1001.8;4;29.9;4;6.2;4;9.3;999.9;29.1;16.0;0.0;999.9;0;0;0;0;0;0
Viedma_Aero;877910;2013;11;12;18.2;6;0.9;6;1008.5;6;1007.6;6;29.9;6;5.3;6;6.7;999.9;29.6;12.0;0.0;999.9;0;0;0;0;0;0
Viedma_Aero;877910;2013;11;13;19.9;5;2.4;5;1010.0;5;1009.2;5;29.9;5;5.5;5;8.2;999.9;27.7;10.3;0.0;999.9;0;0;0;0;0;0
