Villa_Reynolds_Aero;874480;2013;01;01;16.4;8;6.0;8;1021.3;8;964.9;8;15.0;8;4.3;8;9.8;999.9;27.7;7.0;0.0;999.9;0;0;0;0;0;0
Villa_Reynolds_Aero;874480;2013;01;02;19.9;8;7.6;8;1016.5;8;960.5;8;15.0;8;4.7;8;8.2;999.9;30.9;10.3;0.0;999.9;0;0;0;0;0;0
Villa_Reynolds_Aero;874480;2013;01;03;24.1;8;11.2;8;1009.7;8;955.1;8;15.0;8;5.2;8;8.2;999.9;32.4;12.9;0.0;999.9;0;0;0;0;0;0
Villa_Reynolds_Aero;874480;2013;01;04;22.9;8;14.8;8;1009.0;8;954.6;8;13.5;8;4.0;8;5.1;999.9;33.6;16.8;14.0;999.9;0;1;0;0;1;0
Villa_Reynolds_Aero;874480;2013;01;05;20.9;8;15.8;8;1009.9;8;954.8;8;14.0;8;2.1;8;4.1;999.9;30.6;15.1;0.0;999.9;0;0;0;0;0;0
Villa_Reynolds_Aero;874480;2013;01;06;24.9;8;16.3;8;1005.9;8;951.5;8;14.6;8;2.2;8;4.1;999.9;34.5;14.8;0.0;999.9;0;0;0;0;0;0
Villa_Reynolds_Aero;874480;2013;01;07;26.9;8;15.8;8;1001.3;8;947.8;8;12.6;8;6.7;8;11.3;999.9;35.0;18.9;0.0;999.9;0;0;0;0;0;0
Villa_Reynolds_Aero;874480;2013;01;08;20.9;8;17.7;8;1008.5;8;953.8;8;10.5;8;4.0;8;6.7;999.9;30.6;16.8;34.0;999.9;0;1;0;0;1;0
Villa_Reynolds_Aero;874480;2013;01;09;22.9;8;16.4;8;1015.0;8;959.7;8;15.0;8;3.4;8;7.7;999.9;31.2;13.3;0.0;999.9;0;0;0;0;0;0
Villa_Reynolds_Aero;874480;2013;01;10;26.4;8;20.2;8;1013.0;8;958.5;8;15.0;8;4.8;8;9.3;999.9;34.4;17.6;0.0;999.9;0;0;0;0;0;0
Villa_Reynolds_Aero;874480;2013;01;11;28.3;8;19.6;8;1007.8;8;954.1;8;13.0;8;6.4;8;9.3;999.9;35.0;19.9;0.0;999.9;0;0;0;0;0;0
Villa_Reynolds_Aero;874480;2013;01;12;27.7;8;18.7;8;1006.8;8;952.8;8;14.3;8;3.5;8;6.2;999.9;36.0;20.0;0.0;999.9;0;0;0;0;1;0
Villa_Reynolds_Aero;874480;2013;01;13;24.9;8;18.2;8;1010.8;8;956.4;8;11.9;8;4.3;8;9.3;999.9;36.3;16.6;6.1;999.9;0;0;0;0;0;0
Villa_Reynolds_Aero;874480;2013;01;14;25.1;8;18.7;8;1012.7;8;958.3;8;13.7;8;4.6;8;8.7;999.9;32.8;18.0;6.1;999.9;0;1;0;0;1;0
Villa_Reynolds_Aero;874480;2013;01;15;26.0;8;18.5;8;1008.3;8;954.1;8;15.0;8;3.0;8;6.7;999.9;33.8;17.8;0.0;999.9;0;0;0;0;0;0
Villa_Reynolds_Aero;874480;2013;01;16;24.9;8;18.6;8;1007.3;8;952.8;8;11.6;8;4.9;8;13.9;999.9;34.3;18.7;16.0;999.9;0;1;0;0;1;0
Villa_Reynolds_Aero;874480;2013;01;17;23.9;9;18.3;9;1013.4;7;958.9;8;13.0;9;2.3;9;5.1;999.9;33.1;16.8;0.0;999.9;0;0;0;0;0;0
Villa_Reynolds_Aero;874480;2013;01;18;22.7;8;16.0;8;1015.9;7;960.7;7;13.7;8;2.9;8;6.7;999.9;29.6;13.3;0.0;999.9;0;0;0;0;0;0
Villa_Reynolds_Aero;874480;2013;01;19;18.6;5;15.9;5;1016.8;5;961.6;5;13.0;5;3.0;5;8.2;999.9;31.1;14.4;0.0;999.9;0;0;0;0;0;0
Villa_Reynolds_Aero;874480;2013;01;21;22.1;7;15.9;7;1015.9;7;960.7;7;15.0;7;4.1;7;9.3;999.9;29.2;15.8;0.0;999.9;0;0;0;0;0;0
Villa_Reynolds_Aero;874480;2013;01;22;24.4;8;15.3;8;1013.4;8;958.7;8;15.0;8;2.8;8;8.2;999.9;31.4;18.6;0.0;999.9;0;0;0;0;0;0
Villa_Reynolds_Aero;874480;2013;01;23;24.8;7;16.3;7;1010.5;7;956.2;7;15.0;7;3.8;7;6.2;999.9;34.1;18.1;0.0;999.9;0;0;0;0;1;0
Villa_Reynolds_Aero;874480;2013;01;24;26.9;8;13.2;8;1004.6;8;950.8;8;15.0;8;4.1;8;9.3;999.9;35.2;16.1;0.0;999.9;0;0;0;0;0;0
Villa_Reynolds_Aero;874480;2013;01;25;19.4;8;10.9;8;1014.2;8;959.1;8;14.2;8;4.4;8;6.7;999.9;34.9;12.8;0.0;999.9;0;1;0;0;0;0
Villa_Reynolds_Aero;874480;2013;01;26;21.6;8;10.9;8;1013.0;8;957.4;8;13.7;8;3.0;8;8.2;999.9;34.0;10.5;0.0;999.9;0;0;0;0;0;0
Villa_Reynolds_Aero;874480;2013;01;27;26.1;8;15.2;8;1009.0;8;954.7;8;15.0;8;3.3;8;6.7;999.9;35.2;14.6;0.0;999.9;0;0;0;0;1;0
Villa_Reynolds_Aero;874480;2013;01;28;23.2;8;16.6;8;1012.9;8;958.3;8;13.7;8;4.5;8;7.7;999.9;35.9;17.6;6.1;999.9;0;0;0;0;1;0
Villa_Reynolds_Aero;874480;2013;01;29;22.9;8;17.4;8;1014.0;8;958.9;8;14.3;8;2.9;8;5.1;999.9;30.8;15.2;5.1;999.9;0;0;0;0;1;0
Villa_Reynolds_Aero;874480;2013;01;30;23.0;8;19.1;8;1011.4;8;956.7;8;10.5;8;3.6;8;12.9;999.9;31.0;15.9;0.0;999.9;0;1;0;0;1;0
Villa_Reynolds_Aero;874480;2013;01;31;23.2;8;17.2;8;1008.7;8;954.4;8;11.9;8;6.4;8;16.4;999.9;32.1;19.0;13.0;999.9;0;0;0;0;1;0
Villa_Reynolds_Aero;874480;2013;02;01;25.5;8;20.1;8;1004.9;8;950.7;8;15.0;8;1.8;8;5.1;999.9;33.4;17.2;0.0;999.9;0;0;0;0;1;0
Villa_Reynolds_Aero;874480;2013;02;02;24.7;8;13.9;8;1012.1;8;957.7;8;13.8;8;2.3;8;4.1;999.9;34.7;14.8;0.0;999.9;0;0;0;0;1;0
Villa_Reynolds_Aero;874480;2013;02;03;21.5;8;14.6;8;1015.6;8;961.0;8;14.3;8;4.6;8;12.9;999.9;30.6;11.0;0.0;999.9;0;0;0;0;0;0
Villa_Reynolds_Aero;874480;2013;02;04;25.2;8;16.8;8;1009.1;8;954.6;8;15.0;8;3.3;8;8.2;999.9;34.8;15.8;0.0;999.9;0;0;0;0;0;0
Villa_Reynolds_Aero;874480;2013;02;05;24.3;8;18.6;8;1009.7;8;955.4;8;14.3;8;3.9;8;10.3;999.9;35.6;15.8;0.0;999.9;0;0;0;0;0;0
Villa_Reynolds_Aero;874480;2013;02;06;25.8;8;19.0;8;1011.6;8;957.2;8;15.0;8;3.9;8;7.7;999.9;32.9;18.7;0.0;999.9;0;0;0;0;1;0
Villa_Reynolds_Aero;874480;2013;02;07;25.6;8;16.9;8;1011.8;8;957.4;8;13.7;8;3.2;8;9.3;999.9;35.0;16.2;0.0;999.9;0;0;0;0;0;0
Villa_Reynolds_Aero;874480;2013;02;08;24.5;8;15.3;8;1008.8;8;954.5;8;14.3;8;3.0;8;11.3;999.9;35.3;14.8;0.0;999.9;0;0;0;0;0;0
Villa_Reynolds_Aero;874480;2013;02;09;25.3;7;16.6;7;1006.5;7;952.4;7;15.0;7;3.3;7;6.7;999.9;34.8;14.8;0.0;999.9;0;0;0;0;0;0
Villa_Reynolds_Aero;874480;2013;02;10;22.8;8;17.9;8;1008.0;8;953.6;8;13.5;8;4.0;8;10.3;999.9;36.0;17.0;7.1;999.9;0;1;0;0;1;0
Villa_Reynolds_Aero;874480;2013;02;11;23.3;8;16.2;8;1009.2;8;954.5;8;13.2;8;2.4;8;7.7;999.9;32.1;14.8;0.0;999.9;0;0;0;0;0;0
Villa_Reynolds_Aero;874480;2013;02;12;23.6;8;14.4;8;1004.1;8;949.8;8;15.0;8;5.3;8;10.3;999.9;32.9;14.4;0.0;999.9;0;0;0;0;0;0
Villa_Reynolds_Aero;874480;2013;02;13;21.3;8;16.8;8;1007.1;7;952.5;7;13.2;8;4.0;8;9.3;999.9;31.0;16.4;999.9;999.9;0;1;0;0;1;0
Villa_Reynolds_Aero;874480;2013;02;14;21.4;8;16.6;8;1010.5;8;955.2;8;11.1;8;3.1;8;6.7;999.9;31.2;10.0;2.0;999.9;0;0;0;0;0;0
Villa_Reynolds_Aero;874480;2013;02;15;25.2;8;18.1;8;1008.6;8;954.1;8;13.5;8;3.8;8;9.3;999.9;35.0;13.7;0.0;999.9;0;0;0;0;0;0
Villa_Reynolds_Aero;874480;2013;02;16;25.0;8;18.2;8;1003.0;8;949.1;8;12.9;8;2.3;8;5.7;999.9;35.8;18.0;2.0;999.9;0;1;0;0;0;0
Villa_Reynolds_Aero;874480;2013;02;17;21.3;8;10.8;8;1008.6;8;953.9;8;15.0;8;4.7;8;7.7;999.9;34.7;16.8;0.0;999.9;0;0;0;0;0;0
Villa_Reynolds_Aero;874480;2013;02;18;14.8;8;5.7;8;1019.6;8;962.9;8;15.0;8;2.9;8;8.2;999.9;23.3;4.0;0.0;999.9;0;0;0;0;0;0
Villa_Reynolds_Aero;874480;2013;02;19;17.1;8;11.1;8;1017.5;8;961.2;8;13.2;8;4.7;8;10.8;999.9;24.0;8.6;0.0;999.9;0;0;0;0;0;0
Villa_Reynolds_Aero;874480;2013;02;20;17.7;8;13.6;8;1016.0;8;960.0;8;13.2;8;6.9;8;8.2;999.9;25.2;14.0;0.0;999.9;0;0;0;0;0;0
Villa_Reynolds_Aero;874480;2013;02;21;19.3;8;14.9;8;1015.6;8;959.8;8;10.8;8;4.7;8;8.7;999.9;28.4;11.0;0.0;999.9;1;0;0;0;0;0
Villa_Reynolds_Aero;874480;2013;02;22;22.3;8;14.2;8;1011.8;8;956.6;8;15.0;8;4.6;8;10.8;999.9;31.8;11.0;0.0;999.9;0;0;0;0;0;0
Villa_Reynolds_Aero;874480;2013;02;23;23.2;8;18.0;8;1006.3;8;951.9;8;15.0;8;2.1;8;5.1;999.9;32.6;16.3;0.0;999.9;0;0;0;0;0;0
Villa_Reynolds_Aero;874480;2013;02;24;21.3;8;14.7;8;1010.6;8;955.7;8;12.1;8;3.2;8;5.1;999.9;32.4;14.7;16.0;999.9;0;1;0;0;1;0
Villa_Reynolds_Aero;874480;2013;02;25;16.4;8;8.7;8;1017.5;8;961.3;8;15.0;8;2.1;8;5.1;999.9;28.0;8.8;0.0;999.9;0;0;0;0;0;0
Villa_Reynolds_Aero;874480;2013;02;26;17.0;8;10.5;8;1016.8;8;960.4;8;14.3;8;3.8;8;8.2;999.9;26.7;7.4;0.0;999.9;0;0;0;0;0;0
Villa_Reynolds_Aero;874480;2013;02;27;22.1;8;12.4;8;1011.0;8;955.8;8;15.0;8;4.3;8;10.3;999.9;32.0;11.7;0.0;999.9;0;0;0;0;0;0
Villa_Reynolds_Aero;874480;2013;02;28;25.0;8;16.1;8;1005.7;8;951.5;8;15.0;8;6.7;8;12.9;999.9;33.8;17.0;0.0;999.9;0;0;0;0;0;0
Villa_Reynolds_Aero;874480;2013;03;01;25.4;8;16.4;8;1000.3;8;946.5;8;14.3;8;6.2;8;8.7;999.9;34.9;17.3;0.0;999.9;0;0;0;0;1;0
Villa_Reynolds_Aero;874480;2013;03;02;18.2;8;12.8;8;1011.9;8;956.5;8;13.0;8;6.0;8;10.3;999.9;33.5;13.0;8.9;999.9;0;1;0;0;1;0
Villa_Reynolds_Aero;874480;2013;03;03;15.6;8;9.7;8;1019.6;8;963.1;8;15.0;8;2.5;8;5.1;999.9;24.6;6.8;0.0;999.9;0;0;0;0;0;0
Villa_Reynolds_Aero;874480;2013;03;04;16.2;8;9.5;8;1019.0;8;962.4;8;13.2;8;2.6;8;6.7;999.9;25.6;6.3;0.0;999.9;0;0;0;0;0;0
Villa_Reynolds_Aero;874480;2013;03;05;19.5;8;11.0;8;1012.3;8;956.6;8;13.7;8;2.7;8;6.2;999.9;31.0;8.0;0.0;999.9;0;0;0;0;0;0
Villa_Reynolds_Aero;874480;2013;03;06;22.0;8;11.2;8;1006.0;8;951.4;8;15.0;8;4.9;8;9.3;999.9;31.6;12.2;0.0;999.9;0;0;0;0;0;0
Villa_Reynolds_Aero;874480;2013;03;07;18.4;8;11.1;8;1011.1;8;955.6;8;15.0;8;3.6;8;6.7;999.9;28.9;9.4;0.0;999.9;0;0;0;0;0;0
Villa_Reynolds_Aero;874480;2013;03;08;22.4;8;16.4;8;1009.7;7;954.8;8;13.2;8;3.2;8;10.3;999.9;33.0;15.2;0.0;999.9;1;0;0;0;0;0
Villa_Reynolds_Aero;874480;2013;03;09;24.1;8;18.9;8;1006.0;8;951.6;8;12.1;8;2.3;8;7.7;999.9;33.6;15.8;0.0;999.9;1;0;0;0;1;0
Villa_Reynolds_Aero;874480;2013;03;10;21.1;8;13.5;8;1010.7;8;955.8;8;13.2;8;2.6;8;5.1;999.9;34.6;16.5;0.0;999.9;0;0;0;0;0;0
Villa_Reynolds_Aero;874480;2013;03;11;17.3;7;13.7;7;1007.4;7;951.9;7;11.9;7;1.7;7;5.1;999.9;26.6;12.0;0.0;999.9;0;1;0;0;1;0
Villa_Reynolds_Aero;874480;2013;03;12;19.0;8;13.9;8;1010.7;8;955.1;8;10.5;8;2.1;8;6.2;999.9;27.5;10.8;1.0;999.9;1;0;0;0;0;0
Villa_Reynolds_Aero;874480;2013;03;13;14.7;8;12.9;8;1016.4;8;960.2;8;10.3;8;4.9;8;8.7;999.9;27.5;11.0;5.1;999.9;0;1;0;0;1;0
Villa_Reynolds_Aero;874480;2013;03;14;11.5;8;10.2;8;1022.0;8;964.6;8;10.9;8;4.5;8;7.2;999.9;15.5;9.6;4.1;999.9;0;1;0;0;0;0
Villa_Reynolds_Aero;874480;2013;03;15;10.2;8;10.0;8;1024.5;8;966.6;8;2.1;8;4.1;8;6.2;999.9;12.3;8.7;2.0;999.9;1;1;0;0;0;0
Villa_Reynolds_Aero;874480;2013;03;16;13.8;8;11.8;8;1023.7;8;966.2;8;9.2;8;2.8;8;9.3;999.9;20.0;9.0;2.0;999.9;0;0;0;0;0;0
Villa_Reynolds_Aero;874480;2013;03;17;14.6;8;12.5;8;1022.7;8;965.9;8;12.2;8;5.2;8;10.3;999.9;21.5;12.0;1.0;999.9;0;1;0;0;0;0
Villa_Reynolds_Aero;874480;2013;03;18;16.2;8;10.7;8;1020.5;8;963.7;8;11.9;8;4.9;8;8.2;999.9;23.4;9.9;2.0;999.9;0;0;0;0;0;0
Villa_Reynolds_Aero;874480;2013;03;19;16.9;8;10.7;8;1017.1;8;960.9;8;14.6;8;3.0;8;6.2;999.9;24.1;9.6;0.0;999.9;0;0;0;0;0;0
Villa_Reynolds_Aero;874480;2013;03;20;16.5;8;11.1;8;1012.5;8;956.4;7;12.9;8;2.2;8;7.7;999.9;26.1;6.7;0.0;999.9;0;0;0;0;0;0
Villa_Reynolds_Aero;874480;2013;03;21;16.6;8;11.4;8;1013.9;8;957.8;8;13.2;8;3.2;8;6.7;999.9;26.3;7.8;0.0;999.9;0;0;0;0;0;0
Villa_Reynolds_Aero;874480;2013;03;22;17.7;8;11.6;8;1015.2;8;959.2;8;14.3;8;3.1;8;5.1;999.9;26.8;9.2;0.0;999.9;0;0;0;0;1;0
Villa_Reynolds_Aero;874480;2013;03;23;19.6;8;14.8;8;1014.9;8;959.2;8;10.0;8;2.3;8;8.2;999.9;28.1;11.6;0.0;999.9;0;0;0;0;0;0
Villa_Reynolds_Aero;874480;2013;03;24;19.1;8;12.2;7;1010.9;8;955.7;8;12.6;8;3.8;8;5.7;999.9;30.1;12.1;1.0;999.9;0;1;0;0;0;0
Villa_Reynolds_Aero;874480;2013;03;25;17.9;8;9.9;8;1014.7;8;959.0;8;13.5;8;4.4;8;11.8;999.9;30.6;10.4;3.0;999.9;0;1;0;0;1;0
Villa_Reynolds_Aero;874480;2013;03;26;14.9;8;5.8;8;1020.6;8;963.7;8;16.3;8;1.3;8;5.1;999.9;28.0;2.1;0.0;999.9;0;0;0;0;0;0
Villa_Reynolds_Aero;874480;2013;03;27;19.6;8;10.3;8;1017.6;8;961.6;8;20.0;8;1.4;8;3.1;999.9;30.9;7.6;0.0;999.9;0;0;0;0;0;0
Villa_Reynolds_Aero;874480;2013;03;28;21.4;8;11.8;8;1016.0;8;960.7;8;13.2;8;3.5;8;5.1;999.9;31.6;11.4;0.0;999.9;0;0;0;0;0;0
Villa_Reynolds_Aero;874480;2013;03;29;21.6;8;11.5;8;1012.9;8;957.8;8;15.0;8;4.2;8;9.3;999.9;31.2;10.3;0.0;999.9;0;0;0;0;0;0
Villa_Reynolds_Aero;874480;2013;03;30;21.4;8;12.6;8;1010.2;8;955.2;8;15.0;8;2.5;8;5.1;999.9;32.3;10.2;0.0;999.9;0;0;0;0;0;0
Villa_Reynolds_Aero;874480;2013;03;31;16.4;8;14.6;8;1015.1;8;959.4;8;7.9;8;4.6;8;12.3;999.9;32.0;11.5;5.1;999.9;0;1;0;0;1;0
Villa_Reynolds_Aero;874480;2013;04;01;15.1;8;14.4;8;1017.8;8;961.2;8;7.9;8;2.6;8;5.1;999.9;17.0;13.0;39.1;999.9;1;1;0;0;1;0
Villa_Reynolds_Aero;874480;2013;04;02;11.8;8;10.9;8;1019.8;7;962.7;7;7.2;8;2.0;8;3.1;999.9;18.0;9.8;2.0;999.9;0;1;0;0;1;0
Villa_Reynolds_Aero;874480;2013;04;03;14.2;7;10.6;7;1019.7;7;962.5;7;14.6;7;4.1;7;7.7;999.9;21.0;9.8;36.1;999.9;0;0;0;0;0;0
Villa_Reynolds_Aero;874480;2013;04;04;17.1;8;11.1;8;1012.3;8;956.1;8;12.4;8;2.9;8;5.1;999.9;24.9;11.4;0.0;999.9;0;0;0;0;0;0
Villa_Reynolds_Aero;874480;2013;04;05;17.2;8;10.4;8;1008.3;8;952.5;8;13.7;8;3.0;8;8.2;999.9;27.4;8.1;0.0;999.9;0;0;0;0;0;0
Villa_Reynolds_Aero;874480;2013;04;06;14.9;8;7.3;8;1013.2;8;956.9;8;15.0;8;2.6;8;5.1;999.9;29.1;7.3;0.0;999.9;0;0;0;0;0;0
Villa_Reynolds_Aero;874480;2013;04;07;12.3;8;6.1;8;1018.2;8;960.9;8;14.3;8;1.6;8;5.1;999.9;23.1;3.0;0.0;999.9;0;0;0;0;0;0
Villa_Reynolds_Aero;874480;2013;04;08;16.7;8;10.9;8;1017.4;8;960.9;8;13.2;8;2.9;8;6.2;999.9;27.0;8.1;0.0;999.9;0;0;0;0;0;0
Villa_Reynolds_Aero;874480;2013;04;09;20.4;8;11.1;8;1012.7;8;957.2;8;14.3;8;5.5;8;9.3;999.9;28.4;11.4;0.0;999.9;0;0;0;0;0;0
Villa_Reynolds_Aero;874480;2013;04;10;19.6;7;11.6;7;1008.6;7;953.4;7;13.2;7;3.4;7;6.2;999.9;28.8;13.6;0.0;999.9;0;0;0;0;1;0
Villa_Reynolds_Aero;874480;2013;04;11;14.9;8;12.9;8;1009.6;8;953.6;8;8.5;8;2.9;8;5.1;999.9;26.2;11.8;16.0;999.9;0;1;0;0;1;0
Villa_Reynolds_Aero;874480;2013;04;12;13.0;8;4.2;8;1019.6;8;962.6;8;13.2;8;3.0;8;5.1;999.9;19.7;5.6;0.0;999.9;0;0;0;0;0;0
Villa_Reynolds_Aero;874480;2013;04;13;9.5;8;4.2;8;1021.3;8;963.3;8;13.2;8;1.0;8;4.1;999.9;22.8;-1.0;0.0;999.9;0;0;0;0;0;0
Villa_Reynolds_Aero;874480;2013;04;14;16.3;8;9.3;8;1016.7;8;960.1;8;13.2;8;2.4;8;4.1;999.9;26.8;1.6;0.0;999.9;0;0;0;0;0;0
Villa_Reynolds_Aero;874480;2013;04;15;17.2;8;10.0;8;1017.2;8;961.0;8;15.0;8;2.5;8;5.1;999.9;29.1;6.8;0.0;999.9;0;0;0;0;0;0
Villa_Reynolds_Aero;874480;2013;04;16;18.7;8;10.5;8;1015.8;8;960.0;8;13.7;8;3.0;8;7.7;999.9;32.0;6.8;0.0;999.9;0;0;0;0;0;0
Villa_Reynolds_Aero;874480;2013;04;17;19.1;8;10.4;8;1014.7;8;958.9;8;13.2;8;3.7;8;10.3;999.9;32.3;8.8;0.0;999.9;0;0;0;0;0;0
Villa_Reynolds_Aero;874480;2013;04;18;20.4;8;10.7;8;1013.3;8;957.9;8;15.0;8;3.7;8;9.3;999.9;31.7;10.5;0.0;999.9;0;0;0;0;0;0
Villa_Reynolds_Aero;874480;2013;04;19;19.9;8;10.0;8;1013.8;8;958.4;8;15.0;8;4.4;8;9.3;999.9;32.2;10.5;0.0;999.9;0;0;0;0;0;0
Villa_Reynolds_Aero;874480;2013;04;20;19.5;8;9.3;8;1013.9;8;958.3;8;13.7;8;4.8;8;7.7;999.9;31.1;9.4;0.0;999.9;0;0;0;0;0;0
Villa_Reynolds_Aero;874480;2013;04;21;19.8;8;10.9;8;1014.4;8;958.8;8;15.0;8;3.7;8;7.2;999.9;30.8;9.8;0.0;999.9;0;0;0;0;0;0
Villa_Reynolds_Aero;874480;2013;04;22;21.2;8;12.3;8;1014.7;8;959.3;8;15.0;8;4.8;8;9.3;999.9;31.3;11.2;0.0;999.9;0;0;0;0;0;0
Villa_Reynolds_Aero;874480;2013;04;23;20.2;8;12.8;8;1016.2;8;960.7;8;15.0;8;2.8;8;7.7;999.9;31.3;11.8;0.0;999.9;0;0;0;0;0;0
Villa_Reynolds_Aero;874480;2013;04;24;21.2;8;13.5;8;1014.2;8;958.9;8;15.0;8;3.4;8;7.7;999.9;31.4;12.8;0.0;999.9;0;0;0;0;0;0
Villa_Reynolds_Aero;874480;2013;04;25;21.1;8;12.1;8;1011.4;8;956.3;8;13.2;8;3.6;8;5.1;999.9;31.3;12.0;0.0;999.9;0;0;0;0;0;0
Villa_Reynolds_Aero;874480;2013;04;26;19.4;8;13.0;8;1010.0;8;954.7;8;15.0;8;3.5;8;10.8;999.9;31.6;13.8;0.0;999.9;0;0;0;0;0;0
Villa_Reynolds_Aero;874480;2013;04;27;15.0;8;11.4;8;1013.0;8;957.0;8;11.4;8;4.8;8;10.3;999.9;29.3;9.8;23.9;999.9;0;1;0;0;1;0
Villa_Reynolds_Aero;874480;2013;04;28;14.2;8;9.5;8;1015.0;8;958.2;8;15.0;8;4.1;8;5.1;999.9;22.5;8.8;0.0;999.9;0;0;0;0;0;0
Villa_Reynolds_Aero;874480;2013;04;29;13.4;8;8.8;8;1015.5;8;958.7;8;13.2;8;2.2;8;4.1;999.9;23.2;5.0;0.0;999.9;0;0;0;0;0;0
Villa_Reynolds_Aero;874480;2013;04;30;15.4;8;11.0;8;1013.9;8;957.3;8;14.3;8;1.2;8;4.6;999.9;25.0;7.0;0.0;999.9;0;0;0;0;0;0
Villa_Reynolds_Aero;874480;2013;05;01;19.4;8;14.6;8;1009.2;8;953.7;8;11.9;8;1.3;8;3.1;999.9;28.0;12.0;0.0;999.9;0;0;0;0;0;0
Villa_Reynolds_Aero;874480;2013;05;02;16.1;8;15.8;8;1011.4;8;955.7;8;3.2;8;3.1;8;6.2;999.9;28.0;13.5;1.0;999.9;1;1;0;0;0;0
Villa_Reynolds_Aero;874480;2013;05;03;16.0;8;14.5;8;1012.6;8;956.4;8;6.8;8;1.2;8;2.6;999.9;20.2;12.3;8.9;999.9;1;1;0;0;0;0
Villa_Reynolds_Aero;874480;2013;05;04;14.0;8;11.8;8;1016.9;8;960.2;8;8.7;8;1.0;8;4.1;999.9;21.6;8.8;0.0;999.9;1;0;0;0;0;0
Villa_Reynolds_Aero;874480;2013;05;05;13.8;8;8.9;8;1021.3;8;964.2;8;10.8;8;0.8;8;2.6;999.9;24.2;5.0;0.0;999.9;0;0;0;0;0;0
Villa_Reynolds_Aero;874480;2013;05;06;15.3;8;8.4;8;1018.2;8;961.6;8;15.0;8;3.6;8;7.7;999.9;25.5;7.2;0.0;999.9;0;0;0;0;0;0
Villa_Reynolds_Aero;874480;2013;05;07;10.5;8;0.3;8;1023.3;8;965.5;8;13.2;8;2.0;8;3.6;999.9;25.0;-1.0;0.0;999.9;0;0;0;0;0;0
Villa_Reynolds_Aero;874480;2013;05;08;18.7;8;7.4;8;1011.2;8;955.3;8;15.0;8;2.3;8;5.1;999.9;27.9;10.6;0.0;999.9;0;0;0;0;0;0
Villa_Reynolds_Aero;874480;2013;05;09;15.6;8;9.1;8;1011.4;8;955.3;8;14.3;8;1.8;8;4.1;999.9;29.1;5.5;0.0;999.9;0;0;0;0;0;0
Villa_Reynolds_Aero;874480;2013;05;10;16.2;8;10.1;8;1008.6;8;952.7;8;15.0;8;2.0;8;3.1;999.9;28.1;7.2;0.0;999.9;0;0;0;0;0;0
Villa_Reynolds_Aero;874480;2013;05;11;11.9;8;6.1;8;1018.0;8;961.0;8;14.2;8;1.5;8;4.1;999.9;26.5;2.8;0.0;999.9;0;0;0;0;0;0
Villa_Reynolds_Aero;874480;2013;05;12;10.9;8;5.7;8;1016.8;8;959.4;8;13.7;8;1.5;8;2.6;999.9;21.0;2.8;0.0;999.9;0;0;0;0;0;0
Villa_Reynolds_Aero;874480;2013;05;13;10.4;8;7.7;8;1015.8;8;958.5;8;13.4;8;1.2;8;4.1;999.9;21.6;4.8;0.0;999.9;0;1;0;0;1;0
Villa_Reynolds_Aero;874480;2013;05;14;9.0;8;6.6;8;1015.3;7;957.9;7;6.3;8;2.1;8;5.1;999.9;15.9;4.4;4.1;999.9;1;0;0;0;0;0
Villa_Reynolds_Aero;874480;2013;05;15;6.8;8;0.5;8;1023.7;8;965.1;7;11.9;8;2.1;8;5.1;999.9;13.1;-1.6;2.0;999.9;0;1;0;0;0;0
Villa_Reynolds_Aero;874480;2013;05;16;5.4;8;-3.4;8;1027.1;8;967.9;8;11.9;8;1.6;8;4.1;999.9;16.2;-4.4;0.0;999.9;0;0;0;0;0;0
Villa_Reynolds_Aero;874480;2013;05;17;7.3;8;0.7;8;1022.4;8;963.9;8;15.0;8;1.7;8;5.1;999.9;19.2;-2.5;0.0;999.9;0;0;0;0;0;0
Villa_Reynolds_Aero;874480;2013;05;18;10.4;7;5.6;7;1019.7;7;962.2;7;10.0;7;2.1;7;5.7;999.9;19.3;0.4;0.3;999.9;0;1;0;0;0;0
Villa_Reynolds_Aero;874480;2013;05;19;10.3;6;7.2;6;1023.0;6;965.2;6;12.6;6;2.4;6;6.7;999.9;17.2;4.8;0.0;999.9;0;0;0;0;0;0
Villa_Reynolds_Aero;874480;2013;05;20;9.5;8;3.8;8;1021.2;8;963.2;8;14.6;8;1.4;8;7.2;999.9;22.4;-0.9;0.0;999.9;0;0;0;0;0;0
Villa_Reynolds_Aero;874480;2013;05;21;9.2;8;4.1;8;1017.3;8;959.7;8;15.0;8;2.1;8;3.1;999.9;22.9;0.2;0.0;999.9;0;0;0;0;0;0
Villa_Reynolds_Aero;874480;2013;05;22;7.7;8;3.3;8;1021.8;7;963.1;8;12.1;8;0.3;8;2.6;999.9;21.0;-3.2;0.0;999.9;0;0;0;0;0;0
Villa_Reynolds_Aero;874480;2013;05;23;8.8;8;3.0;8;1019.4;8;961.4;8;13.2;8;1.8;8;4.1;999.9;23.0;-1.0;0.0;999.9;0;0;0;0;0;0
Villa_Reynolds_Aero;874480;2013;05;24;10.6;8;3.6;8;1021.7;8;964.0;8;15.0;8;2.5;8;3.6;999.9;24.5;1.5;0.0;999.9;0;0;0;0;0;0
Villa_Reynolds_Aero;874480;2013;05;25;11.5;8;3.6;8;1017.3;8;959.9;8;15.0;8;2.7;8;6.7;999.9;24.7;0.1;0.0;999.9;0;0;0;0;0;0
Villa_Reynolds_Aero;874480;2013;05;26;11.9;8;4.2;8;1012.3;8;955.5;8;12.6;8;1.6;8;4.1;999.9;24.9;1.4;0.0;999.9;0;0;0;0;0;0
Villa_Reynolds_Aero;874480;2013;05;27;11.6;8;5.6;8;1006.9;8;950.2;8;15.0;8;1.2;8;6.7;999.9;25.4;1.7;0.0;999.9;0;0;0;0;0;0
Villa_Reynolds_Aero;874480;2013;05;28;12.1;8;6.4;8;1001.8;8;945.8;8;15.0;8;2.1;8;5.1;999.9;25.8;5.3;0.0;999.9;0;0;0;0;0;0
Villa_Reynolds_Aero;874480;2013;05;29;11.2;7;1.6;7;1012.8;7;955.6;7;15.0;7;5.2;7;11.8;999.9;19.4;-0.2;0.0;999.9;0;0;0;0;0;0
Villa_Reynolds_Aero;874480;2013;05;30;10.2;8;0.7;8;1014.1;8;956.6;8;13.8;8;3.1;8;6.2;999.9;25.1;0.3;0.0;999.9;0;0;0;0;0;0
Villa_Reynolds_Aero;874480;2013;05;31;17.2;8;4.9;8;1004.1;8;948.7;8;12.9;8;6.0;8;13.4;999.9;25.4;3.0;0.0;999.9;0;0;0;0;0;0
Villa_Reynolds_Aero;874480;2013;06;01;11.7;8;3.1;8;1011.6;8;954.6;8;13.2;8;2.8;8;4.1;999.9;26.3;2.8;0.0;999.9;0;0;0;0;0;0
Villa_Reynolds_Aero;874480;2013;06;02;10.2;8;-0.4;8;1019.8;8;962.3;8;12.6;8;3.0;8;6.7;999.9;26.5;2.5;0.0;999.9;0;0;0;0;0;0
Villa_Reynolds_Aero;874480;2013;06;03;10.7;8;1.4;8;1020.6;8;962.8;8;13.2;8;1.0;8;2.1;999.9;23.3;0.1;0.0;999.9;0;0;0;0;0;0
Villa_Reynolds_Aero;874480;2013;06;04;14.4;8;5.4;8;1016.4;8;959.5;8;13.2;8;2.3;8;4.1;999.9;25.2;3.0;0.0;999.9;0;0;0;0;0;0
Villa_Reynolds_Aero;874480;2013;06;05;13.1;8;4.8;8;1013.4;8;956.8;8;13.4;8;3.0;8;9.3;999.9;25.6;3.0;0.0;999.9;0;0;0;0;0;0
Villa_Reynolds_Aero;874480;2013;06;06;7.9;8;-3.1;8;1021.5;8;963.5;8;11.9;8;2.1;8;5.1;999.9;23.5;-3.7;0.0;999.9;0;0;0;0;0;0
Villa_Reynolds_Aero;874480;2013;06;07;11.8;8;-0.9;8;1016.8;8;959.5;8;15.0;8;2.6;8;5.1;999.9;22.4;-0.2;0.0;999.9;0;0;0;0;0;0
Villa_Reynolds_Aero;874480;2013;06;08;9.1;8;1.3;8;1023.5;8;965.4;8;15.0;8;1.9;8;7.7;999.9;22.7;-2.8;0.0;999.9;0;0;0;0;0;0
Villa_Reynolds_Aero;874480;2013;06;09;13.2;8;5.8;8;1017.5;8;960.5;8;15.0;8;2.0;8;5.1;999.9;23.8;4.5;0.0;999.9;0;0;0;0;0;0
Villa_Reynolds_Aero;874480;2013;06;10;12.2;8;7.1;8;1018.2;8;961.0;8;13.7;8;1.6;8;4.1;999.9;26.0;2.8;0.0;999.9;0;0;0;0;0;0
Villa_Reynolds_Aero;874480;2013;06;11;13.4;8;9.0;8;1017.1;8;960.2;8;12.6;8;2.6;8;6.7;999.9;26.4;3.7;0.0;999.9;0;0;0;0;0;0
Villa_Reynolds_Aero;874480;2013;06;12;15.2;8;10.6;8;1016.4;8;959.9;8;10.5;8;1.0;8;4.1;999.9;26.5;4.3;0.0;999.9;1;0;0;0;0;0
Villa_Reynolds_Aero;874480;2013;06;13;14.5;9;10.6;9;1016.0;8;959.6;8;11.1;9;1.3;9;4.1;999.9;26.8;4.6;0.0;999.9;1;0;0;0;0;0
Villa_Reynolds_Aero;874480;2013;06;14;12.2;7;6.6;7;1021.7;7;964.6;7;14.2;7;5.8;7;10.3;999.9;26.8;6.2;0.0;999.9;0;0;0;0;0;0
Villa_Reynolds_Aero;874480;2013;06;15;11.3;8;6.5;8;1014.9;8;957.5;8;15.0;8;3.4;8;9.3;999.9;22.1;4.0;0.0;999.9;0;0;0;0;0;0
Villa_Reynolds_Aero;874480;2013;06;16;9.9;8;6.1;8;1017.3;8;960.0;8;12.2;8;1.8;8;10.3;999.9;22.4;5.0;0.0;999.9;0;1;0;0;0;0
Villa_Reynolds_Aero;874480;2013;06;17;4.2;8;-1.1;8;1020.0;8;961.2;8;15.0;8;0.7;8;3.6;999.9;17.9;-5.5;0.0;999.9;0;0;0;0;0;0
Villa_Reynolds_Aero;874480;2013;06;18;6.5;8;-2.9;8;1016.9;8;958.6;8;13.2;8;3.1;8;6.7;999.9;18.5;-4.6;0.0;999.9;0;0;0;0;0;0
Villa_Reynolds_Aero;874480;2013;06;19;1.4;8;-7.5;8;1027.3;8;967.7;8;11.3;8;3.0;8;7.2;999.9;14.1;-7.1;0.0;999.9;0;0;0;0;0;0
Villa_Reynolds_Aero;874480;2013;06;20;6.3;8;-3.6;8;1024.1;8;965.0;8;15.0;8;0.9;8;3.1;999.9;16.6;-6.0;0.0;999.9;0;0;0;0;0;0
Villa_Reynolds_Aero;874480;2013;06;21;4.3;7;-5.2;7;1015.4;7;957.0;7;15.0;7;1.7;7;7.7;999.9;9999.9;-4.0;0.0;999.9;0;0;0;0;0;0
Villa_Reynolds_Aero;874480;2013;06;22;6.0;8;-0.5;8;1015.8;8;957.7;8;15.0;8;1.2;8;4.1;999.9;22.3;-3.6;0.0;999.9;0;0;0;0;0;0
Villa_Reynolds_Aero;874480;2013;06;23;7.3;8;2.7;8;1022.3;8;963.8;8;15.0;8;3.2;8;7.7;999.9;12.6;0.9;0.0;999.9;0;0;0;0;0;0
Villa_Reynolds_Aero;874480;2013;06;24;8.9;8;4.1;8;1021.9;8;963.8;8;11.6;8;2.5;8;3.6;999.9;16.9;5.0;0.0;999.9;0;1;0;0;0;0
Villa_Reynolds_Aero;874480;2013;06;25;7.2;8;0.8;8;1019.1;8;960.8;8;14.3;8;1.5;8;4.1;999.9;19.9;-2.5;0.0;999.9;0;0;0;0;0;0
Villa_Reynolds_Aero;874480;2013;06;26;8.2;8;0.2;8;1016.6;8;958.6;8;14.3;8;3.0;8;6.2;999.9;21.4;-2.0;0.0;999.9;0;0;0;0;0;0
Villa_Reynolds_Aero;874480;2013;06;27;11.3;9;1.3;9;1009.0;7;952.2;7;12.1;9;5.4;9;12.3;999.9;21.8;-0.9;0.0;999.9;0;0;0;0;0;0
Villa_Reynolds_Aero;874480;2013;06;28;10.7;8;2.3;8;1009.5;8;952.7;8;11.9;8;3.7;8;5.1;999.9;23.5;2.0;0.0;999.9;0;0;0;0;0;0
Villa_Reynolds_Aero;874480;2013;06;29;5.1;7;-1.9;7;1017.5;7;959.4;7;15.0;7;1.4;7;5.1;999.9;14.4;-3.8;0.0;999.9;0;0;0;0;0;0
Villa_Reynolds_Aero;874480;2013;06;30;4.0;8;-1.9;8;1021.0;8;962.3;8;15.0;8;2.7;8;5.1;999.9;16.7;-4.9;0.0;999.9;0;0;0;0;0;0
Villa_Reynolds_Aero;874480;2013;07;01;5.8;8;0.3;8;1023.5;8;964.4;8;15.0;8;1.3;8;7.7;999.9;21.2;-6.2;0.0;999.9;0;0;0;0;0;0
Villa_Reynolds_Aero;874480;2013;07;02;15.7;9;3.6;9;1010.3;8;953.7;8;9.3;9;5.3;9;11.3;999.9;24.0;5.8;0.0;999.9;0;0;0;0;0;0
Villa_Reynolds_Aero;874480;2013;07;03;11.7;8;1.5;8;1007.2;8;950.9;8;15.0;8;2.2;8;5.1;999.9;24.6;-0.2;0.0;999.9;0;0;0;0;0;0
Villa_Reynolds_Aero;874480;2013;07;04;8.4;8;3.6;8;1016.6;8;958.9;8;15.0;8;2.5;8;5.1;999.9;21.5;0.6;0.0;999.9;0;0;0;0;0;0
Villa_Reynolds_Aero;874480;2013;07;05;8.8;8;4.9;8;1015.3;8;957.7;8;10.3;8;1.0;8;2.6;999.9;13.5;1.8;0.0;999.9;0;0;0;0;0;0
Villa_Reynolds_Aero;874480;2013;07;06;7.3;8;5.9;8;1020.7;8;962.5;8;7.4;8;2.2;8;4.1;999.9;12.0;2.8;0.0;999.9;1;1;0;0;0;0
Villa_Reynolds_Aero;874480;2013;07;07;4.8;8;3.1;8;1028.1;8;969.0;8;10.6;8;1.2;8;4.1;999.9;10.0;2.2;0.0;999.9;0;0;0;0;0;0
Villa_Reynolds_Aero;874480;2013;07;08;7.2;8;2.7;8;1027.4;8;968.6;8;14.3;8;3.9;8;7.7;999.9;13.0;0.6;0.0;999.9;0;0;0;0;0;0
Villa_Reynolds_Aero;874480;2013;07;09;11.2;8;2.4;8;1017.1;8;959.6;8;15.0;8;4.2;8;7.7;999.9;16.1;1.8;0.0;999.9;0;0;0;0;0;0
Villa_Reynolds_Aero;874480;2013;07;10;5.7;8;1.9;8;1015.6;8;957.4;8;13.2;8;1.7;8;3.6;999.9;16.8;-3.0;0.0;999.9;0;0;0;0;0;0
Villa_Reynolds_Aero;874480;2013;07;11;7.1;9;5.4;9;1017.4;9;959.3;9;10.5;9;1.2;9;3.1;999.9;17.0;-2.3;0.0;999.9;0;0;0;0;0;0
Villa_Reynolds_Aero;874480;2013;07;12;4.2;11;0.7;11;1024.0;11;965.2;11;10.6;11;2.6;11;6.7;999.9;20.6;-2.4;0.0;999.9;1;0;0;0;0;0
Villa_Reynolds_Aero;874480;2013;07;13;10.5;8;-0.1;8;1016.2;8;958.5;8;11.4;8;2.8;8;5.1;999.9;23.6;-2.0;0.0;999.9;0;0;0;0;0;0
Villa_Reynolds_Aero;874480;2013;07;14;8.8;8;-0.8;8;1021.8;8;964.1;8;15.0;8;1.5;8;5.1;999.9;15.0;-2.6;0.0;999.9;0;0;0;0;0;0
Villa_Reynolds_Aero;874480;2013;07;15;8.3;8;-0.7;8;1022.1;8;963.7;8;15.0;8;2.0;8;4.1;999.9;23.2;-3.2;0.0;999.9;0;0;0;0;0;0
Villa_Reynolds_Aero;874480;2013;07;16;11.1;7;1.7;7;1017.1;7;959.4;7;15.0;7;1.5;7;5.1;999.9;24.3;-3.2;0.0;999.9;0;0;0;0;0;0
Villa_Reynolds_Aero;874480;2013;07;17;11.8;8;2.8;8;1011.5;8;954.5;8;15.0;8;3.1;8;6.2;999.9;26.1;-2.0;0.0;999.9;0;0;0;0;0;0
Villa_Reynolds_Aero;874480;2013;07;18;7.7;8;2.1;8;1020.6;8;963.1;8;11.9;8;4.3;8;7.7;999.9;18.1;-0.6;0.0;999.9;0;1;0;0;0;0
Villa_Reynolds_Aero;874480;2013;07;19;4.2;8;-1.6;8;1025.1;8;966.1;8;15.0;8;2.8;8;5.7;999.9;10.1;0.0;0.0;999.9;0;0;0;0;0;0
Villa_Reynolds_Aero;874480;2013;07;20;4.9;8;-3.4;8;1014.6;8;956.1;8;12.6;8;5.5;8;9.3;999.9;12.0;-1.5;0.0;999.9;0;0;0;0;0;0
Villa_Reynolds_Aero;874480;2013;07;21;0.7;8;-5.8;8;1026.2;8;966.5;8;10.6;8;7.4;8;15.4;999.9;12.3;-3.6;999.9;999.9;0;0;1;0;0;0
Villa_Reynolds_Aero;874480;2013;07;22;0.6;8;-6.7;8;1031.3;8;971.0;8;12.6;8;4.8;8;6.2;999.9;7.0;-6.4;0.0;999.9;0;0;0;0;0;0
Villa_Reynolds_Aero;874480;2013;07;23;1.2;8;-7.6;8;1028.1;8;967.9;8;15.0;8;3.9;8;8.7;999.9;12.0;-8.8;0.0;999.9;0;0;0;0;0;0
Villa_Reynolds_Aero;874480;2013;07;24;3.8;8;-2.9;8;1028.2;8;968.7;8;15.0;8;2.6;8;7.7;999.9;17.0;-8.4;0.0;999.9;0;0;0;0;0;0
Villa_Reynolds_Aero;874480;2013;07;25;6.9;8;-6.2;8;1019.8;8;961.2;8;15.0;8;1.8;8;5.1;999.9;22.5;-6.5;0.0;999.9;0;0;0;0;0;0
Villa_Reynolds_Aero;874480;2013;07;26;11.8;8;-5.3;8;1014.7;8;957.5;8;9.2;8;4.7;8;8.2;999.9;23.6;-1.9;0.0;999.9;0;0;0;0;0;0
Villa_Reynolds_Aero;874480;2013;07;27;10.1;8;-2.3;7;1021.5;8;963.9;8;15.0;8;2.8;8;3.1;999.9;22.3;-0.2;0.0;999.9;0;0;0;0;0;0
Villa_Reynolds_Aero;874480;2013;07;28;7.7;8;-1.3;8;1021.5;8;963.2;8;12.6;8;1.2;8;6.2;999.9;21.7;-3.7;0.0;999.9;0;0;0;0;0;0
Villa_Reynolds_Aero;874480;2013;07;29;11.6;8;1.4;8;1019.6;8;962.0;8;13.2;8;2.5;8;6.2;999.9;26.6;-2.4;0.0;999.9;0;0;0;0;0;0
Villa_Reynolds_Aero;874480;2013;07;30;17.8;8;10.1;8;1012.0;8;956.1;8;15.0;8;4.5;8;7.7;999.9;27.2;3.6;0.0;999.9;0;0;0;0;0;0
Villa_Reynolds_Aero;874480;2013;07;31;12.8;9;7.7;9;1015.5;8;959.2;8;12.4;9;2.8;9;5.1;999.9;25.8;7.6;0.0;999.9;1;1;0;0;0;0
Villa_Reynolds_Aero;874480;2013;08;01;5.9;7;1.4;7;1020.3;7;962.0;7;9.0;7;1.9;7;4.1;999.9;12.5;-1.2;0.0;999.9;1;0;0;0;0;0
Villa_Reynolds_Aero;874480;2013;08;02;6.1;8;0.0;8;1022.1;8;963.3;8;12.9;8;2.1;8;5.1;999.9;18.4;-3.6;0.0;999.9;0;0;0;0;0;0
Villa_Reynolds_Aero;874480;2013;08;03;8.2;8;0.3;8;1015.2;8;957.4;8;15.0;8;2.6;8;5.1;999.9;19.2;-2.7;0.0;999.9;0;0;0;0;0;0
Villa_Reynolds_Aero;874480;2013;08;04;8.9;8;-2.3;8;1017.5;8;959.6;8;15.0;8;3.0;8;9.3;999.9;24.0;-3.1;0.0;999.9;0;0;0;0;0;0
Villa_Reynolds_Aero;874480;2013;08;05;16.1;8;-1.1;8;1013.3;8;956.9;8;14.2;8;5.0;8;10.3;999.9;24.5;-0.2;0.0;999.9;0;0;0;0;0;0
Villa_Reynolds_Aero;874480;2013;08;06;12.3;9;-0.6;9;1015.4;8;958.2;8;12.1;9;6.1;9;10.8;14.4;24.0;-1.0;0.0;999.9;0;0;0;0;0;0
Villa_Reynolds_Aero;874480;2013;08;07;15.9;8;3.2;8;1004.0;7;947.3;8;8.0;8;6.9;8;14.9;999.9;24.5;2.1;0.0;999.9;0;0;0;0;0;0
Villa_Reynolds_Aero;874480;2013;08;08;10.1;8;-2.1;8;1018.3;8;960.9;8;11.9;8;4.5;8;7.2;999.9;19.1;5.6;999.9;999.9;0;1;0;0;0;0
Villa_Reynolds_Aero;874480;2013;08;09;6.1;8;-7.3;8;1029.3;7;970.4;7;15.0;8;2.6;8;5.1;999.9;14.4;-2.0;0.0;999.9;0;0;0;0;0;0
Villa_Reynolds_Aero;874480;2013;08;10;4.6;8;-8.2;8;1024.6;8;965.5;8;14.6;8;1.9;8;7.7;999.9;20.1;-7.4;0.0;999.9;0;0;0;0;0;0
Villa_Reynolds_Aero;874480;2013;08;11;7.5;8;-3.5;8;1013.8;8;955.9;8;15.0;8;1.9;8;7.7;999.9;20.8;-2.0;0.0;999.9;0;0;0;0;0;0
Villa_Reynolds_Aero;874480;2013;08;12;9.9;8;3.0;8;1018.2;8;960.8;8;14.2;8;3.2;8;4.1;999.9;19.6;4.0;999.9;999.9;0;1;0;0;0;0
Villa_Reynolds_Aero;874480;2013;08;13;3.9;9;-0.8;9;1030.5;8;971.1;8;6.8;9;1.4;9;2.1;999.9;11.5;-5.8;3.0;999.9;1;1;0;0;0;0
Villa_Reynolds_Aero;874480;2013;08;14;4.1;8;-5.9;8;1031.5;8;971.6;8;15.0;8;2.6;8;6.7;999.9;19.0;-7.4;0.0;999.9;0;0;0;0;0;0
Villa_Reynolds_Aero;874480;2013;08;15;10.9;8;-1.4;8;1016.7;8;959.1;8;11.9;8;3.9;8;7.7;999.9;25.8;-4.2;0.0;999.9;0;0;0;0;0;0
Villa_Reynolds_Aero;874480;2013;08;16;8.3;7;-5.0;7;1026.0;7;967.8;7;15.0;7;2.6;7;5.7;999.9;16.5;-3.8;0.0;999.9;0;0;0;0;0;0
Villa_Reynolds_Aero;874480;2013;08;17;8.2;8;-5.6;8;1024.9;8;966.2;8;15.0;8;3.4;8;7.7;999.9;23.2;-6.6;0.0;999.9;0;0;0;0;0;0
Villa_Reynolds_Aero;874480;2013;08;18;12.2;8;-3.1;8;1016.0;8;958.8;8;12.4;8;6.0;8;11.3;999.9;24.3;-0.7;0.0;999.9;0;0;0;0;0;0
Villa_Reynolds_Aero;874480;2013;08;19;15.3;8;-1.3;8;1012.2;8;955.9;8;11.3;8;4.2;8;8.2;999.9;27.9;1.7;0.0;999.9;0;0;0;0;0;0
Villa_Reynolds_Aero;874480;2013;08;20;14.3;8;1.1;8;1013.7;8;957.1;8;11.3;8;3.6;8;6.2;999.9;29.0;-0.7;0.0;999.9;0;0;0;0;0;0
Villa_Reynolds_Aero;874480;2013;08;21;14.3;8;1.6;8;1010.8;8;954.5;8;13.5;8;3.0;8;5.1;999.9;29.3;2.8;0.0;999.9;0;0;0;0;0;0
Villa_Reynolds_Aero;874480;2013;08;22;7.2;8;-7.6;8;1021.5;8;963.7;8;11.9;8;4.8;8;13.9;15.4;23.9;-0.4;0.0;999.9;0;0;0;0;0;0
Villa_Reynolds_Aero;874480;2013;08;23;1.9;7;-7.4;7;1026.0;7;966.3;7;14.3;7;4.6;7;12.3;999.9;11.0;-5.7;0.0;999.9;0;0;0;0;0;0
Villa_Reynolds_Aero;874480;2013;08;24;4.7;8;-8.3;8;1029.4;8;970.0;8;15.0;8;5.3;8;8.2;999.9;12.6;-3.0;0.0;999.9;0;0;0;0;0;0
Villa_Reynolds_Aero;874480;2013;08;25;2.6;8;-5.2;8;1033.5;8;973.5;8;14.2;8;3.1;8;5.1;999.9;12.4;-9.0;0.0;999.9;0;0;0;0;0;0
Villa_Reynolds_Aero;874480;2013;08;26;6.0;8;-3.1;8;1032.8;8;973.4;8;15.0;8;2.1;8;5.1;999.9;15.4;-5.2;0.0;999.9;0;0;0;0;0;0
Villa_Reynolds_Aero;874480;2013;08;27;11.8;8;-3.1;8;1023.7;8;965.6;8;15.0;8;3.6;8;5.1;999.9;24.9;-1.2;0.0;999.9;0;0;0;0;0;0
Villa_Reynolds_Aero;874480;2013;08;28;16.1;8;-0.4;8;1018.9;8;962.1;8;14.3;8;1.8;8;6.7;999.9;31.2;2.1;0.0;999.9;0;0;0;0;0;0
Villa_Reynolds_Aero;874480;2013;08;29;19.1;8;-1.3;8;1012.4;8;956.7;8;12.2;8;3.7;8;8.8;999.9;33.7;7.2;0.0;999.9;0;0;0;0;0;0
Villa_Reynolds_Aero;874480;2013;08;30;17.9;8;0.4;7;1009.0;8;953.3;8;9.5;8;2.2;8;5.1;999.9;33.8;4.2;0.0;999.9;0;0;0;0;0;0
Villa_Reynolds_Aero;874480;2013;08;31;16.8;8;2.7;8;1009.4;8;953.7;8;10.0;8;1.3;8;2.6;999.9;32.4;6.1;0.0;999.9;0;0;0;0;0;0
Villa_Reynolds_Aero;874480;2013;09;01;13.7;8;4.1;8;1013.3;8;956.9;8;13.8;8;1.6;8;5.1;999.9;22.4;4.4;0.0;999.9;0;0;0;0;0;0
Villa_Reynolds_Aero;874480;2013;09;02;12.8;8;3.3;8;1016.0;8;959.2;8;15.0;8;3.3;8;6.2;999.9;23.0;2.9;0.0;999.9;0;0;0;0;0;0
Villa_Reynolds_Aero;874480;2013;09;03;11.0;8;1.1;8;1024.6;8;967.4;8;15.0;8;4.9;8;9.3;999.9;20.3;3.9;0.0;999.9;0;0;0;0;0;0
Villa_Reynolds_Aero;874480;2013;09;04;13.3;8;1.5;8;1018.9;8;961.6;8;12.1;8;7.2;8;10.3;999.9;23.2;5.2;0.0;999.9;0;0;0;0;0;0
Villa_Reynolds_Aero;874480;2013;09;05;16.3;7;4.1;7;1013.6;7;957.2;7;11.9;7;4.7;7;7.7;999.9;25.6;5.5;0.0;999.9;0;0;0;0;0;0
Villa_Reynolds_Aero;874480;2013;09;06;16.9;8;6.6;8;1012.3;8;956.1;8;14.3;8;2.6;8;7.7;999.9;30.4;4.6;0.0;999.9;0;0;0;0;0;0
Villa_Reynolds_Aero;874480;2013;09;07;18.3;8;9.9;8;1009.3;8;953.9;8;13.7;8;2.5;8;5.1;999.9;31.6;9.2;0.0;999.9;0;0;0;0;0;0
Villa_Reynolds_Aero;874480;2013;09;08;19.5;8;10.8;8;1014.5;8;958.7;8;9.5;8;1.8;8;3.6;999.9;33.4;7.5;0.0;999.9;0;0;0;0;0;0
Villa_Reynolds_Aero;874480;2013;09;09;24.1;8;9.3;8;1007.2;7;952.6;7;10.0;8;4.7;8;11.3;999.9;35.9;13.6;0.0;999.9;0;0;0;0;0;0
Villa_Reynolds_Aero;874480;2013;09;10;30.2;8;11.0;8;1001.6;8;948.6;8;4.8;8;7.2;8;10.3;999.9;36.4;22.8;0.0;999.9;0;0;0;0;0;0
Villa_Reynolds_Aero;874480;2013;09;11;17.7;7;4.3;7;1009.5;7;954.2;7;13.0;7;4.6;7;8.7;999.9;33.1;10.8;0.0;999.9;0;0;0;0;0;0
Villa_Reynolds_Aero;874480;2013;09;12;9.6;8;5.0;8;1013.6;8;956.7;8;12.1;8;4.0;8;7.7;999.9;22.3;6.9;0.0;999.9;0;1;0;0;0;0
Villa_Reynolds_Aero;874480;2013;09;13;7.4;8;3.0;8;1025.1;8;966.5;8;10.0;8;2.4;8;5.1;999.9;10.6;4.9;1.0;999.9;0;0;0;0;0;0
Villa_Reynolds_Aero;874480;2013;09;14;7.2;8;2.1;8;1024.0;8;965.6;8;10.0;8;6.0;8;8.2;999.9;11.3;5.0;0.0;999.9;0;0;0;0;0;0
Villa_Reynolds_Aero;874480;2013;09;15;4.7;8;2.3;7;1024.5;8;965.7;8;8.0;8;4.4;8;6.7;999.9;10.0;1.2;5.1;999.9;0;1;1;0;0;0
Villa_Reynolds_Aero;874480;2013;09;16;3.5;8;0.8;8;1025.8;8;966.4;8;10.9;8;2.4;8;4.1;999.9;6.9;-0.2;3.0;999.9;0;0;0;0;0;0
Villa_Reynolds_Aero;874480;2013;09;17;5.7;8;-2.8;8;1025.3;8;966.2;8;15.0;8;3.0;8;6.2;999.9;14.4;-3.0;0.0;999.9;0;0;0;0;0;0
Villa_Reynolds_Aero;874480;2013;09;18;6.9;8;-4.6;8;1022.0;8;963.3;8;15.0;8;1.1;8;2.6;999.9;19.4;-5.2;0.0;999.9;0;0;0;0;0;0
Villa_Reynolds_Aero;874480;2013;09;19;12.1;8;0.1;8;1016.8;8;959.4;8;13.2;8;5.0;8;9.3;999.9;24.0;1.0;0.0;999.9;0;0;0;0;0;0
Villa_Reynolds_Aero;874480;2013;09;20;13.3;8;0.6;8;1010.6;8;954.3;8;12.6;8;2.5;8;5.1;999.9;25.0;2.0;0.0;999.9;0;0;0;0;0;0
Villa_Reynolds_Aero;874480;2013;09;21;8.7;7;0.1;7;1016.9;7;959.5;7;15.0;7;3.3;7;5.1;999.9;22.4;5.5;0.0;999.9;0;0;0;0;0;0
Villa_Reynolds_Aero;874480;2013;09;22;5.7;7;-3.6;7;1026.0;7;967.0;7;11.4;7;2.7;7;4.1;999.9;14.2;-2.2;0.0;999.9;0;0;0;0;0;0
Villa_Reynolds_Aero;874480;2013;09;23;8.7;7;-1.2;7;1031.9;7;973.3;7;12.9;7;4.6;7;7.7;999.9;15.1;3.2;0.0;999.9;0;0;0;0;0;0
Villa_Reynolds_Aero;874480;2013;09;24;6.2;8;-4.6;8;1030.2;8;971.0;8;15.0;8;2.5;8;9.3;999.9;18.8;-8.4;0.0;999.9;0;0;0;0;0;0
Villa_Reynolds_Aero;874480;2013;09;25;13.1;8;-1.6;8;1020.1;8;962.7;8;13.7;8;6.2;8;9.3;999.9;22.0;2.3;0.0;999.9;0;0;0;0;0;0
Villa_Reynolds_Aero;874480;2013;09;26;14.3;8;1.4;8;1013.6;8;956.9;8;11.4;8;4.5;8;7.7;999.9;26.0;-0.4;0.0;999.9;0;0;0;0;0;0
Villa_Reynolds_Aero;874480;2013;09;27;14.6;8;4.4;8;1013.4;8;957.1;8;12.6;8;4.0;8;7.7;999.9;26.5;2.5;0.0;999.9;0;0;0;0;0;0
Villa_Reynolds_Aero;874480;2013;09;28;4.8;8;1.8;6;1025.4;8;966.9;8;5.3;8;7.3;8;9.3;999.9;11.2;0.3;1.5;999.9;0;1;0;0;0;0
Villa_Reynolds_Aero;874480;2013;09;29;6.6;8;-0.2;8;1025.6;8;966.6;8;11.9;8;6.7;8;10.3;999.9;15.0;0.0;0.0;999.9;0;0;0;0;0;0
Villa_Reynolds_Aero;874480;2013;09;30;10.7;8;5.5;8;1023.0;8;965.1;8;12.6;8;4.6;8;10.3;999.9;15.8;5.8;0.0;999.9;0;1;0;0;0;0
Villa_Reynolds_Aero;874480;2013;10;01;12.0;8;6.3;8;1018.8;8;961.4;8;15.0;8;2.2;8;5.1;999.9;18.2;4.8;0.0;999.9;0;0;0;0;0;0
Villa_Reynolds_Aero;874480;2013;10;02;14.8;8;5.6;8;1014.9;8;958.1;8;11.7;8;8.0;8;16.5;999.9;26.7;6.4;0.0;999.9;0;0;0;0;0;0
Villa_Reynolds_Aero;874480;2013;10;03;13.9;8;7.0;8;1018.8;8;962.2;8;9.2;8;5.9;8;13.9;999.9;27.0;7.5;7.1;999.9;0;1;0;0;0;0
Villa_Reynolds_Aero;874480;2013;10;04;12.1;8;1.1;8;1024.4;8;966.7;8;12.6;8;2.8;8;5.1;999.9;21.9;-1.2;0.0;999.9;0;0;0;0;0;0
Villa_Reynolds_Aero;874480;2013;10;05;14.5;8;3.0;8;1018.5;8;961.5;8;15.0;8;2.2;8;5.7;999.9;28.0;1.5;0.0;999.9;0;0;0;0;0;0
Villa_Reynolds_Aero;874480;2013;10;06;18.8;8;6.2;8;1018.2;8;962.2;8;14.6;8;2.5;8;8.7;999.9;28.6;7.1;0.0;999.9;0;0;0;0;0;0
Villa_Reynolds_Aero;874480;2013;10;07;20.5;8;7.2;8;1016.4;8;960.9;8;15.0;8;4.3;8;9.3;999.9;30.0;8.0;0.0;999.9;0;0;0;0;0;0
Villa_Reynolds_Aero;874480;2013;10;08;21.5;8;7.7;8;1011.1;8;955.9;8;11.4;8;5.8;8;10.3;999.9;32.7;7.0;0.0;999.9;0;0;0;0;0;0
Villa_Reynolds_Aero;874480;2013;10;09;18.8;8;4.3;8;1012.5;8;957.2;8;9.3;8;5.7;8;9.3;999.9;33.2;14.3;0.0;999.9;0;0;0;0;0;0
Villa_Reynolds_Aero;874480;2013;10;10;15.7;8;2.8;8;1016.6;8;960.0;8;12.1;8;3.6;8;9.3;999.9;29.6;2.8;0.0;999.9;0;0;0;0;0;0
Villa_Reynolds_Aero;874480;2013;10;11;18.3;8;14.3;8;1014.7;8;959.1;8;9.3;8;7.8;8;13.9;999.9;30.0;13.9;0.0;999.9;0;1;0;0;1;0
Villa_Reynolds_Aero;874480;2013;10;12;15.7;7;13.8;7;1017.1;7;960.7;7;10.3;7;4.3;7;10.3;999.9;26.4;12.2;3.0;999.9;1;0;0;0;0;0
Villa_Reynolds_Aero;874480;2013;10;13;18.0;8;14.8;7;1013.6;8;957.6;8;11.1;8;4.2;8;8.8;999.9;24.2;11.3;0.0;999.9;1;0;0;0;1;0
Villa_Reynolds_Aero;874480;2013;10;14;19.3;8;14.4;7;1015.3;8;959.5;8;9.3;8;3.4;8;9.3;999.9;30.4;10.6;0.0;999.9;1;0;0;0;1;0
Villa_Reynolds_Aero;874480;2013;10;15;19.9;8;16.2;8;1014.8;8;959.6;8;11.1;8;3.9;8;5.1;999.9;30.9;15.0;11.9;999.9;0;1;0;0;1;0
Villa_Reynolds_Aero;874480;2013;10;16;18.1;8;14.4;8;1015.6;8;960.0;8;9.0;8;5.2;8;10.3;999.9;32.2;14.8;20.1;999.9;0;1;0;0;1;0
Villa_Reynolds_Aero;874480;2013;10;17;17.6;8;13.1;8;1017.0;8;960.8;8;11.4;8;1.9;8;5.1;999.9;26.0;9.1;0.0;999.9;0;0;0;0;0;0
Villa_Reynolds_Aero;874480;2013;10;18;20.9;8;12.6;8;1012.0;8;956.6;8;15.0;8;1.0;8;4.1;999.9;31.4;9.8;0.0;999.9;0;0;0;0;0;0
Villa_Reynolds_Aero;874480;2013;10;19;24.9;8;12.9;8;1003.7;8;949.5;8;14.6;8;4.4;8;10.3;999.9;35.6;14.8;0.0;999.9;0;0;0;0;1;0
Villa_Reynolds_Aero;874480;2013;10;20;21.4;8;9.2;8;999.7;7;946.2;8;13.7;8;5.6;8;9.3;999.9;35.6;12.8;1.0;999.9;0;1;0;0;1;0
Villa_Reynolds_Aero;874480;2013;10;21;15.7;8;5.5;8;1015.2;8;959.0;8;15.0;8;3.6;8;7.7;999.9;25.0;8.5;0.0;999.9;0;0;0;0;0;0
Villa_Reynolds_Aero;874480;2013;10;22;21.2;8;6.1;8;1006.3;7;950.9;7;11.6;8;7.7;8;13.9;999.9;28.0;10.8;0.0;999.9;0;0;0;0;0;0
Villa_Reynolds_Aero;874480;2013;10;23;18.2;8;4.5;8;1009.9;8;954.6;8;14.3;8;5.7;8;10.3;999.9;29.5;12.0;0.0;999.9;0;0;0;0;0;0
Villa_Reynolds_Aero;874480;2013;10;24;14.1;8;2.8;8;1023.7;8;966.6;8;15.0;8;5.7;8;10.3;999.9;22.1;5.0;0.0;999.9;0;0;0;0;0;0
Villa_Reynolds_Aero;874480;2013;10;25;18.9;8;3.4;8;1016.3;8;960.2;8;12.6;8;6.5;8;12.4;999.9;27.6;12.0;0.0;999.9;0;0;0;0;0;0
Villa_Reynolds_Aero;874480;2013;10;26;19.6;8;8.4;8;1013.8;8;958.1;8;13.0;8;3.0;8;6.7;999.9;28.5;9.4;0.0;999.9;0;0;0;0;0;0
Villa_Reynolds_Aero;874480;2013;10;27;20.2;8;5.7;8;1015.9;8;960.4;8;10.3;8;7.3;8;17.0;999.9;28.7;9.7;0.0;999.9;0;0;0;0;0;0
Villa_Reynolds_Aero;874480;2013;10;28;24.6;8;9.4;8;1008.1;8;953.6;8;6.1;8;9.6;8;14.4;999.9;33.0;16.0;0.0;999.9;0;0;0;0;0;0
Villa_Reynolds_Aero;874480;2013;10;29;21.9;8;9.5;8;1007.7;8;953.1;8;9.8;8;4.6;8;10.3;999.9;34.0;12.5;0.0;999.9;0;0;0;0;0;0
Villa_Reynolds_Aero;874480;2013;10;30;20.6;8;14.6;8;1007.0;7;952.3;7;13.4;8;5.1;8;10.3;999.9;29.2;14.6;999.9;999.9;0;1;0;0;1;0
Villa_Reynolds_Aero;874480;2013;10;31;17.9;8;16.3;7;1004.3;8;949.1;8;7.7;8;10.3;8;15.4;999.9;30.1;14.9;30.0;999.9;0;1;0;0;1;0
Villa_Reynolds_Aero;874480;2013;11;01;17.2;8;12.9;8;1013.4;7;957.6;8;12.4;8;5.2;8;7.7;999.9;23.3;13.2;70.1;999.9;0;1;0;0;1;0
Villa_Reynolds_Aero;874480;2013;11;02;17.9;8;8.8;8;1018.4;8;962.2;8;13.0;8;3.8;8;6.7;999.9;24.1;10.4;0.0;999.9;0;0;0;0;0;0
Villa_Reynolds_Aero;874480;2013;11;03;16.4;7;8.7;7;1018.3;7;962.0;7;15.0;7;1.9;7;5.1;999.9;27.4;6.8;0.0;999.9;0;0;0;0;0;0
Villa_Reynolds_Aero;874480;2013;11;04;22.4;8;11.3;7;1012.6;7;957.5;7;14.6;8;5.2;8;10.3;999.9;31.4;12.0;0.0;999.9;0;0;0;0;0;0
Villa_Reynolds_Aero;874480;2013;11;05;23.3;7;12.3;7;1012.1;7;957.3;7;14.0;7;2.4;7;8.7;999.9;32.8;12.3;0.0;999.9;0;0;0;0;0;0
Villa_Reynolds_Aero;874480;2013;11;06;25.2;8;13.2;8;1005.8;8;951.6;8;7.4;8;7.0;8;12.9;999.9;33.2;14.2;0.0;999.9;0;0;0;0;0;0
Villa_Reynolds_Aero;874480;2013;11;07;20.9;8;10.8;8;1012.2;8;957.2;8;10.3;8;6.5;8;12.9;999.9;33.8;11.8;0.0;999.9;0;0;0;0;0;0
Villa_Reynolds_Aero;874480;2013;11;08;20.1;7;13.3;7;1009.7;7;954.4;7;13.2;7;7.1;7;12.3;999.9;25.8;14.6;0.0;999.9;0;0;0;0;1;0
Villa_Reynolds_Aero;874480;2013;11;09;17.6;8;15.8;8;1005.3;8;950.1;8;10.8;8;7.2;8;12.3;999.9;26.6;14.5;2.0;999.9;0;1;0;0;1;0
Villa_Reynolds_Aero;874480;2013;11;10;13.3;8;12.8;6;1010.0;8;953.6;8;4.3;8;6.0;8;13.4;999.9;20.3;8.9;86.1;999.9;0;1;0;0;1;0
Villa_Reynolds_Aero;874480;2013;11;11;18.1;8;10.3;8;1011.9;8;955.8;8;15.0;8;3.2;8;4.6;999.9;25.7;11.7;4.1;999.9;0;0;0;0;0;0
Villa_Reynolds_Aero;874480;2013;11;12;18.1;8;9.7;8;1010.6;8;954.9;8;13.7;8;4.2;8;9.3;999.9;26.3;9.8;0.0;999.9;0;0;0;0;0;0
Villa_Reynolds_Aero;874480;2013;11;13;22.3;8;11.4;8;1007.3;8;952.3;8;10.3;8;4.6;8;9.3;999.9;33.5;10.2;0.0;999.9;0;0;0;0;0;0
