Villa_Dolores_Aero;873280;2013;01;01;22.2;8;5.2;8;1014.9;8;951.2;8;29.9;8;3.6;8;9.3;999.9;34.1;14.6;0.0;999.9;0;0;0;0;0;0
Villa_Dolores_Aero;873280;2013;01;02;23.6;8;5.2;8;1014.9;8;950.8;8;29.9;8;4.1;8;10.8;999.9;31.1;14.2;0.0;999.9;0;0;0;0;0;0
Villa_Dolores_Aero;873280;2013;01;03;26.3;8;6.6;8;1010.6;8;947.4;8;26.2;8;7.0;8;11.3;999.9;34.1;18.5;0.0;999.9;0;0;0;0;0;0
Villa_Dolores_Aero;873280;2013;01;04;28.6;8;12.1;8;1006.7;8;944.3;8;22.5;8;4.6;8;9.3;999.9;34.7;23.5;0.0;999.9;0;0;0;0;0;0
Villa_Dolores_Aero;873280;2013;01;05;25.6;8;14.8;8;1006.6;8;943.8;8;27.5;8;2.9;8;4.1;999.9;34.2;17.3;9.9;999.9;0;1;0;0;1;0
Villa_Dolores_Aero;873280;2013;01;06;26.6;8;17.4;8;1006.0;8;943.2;8;27.5;8;3.1;8;7.7;999.9;34.3;19.1;0.0;999.9;0;1;0;0;1;0
Villa_Dolores_Aero;873280;2013;01;07;27.6;8;14.9;8;1001.1;8;938.8;8;29.9;8;3.3;8;6.7;999.9;35.8;19.6;0.0;999.9;0;0;0;0;0;0
Villa_Dolores_Aero;873280;2013;01;08;23.3;8;15.9;8;1005.8;8;942.9;8;24.1;8;3.6;8;7.2;999.9;37.1;18.9;9.9;999.9;0;1;0;0;1;0
Villa_Dolores_Aero;873280;2013;01;09;25.0;8;16.4;8;1013.7;8;949.8;8;29.9;8;2.3;8;4.1;999.9;33.5;17.8;7.1;999.9;0;0;0;0;0;0
Villa_Dolores_Aero;873280;2013;01;10;30.4;8;16.8;8;1011.5;8;949.1;8;29.9;8;3.1;8;6.2;999.9;35.6;23.0;0.0;999.9;0;0;0;0;0;0
Villa_Dolores_Aero;873280;2013;01;11;30.1;7;14.2;7;1008.7;7;946.6;7;29.9;7;4.4;7;7.2;999.9;37.0;23.0;0.0;999.9;0;0;0;0;0;0
Villa_Dolores_Aero;873280;2013;01;12;28.2;8;13.8;8;1006.7;8;944.4;8;22.7;8;4.3;8;12.9;999.9;37.4;22.4;999.9;999.9;0;1;0;0;1;0
Villa_Dolores_Aero;873280;2013;01;13;28.6;8;15.4;8;1009.2;8;946.6;8;29.9;8;1.6;8;3.1;999.9;37.1;21.3;7.9;999.9;0;0;0;0;0;0
Villa_Dolores_Aero;873280;2013;01;14;27.0;8;16.6;8;1010.4;8;947.8;8;23.0;8;3.9;8;8.2;999.9;36.7;19.7;7.9;999.9;0;1;0;0;1;0
Villa_Dolores_Aero;873280;2013;01;15;27.8;8;17.0;8;1008.6;8;945.7;8;29.9;8;1.8;8;5.1;999.9;35.4;19.7;6.1;999.9;0;0;0;0;0;0
Villa_Dolores_Aero;873280;2013;01;16;26.3;8;16.2;8;1006.2;8;943.6;8;28.8;8;4.5;8;12.9;999.9;35.8;18.4;8.9;999.9;0;1;0;0;1;0
Villa_Dolores_Aero;873280;2013;01;17;25.8;8;14.9;8;1010.3;8;947.1;8;29.9;8;2.4;8;5.1;999.9;33.3;17.5;0.0;999.9;0;0;0;0;0;0
Villa_Dolores_Aero;873280;2013;01;18;24.3;7;12.1;7;1013.9;7;950.4;7;23.5;7;2.1;7;4.6;999.9;33.5;17.2;0.0;999.9;0;0;0;0;0;0
Villa_Dolores_Aero;873280;2013;01;19;24.3;7;14.7;7;1014.3;7;951.0;7;28.6;7;2.9;7;8.7;999.9;33.6;20.2;0.0;999.9;0;0;0;0;1;0
Villa_Dolores_Aero;873280;2013;01;20;23.3;8;17.1;8;1016.7;8;952.8;8;18.2;8;1.9;8;6.7;999.9;33.6;18.4;6.1;999.9;0;1;0;0;1;0
Villa_Dolores_Aero;873280;2013;01;21;24.3;8;14.6;8;1015.0;8;951.2;8;29.9;8;2.5;8;3.1;999.9;30.6;18.6;7.1;999.9;0;0;0;0;0;0
Villa_Dolores_Aero;873280;2013;01;22;27.0;8;12.1;8;1012.3;8;949.2;8;29.9;8;3.3;8;5.1;999.9;32.7;20.5;0.0;999.9;0;0;0;0;0;0
Villa_Dolores_Aero;873280;2013;01;23;28.0;8;12.7;8;1010.0;8;947.3;8;28.8;8;4.4;8;10.3;999.9;35.7;20.4;2.0;999.9;0;0;0;0;1;0
Villa_Dolores_Aero;873280;2013;01;24;30.6;8;10.2;8;1003.2;8;941.4;8;27.5;8;2.7;8;4.1;999.9;38.5;23.4;0.0;999.9;0;0;0;0;1;0
Villa_Dolores_Aero;873280;2013;01;25;25.5;8;10.2;8;1008.4;8;945.7;8;28.8;8;3.9;8;9.3;999.9;38.5;18.3;0.0;999.9;0;0;0;0;1;0
Villa_Dolores_Aero;873280;2013;01;26;26.9;8;10.7;8;1010.7;8;947.6;8;24.3;8;2.8;8;7.2;999.9;35.2;17.5;0.0;999.9;0;0;0;0;0;0
Villa_Dolores_Aero;873280;2013;01;27;29.4;8;11.0;8;1008.8;8;946.4;8;29.9;8;4.6;8;8.2;999.9;36.3;22.2;0.0;999.9;0;0;0;0;0;0
Villa_Dolores_Aero;873280;2013;01;28;25.8;8;14.6;8;1011.8;8;948.9;8;24.9;8;3.8;8;7.7;999.9;36.5;18.3;7.1;999.9;0;1;0;0;1;0
Villa_Dolores_Aero;873280;2013;01;29;25.5;8;14.9;8;1013.1;8;949.7;8;28.8;8;4.2;8;8.7;999.9;33.2;17.4;29.0;999.9;0;0;0;0;1;0
Villa_Dolores_Aero;873280;2013;01;30;27.1;8;16.0;8;1009.1;8;946.1;8;29.9;8;2.4;8;6.7;999.9;35.3;19.2;0.0;999.9;0;0;0;0;0;0
Villa_Dolores_Aero;873280;2013;01;31;23.7;8;16.9;8;1008.0;8;944.9;8;24.9;8;4.8;8;7.7;999.9;36.1;17.8;36.1;999.9;0;1;0;0;1;0
Villa_Dolores_Aero;873280;2013;02;01;29.6;8;19.7;8;1003.6;8;941.3;8;22.9;8;3.4;8;5.7;999.9;36.8;19.3;2.0;999.9;0;0;0;0;0;0
Villa_Dolores_Aero;873280;2013;02;02;26.3;7;15.9;7;1009.2;7;946.6;7;29.9;7;2.9;7;6.7;999.9;31.2;20.8;5.1;999.9;0;0;0;0;1;0
Villa_Dolores_Aero;873280;2013;02;03;25.1;8;13.3;8;1014.1;8;950.5;8;29.9;8;3.6;8;5.1;999.9;33.2;16.6;0.0;999.9;0;0;0;0;0;0
Villa_Dolores_Aero;873280;2013;02;04;26.3;8;16.6;8;1009.4;8;946.5;8;26.9;8;2.7;8;4.1;999.9;33.4;19.0;0.0;999.9;0;0;0;0;0;0
Villa_Dolores_Aero;873280;2013;02;05;27.9;8;16.8;8;1008.6;8;945.9;8;27.5;8;2.1;8;4.1;999.9;33.9;20.5;0.0;999.9;0;0;0;0;0;0
Villa_Dolores_Aero;873280;2013;02;06;26.3;8;16.1;8;1010.9;8;948.0;8;27.5;8;2.7;8;4.1;999.9;34.1;20.9;0.0;999.9;0;0;0;0;1;0
Villa_Dolores_Aero;873280;2013;02;07;26.0;8;15.0;8;1012.0;8;948.7;8;24.9;8;2.2;8;3.1;999.9;33.5;18.2;3.0;999.9;0;0;0;0;0;0
Villa_Dolores_Aero;873280;2013;02;08;26.7;8;12.2;8;1008.5;8;945.6;8;24.9;8;2.2;8;4.6;999.9;35.3;17.5;0.0;999.9;0;0;0;0;0;0
Villa_Dolores_Aero;873280;2013;02;09;27.6;7;12.8;7;1005.8;7;943.5;7;28.6;7;3.0;7;5.1;999.9;35.3;19.3;0.0;999.9;0;0;0;0;0;0
Villa_Dolores_Aero;873280;2013;02;10;25.0;8;14.1;8;1005.8;8;943.1;8;28.2;8;4.4;8;8.2;999.9;34.5;19.6;1.0;999.9;0;1;0;0;1;0
Villa_Dolores_Aero;873280;2013;02;11;24.6;8;13.6;8;1008.2;8;944.7;8;24.9;8;2.1;8;4.1;999.9;33.8;16.7;4.1;999.9;0;0;0;0;0;0
Villa_Dolores_Aero;873280;2013;02;12;28.6;8;11.9;8;1003.1;8;940.8;8;29.9;8;3.1;8;5.1;999.9;36.0;21.8;0.0;999.9;0;0;0;0;0;0
Villa_Dolores_Aero;873280;2013;02;13;26.4;8;14.5;8;1002.9;8;940.7;8;25.6;8;4.8;8;7.7;999.9;37.5;20.8;0.0;999.9;0;0;0;0;1;0
Villa_Dolores_Aero;873280;2013;02;14;23.7;8;16.9;8;1008.8;8;945.3;8;28.8;8;2.2;8;3.1;999.9;32.5;17.6;19.0;999.9;0;0;0;0;1;0
Villa_Dolores_Aero;873280;2013;02;15;26.8;8;17.6;8;1008.1;8;945.2;8;28.8;8;2.6;8;7.7;999.9;34.3;20.5;0.0;999.9;0;0;0;0;0;0
Villa_Dolores_Aero;873280;2013;02;16;27.8;8;14.8;8;1002.1;8;939.8;8;35.6;8;3.6;8;6.7;999.9;35.7;19.3;0.0;999.9;0;0;0;0;1;0
Villa_Dolores_Aero;873280;2013;02;17;25.1;7;13.7;7;1002.8;7;940.2;7;24.8;7;4.1;7;6.2;999.9;36.0;15.1;18.0;999.9;0;0;0;0;1;0
Villa_Dolores_Aero;873280;2013;02;18;18.5;8;7.1;8;1015.6;8;950.8;8;29.9;8;1.6;8;5.1;999.9;26.5;11.6;0.0;999.9;0;0;0;0;0;0
Villa_Dolores_Aero;873280;2013;02;19;19.5;8;11.5;8;1016.1;8;951.2;8;27.2;8;1.5;8;2.6;999.9;26.1;15.6;0.0;999.9;0;1;0;0;0;0
Villa_Dolores_Aero;873280;2013;02;20;21.9;8;13.4;8;1013.2;8;949.0;8;29.9;8;1.8;8;3.6;999.9;27.6;17.0;0.0;999.9;0;0;0;0;0;0
Villa_Dolores_Aero;873280;2013;02;21;21.7;8;13.6;8;1013.6;8;949.3;8;28.8;8;1.4;8;2.6;999.9;30.8;13.3;0.0;999.9;0;0;0;0;0;0
Villa_Dolores_Aero;873280;2013;02;22;23.2;8;12.3;8;1012.0;8;948.2;8;24.9;8;4.5;8;10.3;999.9;31.0;14.5;0.0;999.9;0;0;0;0;0;0
Villa_Dolores_Aero;873280;2013;02;23;26.7;8;17.2;8;1006.4;8;943.7;8;29.9;8;5.6;8;7.7;999.9;32.0;18.8;0.0;999.9;0;0;0;0;0;0
Villa_Dolores_Aero;873280;2013;02;24;23.7;8;15.5;8;1006.6;8;943.5;8;29.9;8;3.1;8;7.2;999.9;32.2;15.7;8.9;999.9;0;0;0;0;1;0
Villa_Dolores_Aero;873280;2013;02;25;19.5;8;7.3;8;1014.0;8;949.4;8;29.9;8;3.1;8;5.1;999.9;29.5;12.4;0.0;999.9;0;0;0;0;0;0
Villa_Dolores_Aero;873280;2013;02;26;20.3;8;10.3;8;1014.7;8;950.1;8;28.8;8;1.8;8;3.6;999.9;28.5;11.7;0.0;999.9;0;0;0;0;0;0
Villa_Dolores_Aero;873280;2013;02;27;23.5;8;10.4;8;1011.4;8;947.5;8;29.9;8;5.0;8;9.3;999.9;31.7;15.8;0.0;999.9;0;0;0;0;0;0
Villa_Dolores_Aero;873280;2013;02;28;26.7;7;13.1;7;1006.8;7;944.0;7;29.9;7;7.4;7;12.3;999.9;34.8;20.8;0.0;999.9;0;0;0;0;0;0
Villa_Dolores_Aero;873280;2013;03;01;29.6;8;14.4;8;1000.0;8;938.2;8;28.2;8;7.8;8;13.4;999.9;35.5;23.8;0.0;999.9;0;0;0;0;0;0
Villa_Dolores_Aero;873280;2013;03;02;21.9;8;9.8;8;1007.9;8;944.6;8;29.9;8;7.3;8;11.8;999.9;36.5;14.9;0.0;999.9;0;0;0;0;0;0
Villa_Dolores_Aero;873280;2013;03;03;19.4;8;7.9;8;1016.8;8;952.0;8;29.9;8;2.8;8;4.1;999.9;27.4;11.2;0.0;999.9;0;0;0;0;0;0
Villa_Dolores_Aero;873280;2013;03;04;18.9;8;8.9;8;1016.5;8;951.6;8;29.9;8;2.2;8;3.6;999.9;28.4;10.6;0.0;999.9;0;0;0;0;0;0
Villa_Dolores_Aero;873280;2013;03;05;21.8;8;9.4;8;1012.1;8;947.9;8;29.9;8;3.0;8;6.2;999.9;31.2;14.4;0.0;999.9;0;0;0;0;0;0
Villa_Dolores_Aero;873280;2013;03;06;25.6;8;9.1;8;1005.7;8;942.7;8;29.9;8;4.8;8;7.2;999.9;33.2;18.6;0.0;999.9;0;0;0;0;0;0
Villa_Dolores_Aero;873280;2013;03;07;25.6;8;12.6;8;1006.8;8;943.8;8;29.9;8;4.1;8;6.7;999.9;33.8;17.0;0.0;999.9;0;0;0;0;0;0
Villa_Dolores_Aero;873280;2013;03;08;29.5;5;16.7;5;1006.8;5;944.4;5;18.0;5;2.5;5;4.1;999.9;34.4;22.1;0.0;999.9;0;0;0;0;0;0
Villa_Dolores_Aero;873280;2013;03;09;28.7;8;17.9;8;1004.7;8;942.5;8;23.2;8;2.0;8;3.1;999.9;35.6;20.2;0.0;999.9;0;0;0;0;0;0
Villa_Dolores_Aero;873280;2013;03;10;26.7;8;14.7;7;1005.5;8;943.1;8;23.8;8;4.1;8;11.3;999.9;36.5;20.2;0.0;999.9;0;1;0;0;1;0
Villa_Dolores_Aero;873280;2013;03;11;23.2;6;14.9;6;1005.9;6;942.6;6;29.9;6;3.1;6;6.2;999.9;31.0;16.4;0.0;999.9;0;0;0;0;0;0
Villa_Dolores_Aero;873280;2013;03;12;24.3;8;7.6;8;1007.5;8;944.3;8;29.9;8;3.4;8;7.7;999.9;31.0;17.8;0.0;999.9;0;0;0;0;1;0
Villa_Dolores_Aero;873280;2013;03;13;17.8;8;12.4;8;1012.2;8;947.8;8;28.8;8;2.8;8;4.6;999.9;31.5;13.6;3.0;999.9;0;1;0;0;1;0
Villa_Dolores_Aero;873280;2013;03;14;14.1;8;13.1;8;1018.1;8;952.2;8;14.0;8;1.8;8;3.1;999.9;19.9;12.4;14.0;999.9;0;1;0;0;0;0
Villa_Dolores_Aero;873280;2013;03;15;14.1;8;12.1;8;1022.6;8;956.1;8;18.8;8;0.7;8;2.1;999.9;17.7;12.4;7.9;999.9;0;1;0;0;0;0
Villa_Dolores_Aero;873280;2013;03;16;16.9;8;11.8;8;1022.0;8;956.0;8;28.8;8;1.8;8;4.1;999.9;22.0;12.2;0.0;999.9;0;0;0;0;0;0
Villa_Dolores_Aero;873280;2013;03;17;16.8;8;13.8;8;1021.1;8;955.5;8;23.2;8;1.8;8;3.6;999.9;22.2;14.3;1.0;999.9;0;1;0;0;0;0
Villa_Dolores_Aero;873280;2013;03;18;17.5;8;11.5;8;1019.5;8;953.9;8;29.9;8;1.6;8;3.6;999.9;23.0;11.8;1.0;999.9;0;0;0;0;0;0
Villa_Dolores_Aero;873280;2013;03;19;18.7;8;11.3;8;1016.7;8;951.7;8;29.9;8;1.6;8;3.6;999.9;24.9;12.5;0.0;999.9;0;0;0;0;0;0
Villa_Dolores_Aero;873280;2013;03;20;18.9;8;11.2;8;1011.5;8;946.8;8;29.9;8;1.5;8;3.1;999.9;25.7;11.3;0.0;999.9;0;0;0;0;0;0
Villa_Dolores_Aero;873280;2013;03;21;20.6;8;11.6;8;1011.6;8;947.2;8;27.5;8;2.4;8;5.1;999.9;28.2;12.2;0.0;999.9;0;0;0;0;0;0
Villa_Dolores_Aero;873280;2013;03;22;22.0;8;11.6;8;1013.3;8;949.2;8;29.9;8;1.9;8;4.1;999.9;29.0;15.1;0.0;999.9;0;0;0;0;0;0
Villa_Dolores_Aero;873280;2013;03;23;22.1;8;13.7;8;1014.1;8;950.0;8;22.5;8;2.7;8;4.1;999.9;28.5;16.0;3.0;999.9;0;1;0;0;1;0
Villa_Dolores_Aero;873280;2013;03;24;20.1;8;12.2;8;1011.6;8;947.2;8;29.9;8;3.1;8;5.7;999.9;28.6;13.9;2.0;999.9;0;0;0;0;0;0
Villa_Dolores_Aero;873280;2013;03;25;20.0;8;11.7;8;1012.4;8;948.1;8;28.8;8;2.6;8;5.1;999.9;28.5;15.9;0.0;999.9;0;0;0;0;0;0
Villa_Dolores_Aero;873280;2013;03;26;19.2;8;10.6;8;1018.9;8;953.7;8;28.8;8;2.0;8;3.6;999.9;27.4;12.4;3.0;999.9;0;0;0;0;0;0
Villa_Dolores_Aero;873280;2013;03;27;21.4;8;11.4;8;1017.7;8;953.2;8;26.2;8;2.5;8;4.1;999.9;28.2;14.1;0.0;999.9;0;0;0;0;0;0
Villa_Dolores_Aero;873280;2013;03;28;21.7;8;10.8;8;1016.6;8;952.2;8;23.2;8;2.7;8;4.1;999.9;29.0;13.3;0.0;999.9;0;0;0;0;0;0
Villa_Dolores_Aero;873280;2013;03;29;21.8;8;9.6;8;1014.0;8;949.8;8;20.0;8;2.9;8;6.7;999.9;30.0;12.9;0.0;999.9;0;0;0;0;0;0
Villa_Dolores_Aero;873280;2013;03;30;23.7;8;11.1;8;1010.4;8;946.7;8;29.9;8;3.8;8;6.2;999.9;31.2;15.6;0.0;999.9;0;0;0;0;0;0
Villa_Dolores_Aero;873280;2013;03;31;20.5;8;12.4;8;1010.2;8;946.5;8;29.9;8;3.8;8;7.2;999.9;31.4;15.3;0.0;999.9;0;0;0;0;1;0
Villa_Dolores_Aero;873280;2013;04;01;17.3;8;15.1;8;1014.8;8;949.8;8;18.0;8;1.8;8;5.1;999.9;24.3;15.2;25.9;999.9;0;1;0;0;1;0
Villa_Dolores_Aero;873280;2013;04;02;15.7;8;12.9;8;1017.2;8;951.6;8;26.2;8;2.1;8;5.1;999.9;20.8;12.5;17.0;999.9;0;1;0;0;1;0
Villa_Dolores_Aero;873280;2013;04;03;14.8;8;10.1;8;1018.9;8;952.9;8;24.3;8;2.7;8;3.6;999.9;20.8;8.3;2.0;999.9;0;0;0;0;0;0
Villa_Dolores_Aero;873280;2013;04;04;16.3;8;10.3;8;1012.7;8;947.4;8;24.9;8;2.6;8;4.6;999.9;23.2;11.0;0.0;999.9;0;0;0;0;0;0
Villa_Dolores_Aero;873280;2013;04;05;18.9;8;8.3;8;1008.2;8;943.5;8;29.9;8;3.0;8;5.1;999.9;28.9;10.7;0.0;999.9;0;0;0;0;0;0
Villa_Dolores_Aero;873280;2013;04;06;18.9;8;7.3;8;1009.0;8;944.7;8;29.9;8;5.1;8;8.7;999.9;29.5;13.6;0.0;999.9;0;0;0;0;0;0
Villa_Dolores_Aero;873280;2013;04;07;16.1;8;7.4;8;1016.5;8;951.1;8;29.9;8;2.1;8;5.1;999.9;24.7;10.6;0.0;999.9;0;0;0;0;0;0
Villa_Dolores_Aero;873280;2013;04;08;18.1;8;11.4;8;1017.3;8;952.0;8;24.9;8;2.2;8;3.6;999.9;24.9;11.8;0.0;999.9;0;0;0;0;0;0
Villa_Dolores_Aero;873280;2013;04;09;19.3;8;9.2;8;1013.5;8;948.7;8;29.9;8;2.0;8;6.2;999.9;26.7;12.1;0.0;999.9;0;0;0;0;0;0
Villa_Dolores_Aero;873280;2013;04;10;21.0;8;10.2;8;1007.9;8;943.9;8;29.9;8;4.4;8;9.8;999.9;28.0;15.2;0.0;999.9;0;0;0;0;0;0
Villa_Dolores_Aero;873280;2013;04;11;19.6;8;14.1;8;1005.3;8;941.3;8;26.2;8;3.6;8;6.7;999.9;28.1;15.3;0.0;999.9;0;0;0;0;1;0
Villa_Dolores_Aero;873280;2013;04;12;15.5;8;6.0;8;1015.5;8;950.1;8;29.9;8;3.2;8;7.7;999.9;26.8;10.0;0.0;999.9;0;0;0;0;0;0
Villa_Dolores_Aero;873280;2013;04;13;14.3;8;6.1;8;1020.4;8;954.0;8;29.9;8;1.9;8;3.6;999.9;22.2;5.7;0.0;999.9;0;0;0;0;0;0
Villa_Dolores_Aero;873280;2013;04;14;17.3;8;9.6;8;1017.4;8;951.6;8;29.9;8;2.2;8;3.6;999.9;24.2;10.6;0.0;999.9;0;0;0;0;0;0
Villa_Dolores_Aero;873280;2013;04;15;18.5;8;10.8;8;1017.5;8;952.4;8;28.8;8;1.9;8;2.6;999.9;27.0;11.9;0.0;999.9;0;0;0;0;0;0
Villa_Dolores_Aero;873280;2013;04;16;20.8;8;9.9;8;1015.9;8;951.2;8;29.9;8;2.2;8;3.6;999.9;29.4;12.9;0.0;999.9;0;0;0;0;0;0
Villa_Dolores_Aero;873280;2013;04;17;21.5;8;8.1;8;1015.6;8;951.2;8;27.5;8;4.0;8;6.7;999.9;30.5;12.4;0.0;999.9;0;0;0;0;0;0
Villa_Dolores_Aero;873280;2013;04;18;22.0;8;8.2;8;1014.0;8;949.8;8;27.5;8;4.0;8;7.7;999.9;30.4;15.0;0.0;999.9;0;0;0;0;0;0
Villa_Dolores_Aero;873280;2013;04;19;21.7;8;6.7;8;1013.9;8;949.7;8;29.9;8;2.2;8;4.1;999.9;30.5;12.1;0.0;999.9;0;0;0;0;0;0
Villa_Dolores_Aero;873280;2013;04;20;20.9;8;6.1;8;1014.8;8;950.5;8;23.8;8;5.0;8;11.3;999.9;30.4;11.4;0.0;999.9;0;0;0;0;0;0
Villa_Dolores_Aero;873280;2013;04;21;23.1;8;8.0;8;1014.4;8;950.4;8;24.9;8;3.8;8;6.2;999.9;30.2;14.9;0.0;999.9;0;0;0;0;0;0
Villa_Dolores_Aero;873280;2013;04;22;22.3;8;9.6;8;1015.1;8;951.0;8;23.8;8;3.0;8;5.1;999.9;31.0;14.8;0.0;999.9;0;0;0;0;0;0
Villa_Dolores_Aero;873280;2013;04;23;22.1;8;10.6;8;1016.4;8;952.2;8;29.9;8;3.1;8;7.7;999.9;31.4;16.0;0.0;999.9;0;0;0;0;0;0
Villa_Dolores_Aero;873280;2013;04;24;22.7;8;10.0;8;1014.0;8;950.0;8;24.9;8;4.8;8;7.7;999.9;31.0;15.4;0.0;999.9;0;0;0;0;0;0
Villa_Dolores_Aero;873280;2013;04;25;23.6;7;9.4;7;1010.6;7;946.9;7;29.9;7;4.4;7;8.2;999.9;30.5;16.0;0.0;999.9;0;0;0;0;0;0
Villa_Dolores_Aero;873280;2013;04;26;23.6;8;9.9;8;1008.6;8;945.1;8;23.8;8;5.1;8;12.3;999.9;31.0;16.2;0.0;999.9;0;0;0;0;0;0
Villa_Dolores_Aero;873280;2013;04;27;17.0;8;10.9;8;1010.3;8;946.0;8;26.2;8;6.3;8;18.0;999.9;31.0;10.7;7.1;999.9;0;0;0;0;1;0
Villa_Dolores_Aero;873280;2013;04;28;16.1;8;8.7;8;1014.1;8;948.5;8;29.9;8;1.9;8;3.1;999.9;24.0;9.3;0.0;999.9;0;0;0;0;0;0
Villa_Dolores_Aero;873280;2013;04;29;16.7;8;9.4;8;1014.3;8;949.0;8;26.2;8;1.7;8;2.6;999.9;25.0;9.0;0.0;999.9;0;0;0;0;0;0
Villa_Dolores_Aero;873280;2013;04;30;20.2;8;12.2;8;1012.4;8;947.9;8;27.5;8;1.8;8;3.1;999.9;25.7;10.3;0.0;999.9;0;0;0;0;0;0
Villa_Dolores_Aero;873280;2013;05;01;20.7;8;15.2;8;1009.1;8;944.9;8;24.9;8;1.5;8;2.6;999.9;25.8;16.8;0.0;999.9;0;0;0;0;0;0
Villa_Dolores_Aero;873280;2013;05;02;20.0;8;15.9;8;1008.7;8;944.5;8;23.8;8;1.6;8;4.1;999.9;26.2;14.6;0.0;999.9;0;0;0;0;0;0
Villa_Dolores_Aero;873280;2013;05;03;19.3;8;15.2;8;1010.1;8;945.8;8;17.1;8;1.7;8;3.1;999.9;27.5;15.0;6.1;999.9;0;0;0;0;1;0
Villa_Dolores_Aero;873280;2013;05;04;16.3;8;10.0;8;1014.6;8;949.3;8;25.6;8;2.5;8;3.6;999.9;24.8;9.6;0.5;999.9;0;0;0;0;0;0
Villa_Dolores_Aero;873280;2013;05;05;17.4;8;11.7;8;1020.0;8;954.5;8;26.2;8;1.2;8;2.6;999.9;24.1;10.5;0.0;999.9;0;0;0;0;0;0
Villa_Dolores_Aero;873280;2013;05;06;17.8;8;8.9;8;1017.6;8;952.4;8;29.9;8;4.3;8;9.3;999.9;25.0;12.9;0.0;999.9;0;0;0;0;0;0
Villa_Dolores_Aero;873280;2013;05;07;14.3;8;-2.4;8;1022.8;8;956.6;8;28.8;8;3.2;8;7.2;999.9;25.8;4.4;0.0;999.9;0;0;0;0;0;0
Villa_Dolores_Aero;873280;2013;05;08;17.6;8;4.4;8;1014.1;8;948.8;8;29.9;8;3.5;8;5.1;999.9;25.4;7.2;0.0;999.9;0;0;0;0;0;0
Villa_Dolores_Aero;873280;2013;05;09;18.7;8;7.7;8;1011.0;8;946.3;8;22.5;8;3.4;8;5.1;999.9;26.8;12.4;0.0;999.9;0;0;0;0;0;0
Villa_Dolores_Aero;873280;2013;05;10;19.0;8;6.9;8;1008.1;8;943.7;8;24.9;8;2.8;8;4.6;999.9;29.0;13.0;0.0;999.9;0;0;0;0;0;0
Villa_Dolores_Aero;873280;2013;05;11;17.4;8;7.1;8;1013.4;8;948.4;8;28.8;8;2.0;8;3.1;999.9;27.5;10.1;0.0;999.9;0;0;0;0;0;0
Villa_Dolores_Aero;873280;2013;05;12;16.3;8;5.2;8;1014.5;8;949.2;8;24.9;8;2.4;8;5.1;999.9;25.5;7.0;0.0;999.9;0;0;0;0;0;0
Villa_Dolores_Aero;873280;2013;05;13;16.3;8;6.9;8;1014.2;8;948.8;8;21.2;8;1.3;8;3.1;999.9;25.2;8.0;0.0;999.9;0;0;0;0;0;0
Villa_Dolores_Aero;873280;2013;05;14;17.6;8;11.2;8;1011.6;8;946.6;8;24.3;8;2.5;8;4.1;999.9;23.0;12.6;0.0;999.9;0;0;0;0;0;0
Villa_Dolores_Aero;873280;2013;05;15;9.2;8;2.1;8;1019.8;8;953.0;8;25.6;8;2.6;8;5.1;999.9;23.8;6.2;9.9;999.9;0;1;0;0;0;0
Villa_Dolores_Aero;873280;2013;05;16;7.6;8;-0.6;8;1026.2;8;958.1;8;26.2;8;2.5;8;3.1;999.9;15.9;0.8;0.0;999.9;0;0;0;0;0;0
Villa_Dolores_Aero;873280;2013;05;17;9.7;8;0.1;8;1022.8;8;955.3;8;28.8;8;3.0;8;5.7;999.9;16.9;2.7;0.0;999.9;0;0;0;0;0;0
Villa_Dolores_Aero;873280;2013;05;18;11.1;8;5.1;8;1019.4;8;952.6;8;17.5;8;1.4;8;2.1;999.9;16.9;8.3;2.0;999.9;0;1;0;0;0;0
Villa_Dolores_Aero;873280;2013;05;19;11.5;8;4.4;8;1022.3;8;955.2;8;17.5;8;1.8;8;3.1;999.9;18.5;3.9;0.0;999.9;0;0;0;0;0;0
Villa_Dolores_Aero;873280;2013;05;20;10.8;8;4.4;8;1021.4;8;954.4;8;29.9;8;2.3;8;4.1;999.9;19.5;4.6;0.0;999.9;0;0;0;0;0;0
Villa_Dolores_Aero;873280;2013;05;21;10.0;8;5.1;8;1017.7;8;950.8;8;22.5;8;2.2;8;3.6;999.9;18.7;3.4;0.0;999.9;0;0;0;0;0;0
Villa_Dolores_Aero;873280;2013;05;22;10.7;8;4.4;8;1020.7;8;953.6;8;24.5;8;2.0;8;3.1;999.9;18.8;4.3;0.0;999.9;0;0;0;0;0;0
Villa_Dolores_Aero;873280;2013;05;23;11.0;8;4.8;8;1020.0;8;953.2;8;23.8;8;2.5;8;3.1;999.9;20.0;3.3;0.0;999.9;0;0;0;0;0;0
Villa_Dolores_Aero;873280;2013;05;24;11.4;8;4.9;8;1021.4;8;954.4;8;18.2;8;2.5;8;3.6;999.9;20.6;4.7;0.0;999.9;0;0;0;0;0;0
Villa_Dolores_Aero;873280;2013;05;25;14.1;8;3.2;8;1017.5;8;951.2;8;24.9;8;3.0;8;4.6;999.9;21.7;5.8;0.0;999.9;0;0;0;0;0;0
Villa_Dolores_Aero;873280;2013;05;26;13.8;8;3.9;8;1012.5;8;946.8;8;29.9;8;2.6;8;3.6;999.9;24.1;7.8;0.0;999.9;0;0;0;0;0;0
Villa_Dolores_Aero;873280;2013;05;27;15.2;8;6.9;8;1007.5;8;942.2;8;29.9;8;3.9;8;6.2;999.9;22.2;8.2;0.0;999.9;0;0;0;0;0;0
Villa_Dolores_Aero;873280;2013;05;28;19.0;8;8.9;8;999.3;8;935.4;8;27.5;8;3.8;8;8.2;999.9;24.5;12.7;0.0;999.9;0;0;0;0;0;0
Villa_Dolores_Aero;873280;2013;05;29;13.2;8;1.6;8;1010.4;8;944.9;8;24.9;8;3.8;8;6.7;999.9;25.0;5.4;0.0;999.9;0;0;0;0;0;0
Villa_Dolores_Aero;873280;2013;05;30;13.1;8;-1.1;8;1015.1;8;949.0;8;24.9;8;2.8;8;3.6;999.9;21.6;7.1;0.0;999.9;0;0;0;0;0;0
Villa_Dolores_Aero;873280;2013;05;31;19.0;8;2.3;8;1005.6;8;941.2;8;15.6;8;6.2;8;11.3;999.9;22.3;8.6;0.0;999.9;0;0;0;0;0;0
Villa_Dolores_Aero;873280;2013;06;01;14.3;8;3.4;8;1011.5;8;946.0;8;19.3;8;2.7;8;4.6;999.9;23.1;6.8;0.0;999.9;0;0;0;0;0;0
Villa_Dolores_Aero;873280;2013;06;02;14.1;8;-2.4;8;1017.5;8;951.5;8;22.5;8;2.1;8;4.1;999.9;23.8;4.6;0.0;999.9;0;0;0;0;0;0
Villa_Dolores_Aero;873280;2013;06;03;12.9;8;-0.4;8;1020.6;8;954.2;8;24.3;8;2.3;8;3.1;999.9;21.6;7.6;0.0;999.9;0;0;0;0;0;0
Villa_Dolores_Aero;873280;2013;06;04;14.9;8;5.3;8;1017.6;8;951.5;8;24.9;8;2.6;8;4.1;999.9;23.6;7.9;0.0;999.9;0;0;0;0;0;0
Villa_Dolores_Aero;873280;2013;06;05;16.7;8;5.7;8;1012.9;8;947.7;8;21.2;8;3.7;8;7.2;999.9;25.4;11.5;0.0;999.9;0;0;0;0;0;0
Villa_Dolores_Aero;873280;2013;06;06;13.1;8;-6.0;8;1020.0;8;953.7;8;23.8;8;1.6;8;3.1;999.9;25.6;3.5;0.0;999.9;0;0;0;0;0;0
Villa_Dolores_Aero;873280;2013;06;07;14.3;8;-2.7;8;1016.6;8;950.6;8;26.2;8;3.4;8;7.7;999.9;22.1;7.8;0.0;999.9;0;0;0;0;0;0
Villa_Dolores_Aero;873280;2013;06;08;13.9;8;1.7;8;1021.2;8;954.8;8;16.3;8;1.9;8;3.1;999.9;23.1;5.8;0.0;999.9;0;0;0;0;0;0
Villa_Dolores_Aero;873280;2013;06;09;16.4;8;8.0;8;1017.2;8;951.6;8;21.2;8;2.0;8;3.1;999.9;21.2;12.0;0.0;999.9;0;0;0;0;0;0
Villa_Dolores_Aero;873280;2013;06;10;15.2;8;9.8;8;1018.0;8;952.2;8;18.8;8;2.2;8;3.6;999.9;22.6;9.3;0.0;999.9;0;0;0;0;0;0
Villa_Dolores_Aero;873280;2013;06;11;16.4;8;11.3;8;1018.0;8;952.2;8;14.3;8;3.0;8;6.2;999.9;23.2;9.9;0.0;999.9;0;0;0;0;0;0
Villa_Dolores_Aero;873280;2013;06;12;18.5;8;12.3;8;1016.5;8;951.4;8;24.9;8;3.3;8;5.1;999.9;26.0;12.5;0.0;999.9;0;0;0;0;0;0
Villa_Dolores_Aero;873280;2013;06;13;19.0;8;11.6;8;1015.5;8;950.7;8;22.5;8;2.9;8;5.1;999.9;27.1;13.0;0.0;999.9;0;0;0;0;0;0
Villa_Dolores_Aero;873280;2013;06;14;17.6;8;10.8;8;1016.7;8;951.6;8;17.5;8;2.9;8;4.1;999.9;26.6;11.5;0.0;999.9;0;0;0;0;0;0
Villa_Dolores_Aero;873280;2013;06;15;15.9;8;11.3;8;1015.9;8;950.5;8;17.5;8;2.4;8;8.2;999.9;24.0;11.2;0.0;999.9;1;0;0;0;0;0
Villa_Dolores_Aero;873280;2013;06;16;12.8;8;5.5;8;1015.4;8;949.4;8;26.6;8;4.7;8;10.3;999.9;21.7;9.4;0.0;999.9;0;1;0;0;0;0
Villa_Dolores_Aero;873280;2013;06;17;10.9;8;1.4;8;1018.3;8;951.5;8;29.9;8;2.2;8;3.6;999.9;16.3;7.2;0.0;999.9;0;0;0;0;0;0
Villa_Dolores_Aero;873280;2013;06;18;9.7;8;1.9;8;1016.1;8;949.1;8;23.2;8;3.8;8;10.3;999.9;17.2;5.4;0.0;999.9;0;0;0;0;0;0
Villa_Dolores_Aero;873280;2013;06;19;6.9;8;-6.8;8;1024.8;8;956.8;8;29.9;8;2.7;8;6.2;999.9;18.2;1.4;0.0;999.9;0;0;0;0;0;0
Villa_Dolores_Aero;873280;2013;06;20;7.6;8;-6.4;8;1025.2;8;957.1;8;29.9;8;1.8;8;3.1;999.9;13.5;3.2;0.0;999.9;0;0;0;0;0;0
Villa_Dolores_Aero;873280;2013;06;21;6.9;7;-4.7;7;1018.9;7;951.3;7;23.5;7;2.0;7;3.1;999.9;17.5;0.0;0.0;999.9;0;0;0;0;0;0
Villa_Dolores_Aero;873280;2013;06;22;9.8;8;-5.1;8;1013.4;8;946.7;8;23.2;8;2.5;8;4.1;999.9;19.3;1.2;0.0;999.9;0;0;0;0;0;0
Villa_Dolores_Aero;873280;2013;06;23;10.2;8;-1.1;8;1020.0;8;953.0;8;22.5;8;2.4;8;4.6;999.9;20.3;1.7;0.0;999.9;0;0;0;0;0;0
Villa_Dolores_Aero;873280;2013;06;24;8.5;8;0.4;8;1022.3;8;954.7;8;24.3;8;2.7;8;3.6;999.9;16.8;3.2;0.0;999.9;0;0;0;0;0;0
Villa_Dolores_Aero;873280;2013;06;25;9.7;7;2.2;7;1020.0;7;952.7;7;27.2;7;2.2;7;3.6;999.9;16.2;4.0;0.0;999.9;0;0;0;0;0;0
Villa_Dolores_Aero;873280;2013;06;26;9.3;8;0.6;8;1018.9;8;951.7;8;24.9;8;2.7;8;4.1;999.9;17.2;2.6;0.0;999.9;0;0;0;0;0;0
Villa_Dolores_Aero;873280;2013;06;27;12.7;8;2.0;8;1013.1;8;946.8;8;29.9;8;5.2;8;9.3;999.9;19.5;2.8;0.0;999.9;0;0;0;0;0;0
Villa_Dolores_Aero;873280;2013;06;28;13.6;8;3.6;8;1010.1;8;944.4;8;23.8;8;2.4;8;4.1;999.9;22.5;6.1;0.0;999.9;0;0;0;0;0;0
Villa_Dolores_Aero;873280;2013;06;29;11.8;8;-2.7;8;1015.2;8;948.9;8;22.5;8;3.0;8;5.1;999.9;22.7;3.6;0.0;999.9;0;0;0;0;0;0
Villa_Dolores_Aero;873280;2013;06;30;11.8;8;2.4;8;1019.0;8;952.3;8;17.5;8;2.6;8;4.6;999.9;20.1;5.3;0.0;999.9;0;0;0;0;0;0
Villa_Dolores_Aero;873280;2013;07;01;11.4;8;4.7;8;1022.4;8;955.4;8;20.0;8;3.0;8;7.2;999.9;19.8;2.9;0.0;999.9;0;0;0;0;0;0
Villa_Dolores_Aero;873280;2013;07;02;16.7;8;-0.5;8;1013.2;8;947.7;8;21.2;8;7.8;8;12.3;999.9;23.8;7.4;0.0;999.9;0;0;0;0;0;0
Villa_Dolores_Aero;873280;2013;07;03;15.2;8;-0.2;8;1007.4;8;942.4;8;22.5;8;2.6;8;3.1;999.9;25.0;8.7;0.0;999.9;0;0;0;0;0;0
Villa_Dolores_Aero;873280;2013;07;04;12.1;8;3.0;8;1014.0;8;948.0;8;21.2;8;2.3;8;4.1;999.9;23.6;8.2;0.0;999.9;0;0;0;0;0;0
Villa_Dolores_Aero;873280;2013;07;05;10.6;8;5.0;8;1015.1;8;948.6;8;20.3;8;1.0;8;3.1;999.9;16.8;6.7;0.0;999.9;0;1;0;0;0;0
Villa_Dolores_Aero;873280;2013;07;06;10.6;8;5.9;8;1018.2;8;951.3;8;13.8;8;2.6;8;7.2;999.9;14.6;7.9;0.0;999.9;0;0;0;0;0;0
Villa_Dolores_Aero;873280;2013;07;07;7.1;8;4.8;8;1025.8;8;957.9;8;16.9;8;1.0;8;2.6;999.9;14.9;5.2;0.5;999.9;0;1;0;0;0;0
Villa_Dolores_Aero;873280;2013;07;08;9.2;8;5.2;8;1028.2;8;960.2;8;21.2;8;0.9;8;1.5;999.9;13.0;6.2;0.0;999.9;0;0;0;0;0;0
Villa_Dolores_Aero;873280;2013;07;09;11.6;8;2.4;8;1018.1;8;951.3;8;28.8;8;1.3;8;2.6;999.9;14.5;7.2;0.0;999.9;0;0;0;0;0;0
Villa_Dolores_Aero;873280;2013;07;10;10.2;11;5.7;11;1015.7;11;948.8;11;26.4;11;1.5;11;3.1;999.9;16.0;5.2;0.0;999.9;0;0;0;0;0;0
Villa_Dolores_Aero;873280;2013;07;11;13.3;9;6.9;9;1015.7;9;949.4;9;20.0;9;2.5;9;4.6;999.9;20.6;8.2;0.0;999.9;0;0;0;0;0;0
Villa_Dolores_Aero;873280;2013;07;12;11.5;8;1.5;8;1021.9;8;955.0;8;20.0;8;2.6;8;4.1;999.9;21.6;3.0;0.0;999.9;0;0;0;0;0;0
Villa_Dolores_Aero;873280;2013;07;13;10.6;8;0.7;8;1018.9;8;952.0;8;28.8;8;2.4;8;3.6;999.9;21.5;0.9;0.0;999.9;0;0;0;0;0;0
Villa_Dolores_Aero;873280;2013;07;14;10.4;8;-1.9;8;1020.0;8;953.0;8;29.9;8;2.1;8;4.1;999.9;20.2;1.9;0.0;999.9;0;0;0;0;0;0
Villa_Dolores_Aero;873280;2013;07;15;12.1;7;-0.6;7;1023.2;7;956.1;7;28.6;7;1.6;7;3.1;999.9;19.4;3.5;0.0;999.9;0;0;0;0;0;0
Villa_Dolores_Aero;873280;2013;07;16;12.8;8;2.9;8;1018.6;8;952.1;8;22.5;8;2.4;8;4.1;999.9;21.9;5.0;0.0;999.9;0;0;0;0;0;0
Villa_Dolores_Aero;873280;2013;07;17;15.2;8;5.5;8;1012.8;8;947.2;8;20.0;8;2.8;8;3.6;999.9;24.3;8.4;0.0;999.9;0;0;0;0;0;0
Villa_Dolores_Aero;873280;2013;07;18;9.9;8;0.9;8;1016.2;8;949.9;8;16.6;8;5.7;8;12.9;999.9;25.1;6.8;0.0;999.9;0;0;0;0;0;0
Villa_Dolores_Aero;873280;2013;07;19;4.8;8;-2.7;8;1024.5;8;956.1;8;23.8;8;1.4;8;4.1;999.9;12.0;3.3;0.0;999.9;0;0;0;0;0;0
Villa_Dolores_Aero;873280;2013;07;20;4.6;8;-4.6;8;1016.7;8;948.5;8;20.0;8;3.8;8;9.3;999.9;12.5;-1.9;0.0;999.9;0;0;0;0;0;0
Villa_Dolores_Aero;873280;2013;07;21;3.8;8;-8.4;8;1025.7;8;956.9;8;28.8;8;5.4;8;7.7;999.9;13.1;-0.9;0.0;999.9;0;0;0;0;0;0
Villa_Dolores_Aero;873280;2013;07;22;1.8;8;-9.6;8;1031.7;8;961.9;8;29.9;8;3.2;8;9.3;999.9;8.2;-4.5;0.0;999.9;0;0;0;0;0;0
Villa_Dolores_Aero;873280;2013;07;23;1.9;8;-8.8;8;1030.1;8;960.3;8;21.2;8;2.5;8;5.1;999.9;8.4;-3.9;0.0;999.9;0;0;0;0;0;0
Villa_Dolores_Aero;873280;2013;07;24;4.7;8;-6.1;8;1029.7;8;960.4;8;24.3;8;3.1;8;4.1;999.9;14.6;-3.8;0.0;999.9;0;0;0;0;0;0
Villa_Dolores_Aero;873280;2013;07;25;9.5;8;-8.8;8;1023.0;8;955.2;8;18.8;8;3.4;8;6.7;999.9;20.0;-1.6;0.0;999.9;0;0;0;0;0;0
Villa_Dolores_Aero;873280;2013;07;26;13.5;8;-11.0;8;1017.2;8;950.9;8;16.9;8;7.2;8;14.4;999.9;21.8;5.5;0.0;999.9;0;0;0;0;0;0
Villa_Dolores_Aero;873280;2013;07;27;11.2;8;-4.9;8;1021.2;8;954.4;8;11.9;8;2.2;8;5.1;999.9;20.6;3.2;0.0;999.9;0;0;0;0;0;0
Villa_Dolores_Aero;873280;2013;07;28;12.5;8;-4.3;8;1021.1;8;954.3;8;12.6;8;2.6;8;4.1;999.9;21.3;3.6;0.0;999.9;0;0;0;0;0;0
Villa_Dolores_Aero;873280;2013;07;29;14.6;8;1.7;8;1019.2;8;953.1;8;14.3;8;2.1;8;4.1;999.9;23.4;7.7;0.0;999.9;0;0;0;0;0;0
Villa_Dolores_Aero;873280;2013;07;30;17.2;8;6.8;8;1011.7;8;946.6;8;8.0;8;3.3;8;9.3;999.9;28.0;8.0;0.0;999.9;0;0;0;0;0;0
Villa_Dolores_Aero;873280;2013;07;31;15.9;8;8.1;8;1012.5;8;947.4;8;8.0;8;4.1;8;7.2;999.9;29.4;9.6;0.0;999.9;0;0;0;0;0;0
Villa_Dolores_Aero;873280;2013;08;01;11.1;7;0.6;7;1016.3;7;949.7;7;20.8;7;1.6;7;2.1;999.9;18.2;6.3;0.0;999.9;0;0;0;0;0;0
Villa_Dolores_Aero;873280;2013;08;02;11.0;8;-2.0;8;1020.8;8;953.8;8;19.3;8;2.0;8;4.1;999.9;19.0;2.6;0.0;999.9;0;0;0;0;0;0
Villa_Dolores_Aero;873280;2013;08;03;11.0;8;-1.7;8;1015.4;8;948.9;8;19.3;8;3.2;8;5.1;999.9;19.3;5.3;0.0;999.9;0;0;0;0;0;0
Villa_Dolores_Aero;873280;2013;08;04;11.6;8;-1.3;8;1018.3;8;951.5;8;13.2;8;3.6;8;5.1;999.9;20.6;5.2;0.0;999.9;0;0;0;0;0;0
Villa_Dolores_Aero;873280;2013;08;05;15.4;8;0.4;8;1015.0;8;949.3;8;19.3;8;3.6;8;6.2;999.9;24.9;5.8;0.0;999.9;0;0;0;0;0;0
Villa_Dolores_Aero;873280;2013;08;06;14.8;8;-0.2;8;1015.9;8;950.1;8;20.0;8;4.3;8;10.8;999.9;26.2;6.0;0.0;999.9;0;0;0;0;0;0
Villa_Dolores_Aero;873280;2013;08;07;20.1;8;5.5;8;1003.9;8;939.9;8;21.6;8;6.7;8;13.4;999.9;27.3;9.2;0.0;999.9;0;0;0;0;0;0
Villa_Dolores_Aero;873280;2013;08;08;10.7;8;-2.4;8;1014.0;8;948.2;8;18.2;8;5.4;8;10.8;999.9;15.6;6.6;0.3;999.9;0;0;0;0;0;0
Villa_Dolores_Aero;873280;2013;08;09;8.0;8;-8.6;8;1029.5;8;961.2;8;29.9;8;2.3;8;4.1;999.9;14.0;2.4;0.0;999.9;0;0;0;0;0;0
Villa_Dolores_Aero;873280;2013;08;10;7.0;8;-9.4;8;1027.4;8;958.9;8;29.9;8;2.8;8;5.1;999.9;15.9;0.2;0.0;999.9;0;0;0;0;0;0
Villa_Dolores_Aero;873280;2013;08;11;11.3;8;-8.8;8;1015.0;8;948.2;8;29.9;8;4.1;8;6.2;999.9;20.5;3.2;0.0;999.9;0;0;0;0;0;0
Villa_Dolores_Aero;873280;2013;08;12;9.9;8;-1.8;8;1015.5;8;948.8;8;28.2;8;5.0;8;9.3;999.9;20.8;3.8;0.0;999.9;0;0;0;0;0;0
Villa_Dolores_Aero;873280;2013;08;13;5.6;8;-1.5;8;1028.9;8;960.5;8;26.2;8;3.2;8;11.3;999.9;17.1;-2.6;2.0;999.9;0;1;0;0;0;0
Villa_Dolores_Aero;873280;2013;08;14;6.2;8;-4.7;8;1033.0;8;964.0;8;26.2;8;3.0;8;4.1;999.9;14.8;-2.4;0.0;999.9;0;0;0;0;0;0
Villa_Dolores_Aero;873280;2013;08;15;10.2;8;-5.8;8;1023.0;8;955.5;8;24.9;8;3.6;8;5.7;999.9;21.2;2.4;0.0;999.9;0;0;0;0;0;0
Villa_Dolores_Aero;873280;2013;08;16;11.9;7;-9.2;7;1023.1;7;956.0;7;18.5;7;3.2;7;4.1;999.9;21.5;2.6;0.0;999.9;0;0;0;0;0;0
Villa_Dolores_Aero;873280;2013;08;17;10.6;8;-8.7;8;1025.6;8;958.3;8;20.0;8;1.9;8;4.1;999.9;20.8;2.0;0.0;999.9;0;0;0;0;0;0
Villa_Dolores_Aero;873280;2013;08;18;14.1;8;-6.5;8;1017.9;8;951.6;8;10.0;8;5.9;8;10.8;999.9;23.4;3.8;0.0;999.9;0;0;0;0;0;0
Villa_Dolores_Aero;873280;2013;08;19;19.3;7;-3.4;7;1012.7;7;947.9;7;14.3;7;3.6;7;6.2;999.9;26.4;10.1;0.0;999.9;0;0;0;0;0;0
Villa_Dolores_Aero;873280;2013;08;20;17.7;8;0.6;8;1012.6;8;947.6;8;16.3;8;2.1;8;2.6;999.9;28.2;5.7;0.0;999.9;0;0;0;0;0;0
Villa_Dolores_Aero;873280;2013;08;21;17.9;8;3.8;8;1009.5;8;944.9;8;10.6;8;2.6;8;6.2;999.9;28.7;9.6;0.0;999.9;0;0;0;0;0;0
Villa_Dolores_Aero;873280;2013;08;22;11.2;8;-9.6;8;1017.0;8;950.9;8;15.6;8;6.2;8;9.8;999.9;25.8;3.8;0.0;999.9;0;0;0;0;0;0
Villa_Dolores_Aero;873280;2013;08;24;7.2;8;-10.8;8;1027.2;8;959.0;8;20.0;8;1.4;8;2.1;999.9;13.5;3.3;0.0;999.9;0;0;0;0;0;0
Villa_Dolores_Aero;873280;2013;08;25;8.6;4;-7.7;4;9999.9;0;963.8;4;20.0;4;1.4;4;2.6;999.9;12.4;-2.3;0.0;999.9;0;0;0;0;0;0
Villa_Dolores_Aero;873280;2013;08;26;6.8;8;-6.4;8;1032.6;7;964.0;8;21.2;8;2.3;8;4.6;999.9;13.7;0.1;0.0;999.9;0;0;0;0;0;0
Villa_Dolores_Aero;873280;2013;08;27;9.3;8;-5.7;8;1027.9;8;959.9;8;24.9;8;2.6;8;4.1;999.9;19.5;2.5;0.0;999.9;0;0;0;0;0;0
Villa_Dolores_Aero;873280;2013;08;28;15.1;8;-5.2;8;1023.2;8;956.7;8;29.9;8;2.6;8;4.1;999.9;26.2;7.0;0.0;999.9;0;0;0;0;0;0
Villa_Dolores_Aero;873280;2013;08;29;19.9;8;-5.6;8;1015.5;8;950.6;8;15.0;8;5.1;8;7.7;999.9;29.4;10.2;0.0;999.9;0;0;0;0;0;0
Villa_Dolores_Aero;873280;2013;08;30;20.7;8;-5.1;8;1010.4;8;946.3;8;27.5;8;2.6;8;5.1;999.9;31.0;11.2;0.0;999.9;0;0;0;0;0;0
Villa_Dolores_Aero;873280;2013;08;31;20.1;8;-4.7;8;1009.2;7;945.1;7;20.0;8;2.6;8;4.1;999.9;30.5;12.4;0.0;999.9;0;0;0;0;0;0
Villa_Dolores_Aero;873280;2013;09;01;17.2;6;-4.4;6;1011.5;5;947.2;6;15.4;6;1.5;6;3.1;999.9;30.1;12.0;0.0;999.9;0;0;0;0;0;0
Villa_Dolores_Aero;873280;2013;09;02;17.4;8;2.8;8;1012.3;8;947.5;8;13.7;8;3.7;8;6.2;999.9;29.8;9.8;0.0;999.9;0;0;0;0;0;0
Villa_Dolores_Aero;873280;2013;09;03;16.2;4;2.2;4;1023.8;4;957.6;4;20.0;4;3.2;4;4.1;999.9;20.7;9.4;0.0;999.9;0;0;0;0;0;0
Villa_Dolores_Aero;873280;2013;09;04;14.9;7;1.2;7;1020.2;7;953.8;6;17.9;7;5.6;7;10.3;999.9;22.2;8.4;0.0;999.9;0;0;0;0;0;0
Villa_Dolores_Aero;873280;2013;09;05;19.2;8;3.9;8;1013.3;7;949.0;7;13.2;8;2.6;8;5.1;999.9;26.4;11.2;0.0;999.9;1;0;0;0;0;0
Villa_Dolores_Aero;873280;2013;09;06;21.6;8;6.2;8;1011.6;8;947.3;8;15.0;8;3.1;8;5.1;999.9;31.2;12.5;0.0;999.9;0;0;0;0;0;0
Villa_Dolores_Aero;873280;2013;09;07;25.4;7;7.8;7;1007.5;7;944.5;7;15.8;7;2.4;7;4.1;999.9;31.5;17.9;0.0;999.9;0;0;0;0;0;0
Villa_Dolores_Aero;873280;2013;09;08;18.6;4;6.8;4;1011.7;4;948.1;4;12.6;4;2.3;4;4.1;999.9;32.3;16.4;0.0;999.9;0;0;0;0;0;0
Villa_Dolores_Aero;873280;2013;09;09;24.8;7;5.7;7;1011.5;7;948.1;7;10.8;7;5.0;7;12.4;999.9;35.2;16.2;0.0;999.9;0;0;0;0;0;0
Villa_Dolores_Aero;873280;2013;09;11;21.7;7;6.2;7;1005.6;7;943.3;7;7.1;7;3.6;7;5.7;999.9;30.3;13.5;0.0;999.9;0;0;0;0;0;0
Villa_Dolores_Aero;873280;2013;09;12;15.8;8;4.6;8;1008.7;8;944.0;8;15.0;8;5.2;8;12.3;999.9;28.2;9.0;0.0;999.9;0;0;0;0;0;0
Villa_Dolores_Aero;873280;2013;09;13;9.4;7;0.8;7;1022.1;7;954.9;7;12.9;7;3.6;7;5.1;999.9;15.9;5.0;0.0;999.9;0;0;0;0;0;0
Villa_Dolores_Aero;873280;2013;09;14;11.0;8;0.6;8;1020.7;8;953.7;8;18.8;8;2.1;8;4.6;999.9;16.7;6.1;0.0;999.9;0;0;0;0;0;0
Villa_Dolores_Aero;873280;2013;09;15;8.9;8;4.1;8;1021.2;8;953.9;8;21.2;8;1.6;8;2.6;999.9;13.5;7.0;0.0;999.9;0;1;0;0;0;0
Villa_Dolores_Aero;873280;2013;09;16;5.3;8;0.7;8;1023.2;8;954.9;8;24.9;8;2.4;8;6.2;999.9;10.0;1.4;5.1;999.9;0;1;0;0;0;0
Villa_Dolores_Aero;873280;2013;09;17;5.0;8;-5.6;8;1025.9;8;957.1;8;27.5;8;3.3;8;8.2;999.9;13.7;-3.8;0.0;999.9;0;0;0;0;0;0
Villa_Dolores_Aero;873280;2013;09;18;10.4;8;-6.9;8;1021.8;8;954.2;8;19.3;8;2.6;8;3.6;999.9;18.7;1.2;0.0;999.9;0;0;0;0;0;0
Villa_Dolores_Aero;873280;2013;09;19;14.5;8;-4.8;8;1018.0;8;951.8;8;29.9;8;6.3;8;11.3;999.9;22.8;7.2;0.0;999.9;0;0;0;0;0;0
Villa_Dolores_Aero;873280;2013;09;20;17.2;8;-2.4;8;1009.5;8;944.6;8;26.9;8;2.9;8;6.2;999.9;24.4;7.5;0.0;999.9;0;0;0;0;0;0
Villa_Dolores_Aero;873280;2013;09;21;11.3;6;-3.1;6;1010.4;6;944.9;6;25.9;6;4.3;6;7.7;999.9;25.5;7.1;0.0;999.9;0;0;0;0;0;0
Villa_Dolores_Aero;873280;2013;09;22;7.8;7;-4.7;7;1025.1;7;957.2;7;29.9;7;2.4;7;4.6;999.9;16.4;-0.9;0.0;999.9;0;0;0;0;0;0
Villa_Dolores_Aero;873280;2013;09;23;8.7;7;-3.9;7;1030.8;7;962.8;7;29.9;7;2.2;7;3.6;999.9;17.2;1.8;0.0;999.9;0;0;0;0;0;0
Villa_Dolores_Aero;873280;2013;09;24;9.3;8;-6.0;8;1029.3;8;961.3;8;29.9;8;2.2;8;3.6;999.9;18.9;-1.3;0.0;999.9;0;0;0;0;0;0
Villa_Dolores_Aero;873280;2013;09;25;14.3;7;-5.1;7;1021.7;7;955.0;7;27.2;7;5.8;7;9.3;999.9;21.5;3.4;0.0;999.9;0;0;0;0;0;0
Villa_Dolores_Aero;873280;2013;09;26;17.7;8;-2.9;8;1014.2;8;948.8;8;26.2;8;4.5;8;7.2;999.9;25.0;9.7;0.0;999.9;0;0;0;0;0;0
Villa_Dolores_Aero;873280;2013;09;27;17.4;8;0.1;8;1013.1;8;948.1;8;24.9;8;2.1;8;4.1;999.9;26.0;8.9;0.0;999.9;0;0;0;0;0;0
Villa_Dolores_Aero;873280;2013;09;28;8.9;8;0.3;8;1022.6;8;955.9;8;19.8;8;7.0;8;15.4;999.9;21.7;3.5;0.0;999.9;0;0;0;0;0;0
Villa_Dolores_Aero;873280;2013;09;29;8.3;8;-4.6;8;1025.3;8;957.1;8;28.8;8;4.0;8;7.7;999.9;16.9;-3.2;0.0;999.9;0;0;0;0;0;0
Villa_Dolores_Aero;873280;2013;09;30;12.3;8;1.3;8;1021.8;8;954.9;8;28.8;8;4.2;8;5.1;999.9;19.4;4.6;0.0;999.9;0;0;0;0;0;0
Villa_Dolores_Aero;873280;2013;10;01;14.9;7;1.8;7;1017.8;7;951.6;7;27.2;7;2.2;7;4.1;999.9;21.9;7.2;0.0;999.9;0;0;0;0;0;0
Villa_Dolores_Aero;873280;2013;10;02;17.2;8;1.2;8;1013.6;8;948.3;8;24.9;8;4.0;8;10.3;999.9;25.5;10.0;0.0;999.9;0;0;0;0;0;0
Villa_Dolores_Aero;873280;2013;10;03;15.3;8;6.1;8;1018.1;8;952.7;8;19.3;8;3.7;8;7.7;999.9;26.4;9.6;18.0;999.9;0;1;0;0;0;0
Villa_Dolores_Aero;873280;2013;10;04;13.6;8;0.4;8;1024.2;8;957.5;8;29.9;8;3.2;8;7.2;999.9;22.7;4.0;0.0;999.9;0;0;0;0;0;0
Villa_Dolores_Aero;873280;2013;10;05;16.9;8;0.5;8;1018.9;8;953.2;8;28.8;8;2.5;8;4.1;999.9;25.7;8.7;0.0;999.9;0;0;0;0;0;0
Villa_Dolores_Aero;873280;2013;10;06;19.4;8;4.4;8;1018.8;8;953.7;8;21.2;8;2.1;8;3.6;999.9;27.2;11.3;0.0;999.9;0;0;0;0;0;0
Villa_Dolores_Aero;873280;2013;10;07;21.4;8;3.4;8;1017.2;8;952.7;8;18.8;8;3.2;8;8.7;999.9;28.3;13.1;0.0;999.9;0;0;0;0;0;0
Villa_Dolores_Aero;873280;2013;10;08;23.3;8;2.9;8;1012.0;8;948.1;8;16.9;8;6.7;8;13.4;999.9;31.4;14.7;0.0;999.9;0;0;0;0;0;0
Villa_Dolores_Aero;873280;2013;10;09;24.2;8;3.2;8;1008.7;8;945.6;8;11.3;8;6.5;8;13.9;999.9;32.5;18.0;0.0;999.9;0;0;0;0;0;0
Villa_Dolores_Aero;873280;2013;10;10;21.0;8;-2.3;8;1014.0;8;949.6;8;22.5;8;2.6;8;3.6;999.9;29.7;11.6;0.0;999.9;0;0;0;0;0;0
Villa_Dolores_Aero;873280;2013;10;11;22.4;8;9.6;8;1012.5;8;948.6;8;23.8;8;2.6;8;6.7;999.9;29.9;13.3;0.0;999.9;0;0;0;0;0;0
Villa_Dolores_Aero;873280;2013;10;12;19.8;7;13.2;7;1013.6;7;949.2;7;22.9;7;2.6;7;3.1;999.9;29.7;13.9;9.9;999.9;0;0;0;0;1;0
Villa_Dolores_Aero;873280;2013;10;13;21.8;8;12.4;8;1012.5;8;948.4;8;26.2;8;2.3;8;5.1;999.9;27.5;14.5;0.0;999.9;0;0;0;0;0;0
Villa_Dolores_Aero;873280;2013;10;14;22.9;8;13.3;8;1014.1;8;950.1;8;26.2;8;2.8;8;6.2;999.9;31.0;17.1;0.0;999.9;0;0;0;0;1;0
Villa_Dolores_Aero;873280;2013;10;15;24.0;8;13.0;8;1014.0;8;950.2;8;26.2;8;4.2;8;7.7;999.9;31.4;16.8;13.0;999.9;0;0;0;0;0;0
Villa_Dolores_Aero;873280;2013;10;16;21.2;7;12.6;7;1012.9;7;949.5;7;29.9;7;5.6;7;6.2;999.9;24.4;17.7;0.0;999.9;0;0;0;0;1;0
Villa_Dolores_Aero;873280;2013;10;17;18.8;7;9.6;7;1015.2;6;951.0;7;29.9;7;2.3;7;3.1;999.9;28.7;12.0;0.0;999.9;0;0;0;0;0;0
Villa_Dolores_Aero;873280;2013;10;18;23.6;8;9.3;8;1010.8;8;947.7;8;29.9;8;2.4;8;4.1;999.9;31.2;14.8;0.0;999.9;0;0;0;0;0;0
Villa_Dolores_Aero;873280;2013;10;19;27.7;8;7.0;8;1003.3;6;941.6;8;21.2;8;5.3;8;10.3;999.9;34.6;21.5;0.0;999.9;0;0;0;0;0;0
Villa_Dolores_Aero;873280;2013;10;20;29.1;5;8.7;5;995.5;5;934.6;4;24.6;5;13.3;5;999.9;999.9;35.8;25.3;0.0;999.9;0;0;0;0;0;0
Villa_Dolores_Aero;873280;2013;10;21;19.6;8;0.5;8;1011.3;8;947.8;8;26.2;8;4.2;8;7.7;999.9;32.5;10.1;0.0;999.9;0;0;0;0;0;0
Villa_Dolores_Aero;873280;2013;10;22;27.3;4;3.8;4;1003.4;4;941.1;4;29.9;4;8.2;4;12.9;999.9;30.3;19.4;0.0;999.9;0;0;0;0;0;0
Villa_Dolores_Aero;873280;2013;10;23;21.8;7;6.1;7;1006.2;7;943.7;7;20.0;7;5.3;7;8.2;999.9;26.1;16.2;0.0;999.9;0;0;0;0;0;0
Villa_Dolores_Aero;873280;2013;10;24;17.8;8;-1.4;8;1018.4;8;953.7;8;22.5;8;3.1;8;6.2;999.9;26.8;12.4;0.0;999.9;0;0;0;0;0;0
Villa_Dolores_Aero;873280;2013;10;25;20.5;7;4.3;7;1015.4;7;951.9;7;24.9;7;1.9;7;4.1;999.9;26.2;15.0;0.0;999.9;0;0;0;0;0;0
Villa_Dolores_Aero;873280;2013;10;26;18.1;4;8.6;4;1011.5;4;947.8;4;24.9;4;1.9;4;3.6;999.9;28.0;13.4;0.0;999.9;0;0;0;0;0;0
Villa_Dolores_Aero;873280;2013;10;27;22.7;8;5.3;8;1013.7;8;950.5;8;27.5;8;4.0;8;9.3;999.9;31.7;12.7;0.0;999.9;0;0;0;0;0;0
Villa_Dolores_Aero;873280;2013;10;28;30.1;4;10.7;4;1006.1;4;944.0;4;29.9;4;10.6;4;11.3;999.9;33.3;20.2;0.0;999.9;0;0;0;0;0;0
Villa_Dolores_Aero;873280;2013;10;29;26.5;8;7.0;8;1005.5;8;943.6;8;26.2;8;3.1;8;8.8;999.9;33.7;19.0;0.0;999.9;0;0;0;0;0;0
Villa_Dolores_Aero;873280;2013;10;30;27.4;8;14.8;8;1003.6;8;941.8;8;29.9;8;5.1;8;8.7;999.9;34.4;20.5;14.0;999.9;0;0;0;0;1;0
Villa_Dolores_Aero;873280;2013;10;31;27.6;8;16.3;8;997.6;8;936.9;8;24.9;8;2.9;8;5.1;999.9;35.0;20.1;0.0;999.9;0;0;0;0;0;0
Villa_Dolores_Aero;873280;2013;11;01;20.2;4;15.2;4;1004.4;4;942.0;4;21.2;4;8.1;4;12.9;999.9;35.6;15.5;14.0;999.9;0;1;0;0;1;0
Villa_Dolores_Aero;873280;2013;11;02;18.4;8;7.7;8;1017.4;8;952.5;8;25.6;8;3.7;8;7.7;999.9;25.2;12.0;0.0;999.9;0;0;0;0;0;0
Villa_Dolores_Aero;873280;2013;11;03;25.3;4;3.8;4;1016.9;4;952.6;4;29.9;4;2.6;4;4.1;999.9;28.9;9.3;0.0;999.9;0;0;0;0;0;0
Villa_Dolores_Aero;873280;2013;11;04;22.1;7;6.9;7;1013.2;7;950.0;7;29.9;7;1.8;7;5.1;999.9;31.5;12.0;0.0;999.9;0;0;0;0;0;0
Villa_Dolores_Aero;873280;2013;11;05;23.7;8;7.7;8;1012.2;8;949.1;8;29.9;8;4.0;8;7.7;999.9;33.5;14.4;0.0;999.9;0;0;0;0;0;0
Villa_Dolores_Aero;873280;2013;11;06;25.9;8;6.7;8;1007.1;8;944.8;8;26.9;8;6.5;8;11.3;999.9;34.0;17.3;0.0;999.9;0;0;0;0;0;0
Villa_Dolores_Aero;873280;2013;11;08;24.0;8;14.4;8;1006.2;8;943.8;8;29.9;8;2.6;8;4.1;999.9;32.8;17.8;0.0;999.9;0;0;0;0;1;0
Villa_Dolores_Aero;873280;2013;11;09;26.2;4;14.3;4;999.9;4;937.7;4;27.5;4;3.4;4;5.1;999.9;29.7;17.8;0.0;999.9;0;0;0;0;0;0
Villa_Dolores_Aero;873280;2013;11;10;15.5;8;13.8;8;1007.1;8;943.3;8;27.5;8;3.0;8;4.6;999.9;30.0;12.0;7.1;999.9;0;1;0;0;1;0
Villa_Dolores_Aero;873280;2013;11;11;17.4;8;11.3;8;1011.9;8;947.1;8;18.8;8;1.9;8;4.1;999.9;25.9;11.6;5.1;999.9;0;0;0;0;0;0
Villa_Dolores_Aero;873280;2013;11;12;22.7;8;6.5;8;1009.4;8;945.9;8;29.9;8;2.8;8;5.1;999.9;31.6;14.4;0.0;999.9;0;0;0;0;0;0
Villa_Dolores_Aero;873280;2013;11;13;28.3;8;3.9;8;1005.9;8;944.1;8;28.2;8;8.3;8;14.4;999.9;35.2;22.2;0.0;999.9;0;0;0;0;0;0
