875820  20130101    17.9 23     9.2 23  1017.3  7  1016.6  7   10.8 23    7.6 23   12.3   20.6    24.1    12.2    0.5G 999.9  000000
875820  20130102    18.7 23     8.9 23  1021.0  7  1020.3  7   10.6 23    3.4 23    7.7  999.9    22.0*   14.5    0.0G 999.9  000000
875820  20130103    21.3 23    13.7 23  1018.7  8  1018.0  8   10.8 23    4.4 23    6.2  999.9    26.0*   18.0*   0.0I 999.9  000000
875820  20130104    25.1 24    18.1 24  1014.2  8  1013.5  8   10.6 24    4.8 24    7.7  999.9    28.0*   19.8    0.0I 999.9  000000
875820  20130105    25.9 24    20.7 24  1008.2  8  1007.5  8    9.7 24    5.7 24   10.3   24.7    29.0*   22.0   26.9G 999.9  010010
875820  20130106    25.2 24    20.0 24  1006.5  8  1005.7  8   10.0 24    3.2 24    4.6  999.9    29.5    21.3    0.0G 999.9  000000
875820  20130107    27.5 24    21.1 24  1002.9  8  1002.2  8   10.1 24    3.9 24    7.2  999.9    31.0*   23.6    0.0B 999.9  010000
875820  20130108    24.7 23    19.3 23  1008.6  8  1007.9  8   10.3 23    3.8 23    9.8  999.9    31.5    20.0    0.0G 999.9  000000
875820  20130109    25.6 24    20.5 24  1015.5  8  1014.8  8   10.5 24    5.4 24    8.2   12.3    27.2*   22.0    0.0I 999.9  000000
875820  20130110    26.1 24    17.7 24  1018.5  8  1017.9  8   10.3 24    4.7 24    7.7   11.8    29.0*   22.6    0.0I 999.9  000000
875820  20130111    25.7 24    18.1 24  1016.3  8  1015.6  8   10.0 24    4.9 24    8.2  999.9    29.3    22.0    0.0I 999.9  000000
875820  20130112    25.9 24    17.4 24  1013.2  8  1012.5  8   10.0 24    5.6 24    9.3   12.9    29.0    23.0    0.0I 999.9  000000
875820  20130113    26.3 23    18.1 23  1015.3  8  1014.6  8   10.1 23    3.8 23    7.2  999.9    29.0*   23.4    0.0I 999.9  000000
875820  20130114    25.8 24    17.9 24  1015.8  8  1015.1  8   10.1 24    3.8 24    7.2  999.9    29.0    23.0    0.0I 999.9  000000
875820  20130115    25.3 23    19.1 23  1013.0  8  1012.1  7   10.3 23    5.3 23    8.2  999.9    28.5    22.4    0.0I 999.9  000000
875820  20130116    26.1 23    20.4 23  1008.6  8  1007.8  8   10.0 23    5.1 23    9.8  999.9    29.0*   23.0* 999.9  999.9  010010
875820  20130117    25.1 24    20.2 24  1011.1  8  1010.4  8   10.6 24    6.1 24    7.7  999.9    29.6    21.5   18.0G 999.9  010010
875820  20130118    24.3 24    18.9 24  1015.5  8  1014.8  8   10.8 24    4.6 24    8.2  999.9    28.9    20.2    0.0G 999.9  000000
875820  20130119    21.8 24    15.6 24  1017.6  8  1016.9  8    9.0 24    7.7 24   12.3   17.5    28.0    18.5    0.0G 999.9  010000
875820  20130120    21.4 24    15.3 24  1022.3  8  1021.6  8   10.6 24    5.9 24   10.8   12.3    25.0*   17.8   19.0G 999.9  010000
875820  20130121    23.1 24    16.2 24  1021.9  8  1021.2  8   10.8 23    5.5 23    8.7   13.9    25.4    18.7    0.0G 999.9  000000
875820  20130122    24.0 24    18.2 24  1018.3  7  1017.6  7   10.1 24    5.9 24   10.3   13.9    27.0*   21.1    0.0I 999.9  000000
875820  20130123    26.1 24    21.2 24  1012.3  8  1011.6  8   10.3 24    3.2 24    7.2  999.9    29.0*   22.5    0.0B 999.9  010000
875820  20130124    29.4 23    21.2 23  1002.5  7  1001.7  7   10.5 23    3.6 23    8.2   15.9    36.0*   24.9    1.0G 999.9  000010
875820  20130125    19.9 24    10.8 24  1009.3  8  1008.5  8   10.8 24    8.2 24   11.8   18.5    36.5    14.9    0.0G 999.9  000000
875820  20130126    21.2 24    10.2 24  1015.1  8  1014.4  8   10.6 24    3.4 24    5.7  999.9    26.0*   15.0    0.0I 999.9  000000
875820  20130127    24.7 24    14.1 24  1014.0  8  1013.3  8   10.3 24    4.5 24    6.7  999.9    29.4*   20.0    0.0I 999.9  000000
875820  20130128    26.8 24    18.4 24  1014.1  8  1013.5  8   10.0 24    5.2 24    6.7  999.9    32.0*   21.8    0.0I 999.9  000000
875820  20130129    27.9 24    21.0 24  1014.6  8  1013.9  8   10.3 24    2.2 24    4.6  999.9    31.9    24.2    0.0I 999.9  000000
875820  20130130    26.7 24    20.7 24  1011.8  8  1011.2  8   10.5 24    3.6 24    9.3  999.9    31.5    24.0    0.0I 999.9  000000
875820  20130131    27.4 24    21.6 24  1009.9  8  1009.2  8   10.1 24    3.7 24    7.2  999.9    32.0*   23.3    0.0I 999.9  000000
875820  20130201    29.2 24    21.0 24  1006.0  8  1005.3  8   10.3 24    4.0 24    6.2  999.9    35.0*   24.0    0.0I 999.9  000000
875820  20130202    25.6 24    19.8 24  1009.7  7  1009.0  7   10.0 24    5.6 24   12.9   23.1    35.8    22.0   10.9G 999.9  010110
875820  20130203    21.1 22     9.8 22  1018.7  7  1018.0  7   10.6 22    6.6 22   11.8   18.0    27.6    17.6    0.0G 999.9  000000
875820  20130204    20.5 24    10.1 24  1016.1  8  1015.4  8   10.1 24    3.7 24    5.7  999.9    24.0*   17.5    0.0I 999.9  000000
875820  20130205    24.0 24    14.4 24  1015.4  8  1014.7  8   10.6 24    3.2 24    5.1  999.9    27.0*   18.9    0.0I 999.9  000000
875820  20130206    24.4 23    16.7 23  1017.5  8  1016.8  8   10.5 23    4.3 23    7.7  999.9    27.5    21.5    0.0I 999.9  000000
875820  20130207    24.3 24    18.2 24  1017.4  8  1016.7  8   10.1 24    5.1 24    8.7  999.9    27.5    21.6    0.0I 999.9  000000
875820  20130208    25.1 23    18.9 23  1014.5  7  1013.8  7   10.5 23    5.1 23    8.7  999.9    28.0*   22.6    0.0I 999.9  000000
875820  20130209    25.9 24    20.4 24  1012.1  7  1011.4  7   10.5 24    5.1 24    7.7   13.4    29.0*   23.2    0.0I 999.9  000000
875820  20130210    27.0 24    21.6 24  1008.6  8  1007.9  8   10.1 24    4.0 24   13.4   19.5    30.0*   21.0* 999.9  999.9  010010
875820  20130211    25.1 24    20.4 24  1007.4  8  1006.6  8   10.8 24    2.9 24    5.1  999.9    30.6    20.4   34.0G 999.9  010010
875820  20130212    27.9 24    19.5 24  1004.2  8  1003.4  8   10.8 24    3.4 24    5.7  999.9    33.0*   22.4    0.0G 999.9  000000
875820  20130213    27.1 24    19.1 24  1007.5  8  1006.7  8   10.1 24    3.8 24    6.2   11.8    34.0    23.0    0.0I 999.9  000000
875820  20130214    25.8 24    19.8 24  1010.3  8  1009.6  8    9.5 24    2.3 24    5.1  999.9    29.9    22.4    0.0I 999.9  000000
875820  20130215    26.3 23    19.7 23  1011.6  8  1010.9  8   10.6 23    3.4 23    7.7  999.9    29.0*   22.5    0.0I 999.9  000000
875820  20130216    27.6 24    21.7 24  1006.7  7  1006.0  7   10.8 24    4.4 24    7.7   12.9    31.0*   24.2    0.0I 999.9  000000
875820  20130217    27.3 23    18.5 23  1004.9  8  1004.2  8   10.3 23    4.3 23   11.8   19.5    31.9    24.2    0.0G 999.9  010000
875820  20130218    21.5 24     8.6 24  1016.7  8  1016.0  8    9.8 24    7.7 24   10.8   17.0    30.7    17.5    0.0I 999.9  000000
875820  20130219    19.0 24    12.9 24  1019.8  7  1019.1  7    9.7 24    4.9 24    8.2   15.4    25.5    17.0*   3.0G 999.9  010000
875820  20130220    21.2 24    15.2 24  1017.1  8  1016.4  8   10.0 24    7.6 24   12.9   18.0    24.1*   16.8    7.1G 999.9  010000
875820  20130221    21.1 21    17.8 21  1014.0  6  1013.3  6    7.2 21    6.8 21   12.3   15.9    24.8    18.5   32.0G 999.9  010000
875820  20130222    22.0 24    16.8 24  1018.8  8  1018.1  8   10.8 24    4.4 24    6.2  999.9    24.4    19.5    0.0G 999.9  000000
875820  20130223    23.4 24    17.4 24  1013.6  8  1012.9  8   10.0 24    6.4 24   10.3   16.5    27.0*   20.0*   0.0I 999.9  000000
875820  20130224    24.9 24    19.4 24  1006.5  6  1005.7  6    9.2 24    3.7 24    9.3   11.8    29.0*   20.9   11.9A 999.9  010010
875820  20130225    20.9 24    10.1 24  1011.4  8  1010.7  8   10.6 24    6.5 24    8.7  999.9    29.0    15.5    0.0I 999.9  000000
875820  20130226    18.2 24     6.3 24  1015.7  8  1015.0  8   10.3 24    4.3 24    7.2  999.9    23.5    13.2    0.0I 999.9  000000
875820  20130227    19.7 24     9.4 24  1016.6  8  1015.9  8   10.8 24    2.3 24    4.1  999.9    23.3    15.0    0.0I 999.9  000000
875820  20130228    20.9 24    12.2 24  1016.1  8  1015.4  8   10.3 24    5.1 24   12.9   13.9    23.5    18.0*   0.0I 999.9  000000
875820  20130301    22.1 24    16.9 24  1011.4  8  1010.7  8   10.1 24    5.6 24   11.3  999.9    25.3*   19.4    0.0I 999.9  000000
875820  20130302    23.3 24    17.4 24  1003.6  7  1002.9  7    9.3 24    7.9 24   12.9   16.5    26.2    19.6   57.9G 999.9  010010
875820  20130303    19.6 23    13.0 23  1013.4  7  1012.7  7   10.6 23    4.7 23   10.8  999.9    25.3    15.8    0.0G 999.9  000000
875820  20130304    18.1 23    10.1 23  1017.3  8  1016.6  8   10.6 23    4.2 23    7.2  999.9    23.0    13.1    0.0I 999.9  000000
875820  20130305    20.1 24    10.1 24  1014.2  8  1013.5  8   10.6 24    2.9 24    4.6  999.9    24.0*   15.2    0.0I 999.9  000000
875820  20130306    21.9 24    14.4 24  1009.8  8  1009.0  8   10.5 24    4.7 24    6.2  999.9    27.0*   17.3    0.0I 999.9  000000
875820  20130307    23.0 23    17.7 23  1012.3  8  1011.6  8   10.8 23    3.1 23    5.1  999.9    27.0    19.0    0.0I 999.9  000000
875820  20130308    23.3 24    18.9 24  1013.8  8  1013.1  8    8.9 24    5.8 24    8.2  999.9    28.0*   19.6    0.0I 999.9  000000
875820  20130309    24.7 24    20.9 24  1008.8  8  1008.1  8   10.3 24    2.9 24    6.2  999.9    28.0    21.5    5.1G 999.9  010010
875820  20130310    23.4 24    12.8 24  1006.5  8  1005.8  8   10.0 24    5.7 24   10.3   19.0    27.5    20.4    0.0G 999.9  000010
875820  20130311    20.3 23     9.2 23  1008.2  7  1007.5  7   10.5 23    2.2 23    4.6  999.9    26.3    15.5  999.9  999.9  010000
875820  20130312    19.1 24     9.7 24  1011.1  8  1010.4  8   10.3 24    5.3 24    8.2  999.9    25.5    15.8    0.0G 999.9  000000
875820  20130313    17.9 24     9.7 24  1016.9  8  1016.2  8   10.8 24    4.1 24    6.7  999.9    21.0    16.0    0.0I 999.9  000000
875820  20130314    15.1 24     7.4 24  1021.8  8  1021.1  8   10.8 24    3.1 24    7.7  999.9    19.3    10.9    0.0I 999.9  000000
875820  20130315    16.1 24     7.0 24  1023.4  8  1022.7  8   10.3 24    3.3 24    6.2  999.9    18.9    13.0    0.0C 999.9  010000
875820  20130316    14.6 24     6.3 24  1026.3  9  1025.6  9   10.5 24    3.8 24    5.1  999.9    18.0    10.5    0.0I 999.9  000000
875820  20130317    16.3 24     7.7 24  1027.5  8  1026.8  8   10.8 24    5.9 24    8.2   13.4    18.9    13.3    0.0I 999.9  000000
875820  20130318    18.4 24    11.6 24  1025.3  8  1024.6  8   10.6 24    6.0 24   10.8   15.4    22.0*   15.5    0.0I 999.9  000000
875820  20130319    19.7 24    14.8 24  1020.6  8  1019.9  8   10.6 24    7.5 24   10.3  999.9    23.0*   17.8    0.0I 999.9  000000
875820  20130320    19.8 24    17.1 24  1013.0  8  1012.3  8    9.2 24    6.3 24   10.8   14.9    23.2    18.8    0.0G 999.9  010000
875820  20130321    21.4 24    16.2 24  1009.0  8  1008.2  8    9.7 24    5.5 24    8.7  999.9    28.0*   17.7    7.9G 999.9  010000
875820  20130322    19.1 24     7.9 24  1016.2  8  1015.5  8   10.5 24    3.7 24    7.2   12.3    27.9    13.3    0.0G 999.9  000000
875820  20130323    19.8 24    14.2 24  1018.2  6  1017.5  6    9.5 24    1.6 24    4.1  999.9    23.0*   17.0    5.1G 999.9  010010
875820  20130324    20.8 24    15.8 24  1014.9  8  1014.1  8   10.1 24    2.7 24    5.7  999.9    23.4    17.2    0.0G 999.9  000000
875820  20130325    21.5 23    15.1 23  1012.4  8  1011.7  8   10.0 23    3.2 23    9.3   15.4    27.0*   16.7    0.0B 999.9  010010
875820  20130326    19.4 24    12.8 24  1018.1  8  1017.4  8   10.6 24    3.0 24    5.1  999.9    25.0    15.6    5.1G 999.9  000010
875820  20130327    19.3 24    13.4 24  1021.2  8  1020.6  8   10.8 24    1.9 24    3.1  999.9    23.6    16.0    0.0G 999.9  000000
875820  20130328    20.1 24    13.4 24  1021.1  8  1020.4  8   10.8 24    2.3 24    4.1  999.9    24.0*   15.6    0.0I 999.9  000000
875820  20130329    22.1 24    14.9 24  1019.6  8  1018.9  8   10.5 24    3.5 24    5.1  999.9    25.0*   18.5    0.0I 999.9  000000
875820  20130330    22.3 24    16.3 24  1016.0  8  1015.3  8   10.5 24    3.7 24    6.7  999.9    25.3    19.0    0.0I 999.9  000000
875820  20130331    23.1 24    19.3 24  1014.9  8  1014.2  8   10.5 24    3.9 24   10.8  999.9    25.7    20.4    0.0I 999.9  000000
875820  20130401    22.2 23    19.2 23  1016.0  7  1015.1  6    9.7 23    7.2 23   12.3   17.0    25.0    19.7    5.1G 999.9  010010
875820  20130402    21.7 24    19.3 24  1014.5  7  1013.7  7    7.7 24    4.7 24    8.2   13.4    24.0    19.8   39.9G 999.9  010010
875820  20130403    19.9 21    16.9 21  1014.2  8  1013.5  8   10.6 21    2.9 21    5.1  999.9    23.0    18.0    6.1G 999.9  010010
875820  20130404    20.2 24    13.9 24  1010.9  8  1010.2  8   10.6 24    2.2 24    4.6  999.9    24.0    16.6    0.0G 999.9  010000
875820  20130405    21.6 24    12.4 24  1004.5  8  1003.8  8   10.5 24    4.3 24    7.2   11.3    27.2*   15.3    0.0G 999.9  000000
875820  20130406    18.8 24     7.9 24  1009.3  8  1008.6  8   10.3 24    4.9 24    8.2   17.5    27.6    15.7    0.0I 999.9  000000
875820  20130407    15.3 23     1.3 23  1017.5  8  1016.8  8   10.3 23    2.5 23    4.1  999.9    19.4*    9.2    0.0I 999.9  000000
875820  20130408    17.4 24     6.8 24  1019.2  8  1018.5  8   10.3 24    1.9 24    3.1  999.9    22.0*   11.3    0.0I 999.9  000000
875820  20130409    20.0 23    12.2 23  1019.7  7  1019.0  7   10.3 23    3.5 23    8.2  999.9    22.2*   17.6    0.0I 999.9  000000
875820  20130410    18.8 24    13.2 24  1016.7  8  1016.0  8   10.3 24    5.6 24    8.7   14.4    22.5    16.0  999.9  999.9  010010
875820  20130411    19.6 24    16.5 24  1009.2  7  1008.5  7    8.7 24    5.4 24    7.7   11.8    21.0    17.2   18.0G 999.9  010010
875820  20130412    17.5 23     8.3 23  1011.8  8  1011.0  8   10.5 23    5.7 23    8.2   13.4    21.0    13.9    5.1G 999.9  000000
875820  20130413    14.4 24     1.3 24  1018.2  8  1017.6  8   10.5 24    3.6 24    5.7  999.9    20.3     9.0    0.0G 999.9  000000
875820  20130414    17.9 24     3.9 23  1014.2  8  1013.5  8   10.0 24    4.5 24    6.7  999.9    25.0*   11.3    0.0I 999.9  000000
875820  20130415    20.7 24     9.6 24  1014.5  8  1013.9  8   10.1 24    4.4 24    6.7  999.9    25.9    14.5    0.0I 999.9  000000
875820  20130416    15.6 24     9.4 24  1019.4  7  1018.7  7   10.5 24    4.1 24    6.2   11.3    22.0*   12.0    0.0I 999.9  000000
875820  20130417    17.1 24    12.4 24  1019.5  8  1018.8  8   10.1 24    2.6 24    3.6  999.9    21.0*   13.5    0.0I 999.9  000000
875820  20130418    18.8 24    13.2 24  1017.1  8  1016.5  8    9.8 24    2.4 24    3.6  999.9    23.1*   13.5    0.0I 999.9  000000
875820  20130419    19.8 23    14.2 23  1018.0  8  1017.3  8   10.0 23    2.1 23    4.6  999.9    23.1    15.2    0.0I 999.9  000000
875820  20130420    20.1 23    15.3 23  1019.9  8  1019.2  8   10.1 23    1.4 23    4.1  999.9    24.0*   16.0    0.0I 999.9  100000
875820  20130421    21.2 24    16.7 24  1020.5  8  1019.8  8   10.8 24    2.8 24    6.2  999.9    24.5    17.3    0.0I 999.9  000000
875820  20130422    20.9 24    16.2 24  1021.0  8  1020.4  8   10.0 24    3.4 24    5.7  999.9    23.8    17.6    0.0I 999.9  000000
875820  20130423    21.2 24    17.4 24  1021.0  8  1020.4  8   10.0 24    1.9 24    4.6  999.9    25.0*   17.7    0.0I 999.9  000000
875820  20130424    20.8 24    16.1 24  1019.6  8  1018.9  8   10.0 24    2.5 24    5.7  999.9    25.1    17.2    0.0I 999.9  000000
875820  20130425    21.3 24    16.2 24  1016.8  8  1016.1  8   10.0 24    2.4 24    5.1  999.9    24.0*   17.2    0.0I 999.9  000000
875820  20130426    21.8 24    16.2 24  1015.7  8  1015.0  8   10.0 24    2.2 24    6.2  999.9    24.3    18.0    0.0I 999.9  100000
875820  20130427    21.6 24    16.7 24  1015.0  7  1014.3  7    9.3 24    4.5 24    7.2    9.3    25.4    19.6  999.9  999.9  010000
875820  20130428    20.6 24    16.5 24  1010.2  7  1009.5  7    7.9 24    4.2 24    9.3   14.4    24.2    18.0   38.1G 999.9  010010
875820  20130429    18.1 24    11.9 24  1011.9  8  1011.2  8   10.1 24    3.4 24    4.1  999.9    22.5    14.6    0.0G 999.9  000000
875820  20130430    17.9 23    13.4 23  1015.8  7  1015.1  7    8.5 23    2.1 23    4.6  999.9    22.6    14.2    0.0I 999.9  000000
875820  20130501    18.8 24    15.2 24  1015.0  8  1014.3  8   10.0 24    4.0 24    5.7  999.9    20.9    16.8  999.9  999.9  010000
875820  20130502    19.7 24    17.9 24  1012.6  8  1011.8  8    8.5 24    2.9 24    5.1  999.9    22.0*   17.8    3.0G 999.9  010000
875820  20130503    17.8 24    16.3 24  1010.1  7  1009.4  7    7.7 24    6.7 24   10.8   19.0    22.0    14.0*   7.9G 999.9  010000
875820  20130504    14.9 24     9.5 24  1015.2  8  1014.4  8    9.0 24    3.2 24    9.3   11.8    21.0*    9.6    6.1G 999.9  010000
875820  20130505    17.1 22     8.9 22  1019.2  8  1018.5  8   10.5 22    2.8 22    4.6  999.9    21.0    10.0    0.0G 999.9  000000
875820  20130506    18.2 24    10.9 24  1014.5  8  1013.9  8   10.6 24    4.8 24    8.2   15.4    24.0*   12.3    0.0I 999.9  000000
875820  20130507    13.8 23     4.5 23  1020.4  8  1019.7  8   10.0 23    4.5 23    9.3   17.0    24.5     9.8    0.0I 999.9  000000
875820  20130508    15.4 24     6.6 24  1014.2  8  1013.5  8    9.8 24    5.4 24    7.7  999.9    23.0*   10.5    0.0I 999.9  000000
875820  20130509    17.8 24    12.4 24  1014.6  8  1013.9  8   10.1 24    2.9 24    4.6    9.3    23.2    11.4    0.0I 999.9  000000
875820  20130510    18.7 24    14.3 24  1012.5  8  1011.8  8   10.0 24    3.7 24    5.7  999.9    22.0*   15.1    0.0I 999.9  000000
875820  20130511    20.3 24    14.2 24  1013.6  8  1012.9  8    8.9 24    2.5 24    4.1  999.9    23.5*   16.5    5.1G 999.9  010010
875820  20130512    16.7 24    13.0 24  1016.2  8  1015.5  8    9.0 24    2.5 24    4.1  999.9    24.0    12.9    0.0G 999.9  100000
875820  20130513    16.8 24    13.1 24  1015.4  8  1014.7  7   10.1 24    1.9 24    4.1  999.9    20.0    14.0    0.0I 999.9  000000
875820  20130514    18.2 24    15.1 24  1012.9  9  1012.2  9    5.8 24    2.1 24    6.7  999.9    21.0*   16.0  999.9  999.9  010000
875820  20130515    10.4 24     2.4 24  1016.7  7  1016.0  7    8.5 24    6.1 24   11.8   18.5    21.5     7.0*  29.0G 999.9  010010
875820  20130516     8.9 24    -2.1 24  1023.1  8  1022.4  8   10.3 24    3.8 24    6.2   11.8    13.0*    4.8    0.0G 999.9  000000
875820  20130517    10.3 24     2.3 24  1025.8  8  1025.1  8   10.3 24    2.0 24    3.6  999.9    14.0     5.2    0.0I 999.9  000000
875820  20130518    12.7 23     5.6 23  1025.0  7  1024.3  7    9.3 23    3.4 23    5.7  999.9    14.8     9.8    0.0B 999.9  010000
875820  20130519    12.5 22     7.7 22  1023.6  7  1022.9  7   10.0 22    2.8 22    4.1  999.9    14.2*   10.4    1.0G 999.9  010000
875820  20130520    11.4 24     7.6 24  1021.7  8  1021.1  8   10.3 24    3.3 24    6.7  999.9    14.8     8.0    0.0G 999.9  000000
875820  20130521    11.4 24     7.8 24  1019.0  8  1018.3  8    7.7 24    1.7 24    5.1  999.9    16.0*    7.5    0.0I 999.9  000000
875820  20130522    13.7 24    11.1 24  1020.3  8  1019.6  8    4.8 24    2.4 24    4.6  999.9    16.5     9.8    0.0G 999.9  010000
875820  20130523    15.3 22    13.4 22  1020.2  6  1019.5  6    5.8 22    1.9 22    4.6  999.9    17.0*   12.5    0.0G 999.9  110000
875820  20130524    14.7 24     9.4 24  1019.4  8  1018.7  8    8.4 24    3.2 24    5.1  999.9    18.2*   11.0    0.0I 999.9  000000
875820  20130525    14.6 24    10.9 24  1020.9  7  1020.2  7   10.1 24    3.3 24    4.6  999.9    18.2    12.0    0.0I 999.9  000000
875820  20130526    14.9 24    11.2 24  1015.5  8  1014.9  8    9.8 24    4.2 24    6.2  999.9    18.0*   12.5    0.0I 999.9  000000
875820  20130527    14.9 24    12.2 24  1011.5  8  1010.8  8    9.5 24    1.9 24    5.1  999.9    19.0    10.0    0.0I 999.9  000000
875820  20130528    16.5 24    14.3 24  1002.1  7  1001.4  7    9.7 24    3.2 24    8.7   16.5    18.2    14.0   49.0A 999.9  010110
875820  20130529    15.2 24     8.3 24  1005.3  8  1004.6  8   10.5 24    3.9 24    8.2   14.9    19.0*   13.3    0.0I 999.9  000000
875820  20130530    13.7 24     3.3 24  1010.6  8  1009.8  8   10.1 24    4.7 24    7.2   12.9    19.3     7.7    0.0I 999.9  000000
875820  20130531    14.9 24     8.7 24  1008.5  8  1007.7  8   10.3 24    5.1 24    8.2  999.9    19.5     9.4  999.9  999.9  010000
875820  20130601    14.9 23     9.6 23  1010.7  8  1009.9  8    9.8 23    1.8 23    3.1  999.9    19.0*   10.0    0.0G 999.9  000000
875820  20130602    14.2 22     4.5 22  1014.4  8  1013.7  8   10.0 22    3.8 22    6.7  999.9    19.2    12.0    0.0I 999.9  000000
875820  20130603    14.5 24     3.9 24  1018.4  8  1017.7  8   10.0 24    4.3 24    6.7   10.3    20.0*    9.8    0.0I 999.9  000000
875820  20130604    16.6 23     5.8 23  1013.6  8  1012.9  8    9.8 23    5.1 23    7.2  999.9    21.2*   11.2    0.0I 999.9  000000
875820  20130605    17.0 23     8.7 23  1010.7  9  1010.0  9    8.7 23    4.0 23    8.2   15.4    24.4*   11.0    0.0I 999.9  100000
875820  20130606    12.1 24     2.9 24  1018.5  8  1017.8  8   10.3 24    4.4 24    7.7   16.5    24.8     8.0    0.0I 999.9  000000
875820  20130607    13.4 24     6.3 24  1018.7  8  1018.0  8   10.5 24    5.3 24    9.3  999.9    18.2*    8.2    0.0I 999.9  000000
875820  20130608    12.4 24     3.1 24  1025.5  8  1024.8  8   10.0 24    4.5 24    7.7   12.9    19.1     9.0*   0.0I 999.9  000000
875820  20130609    13.3 24     9.4 24  1019.8  8  1019.1  8    9.8 24    2.4 24    5.1  999.9    14.7    11.2    0.0G 999.9  010000
875820  20130610    15.3 24    11.5 24  1017.9  8  1017.2  8    9.8 24    2.4 24    5.1  999.9    20.0*   12.0    2.0G 999.9  000000
875820  20130611    14.9 24    13.4 24  1019.1  8  1018.4  8    4.0 24    1.5 24    4.1  999.9    20.2    12.5    0.0G 999.9  100000
875820  20130612    17.7 24    14.3 24  1017.4  8  1016.7  8   10.1 24    3.1 24    5.1  999.9    23.0*   12.6    0.0I 999.9  000000
875820  20130613    19.8 24    15.8 24  1014.7  8  1014.0  8   10.1 24    3.0 24    6.2  999.9    25.0*   15.1    0.0I 999.9  000000
875820  20130614    14.4 23     6.0 23  1021.3  8  1020.6  8   10.3 23    7.2 23    9.8   15.4    25.6    10.4    0.0I 999.9  000000
875820  20130615    11.4 23     3.5 23  1021.4  8  1020.7  8   10.1 23    4.9 23    7.2  999.9    15.0*    8.2    0.0I 999.9  000000
875820  20130616    12.1 24     9.3 24  1015.2  8  1014.5  8    9.3 24    3.9 24    8.2  999.9    15.2     8.8    0.5A 999.9  010000
875820  20130617     9.7 23     4.8 23  1019.9  8  1019.2  8   10.1 23    2.8 23    4.6  999.9    13.5     6.6    5.1G 999.9  000000
875820  20130618    12.3 24     7.1 24  1016.3  8  1015.6  8   10.5 24    3.7 24    6.2  999.9    16.0*    7.1    0.0G 999.9  000000
875820  20130619     8.2 24    -5.3 23  1024.3  7  1023.6  7   10.0 24    4.8 24    8.2   13.9    16.1     4.6*   0.0I 999.9  000000
875820  20130620     7.9 24    -3.5 24  1025.5  8  1024.8  8   10.0 24    1.4 24    3.1  999.9    11.5     2.5    0.0I 999.9  000000
875820  20130621     9.5 21     2.0 21  1015.1  7  1014.4  7    8.9 21    1.6 21    2.6  999.9    13.8*    4.5    0.0I 999.9  000000
875820  20130622    11.3 24     1.2 24  1012.0  8  1011.3  8   10.1 24    4.2 24    7.2  999.9    15.0     6.4    0.0I 999.9  000000
875820  20130623    10.2 24     3.4 24  1022.5  8  1021.8  8   10.5 24    2.4 24    4.1  999.9    14.6     7.8    0.0I 999.9  000000
875820  20130624    10.4 24     5.8 24  1023.7  8  1023.0  8   10.1 24    4.5 24    8.2  999.9    13.3     7.4    0.0I 999.9  000000
875820  20130625    10.4 24     7.2 24  1018.9  7  1018.2  7    7.2 24    2.8 24    6.2   11.8    13.7*    8.2    0.0I 999.9  000000
875820  20130626    10.9 24     6.7 24  1016.7  8  1016.0  8    6.6 24    2.4 24    5.7  999.9    17.0*    6.0    0.0I 999.9  000000
875820  20130627    12.7 24     7.3 24  1016.0  8  1015.3  8   10.1 24    3.7 24    5.1  999.9    17.5     7.2    0.0I 999.9  000000
875820  20130628    13.6 24    10.4 24  1010.7  7  1010.0  7   10.0 24    2.9 24    6.2  999.9    15.0*   12.0    0.0B 999.9  010000
875820  20130629    14.4 24     5.1 24  1013.3  7  1012.6  7    8.9 24    4.1 24    6.7    9.3    18.0*   10.4    0.0G 999.9  010000
875820  20130630    11.6 24     1.2 24  1020.1  8  1019.5  8   10.5 24    2.5 24    4.6  999.9    18.5     7.0    0.0I 999.9  000000
875820  20130701    12.2 23     5.2 23  1023.1  8  1022.6  8   10.0 23    2.0 23    4.1  999.9    15.0     8.0    1.0G 999.9  010000
875820  20130702    13.2 24     6.2 24  1017.6  8  1016.9  8   10.0 24    4.7 24    6.7  999.9    18.0*    9.5    0.0G 999.9  000000
875820  20130703    15.0 24     8.7 24  1012.9  8  1012.2  8   10.0 24    4.9 24    7.7   11.3    19.0*   10.0    0.0I 999.9  000000
875820  20130704    15.4 24    13.5 24  1014.5  7  1013.8  7    8.2 24    2.4 24    4.1  999.9    17.0*   14.0    0.8A 999.9  110000
875820  20130705    14.4 23    13.6 23  1014.3  6  1013.6  6    1.6 23    3.2 23    5.1  999.9    17.1    13.1    0.0I 999.9  100000
875820  20130706    14.4 24    12.2 24  1013.1  7  1012.4  7    5.0 24    4.2 24    8.2   11.8    16.2*   12.0*   0.0G 999.9  110000
875820  20130707     9.8 24     3.6 24  1023.5  7  1022.8  7   10.9 24    5.3 24    6.7   11.3    17.3     6.0    0.0I 999.9  000000
875820  20130708     9.2 24     3.5 24  1031.0  8  1030.3  8   10.1 24    4.3 24    6.7  999.9    12.1     5.2    0.0I 999.9  000000
875820  20130709     9.8 24     6.8 24  1025.1  6  1024.4  6    8.4 24    4.6 24    7.2  999.9    12.2     7.5  999.9  999.9  010000
875820  20130710    12.4 24    11.1 24  1018.1  7  1017.5  7    5.3 24    2.6 24    6.2  999.9    14.0*    8.8   21.1G 999.9  010000
875820  20130711    15.4 24    14.8 24  1014.2 14  1013.5 14    3.2 24    3.1 24    6.2  999.9    17.0    11.8   26.9G 999.9  110010
875820  20130712    12.4 24    10.6 24  1020.1 12  1019.4 12    5.6 24    2.9 24    5.1  999.9    17.5    11.0    9.9G 999.9  010000
875820  20130713    12.6 24     9.2 24  1017.7  8  1017.0  8    9.0 24    2.8 24    5.7  999.9    15.0*    9.6    0.0G 999.9  000000
875820  20130714    12.7 22     4.6 22  1017.3  8  1016.6  8   10.1 22    3.7 22    5.1  999.9    16.2    10.8    0.0I 999.9  000000
875820  20130715    11.3 20     1.1 20  1021.2  8  1020.5  8   10.1 20    2.7 20    5.1  999.9    16.0*    5.8    0.0I 999.9  000000
875820  20130716    14.6 24     4.6 24  1014.9  8  1014.2  8   10.0 24    4.7 24    6.2  999.9    22.0*    8.3    0.0I 999.9  000000
875820  20130717    16.7 24    11.3 24  1009.5  8  1008.7  8   10.1 24    3.5 24    5.7  999.9    23.0*   11.0    0.0I 999.9  000000
875820  20130718    11.7 24     5.1 24  1013.5  8  1012.9  8   10.3 24    6.6 24   10.8   20.6    22.5     6.0*   0.0G 999.9  010000
875820  20130719     6.8 24    -0.4 24  1023.9  8  1023.3  8   10.1 24    3.4 24    5.7  999.9    11.1     3.2    0.0G 999.9  000000
875820  20130720     8.3 24    -0.1 24  1011.8  8  1011.1  8   10.1 24    4.7 24    9.8   13.9    13.0*    3.8    0.0I 999.9  000000
875820  20130721     5.0 24    -1.1 24  1013.8  8  1013.1  8   10.1 24    5.3 24    6.7   12.3    12.9     0.4  999.9  999.9  010000
875820  20130722     5.5 24     0.8 24  1019.5  8  1018.8  8   10.8 24    6.7 24    8.2   12.3     8.0*    2.0    0.0G 999.9  000000
875820  20130723     7.5 24    -2.3 24  1024.0  8  1023.3  8   10.0 24    4.9 24    8.2  999.9    11.0*    4.0    0.0I 999.9  000000
875820  20130724     8.1 24    -0.1 24  1025.7  8  1025.0  8    9.3 24    2.8 24    5.7  999.9    12.1*    3.2    0.0I 999.9  000000
875820  20130725     9.6 24     2.6 24  1025.9  8  1025.2  8   10.0 24    4.9 24    7.7  999.9    16.0*    4.8    0.0I 999.9  000000
875820  20130726    11.4 24     4.7 24  1025.4  8  1024.7  8   10.0 24    6.0 24    8.7  999.9    15.6     6.9    0.0I 999.9  000000
875820  20130727    12.9 23     8.8 23  1022.3  8  1021.7  8   10.0 23    2.7 23    4.6  999.9    16.0*    8.5    0.0I 999.9  000000
875820  20130728    11.9 24     9.3 24  1021.9  7  1021.2  7    8.0 24    1.6 24    4.1  999.9    16.3     7.5    0.0I 999.9  100000
875820  20130729    11.1 24     9.6 24  1022.8  7  1022.1  7    2.1 24    3.0 24    5.1  999.9    15.5     8.3    0.0I 999.9  100000
875820  20130730    12.7 20    10.5 20  1020.2  8  1019.5  8    8.0 20    4.5 20    7.7  999.9    15.4*    9.5    0.0I 999.9  000000
875820  20130731    16.4 24    13.2 24  1012.4  8  1011.7  8    8.0 24    2.6 24    5.7  999.9    20.2*   12.0    0.0I 999.9  000000
875820  20130801    12.2 23     9.4 23  1015.4  6  1014.7  6    7.4 23    6.4 23    9.8   13.9    18.0    10.0*   0.0G 999.9  010000
875820  20130802    10.2 24     5.6 24  1019.5  8  1018.8  8   10.0 24    5.4 24    8.8  999.9    12.2     8.4    3.0G 999.9  000000
875820  20130803     9.9 24     4.7 24  1018.9  8  1018.3  8    9.8 17    2.5 24    4.6  999.9    12.0*    5.9    0.0G 999.9  000000
875820  20130804    12.3 24     6.7 24  1018.4  8  1017.8  8    8.0 19    2.8 24    5.7  999.9    18.0*    6.8    0.0I 999.9  000000
875820  20130805    12.9 16     8.1 16  1014.6  7  1013.9  7   10.0  8    5.3 16    7.7  999.9    19.7*    9.8    0.0I 999.9  000000
875820  20130806    13.8  8     0.6  8  1018.4  8  1017.7  8    9.8  8    2.6  8    5.1  999.9    20.6    10.6    0.0I 999.9  000000
875820  20130807    17.4 12     9.4 12  1005.8  8  1005.1  8   10.0 12    5.1 12    8.2  999.9    22.0*   11.5    0.0I 999.9  000000
875820  20130808    14.4 24     1.1 24  1011.4  8  1010.8  8   10.0 13    4.4 24    9.3   16.0    23.5    12.8    0.0I 999.9  000000
875820  20130809    11.0 24    -1.8 24  1024.8  8  1024.2  8   10.0 14    4.4 24    6.7  999.9    16.7     7.0*   0.0I 999.9  000000
875820  20130810    10.8 24    -2.3 24  1025.5  8  1024.8  8   10.0 10    3.6 24    7.2  999.9    15.0*    6.2    0.0I 999.9  000000
875820  20130811    11.2 24    -1.8 24  1015.2  8  1014.5  8   10.0  8    6.1 24    9.3  999.9    16.0*    6.0    0.0I 999.9  000000
875820  20130812    12.3 24     3.4 24  1013.0  9  1012.3  9   10.0 14    4.2 24   10.3  999.9    16.8     9.0*   0.0I 999.9  000000
875820  20130813     6.8 24    -5.3 24  1025.8  8  1025.1  8   10.0 14    6.5 24   10.3   16.5    17.0     2.0    0.0I 999.9  000000
875820  20130814     9.1 24    -5.5 24  1032.0  8  1031.2  8   10.0 10    3.4 24    5.1  999.9    14.0*    3.1    0.0I 999.9  000000
875820  20130815     9.9 24    -1.0 24  1024.7  9  1024.1  9   10.0 10    7.2 24    8.2   13.9    15.0*    5.7*   0.0I 999.9  000000
875820  20130816    11.8 21    -0.5 21  1022.0  6  1021.3  6    9.5  7    4.3 21    7.7  999.9    18.0*    6.2    0.0I 999.9  000000
875820  20130817    10.8 24     4.8 24  1029.1  8  1028.4  8   10.0 14    3.8 24    5.1  999.9    14.0*    8.7    0.0I 999.9  000000
875820  20130818    12.6 24     6.9 24  1023.4  8  1022.7  8    8.5  9    5.1 24    8.8  999.9    17.0*    9.5    0.0I 999.9  000000
875820  20130819    15.5 24    11.4 24  1017.1  8  1016.4  8   10.0 10    3.3 24    6.2  999.9    20.4*   10.9    0.0I 999.9  000000
875820  20130820    16.3 24    12.2 24  1016.1  8  1015.4  8    9.8 12    2.8 24    7.2  999.9    21.0    12.5  999.9  999.9  010010
875820  20130821    16.7 24    14.3 24  1008.9  8  1008.2  8    8.2 18    3.3 24    6.2  999.9    21.1    14.5    7.9G 999.9  010010
875820  20130822    11.8 22     1.8 22  1012.6  8  1011.9  8    9.7 17    8.2 22   14.4   21.6    20.0     6.5    0.0G 999.9  000000
875820  20130823     7.3 22    -6.9 22  1024.6  7  1023.9  7   10.0 16    4.7 22    7.7  999.9    10.2*    4.0    0.0I 999.9  000000
875820  20130824     8.5 24     0.4 24  1029.8  8  1029.1  8   10.0 23    3.5 24    6.2  999.9    11.0*    4.3    0.0I 999.9  000000
875820  20130825     8.4 24    -2.8 24  1033.0  8  1032.3  8   10.0 16    5.4 24    8.2  999.9    11.2*    5.0    0.0I 999.9  000000
875820  20130826     6.7 24    -3.8 24  1033.8  8  1033.1  8   10.0 17    4.8 24    7.7  999.9    11.5     2.6  999.9  999.9  010000
875820  20130827     9.3 23     0.7 23  1027.3  8  1026.6  8    9.8 16    3.9 23    7.2  999.9    14.0*    3.7    0.0G 999.9  010000
875820  20130828    14.3 24     3.0 24  1020.7  8  1020.0  8   10.0  8    6.9 24    9.3   11.3    23.0*    7.6    0.0I 999.9  000000
875820  20130829    16.2 24     4.8 24  1016.9  8  1016.3  8    8.5 12    5.1 24    7.7  999.9    23.6     9.6    0.0I 999.9  000000
875820  20130830    15.9 24     9.2 24  1013.9  8  1013.2  8   10.0  8    3.5 24    5.1  999.9    22.5    11.6    0.0I 999.9  000000
875820  20130831    16.7 24    10.1 24  1012.7  8  1011.9  8   10.0  9    2.0 24    4.1  999.9    22.0*   11.9    0.0I 999.9  000000
875820  20130901    17.3 24    10.8 24  1012.0  8  1011.3  8    9.0 14    3.4 24    6.7  999.9    22.7    12.6    0.0I 999.9  000000
875820  20130902    16.1 24     7.9 24  1013.0  8  1012.3  8   10.0  8    6.2 24   11.8  999.9    22.5    13.3    0.0I 999.9  000000
875820  20130903    12.2 24     2.0 24  1022.2  8  1021.5  8   10.0 16    5.8 24    8.8  999.9    20.0     8.1    0.0I 999.9  000000
875820  20130904    10.7 23     3.6 23  1026.4  6  1025.7  6   10.0 18    4.5 23    7.2  999.9    13.0*    6.6    0.0I 999.9  000000
875820  20130905    12.8 24     7.1 24  1021.0  8  1020.3  8   10.0 14    5.0 24    9.8  999.9    15.0*    9.7    0.0I 999.9  000000
875820  20130906    15.0 24    11.2 24  1017.7  8  1017.1  8   10.0  8    3.3 24    6.7  999.9    19.0*   11.5    0.0I 999.9  000000
875820  20130907    16.9 24    15.3 24  1012.5  4  1011.8  4    4.0 23    4.1 24    8.8   11.3    19.3    14.8   80.0G 999.9  010010
875820  20130908    17.8 24    11.8 24  1014.5  8  1013.8  8    9.3  9    2.8 24    5.7  999.9    25.0*   14.4   31.0G 999.9  000000
875820  20130909    18.8 24    14.8 24  1014.2  8  1013.5  8   10.0  8    3.5 24    6.2  999.9    25.1    15.0    0.0G 999.9  000000
875820  20130910    23.5 24    17.2 24  1008.6  8  1007.9  8    9.7 10    4.7 24    8.2  999.9    29.0*   17.0    0.0I 999.9  000000
875820  20130911    23.2 24    17.0 24  1006.8  8  1006.1  8    7.4 12    4.4 24    9.3  999.9    29.8    20.6    0.0I 999.9  000000
875820  20130912    17.3 24    14.5 24  1004.2  6  1003.5  6    7.9 23    4.5 24   11.3  999.9    26.2    15.0*   0.0G 999.9  010010
875820  20130913    11.6 23     8.9 23  1017.0  8  1016.4  8    8.5 23    8.5 23   11.3  999.9    19.6     9.5    5.1G 999.9  010000
875820  20130914     9.1 24     4.8 24  1023.1  7  1022.4  7    9.2 24    8.1 24   11.3   17.0    11.8     6.8    0.0G 999.9  010000
875820  20130915     9.2 24     6.2 24  1020.1  8  1019.4  8    7.1 24    8.5 24   10.3   19.0    11.5     7.0    0.0G 999.9  010000
875820  20130916     9.1 22     7.7 22  1015.0  7  1014.3  7    3.2 22    8.9 22   12.4   19.0    10.4     7.0*  69.1G 999.9  010000
875820  20130917     7.8 24     1.1 24  1016.9  8  1016.2  8    9.5 23    6.9 24    9.3   16.0    12.0*    5.0  147.1G 999.9  010000
875820  20130918    11.8 24    -3.2 24  1017.7  8  1017.0  8   10.0 12    4.8 24    8.2   14.9    18.0*    5.7    0.0G 999.9  000000
875820  20130919    14.5 24     1.4 24  1020.4  8  1019.8  8   10.0  8    3.0 24    6.2  999.9    20.0*    7.5    0.0I 999.9  000000
875820  20130920    15.2 23     8.1 23  1012.8  7  1012.6  8   10.0  8    4.7 23    7.2  999.9    20.8    12.6    0.0I 999.9  000000
875820  20130921    13.4 24     5.6 24  1012.1  7  1011.4  7    9.7 14    4.1 24   10.8   15.4    18.1    10.0*   0.0A 999.9  010000
875820  20130922    11.3 24     4.1 24  1022.1  8  1021.4  8    9.8 18    4.8 24    8.2  999.9    17.1     9.6    2.0G 999.9  000000
875820  20130923    10.7 24     1.9 24  1029.1  8  1028.5  8   10.0 17    4.0 24    7.7  999.9    14.0*    7.0*   0.0G 999.9  000000
875820  20130924    10.0 24     3.9 24  1031.1  8  1030.4  8   10.0 17    4.1 24    6.2  999.9    14.5     6.0*   0.0I 999.9  000000
875820  20130925    11.5 24     6.2 24  1028.6  8  1027.9  8   10.0 22    3.7 24    6.2  999.9    14.0*    8.7    0.0I 999.9  000000
875820  20130926    13.8 24     8.4 24  1022.7  8  1022.0  8   10.0 12    6.4 24    9.8   13.4    16.2*   10.8    0.0I 999.9  000000
875820  20130927    14.6 24    10.9 24  1020.0  8  1019.3  8   10.0 16    5.5 24   10.3   14.4    18.0*   12.4    0.0I 999.9  000000
875820  20130928    15.6 22    12.2 22  1017.8  8  1017.2  8   10.0 20    5.7 22    7.7  999.9    18.0    13.2    0.0G 999.9  010000
875820  20130929    11.1 24     7.7 24  1019.1  8  1018.4  8    9.0 23    3.3 24    5.7  999.9    17.5     6.7   17.0G 999.9  010000
875820  20130930    11.6 24     5.6 24  1015.4  8  1014.7  8   10.0 20    4.4 24    6.2   11.3    14.0     6.5    0.0G 999.9  000000
875820  20131001    11.9 24     7.2 24  1014.3  8  1013.6  8    8.7 18    2.8 24    5.1  999.9    16.0*    8.0    0.0I 999.9  000000
875820  20131002    13.4 24     9.8 24  1018.2  7  1017.5  7    8.4 18    3.4 24    7.7  999.9    16.4     9.1    0.0I 999.9  000000
875820  20131003    14.2 24    11.0 24  1019.2  8  1018.5  8   10.0 24    5.8 24    8.2   12.4    17.1    11.6    0.0I 999.9  000000
875820  20131004    15.2 24    10.1 24  1020.5  8  1019.8  8   10.0 24    6.5 24    9.3  999.9    19.0*   12.7    0.0G 999.9  010000
875820  20131005    13.3 24    10.1 24  1022.8  8  1022.1  8   10.0 15    3.2 24    4.6  999.9    19.3    11.5    0.0G 999.9  000000
875820  20131006    16.2 22    10.5 22  1024.0  8  1023.3  8   10.0 11    3.1 22    4.6  999.9    19.8*   12.9    0.0I 999.9  000000
875820  20131007    16.6 24    11.8 24  1025.0  8  1024.4  8   10.0  8    3.9 24    6.2  999.9    20.5    13.0*   0.0I 999.9  000000
875820  20131008    18.5 24    12.2 24  1020.6  8  1019.6  7   12.6  8    5.8 24   10.3   15.4    22.0*   15.5    0.0I 999.9  000000
875820  20131009    20.2 24    14.2 24  1014.7  8  1014.0  8    9.2 16    4.5 24   10.3   17.0    24.0*   15.2    0.0B 999.9  010010
875820  20131010    18.2 24    15.3 24  1017.0  7  1016.4  7    8.5 15    4.9 24    8.2   12.9    24.0    15.5    9.9G 999.9  010010
875820  20131011    17.7 24    13.6 24  1019.6  8  1018.9  8   10.0 17    9.7 24   13.4   20.6    21.0    15.5    0.0G 999.9  000000
875820  20131012    17.4 22    14.7 22  1019.0  7  1018.3  7    9.8 22    9.4 22   12.4   17.5    20.0*   15.4    0.0B 999.9  010000
875820  20131013    18.3 24    15.9 24  1016.1  8  1015.5  8   10.0 24    6.1 24   19.5  999.9    21.0*   16.2    0.0G 999.9  010000
875820  20131014    19.4 24    16.5 24  1016.1  8  1015.5  8   10.0 22    2.4 24    4.6  999.9    23.0*   16.0    0.0I 999.9  000000
875820  20131015    21.3 24    16.5 24  1018.0  8  1017.3  8    8.2 15    1.6 24    3.6  999.9    24.2*   17.2    0.0I 999.9  000000
875820  20131016    22.2 24    16.8 24  1017.3  8  1016.6  8   10.0  9    2.4 24    5.1  999.9    25.0    20.0*   0.0I 999.9  000000
875820  20131017    22.2 24    17.1 24  1014.5  8  1013.8  8   10.0 18    3.4 24    7.7  999.9    26.2*   20.0*   0.0I 999.9  000000
875820  20131018    19.4 24    14.7 24  1012.6  8  1011.9  8    8.9 17    2.7 24    5.7  999.9    27.1    14.9    0.0I 999.9  000000
875820  20131019    21.2 24    15.2 24  1009.0  9  1008.3  9   10.0  9    2.9 24    4.1  999.9    25.0*   17.0    0.0I 999.9  000000
875820  20131020    21.9 24    15.7 24  1002.2  8  1001.5  8    8.5 16    4.7 24    9.8   14.9    25.5    18.5    5.1G 999.9  010010
875820  20131021    17.8 24     9.5 24  1011.7  8  1011.0  8   10.0 17    5.0 24    9.8   13.9    25.5    13.0    0.0G 999.9  000000
875820  20131022    16.5 24     9.2 24  1014.2  8  1013.5  8   10.0 15    5.1 24    7.7   12.4    20.0*   13.0*   0.0I 999.9  000000
875820  20131023    20.1 23    13.2 23  1009.5  7  1008.8  7    9.7 13    5.8 23   12.9   19.0    24.0*   17.0* 999.9  999.9  010000
875820  20131024    14.3 24     8.7 24  1022.1  8  1021.5  8   10.0 15    6.2 24    9.3   16.5    24.2     9.7*   0.0G 999.9  000000
875820  20131025    13.4 24     6.6 24  1024.3  8  1023.7  8    9.8 17    5.8 24   10.8   14.4    18.0    10.5  999.9  999.9  010000
875820  20131026    17.9 24    14.1 24  1015.3  8  1014.6  8    9.8 21    3.8 24    8.2   13.4    21.2*   12.2    0.0G 999.9  010000
875820  20131027    18.4 24     7.6 24  1018.5  8  1017.8  8   10.0  8    5.8 24    8.8  999.9    21.6    15.5    0.0I 999.9  000000
875820  20131028    17.4 24     3.9 24  1019.7  8  1019.1  8   10.0 10    4.7 24    7.7  999.9    21.2*   14.0*   0.0I 999.9  000000
875820  20131029    19.7 24    11.5 24  1015.4  8  1014.7  8   10.0  8    6.1 24   11.3   12.4    23.0*   15.4    0.0I 999.9  000000
875820  20131030    19.1 24    13.9 24  1015.0  8  1014.3  8   10.0 11    6.3 24   10.3  999.9    23.0    16.0*   0.0I 999.9  000000
875820  20131031    19.7 21    15.4 21  1012.0  8  1011.3  8    9.5 15    4.3 21    6.2  999.9    22.2    17.0*  16.0A 999.9  010010
875820  20131101    19.8 23    18.2 23  1008.8  9  1008.1  9    5.5 21    4.9 23    8.8  999.9    21.6    18.0   41.1C 999.9  010010
875820  20131102    18.5 24    15.2 24  1011.1  8  1010.3  8    9.5 24    6.8 24    9.8  999.9    21.0*   15.0*  13.0B 999.9  010000
875820  20131103    18.3 23     9.6 23  1016.1  8  1015.4  8   10.0 14    4.5 23    8.2  999.9    24.0*   13.0    0.0I 999.9  000000
875820  20131104    16.9 24    11.1 24  1018.8  8  1018.1  8   10.0 18    5.0 24    8.2  999.9    24.2    12.5    0.0I 999.9  000000
875820  20131105    17.8 24    12.1 24  1020.5  8  1019.8  8   10.0  9    4.8 24    8.2  999.9    21.0*   14.6    0.0I 999.9  000000
875820  20131106    21.0 23    13.8 23  1017.6  7  1017.0  7   10.0  7    6.6 23   10.3  999.9    25.0*   16.9*   0.0I 999.9  000000
875820  20131107    19.4 24    14.4 24  1013.4  6  1012.7  6    7.9 18    6.0 24   10.8   16.0    25.6    16.0*   5.1A 999.9  010010
875820  20131108    19.0 24    16.4 23  1013.4  8  1012.9  7    9.8 21    2.9 24    5.7  999.9    21.2*   15.8    4.1A 999.9  000010
875820  20131109    20.5 24    17.4 24  1009.9  8  1009.2  8   10.0 18    6.5 24   10.3   16.5    23.0*   18.7    0.0I 999.9  000000
875820  20131110    21.1 24    18.5 24  1005.6  8  1004.8  8   10.0 24    5.5 24    9.8   13.9    24.0*   19.0    0.0I 999.9  000000
875820  20131111    20.3 24    15.7 24  1004.3  8  1003.6  8   10.0 24    5.6 24    8.8  999.9    23.9    17.9*   0.0G 999.9  010000
875820  20131112    23.6 24    11.8 24  1007.3  8  1006.6  8   10.0 10    4.4 24    8.2  999.9    29.0*   17.6    0.0I 999.9  000000
875820  20131113    21.4 24    12.0 24  1016.1  8  1015.4  8   10.0 12    5.8 24   10.3  999.9    29.4    17.0    0.0I 999.9  000000
875820  20131114    24.9 24    17.5 24  1009.6  8  1008.9  8   10.0  9    7.1 24   10.3   12.9    30.1*   18.7    0.0I 999.9  000000
875820  20131115    22.6 24    14.2 24  1006.1  7  1005.4  7    9.0 20    8.3 24   13.4   19.6    31.0    17.3   36.1G 999.9  010010
875820  20131116    18.7 24     7.2 24  1017.1  8  1016.5  8   10.0  8    4.2 24    8.2   15.4    24.1    13.0    0.0G 999.9  000000
875820  20131117    21.2 24    13.3 24  1014.9  8  1014.2  8   10.0  8    4.3 24    6.2  999.9    25.0*   16.8    0.0I 999.9  000000
875820  20131118    22.6 24    15.9 24  1008.7  8  1008.0  8   10.0  9    5.5 24   11.3  999.9    26.6    19.7    0.0I 999.9  000000
875820  20131119    20.2 24    16.0 24  1011.2  8  1010.5  8    9.3 22    7.4 24   10.8  999.9    26.0    17.9    0.0I 999.9  000000
875820  20131120    20.0 24    16.3 24  1014.7  7  1013.9  7    9.3 22    5.9 24    8.8  999.9    23.0*   17.8    0.0G 999.9  010000
875820  20131121    20.8 24    16.9 24  1017.1  8  1016.4  8   10.0 22    4.7 24    7.2  999.9    23.5    18.0*   0.0I 999.9  000000
875820  20131122    21.7 24    17.2 24  1016.8  8  1016.2  8   10.0 15    4.3 24    6.7  999.9    26.0*   19.0*   0.0I 999.9  000000
875820  20131123    23.5 24    16.9 24  1012.9  8  1012.2  8   10.5  8    6.1 24   10.3  999.9    27.0*   20.0*   0.0I 999.9  000000
875820  20131124    24.8 21    18.1 21  1009.2  8  1008.5  8   10.0 14    6.1 21    8.8   14.4    29.0*   21.0    0.0I 999.9  000000
875820  20131125    23.6 24    19.3 24  1011.9  6  1011.2  6    9.2 24    5.3 24    9.8   14.9    29.5    20.0*   7.9G 999.9  010010
875820  20131126    18.5 24    16.0 24  1015.8  6  1015.1  6    6.4 24    8.7 24   12.4   17.0    25.7    16.0*   0.0G 999.9  010000
875820  20131127    17.4 24    15.1 24  1007.5  8  1006.7  8    5.8 24    8.4 24   13.4   19.6    21.3    14.7   37.1G 999.9  010000
875820  20131128    20.4 24    11.2 24  1008.8  8  1008.1  8   10.0 14    3.5 24    6.2  999.9    29.0*   13.6    0.5G 999.9  000000
875820  20131129    21.1 24    12.6 24  1013.7  7  1013.0  7   11.6 12    6.5 24    9.8  999.9    26.0    17.4*   0.0G 999.9  000000
875820  20131130    22.9 24    17.3 24  1015.4  7  1014.7  7   10.0 13    4.0 24    7.7  999.9    28.0*   19.0    0.0I 999.9  000000
875820  20131201    24.3 24    18.4 24  1012.1  8  1011.4  8   10.0 13    4.9 24    7.7  999.9    28.8    21.5*   0.0I 999.9  000000
875820  20131202    26.1 24    20.2 24  1007.4  8  1006.7  8    9.3 14    4.4 24   20.6   25.7    32.0*   22.0  999.9  999.9  010000
875820  20131203    19.3 23     7.7 23  1012.5  8  1011.8  8    9.8 11    6.2 23   13.4   21.1    32.5    14.0*   1.0G 999.9  010010
875820  20131204    23.1 24    11.2 24  1005.9  7  1004.3  8   10.0 12    5.3 24    8.2  999.9    30.0*   17.0    0.0G 999.9  000000