876410  20130101    13.4  8     7.0  8  1017.7  8  1000.1  8   15.0  8    5.6  8    9.3  999.9    24.8     8.0    0.0G 999.9  010000
876410  20130102    13.5  8     7.7  8  1021.2  8  1003.5  8   17.5  8    2.0  8    4.1  999.9    21.2*    5.0    0.0G 999.9  000000
876410  20130103    18.2  8    12.6  8  1017.5  8  1000.0  8   17.5  8    5.8  8    7.7  999.9    25.8*   11.5    0.0I 999.9  000000
876410  20130104    21.6  8    15.5  8  1013.6  8   996.5  8   15.0  8    3.5  8    4.6  999.9    27.9*   13.8    0.0I 999.9  000000
876410  20130105    23.1  8    18.5  8  1007.1  8   990.2  8   15.0  8    4.0  8    5.7  999.9    29.2    18.4    0.0I 999.9  000000
876410  20130106    22.0  8    15.7  8  1005.9  8   988.9  8   11.3  8    4.4  8    7.7  999.9    29.9*   11.5    0.0I 999.9  100000
876410  20130107    23.9  8    16.5  8  1001.9  8   985.2  8   13.2  8    4.5  8    6.2  999.9    30.4    19.5    0.0G 999.9  010000
876410  20130108    19.1  8    12.2  8  1009.4  8   992.3  8   17.5  8    3.5  8    5.1  999.9    29.5    11.8    0.0G 999.9  010000
876410  20130109    19.9  8    11.2  8  1016.6  8   999.3  8   15.6  8    2.4  8    3.6  999.9    29.0     9.0    0.0G 999.9  000000
876410  20130110    24.4  8    16.1  8  1017.5  8  1000.5  8   15.0  8    3.9  8    5.7  999.9    31.5*   15.2    0.0I 999.9  000000
876410  20130111    25.7  8    14.9  8  1014.9  8   998.1  8   15.0  8    4.8  8    6.7  999.9    32.2    18.4    0.0I 999.9  000000
876410  20130112    23.9  8    14.6  8  1012.3  8   995.4  8   16.9  8    3.8  8    6.2  999.9    33.0    15.2    0.0I 999.9  000000
876410  20130113    24.6  8    17.4  8  1015.3  8   998.4  8   15.6  8    2.3  8    3.1  999.9    31.6    16.0  999.9  999.9  010000
876410  20130114    21.5  8    16.8  8  1016.8  8   999.7  8   13.2  8    3.4  8    5.1  999.9    31.4    15.9    0.0G 999.9  000000
876410  20130115    23.4  8    16.7  8  1012.4  8   995.5  8   13.8  8    2.9  8    6.2  999.9    30.5*   14.9    0.0I 999.9  000000
876410  20130116    21.9  8    16.9  8  1008.6  8   991.7  8   13.7  8    2.8  8    5.1  999.9    31.8    14.9    0.5A 999.9  010000
876410  20130117    19.4  8    17.1  8  1013.9  8   996.7  8   13.7  8    3.8  8    6.2  999.9    27.8    14.0    0.5A 999.9  000000
876410  20130118    19.6  8    14.4  8  1018.0  8  1000.7  8   15.0  8    3.8  8    5.1  999.9    25.3    14.0    0.0I 999.9  000000
876410  20130119    17.9  8    12.0  8  1021.1  8  1003.7  8   15.0  8    4.7  8    8.7  999.9    26.0    10.5    0.0I 999.9  000000
876410  20130120    17.0  8     9.9  8  1024.3  8  1006.7  8   16.9  8    2.8  8    4.1  999.9    25.0     7.2    0.0I 999.9  000000
876410  20130121    19.8  8    13.4  8  1022.5  8  1005.0  8   15.6  8    4.0  8    7.2  999.9    26.2*   12.8*   0.0I 999.9  000000
876410  20130122    21.5  8    14.3  8  1018.4  8  1001.1  8   13.2  8    4.0  8    5.1  999.9    28.2*   10.0    0.0I 999.9  100000
876410  20130123    24.8  8    16.5  8  1011.1  8   994.2  8   13.2  8    3.7  8    6.2  999.9    31.9*   16.0    0.0I 999.9  000000
876410  20130124    23.4  8    17.5  8  1002.3  8   985.5  8   15.0  8    6.0  8   12.3  999.9    32.3    17.7    6.1G 999.9  010010
876410  20130125    15.6  8     9.3  8  1012.3  8   995.0  8   16.3  8    5.1  8   10.3  999.9    29.9    10.3    0.0G 999.9  000000
876410  20130126    17.1  8     6.2  8  1014.4  8   996.9  8   15.6  8    3.5  8    5.1  999.9    27.8*    8.0    0.0I 999.9  000000
876410  20130127    22.9  8    10.7  8  1011.3  8   994.2  8   15.0  8    6.0  8    8.7  999.9    31.8*   14.5    0.0I 999.9  000000
876410  20130128    26.5  8    16.9  8  1011.4  8   994.6  8   13.2  8    3.3  8    5.7  999.9    35.7*   18.5    0.0I 999.9  000000
876410  20130129    25.9  8    16.3  8  1014.2  8   997.3  8   14.8  8    3.1  8    9.3  999.9    36.0    19.6    0.0G 999.9  010000
876410  20130130    22.4  8    17.6  8  1012.5  8   995.5  8   14.5  8    3.6  8    8.2  999.9    32.5    16.3   49.0G 999.9  010010
876410  20130131    22.3  8    18.4  8  1010.5  8   993.5  8   13.2  8    3.6  8    5.1  999.9    29.2*   17.5    0.0G 999.9  100000
876410  20130201    24.9  8    19.9  8  1004.8  8   988.0  8   12.6  8    5.2  8    8.2  999.9    31.8*   17.9    0.0I 999.9  000000
876410  20130202    20.5  8    12.9  8  1011.6  8   994.5  8   14.8  8    4.9  8    7.2  999.9    32.9    13.0    0.0I 999.9  000000
876410  20130203    16.2  8     8.0  8  1019.9  8  1002.4  8   16.9  8    2.1  8    5.1  999.9    26.0     7.0    0.0I 999.9  000000
876410  20130204    19.6  8     8.4  8  1014.4  8   997.2  8   16.3  8    5.0  8    7.7  999.9    26.9*   11.5    0.0I 999.9  000000
876410  20130205    21.7  8    10.1  8  1014.7  8   997.6  8   15.6  8    3.0  8    3.6  999.9    29.6*   10.0    0.0I 999.9  000000
876410  20130206    23.3  8    13.0  8  1016.5  8   999.4  8   19.3  8    3.2  8    5.7  999.9    30.7*   12.3    0.0I 999.9  000000
876410  20130207    23.3  8    13.9  8  1017.0  8  1000.0  8   15.6  8    3.0  8    4.6  999.9    30.7    13.8    0.0I 999.9  000000
876410  20130208    23.0  8    15.9  8  1014.2  8   997.2  8   14.2  8    2.8  8    4.6  999.9    30.5*   13.4    0.0I 999.9  000000
876410  20130209    22.7  7    14.8  7  1011.9  7   994.9  7   13.7  7    3.8  7    5.1  999.9    31.2    13.1    0.0I 999.9  100000
876410  20130210    24.9  8    18.7  8  1008.0  8   991.2  8   12.9  8    3.6  8    4.6  999.9    32.4*   17.5    0.0I 999.9  100000
876410  20130211    24.1  8    18.7  8  1006.8  8   990.0  8   13.2  8    2.3  8    5.1  999.9    33.4    18.0   38.1G 999.9  010010
876410  20130212    23.6  8    15.0  8  1002.9  8   986.1  8   15.0  8    3.1  8    4.6  999.9    31.5    18.5    0.0G 999.9  000000
876410  20130213    20.9  8    10.9  8  1006.9  8   989.9  8   15.6  8    2.6  8    4.1  999.9    30.3    10.1    1.0G 999.9  000000
876410  20130214    20.7  8    12.4  8  1011.3  8   994.2  8   14.8  8    2.8  8    4.6  999.9    30.6*   10.6    0.0G 999.9  000000
876410  20130215    25.0  8    15.8  8  1010.5  8   993.6  8   14.2  8    3.5  8    5.1  999.9    32.3    12.0    0.0I 999.9  000000
876410  20130216    25.8  8    16.9  8  1005.1  8   988.3  8   14.3  8    5.1  8    7.7  999.9    32.5    17.3    0.0I 999.9  000000
876410  20130217    20.9  8    14.4  8  1006.1  8   989.2  8   14.5  8    4.4  8    7.7  999.9    32.8    18.4*   0.0B 999.9  010000
876410  20130218    15.0  8     7.1  8  1018.7  8  1001.1  8   15.0  8    2.1  8    4.1  999.9    23.4*    5.5    0.5G 999.9  000000
876410  20130219    17.3  8     9.4  8  1020.6  8  1003.1  8   15.6  8    2.6  8    4.6  999.9    24.3*    9.8    0.0G 999.9  000000
876410  20130220    17.6  8     8.1  8  1019.2  8  1001.7  8   15.6  8    3.6  8    7.2  999.9    26.3*    6.6    0.0I 999.9  000000
876410  20130221    18.2  8    10.0  8  1016.7  8   999.4  8   17.5  8    2.6  8    4.6  999.9    26.8    11.0    0.0I 999.9  000000
876410  20130222    17.9  8    11.1  8  1018.2  8  1000.9  8   12.9  8    4.1  8    6.7  999.9    27.0     7.9    0.0I 999.9  100000
876410  20130223    20.6  8    15.0  8  1011.9  8   994.8  8   14.3  8    6.2  8    8.2  999.9    27.7    12.4  999.9  999.9  010000
876410  20130224    19.6  8    13.1  8  1006.9  8   989.8  8   16.3  8    3.7  8    9.3  999.9    27.5*   12.6    6.1G 999.9  010000
876410  20130225    16.3  8     9.7  8  1012.8  8   995.4  8   15.6  8    4.9  8    8.2  999.9    28.2    11.0    0.0G 999.9  000000
876410  20130226    13.8  8     7.7  8  1016.3  8   998.6  8   15.0  8    3.0  8    4.1  999.9    21.0*    6.0    0.0I 999.9  000000
876410  20130227    14.3  8     5.9  8  1016.8  8   999.1  8   13.5  8    1.1  8    2.1  999.9    25.2*    2.0    0.0I 999.9  100000
876410  20130228    17.2  8     9.7  8  1016.1  8   998.7  8   14.3  8    4.4  8    8.2  999.9    25.7     8.6    0.0I 999.9  000000
876410  20130301    17.2  8    14.8  8  1012.5  8   995.2  8   12.6  8    7.5  8   13.9  999.9    26.6    12.6    0.8G 999.9  010010
876410  20130302    17.3  8    14.6  8  1004.0  8   986.8  8   10.3  8    6.3  8   10.3  999.9    22.2    14.5   83.1G 999.9  010010
876410  20130303    16.4  8    12.2  8  1013.7  8   996.3  8   16.9  8    4.8  8    7.7  999.9    22.0    13.2    4.1G 999.9  010000
876410  20130304    14.6  8    10.2  8  1018.0  8  1000.4  8   15.0  8    2.4  8    3.6  999.9    20.6     8.2    0.0G 999.9  000000
876410  20130305    15.4  8     9.3  8  1014.0  8   996.5  8   11.4  8    1.9  8    3.6  999.9    24.2*    5.6    0.0I 999.9  100000
876410  20130306    19.1  8    10.9  8  1007.9  8   990.7  8   15.0  8    3.7  8    6.2  999.9    25.9*   13.0    0.0I 999.9  000000
876410  20130307    13.7  7     7.4  7  1013.2  7   995.8  7   14.3  7    2.4  7    4.6  999.9    26.9     5.0    0.0A 999.9  000000
876410  20130308    17.3  8    12.4  8  1015.2  8   997.7  8   11.7  8    2.2  8    3.6  999.9    26.6*    8.5    6.1G 999.9  110010
876410  20130309    22.6  8    16.7  8  1008.8  8   991.8  8   14.3  8    2.4  8    4.6  999.9    27.7*   13.2    0.0G 999.9  010000
876410  20130310    18.6  8     9.7  8  1007.9  7   990.8  7   15.0  8    3.9  8    6.7  999.9    28.2    12.7    0.5G 999.9  000000
876410  20130311    13.2  7     8.7  7  1008.0  7   990.5  7   16.1  7    3.1  7    9.3  999.9    21.9     4.0    0.0G 999.9  000000
876410  20130312    13.8  8     6.9  8  1012.6  8   995.1  8   12.6  8    1.9  8    5.7  999.9    25.6     3.2    0.0I 999.9  100000
876410  20130313    12.4  7     7.4  7  1018.1  7  1000.5  7   14.3  7    2.6  7    5.1  999.9    22.2     8.0    3.0G 999.9  010000
876410  20130314     9.1  8     4.1  8  1023.4  8  1005.4  8   14.3  8    1.8  8    3.1  999.9    18.0     1.4    0.0G 999.9  000000
876410  20130315    10.7  8     6.9  8  1024.6  8  1006.7  8   14.2  8    2.1  8    4.1  999.9    16.8     7.4    3.0G 999.9  010000
876410  20130316     9.7  8     4.5  8  1027.4  8  1009.3  8   14.2  8    1.4  8    2.6  999.9    17.9*    0.9    2.0G 999.9  000000
876410  20130317     9.9  8     4.7  8  1029.2  8  1011.2  8   15.0  8    3.0  8    4.6  999.9    19.4     1.2    0.0G 999.9  000000
876410  20130318    11.2  8     6.6  8  1027.3  8  1009.3  8   15.0  8    3.2  8    5.7  999.9    20.2*    1.7    0.0I 999.9  000000
876410  20130319    14.8  8    11.4  8  1023.0  8  1005.3  8   15.0  8    4.9  8    8.7  999.9    21.2     9.5    0.0A 999.9  000000
876410  20130320    18.0  8    15.2  8  1015.1  8   997.7  8   14.2  8    4.0  8    6.2  999.9    24.1*   12.1    0.0G 999.9  000000
876410  20130321    17.1  8    11.7  8  1011.7  8   994.4  8   10.8  8    3.3  8    7.2  999.9    25.1    11.0    0.0I 999.9  100000
876410  20130322    13.2  8     2.7  8  1016.1  8   998.4  8   15.0  8    2.8  8    5.7  999.9    24.5     2.5    0.0I 999.9  000000
876410  20130323    15.4  8     5.2  8  1017.8  8  1000.2  8   15.0  8    1.4  8    3.6  999.9    25.4     4.1    0.0I 999.9  000000
876410  20130324    16.8  8    11.7  8  1014.2  8   996.8  8   14.2  8    3.4  8    5.7  999.9    26.0*    9.1    0.0I 999.9  000000
876410  20130325    18.4  8    13.1  8  1011.0  8   993.8  8   14.2  8    4.4  8    7.2  999.9    27.0    12.6   21.1G 999.9  010010
876410  20130326    15.5  8     8.9  8  1019.5  8  1001.9  8   12.6  8    2.0  8    3.1  999.9    24.5     6.5    0.0G 999.9  100000
876410  20130327    16.6  8     8.0  8  1020.8  8  1003.2  8   15.0  8    1.9  8    3.6  999.9    24.5     5.5    0.0I 999.9  000000
876410  20130328    17.3  8     8.9  8  1020.2  8  1002.7  8   15.0  8    3.0  8    4.6  999.9    25.8*    7.5    0.0I 999.9  000000
876410  20130329    18.3  8     9.4  8  1018.5  8  1001.0  8   14.3  8    3.0  8    5.1  999.9    26.5     6.1    0.0I 999.9  000000
876410  20130330    20.1  8    13.1  8  1015.0  8   997.8  8   14.2  8    3.1  8    4.1  999.9    26.7     9.6    0.0I 999.9  000000
876410  20130331    17.1  8    14.8  8  1017.0  8   999.6  8   12.1  8    2.5  8    5.1  999.9    27.6    11.9    0.5A 999.9  010000
876410  20130401    16.5  8    15.9  8  1018.9  8  1001.4  8    8.7  8    6.5  8    9.8  999.9    20.9    14.3    3.0G 999.9  010000
876410  20130402    17.9  8    16.7  8  1016.4  8   999.0  8    9.0  8    4.7  8    7.7  999.9    20.6*   14.5   64.0G 999.9  010010
876410  20130403    17.9  8    16.8  8  1015.6  8   998.3  8    9.0  8    3.9  8    6.7  999.9    22.4    16.0   26.9G 999.9  010010
876410  20130404    15.3  8    14.5  8  1010.0  8   992.6  8   11.7  8    1.5  8    3.1  999.9    21.5    10.5    6.1G 999.9  110000
876410  20130405    16.5  8    12.9  8  1004.1  8   986.7  8    9.5  8    2.3  8    3.6  999.9    23.9*    9.9   19.0G 999.9  110000
876410  20130406    14.4  8     6.6  8  1008.2  8   990.9  8   17.1  8    4.9  8    6.7  999.9    24.6    10.6    3.0G 999.9  010010
876410  20130407    11.5  8     3.3  8  1016.3  8   998.5  8   15.6  8    3.6  8    6.7  999.9    21.4*    1.5    0.0G 999.9  000000
876410  20130408    14.4  8     7.1  8  1018.1  8  1000.4  8   15.9  8    2.3  8    4.1  999.9    23.3*    4.8    0.0I 999.9  000000
876410  20130409    14.2  8     7.5  8  1019.0  8  1001.4  8   14.8  8    2.6  8    4.1  999.9    24.0     5.5    0.0I 999.9  000000
876410  20130410    15.2  8    10.2  8  1017.0  8   999.5  8   13.0  8    6.0  8    8.2  999.9    23.6     9.6    0.0I 999.9  000000
876410  20130411    16.1  8    13.0  8  1011.0  8   993.6  8   14.3  8    2.8  8    7.2  999.9    20.0*   12.0    0.5G 999.9  010000
876410  20130412    13.0  8     6.5  8  1013.2  8   995.7  8   15.0  8    4.5  8    7.2  999.9    21.5     9.0    0.0G 999.9  000000
876410  20130413     9.5  8     0.1  8  1017.2  8   999.3  8   16.9  8    4.5  8    7.7  999.9    17.5*    1.9    0.0I 999.9  000000
876410  20130414    13.9  7     4.9  7  1012.0  7   994.4  7   20.0  7    4.4  7    7.2  999.9    22.0*    5.4    0.0I 999.9  000000
876410  20130415    15.4  8     7.7  8  1015.1  8   997.6  8   15.6  8    2.9  8    5.1  999.9    23.3     7.9    0.0I 999.9  000000
876410  20130416    10.2  8     7.2  8  1020.0  8  1002.2  8   12.4  8    2.0  8    3.1  999.9    22.6     2.4    0.0I 999.9  000000
876410  20130417    12.1  8     8.8  8  1018.8  8  1001.0  8    7.6  8    2.6  8    6.2  999.9    23.1*    1.5    0.0I 999.9  100000
876410  20130418    19.1  8    13.9  8  1015.5  8   998.2  8   13.4  8    4.0  8    5.7  999.9    26.6*    6.8    0.0I 999.9  100000
876410  20130419    19.0  8    12.8  8  1016.5  8   999.2  8   14.2  8    2.9  8    5.1  999.9    27.5     7.0    0.0I 999.9  000000
876410  20130420    16.5  8     9.5  8  1019.5  8  1002.0  8   13.0  8    2.1  8    4.6  999.9    27.5     6.0    0.0I 999.9  000000
876410  20130421    17.4  8    10.8  8  1020.2  8  1002.7  8   12.2  8    3.2  8    5.1  999.9    27.0     6.8    0.0I 999.9  000000
876410  20130422    16.2  8    11.6  8  1020.8  8  1003.3  8   11.3  8    3.0  8    4.1  999.9    26.3     5.7    0.0I 999.9  100000
876410  20130423    14.4  8    12.8  8  1021.6  8  1004.0  8    7.6  8    2.7  8    4.1  999.9    25.7     8.6    0.0I 999.9  100000
876410  20130424    17.0  8    14.7  8  1019.9  8  1002.4  8    4.5  8    3.3  8    5.1  999.9    23.3*   11.4    0.0I 999.9  100000
876410  20130425    18.2  8    13.6  8  1016.2  8   998.8  8    6.8  8    2.9  8    6.2  999.9    25.9*    9.1    0.0I 999.9  100000
876410  20130426    16.3  7    13.3  7  1015.7  7   998.3  7    7.9  7    2.6  7    5.7  999.9    26.3     9.1    0.0I 999.9  100000
876410  20130427    17.1  8    15.4  8  1016.1  8   998.7  8    8.7  8    6.3  8    7.2  999.9    26.1    11.9    0.0B 999.9  010000
876410  20130428    17.4  7    15.1  7  1009.9  7   992.6  7   10.6  7    3.1  7    6.7  999.9    20.6*   16.0   22.1G 999.9  010000
876410  20130429    15.8  8    12.7  8  1011.8  8   994.4  8   10.9  8    2.6  8    3.6  999.9    21.5    11.9    0.0G 999.9  000000
876410  20130430    13.6  8    10.3  8  1016.1  8   998.5  8    6.8  8    1.3  8    3.1  999.9    22.9*    5.0    0.0I 999.9  100000
876410  20130501    14.8  8    13.5  8  1015.0  8   997.5  8   10.0  8    4.0  8    5.7  999.9    23.0     7.5    4.1A 999.9  110000
876410  20130502    15.2  8    14.1  8  1014.2  8   996.6  8    8.2  8    2.9  8    4.6  999.9    17.7*   13.9    4.1D 999.9  110000
876410  20130503    12.6  8    11.7  8  1014.6  8   997.0  8   11.7  8    3.9  8    6.7  999.9    18.3    10.9    7.9G 999.9  010000
876410  20130504    11.9  8     9.0  8  1015.3  8   997.6  8    9.5  8    3.2  8    7.2  999.9    18.5*    4.6    2.0G 999.9  100000
876410  20130505    11.9  8     7.2  8  1019.4  8  1001.7  8   13.0  8    2.4  8    5.1  999.9    19.9     5.5    0.0G 999.9  000000
876410  20130506    12.6  8     8.3  8  1013.5  8   995.8  8   15.0  8    4.0  8    7.2  999.9    19.8*    6.6    0.0I 999.9  000000
876410  20130507     8.5  8     2.6  8  1020.4  8  1002.5  8   15.0  8    3.9  8    9.3  999.9    19.8     0.0    0.0I 999.9  000000
876410  20130508    12.8  8     4.9  8  1010.6  8   992.9  8   15.0  8    6.4  8    9.3  999.9    22.2*    2.8    0.0I 999.9  000000
876410  20130509    14.2  8     9.8  8  1013.3  8   995.7  8   14.3  8    2.3  8    4.6  999.9    22.5     4.2    0.0I 999.9  000000
876410  20130510    16.1  8    12.9  8  1010.9  8   993.5  8   10.9  8    3.2  8    4.1  999.9    23.4     7.2    0.0I 999.9  000000
876410  20130511    14.4  8     8.1  8  1014.2  8   996.7  8   15.6  8    2.9  8    6.2  999.9    20.9     6.4    0.0I 999.9  000000
876410  20130512     8.6  8     3.8  8  1016.8  8   998.8  8   13.2  8    1.8  8    4.6  999.9    19.2*   -0.5    0.0I 999.9  000000
876410  20130513    11.0  8     3.9  8  1015.6  8   997.8  8   13.7  8    2.0  8    4.1  999.9    19.7     1.0    0.0I 999.9  000000
876410  20130514    10.2  8     3.6  8  1014.2  8   996.3  8   13.7  8    2.2  8    4.1  999.9    18.8     4.0    0.0G 999.9  010000
876410  20130515     4.6  8    -3.7  8  1017.3  8   999.2  8   17.5  8    4.1  8    8.2  999.9    16.5    -0.3    0.0I 999.9  000000
876410  20130516     5.6  8    -1.5  8  1022.2  8  1004.0  8   15.0  8    4.1  8    7.7  999.9    11.2*   -0.8    0.0I 999.9  000000
876410  20130517     6.7  8    -0.1  8  1024.7  8  1006.4  8   15.0  8    2.8  8    4.6  999.9    15.2*   -1.4    0.0I 999.9  000000
876410  20130518     6.4  8     3.2  8  1024.9  8  1006.7  8   11.4  8    1.9  8    4.1  999.9    15.4    -1.2  999.9  999.9  010000
876410  20130519     8.1  8     7.5  8  1024.9  8  1006.7  8    7.6  8    1.8  8    4.1  999.9    11.5     0.3    7.9G 999.9  010000
876410  20130520     9.0  8     7.6  8  1022.8  8  1004.7  8    6.6  8    0.7  8    1.0  999.9    10.6*    7.5    1.0G 999.9  100000
876410  20130521     5.9  8     4.0  8  1019.7  8  1001.5  8    5.8  8    1.4  8    3.1  999.9    16.0*   -1.5    0.0G 999.9  100000
876410  20130522     8.2  8     4.9  8  1021.0  8  1002.9  8    8.4  8    1.1  8    1.5  999.9    17.7*   -0.4    0.0I 999.9  100000
876410  20130523     7.5  8     5.6  8  1019.9  8  1001.9  8    7.2  8    2.7  8    6.7  999.9    17.9     0.5    0.0I 999.9  100000
876410  20130524    10.9  8     7.2  8  1019.1  8  1001.2  8   12.6  8    4.3  8    7.7  999.9    16.5     2.5    0.0I 999.9  000000
876410  20130525     6.1  8     4.4  8  1020.5  8  1002.3  8   10.5  8    2.3  8    5.7  999.9    16.4    -0.4    0.0I 999.9  100000
876410  20130526    12.1  8     9.2  8  1013.1  8   995.3  8   10.3  8    5.7  8    9.8  999.9    19.3*    0.6    0.0I 999.9  100000
876410  20130527     8.5  8     6.4  8  1011.0  8   993.2  8    6.4  8    1.9  8    6.2  999.9    19.3     1.0    0.0I 999.9  100000
876410  20130528    11.4  8    10.3  8  1002.1  8   984.6  8    6.0  8    3.9  8    9.3  999.9    16.5     2.9    5.1G 999.9  110010
876410  20130529    11.0  8     5.9  8  1004.9  8   987.3  8   13.7  8    3.1  8    5.1  999.9    14.9     5.5   18.0G 999.9  000000
876410  20130530     8.6  8     2.4  8  1008.4  8   990.6  8   15.0  8    4.9  8    8.2  999.9    15.8*    2.0    0.0G 999.9  000000
876410  20130531    10.7  8     6.1  8  1005.0  8   987.4  8   13.7  8    4.4  8    6.7  999.9    16.1     3.8    0.0I 999.9  000000
876410  20130601    10.8  8     4.6  8  1008.7  8   991.0  8   14.6  8    4.9  8    8.7  999.9    18.5*    1.0  999.9  999.9  010010
876410  20130602     9.2  8     2.7  8  1013.8  8   996.0  8   15.0  8    3.4  8    4.6  999.9    19.3     3.1    1.0G 999.9  000000
876410  20130603    10.5  8     5.6  8  1016.1  8   998.2  8   17.5  8    3.9  8    6.7  999.9    17.4*    3.6    0.5G 999.9  010000
876410  20130604    12.8  8     5.6  8  1011.6  8   994.0  8   15.6  8    3.9  8    6.2  999.9    19.0*    5.7    0.0G 999.9  000000
876410  20130605    11.2  8     4.6  8  1009.3  8   991.7  8   17.5  8    4.1  8    6.7  999.9    19.0     5.5    0.0I 999.9  000000
876410  20130606     8.3  8     4.5  8  1018.1  8  1000.2  8   14.3  8    3.6  8    6.2  999.9    18.9     1.5    0.0I 999.9  000000
876410  20130607     8.6  8     3.4  8  1016.8  8   998.8  8   15.0  8    5.7  8    8.7  999.9    17.0*    2.8    0.0I 999.9  000000
876410  20130608     4.1  8    -0.9  8  1026.1  8  1007.7  8   13.2  8    1.4  8    4.6  999.9    17.5    -5.0    0.0I 999.9  000000
876410  20130609     7.9  8     4.3  8  1019.4  8  1001.4  8   11.6  8    2.7  8    6.7  999.9    15.1*   -1.6    0.0I 999.9  000000
876410  20130610    10.1  8     6.4  8  1016.6  8   998.7  8    7.1  8    3.5  8    6.2  999.9    18.0*    1.1    0.0I 999.9  100000
876410  20130611     9.2  8     7.7  8  1017.8  8  1000.0  8    9.3  8    3.3  8    5.7  999.9    19.1     2.5    0.0I 999.9  100000
876410  20130612    15.2  8    13.7  8  1015.6  8   998.0  8    7.9  8    4.4  8    6.2  999.9    18.4*    6.2    0.0I 999.9  100000
876410  20130613    12.1  8     8.8  8  1013.8  8   996.1  8    8.0  8    2.5  8    4.6  999.9    22.0*    4.0    0.0I 999.9  000000
876410  20130614     8.4  8     2.9  8  1023.6  8  1005.6  8   15.0  8    3.9  8   10.8  999.9    22.2     2.5    0.0I 999.9  000000
876410  20130615     6.3  8     1.5  8  1020.4  8  1002.2  8   14.3  8    4.7  8    7.2  999.9    11.9     0.1    0.0I 999.9  000000
876410  20130616     9.6  8     6.4  8  1014.9  8   997.0  8   11.9  8    3.3  8    6.2  999.9    12.4     6.1    0.0G 999.9  110000
876410  20130617     2.3  8    -2.6  8  1020.1  8  1001.8  8   15.0  8    2.2  8    5.7  999.9    12.4    -6.6    5.1G 999.9  000000
876410  20130618     6.1  8     0.0  8  1015.5  8   997.3  8   14.0  8    4.1  8    8.2  999.9    12.8*   -3.9    0.0G 999.9  100000
876410  20130619     2.2  8    -5.9  8  1025.0  8  1006.5  8   17.9  8    3.0  8    5.1  999.9    13.3    -5.7    0.0I 999.9  000000
876410  20130620     3.6  8    -5.1  8  1024.4  8  1006.0  8   15.6  8    4.2  8    7.2  999.9    11.3*   -3.0    0.0I 999.9  000000
876410  20130621     4.1  7    -3.5  7  1013.4  7   995.2  7   15.0  7    6.1  7   10.3  999.9    13.0*   -1.8    0.0I 999.9  000000
876410  20130622     7.9  8     0.9  8  1011.8  8   993.9  8   15.0  8    3.4  8    5.7  999.9    13.6     0.2    0.0I 999.9  000000
876410  20130623     2.4  8    -3.3  8  1023.0  8  1004.6  8   15.0  8    2.5  8    6.2  999.9    12.2*   -6.6    0.0I 999.9  000000
876410  20130624     3.3  8    -1.8  8  1024.7  8  1006.2  8   13.5  8    0.7  8    2.6  999.9    12.9*   -4.7    0.0I 999.9  000000
876410  20130625     2.4  8    -0.1  8  1019.9  8  1001.5  8   11.9  8    1.1  8    3.1  999.9    13.2    -4.9    0.0I 999.9  100000
876410  20130626     3.9  8     0.7  8  1015.8  8   997.5  8    6.4  8    1.9  8    4.1  999.9    15.1*   -4.5    0.0I 999.9  100000
876410  20130627     9.3  8     4.8  8  1014.0  8   996.1  8   15.0  8    2.7  8    6.2  999.9    16.0*   -3.0    0.0I 999.9  000000
876410  20130628     9.8  8     6.9  8  1010.0  8   992.3  8   12.6  8    3.3  8    8.2  999.9    16.6     4.8    0.0I 999.9  000000
876410  20130629     8.7  8     0.8  8  1013.4  8   995.5  8   13.0  8    3.0  8    6.2  999.9    13.6*    2.6    0.0I 999.9  000000
876410  20130630     5.2  8    -3.5  8  1020.3  8  1002.1  8   17.5  8    2.2  8    4.6  999.9    14.0    -1.6    0.0I 999.9  000000
876410  20130701     5.6  8    -1.3  8  1022.6  8  1004.4  8   15.6  8    2.4  8    5.7  999.9    13.5*   -3.4    0.0G 999.9  000000
876410  20130702    10.8  8     4.3  8  1014.5  8   996.6  8   15.0  8    4.9  8    9.8  999.9    18.0*   -1.1    0.0I 999.9  000000
876410  20130703     9.8  8     4.7  8  1010.9  8   993.2  8   13.7  8    3.7  8    7.2  999.9    18.4     0.0    0.0I 999.9  000000
876410  20130704    12.5  8    10.7  8  1015.2  8   997.5  8   10.6  8    5.1  8    8.2  999.9    17.2     3.2    2.0G 999.9  010000
876410  20130705    10.3  8     9.9  8  1016.1  8   998.3  8    5.0  8    4.7  8    6.2  999.9    12.9     8.1    3.0G 999.9  110000
876410  20130706    10.8  8     9.3  8  1014.0  8   996.2  8   10.6  8    4.8  8    9.8  999.9    12.5     8.1    9.9G 999.9  010000
876410  20130707     5.9  8     3.7  8  1025.5  8  1007.3  8   13.2  8    3.3  8    6.2  999.9    12.5     1.5    0.0G 999.9  100000
876410  20130708     2.8  8    -1.1  8  1031.7  8  1013.2  8   12.6  8    2.2  8    5.1  999.9    11.2*   -4.0    0.0I 999.9  100000
876410  20130709     5.6  8     3.7  8  1024.0  8  1005.8  8   14.2  8    4.5  8    6.7  999.9    12.0    -4.0    8.9A 999.9  010000
876410  20130710     7.4  8     6.9  8  1018.6  8  1000.5  8    4.0  8    2.2  8    4.6  999.9     9.0*    5.6    0.8A 999.9  110000
876410  20130711    10.2  8     9.4  8  1016.6  8   998.7  8    6.4  8    2.2  8    4.1  999.9    13.3*    6.5    2.0G 999.9  110000
876410  20130712     7.0  8     5.6  8  1020.5  8  1002.5  8   10.0  8    2.1  8    4.1  999.9    13.9*    0.2    0.5G 999.9  100000
876410  20130713     8.7  8     7.7  8  1015.9  8   998.0  8    5.1  8    4.9  8    6.7  999.9    15.5     1.2    0.0G 999.9  100000
876410  20130714     8.2  8     1.6  8  1017.3  8   999.4  8   15.0  8    2.9  8    4.1  999.9    14.9     3.0    0.0I 999.9  000000
876410  20130715     4.9  8    -0.4  8  1019.9  8  1001.7  8   17.5  8    3.4  8    6.7  999.9    14.2*   -3.3    0.0I 999.9  000000
876410  20130716    10.4  8     3.2  8  1012.6  8   994.7  8   15.6  8    4.1  8    5.7  999.9    19.0*    1.7    0.0I 999.9  000000
876410  20130717     9.8  8     4.6  8  1008.1  8   990.4  8   15.0  8    2.2  8    3.6  999.9    19.6     1.0    0.0I 999.9  000000
876410  20130718     5.8  8     2.9  8  1016.9  8   998.9  8   14.5  8    6.3  8   10.3  999.9    19.0     0.8    0.5G 999.9  010000
876410  20130719     1.9  8    -2.7  8  1023.8  8  1005.3  8   15.6  8    3.6  8    7.7  999.9     9.0    -4.3    0.0G 999.9  000000
876410  20130720     2.2  8    -1.9  8  1009.8  8   991.5  8   15.6  8    4.3  8    5.1  999.9     7.8*   -2.1    0.0I 999.9  000000
876410  20130721     2.6  8    -0.4  8  1012.5  8   994.3  8   15.4  8    4.6  8    7.2  999.9     9.2    -1.3    0.0G 999.9  010000
876410  20130722     4.2  8     1.6  8  1019.4  8  1001.1  8   15.0  8    5.4  8    9.3  999.9     8.8     1.4    0.0G 999.9  010000
876410  20130723     2.6  8    -2.8  8  1022.8  7  1004.4  7   16.9  8    4.2  8    8.2  999.9     8.0    -4.2    0.0G 999.9  000000
876410  20130724     5.0  8     0.6  8  1025.1  8  1006.7  8   13.7  8    2.4  8    4.1  999.9    10.3*   -3.1    0.0I 999.9  100000
876410  20130725     6.4  8    -1.1  8  1023.3  8  1005.0  8   14.3  8    6.0  8    9.3  999.9    13.9*   -2.2    0.0I 999.9  000000
876410  20130726     7.4  8     1.0  8  1023.3  8  1005.2  8   15.0  8    5.0  8    6.7  999.9    14.6     1.0    0.0I 999.9  000000
876410  20130727     9.3  8     3.1  8  1022.1  8  1004.1  8   13.2  8    2.7  8    6.7  999.9    16.4*   -1.0    0.0I 999.9  100000
876410  20130728     6.3  8     2.9  8  1022.8  8  1004.6  8   12.6  8    1.3  8    2.6  999.9    17.4    -1.0    0.0I 999.9  100000
876410  20130729     8.1  8     4.4  8  1023.0  8  1004.9  8    4.5  8    1.6  8    3.1  999.9    18.3*   -1.2    0.0I 999.9  100000
876410  20130730     8.5  8     6.1  8  1020.8  8  1002.8  8    8.0  8    3.2  8    7.2  999.9    19.1     0.9    0.0I 999.9  100000
876410  20130731    11.7  8    10.2  8  1013.6  8   995.9  8   10.5  8    3.6  8    7.2  999.9    15.4     4.2    7.9G 999.9  110000
876410  20130801     8.8  7     5.9  7  1017.4  7   999.5  7   16.4  7    3.8  7    5.7  999.9    10.9*    5.9    2.0G 999.9  000000
876410  20130802     4.0  8     1.5  8  1021.2  8  1002.9  8    9.8  8    1.2  8    2.6  999.9    11.5    -3.4    0.0G 999.9  100000
876410  20130803     7.4  8     4.1  8  1018.5  8  1000.4  8   15.0  8    2.4  8    6.2  999.9    12.1*    0.4    0.0I 999.9  000000
876410  20130804     9.4  8     4.3  8  1016.9  8   999.0  8   11.3  8    3.6  8    5.1  999.9    17.4*    1.0    0.0I 999.9  100000
876410  20130805    12.4  8     2.9  8  1010.3  8   992.7  8   15.0  8    8.0  8   12.3  999.9    17.7     2.5    0.0I 999.9  000000
876410  20130806     7.2  8    -1.0  8  1016.8  8   998.8  8   13.5  8    2.7  8    6.2  999.9    17.5    -3.3    0.0I 999.9  000000
876410  20130807    10.7  8     4.6  8  1005.5  8   987.8  8   15.0  8    4.9  8    6.2  999.9    16.7    -0.1    0.0I 999.9  000000
876410  20130808     8.9  8    -0.4  8  1011.9  8   994.1  8   16.9  8    4.3  8    7.2  999.9    13.5     2.5    0.0I 999.9  000000
876410  20130809     4.7  8    -3.3  8  1025.9  8  1007.5  8   15.6  8    2.4  8    4.6  999.9    13.5    -4.6    0.0I 999.9  000000
876410  20130810     5.6  8    -5.8  8  1023.4  8  1005.1  8   16.9  8    4.7  8   10.3  999.9    15.2*   -2.9    0.0I 999.9  000000
876410  20130811     8.2  7    -0.6  7  1012.0  7   994.1  7   16.4  7    6.0  7   10.3  999.9    15.6     1.7    0.0G 999.9  010000
876410  20130812     5.6  8     2.2  8  1013.3  8   995.3  8   13.2  8    6.3  8   10.3  999.9    12.4     2.5    0.5G 999.9  100000
876410  20130813     2.3  8    -3.9  8  1027.8  8  1009.3  8   17.5  8    3.0  8    7.2  999.9    10.5    -4.6    0.0G 999.9  000000
876410  20130814     3.6  8    -4.8  8  1030.7  8  1012.2  8   15.9  8    3.4  8    7.7  999.9    12.2*   -6.4    0.0I 999.9  000000
876410  20130815     7.3  8    -3.7  8  1020.2  8  1002.1  8   15.6  8    8.3  8   13.4  999.9    14.4*   -2.6    0.0I 999.9  000000
876410  20130816    10.3  7    -3.8  7  1022.2  7  1004.3  7   15.0  7    5.1  7    7.2  999.9    15.8*    2.0    0.0I 999.9  000000
876410  20130817     4.1  8    -2.4  8  1029.2  8  1010.8  8   15.9  8    3.2  8    8.2  999.9    16.1    -6.4    0.0I 999.9  000000
876410  20130818     8.9  8     0.4  8  1021.8  8  1003.8  8   15.0  8    7.5  8   11.3  999.9    17.6*    1.4    0.0I 999.9  000000
876410  20130819    12.4  8     4.7  8  1015.4  8   997.7  8   14.2  8    3.8  8    6.7  999.9    21.2*    4.2    0.0I 999.9  000000
876410  20130820    10.3  8     2.9  8  1017.0  8   999.2  8   15.0  8    3.4  8    8.2  999.9    21.5    -0.4    0.0I 999.9  000000
876410  20130821    12.6  8     9.8  8  1009.6  8   992.1  8   11.3  8    2.2  8    5.7  999.9    22.0     4.3    1.0G 999.9  000010
876410  20130822     6.8  8    -0.9  8  1013.6  8   995.7  8   11.3  8    6.0  8    9.3  999.9    16.2     2.5    0.0G 999.9  100000
876410  20130823     3.1  7    -5.2  7  1024.7  7  1006.2  7   17.9  7    2.6  7    4.1  999.9     9.6*   -3.5    0.0I 999.9  000000
876410  20130824     2.8  8    -2.4  8  1031.8  8  1013.3  8   15.6  8    1.4  8    2.6  999.9    10.8    -3.6    0.0I 999.9  000000
876410  20130825     1.6  8    -5.2  8  1035.5  8  1016.9  8   15.0  8    0.9  8    4.1  999.9     9.4    -4.9    0.0I 999.9  000000
876410  20130826     0.6  8    -6.7  8  1036.0  8  1017.2  8   15.0  8    0.8  8    2.6  999.9     9.5    -7.8    0.0I 999.9  000000
876410  20130827     3.8  8    -3.9  8  1025.5  8  1007.0  8   14.3  8    3.8  8    9.8  999.9    12.4*   -6.6    0.0I 999.9  000000
876410  20130828    13.1  8     0.6  8  1016.7  8   998.9  8   12.6  8    5.0  8    9.8  999.9    23.7*    1.4    0.0I 999.9  000000
876410  20130829    16.3  8     2.7  8  1013.0  8   995.6  8   14.8  8    5.2  8    9.8  999.9    28.1*    6.9    0.0I 999.9  000000
876410  20130830    16.1  8     3.4  8  1011.2  8   993.8  8   11.7  8    3.9  8    7.2  999.9    28.5     1.4    0.0I 999.9  000000
876410  20130831    13.6  8     6.0  8  1012.9  8   995.4  8   13.2  8    4.0  8    7.7  999.9    26.5     6.0    0.0I 999.9  000000
876410  20130901    13.8  8     5.8  8  1013.3  8   995.7  8   15.0  8    3.6  8    5.7  999.9    24.8*    2.4    0.0I 999.9  000000
876410  20130902    11.7  8     4.9  8  1015.8  8   998.1  8   16.3  8    3.9  8    6.2  999.9    26.2     5.7    0.5A 999.9  010000
876410  20130903     7.0  8     1.8  8  1023.9  8  1005.8  8   15.6  8    4.0  8    7.2  999.9    14.8     1.7    0.0I 999.9  000000
876410  20130904     4.5  8    -1.5  8  1026.7  8  1008.3  8   15.6  8    4.0  8    7.2  999.9    13.8*   -4.3    0.0I 999.9  000000
876410  20130905    11.1  8     4.0  8  1019.8  8  1001.8  8   13.2  8    5.8  8    7.7  999.9    16.6*    1.9    0.0I 999.9  000000
876410  20130906    11.2  8     6.7  7  1017.9  8  1000.1  8   11.9  8    2.8  8    4.6  999.9    19.8*    1.2    0.0I 999.9  100000
876410  20130907    12.9  8    12.1  8  1012.3  8   994.7  8   11.1  8    3.0  8    6.7  999.9    21.2     5.8    5.1G 999.9  010010
876410  20130908    14.5  8     8.6  8  1013.9  8   996.4  8   17.5  8    4.3  8    7.2  999.9    20.3*    6.5   30.0G 999.9  000000
876410  20130909    18.2  8    12.4  8  1011.5  8   994.1  8   15.6  8    5.7  8    7.7  999.9    24.8*   10.7    0.0G 999.9  000000
876410  20130910    22.1  8    14.1  8  1006.7  8   989.7  8   13.8  8    7.2  8   11.3  999.9    26.1    15.0    0.0I 999.9  000000
876410  20130911    14.8  8     2.3  8  1011.4  8   994.1  8   15.0  8   10.0  8   11.8  999.9    26.1    11.6    0.0I 999.9  000000
876410  20130912    12.7  8     9.6  8  1010.1  8   992.6  8   14.8  8   10.2  8   13.4  999.9    15.5    10.4    0.3G 999.9  010000
876410  20130913     8.4  8     3.8  8  1021.5  8  1003.5  8   15.0  8    8.2  8   10.3  999.9    15.8     4.5    0.0G 999.9  000000
876410  20130914     4.9  8    -1.1  8  1027.3  8  1008.9  8   14.3  8    4.5  8    8.2  999.9    11.4    -2.2*   0.0I 999.9  000000
876410  20130915     4.8  8     1.8  8  1026.0  8  1007.6  8   13.5  8    7.5  8   11.3  999.9    12.2     0.4*   0.0B 999.9  010000
876410  20130916     5.8  8     3.8  8  1022.5  8  1004.3  8   13.7  8    7.6  8   11.3  999.9     9.0     4.0    0.3G 999.9  010000
876410  20130917     5.8  8    -0.6  8  1019.0  8  1000.8  8   15.8  7    4.6  8    6.7  999.9    10.0*    0.9    3.0G 999.9  000000
876410  20130918     7.0  8    -3.5  8  1016.6  8   998.5  8   18.8  8    3.8  8    6.2  999.9    15.4*   -3.3    0.0G 999.9  000000
876410  20130919    11.4  8    -2.1  8  1018.0  8  1000.2  8   15.6  8    5.5  8    9.3  999.9    21.2*    2.0    0.0I 999.9  000000
876410  20130920    12.9  8     3.4  8  1011.6  8   994.0  8   15.0  8    6.2  8    9.3  999.9    21.5     7.7*   0.0I 999.9  000000
876410  20130921     9.1  8     1.6  8  1013.6  7   997.1  8   15.0  8    3.9  8    7.2  999.9    19.4     1.4    0.0I 999.9  000000
876410  20130922     5.7  8     0.6  8  1024.3  8  1006.1  8   13.2  8    3.3  8    4.1  999.9    14.1    -1.5    0.0I 999.9  100000
876410  20130923     7.2  8     1.8  8  1030.9  8  1012.6  8   15.0  8    2.0  8    3.6  999.9    14.0    -1.0    0.0I 999.9  000000
876410  20130924     6.2  8     0.6  8  1032.3  8  1013.9  8   12.4  8    2.1  8    3.6  999.9    13.5    -4.0    0.0I 999.9  100000
876410  20130925     6.6  8     0.4  8  1028.6  8  1010.4  8   11.4  8    4.6  8    7.7  999.9    14.6    -3.8    0.0I 999.9  100000
876410  20130926    12.2  8     5.4  8  1021.9  8  1004.0  8   15.0  8    6.9  8    9.3  999.9    17.8*    3.2    0.0I 999.9  000000
876410  20130927    11.6  8     7.0  8  1021.0  8  1003.1  8   12.2  8    4.1  8    5.7  999.9    18.5     3.8    0.0I 999.9  100000
876410  20130928    11.8  8     9.7  8  1020.1  8  1002.4  8   12.2  8    5.4  8    7.7  999.9    18.0     7.7    0.8G 999.9  010000
876410  20130929     7.9  8     5.6  8  1017.9  8  1000.0  8   14.0  8    5.7  8    8.2  999.9    15.6     2.4   16.0G 999.9  010000
876410  20130930     9.5  8     6.2  8  1014.7  8   996.8  8   13.7  8    3.9  8   11.3  999.9    13.8*    4.9    7.9G 999.9  010000
876410  20131001    10.8  8     8.1  8  1016.3  8   998.4  8   12.1  8    7.4  8   10.3  999.9    15.2     7.0    0.0G 999.9  010000
876410  20131002    11.8  8     8.9  8  1019.6  8  1001.8  8    8.5  8    2.9  8    4.1  999.9    16.0*    6.8    0.3G 999.9  100000
876410  20131003    12.8  8     9.9  8  1020.7  8  1003.0  8   15.0  8    3.3  8    6.2  999.9    16.6     8.8    0.0G 999.9  000000
876410  20131004    13.5  8     9.7  8  1022.4  8  1004.6  8   15.4  8    2.7  8    4.1  999.9    18.4*    8.4    0.0G 999.9  010000
876410  20131005    12.9  8     7.8  8  1022.5  8  1004.7  8   13.2  8    3.9  8    6.2  999.9    19.8*    5.5    0.0I 999.9  000000
876410  20131006    15.5  8     7.8  8  1023.1  8  1005.4  8   13.2  8    3.9  8    6.7  999.9    21.8*    5.0    0.0I 999.9  000000
876410  20131007    16.4  8     7.7  8  1023.8  8  1006.2  8   15.0  8    4.5  8    6.2  999.9    23.0*    6.0    0.0I 999.9  000000
876410  20131008    16.4  8     7.8  8  1019.5  8  1001.9  8   15.0  8    6.1  8    8.2  999.9    23.5     8.2    0.0I 999.9  000000
876410  20131009    15.4  8    13.0  8  1014.4  8   997.0  8   12.2  8    4.1  8    7.2  999.9    23.4    12.1    6.1G 999.9  010010
876410  20131010    12.9  8    10.4  8  1019.0  8  1001.3  8   12.7  8    2.4  8    5.1  999.9    20.8*    5.0    6.1G 999.9  100000
876410  20131011    11.9  8     7.5  8  1022.5  8  1004.6  8   15.0  8    7.7  8   11.3  999.9    21.5     5.0    0.0G 999.9  000000
876410  20131012    12.1  7     8.1  7  1022.3  7  1004.5  7   12.7  7    6.6  7    8.8  999.9    18.9*    7.7*   0.0A 999.9  000000
876410  20131013    14.6  8    12.6  8  1018.0  8  1000.4  8   10.0  8    3.9  8    6.7  999.9    19.5    10.2    0.3G 999.9  110000
876410  20131014    16.3  8    10.8  8  1015.7  8   998.2  8   10.1  8    3.1  8    6.2  999.9    25.5*    6.4    0.0G 999.9  100000
876410  20131015    17.0  8     9.8  8  1017.9  8  1000.4  8   15.0  8    2.5  8    4.6  999.9    26.7     6.0    0.0I 999.9  000000
876410  20131016    20.2  8    14.3  8  1015.8  8   998.6  8   14.2  8    3.5  8    7.2  999.9    27.6    14.4    0.0G 999.9  010000
876410  20131017    17.3  8    14.0  8  1014.6  8   997.2  8   15.6  8    3.9  8    5.7  999.9    26.2    12.0    0.0G 999.9  100000
876410  20131018    16.1  8    11.5  8  1012.7  8   995.2  8   11.1  8    2.5  8    5.1  999.9    26.0*    5.3    0.0G 999.9  100000
876410  20131019    19.0  8    12.9  8  1007.6  8   990.5  8   15.0  8    4.5  8    7.7  999.9    27.2*    7.5    0.5G 999.9  010010
876410  20131020    19.1  8    12.7  8  1001.1  8   984.1  8   12.7  8    5.6  8    8.8  999.9    28.0    14.0   20.1G 999.9  010010
876410  20131021    11.7  8     4.5  8  1013.8  8   996.2  8   15.0  8    3.7  8    5.1  999.9    22.8     5.5    0.0G 999.9  000000
876410  20131022    10.0  8     7.1  8  1013.8  8   996.0  8   13.5  8    4.6  8    7.2  999.9    16.9*    2.0    0.3A 999.9  010000
876410  20131023    13.2  8     9.4  7  1011.5  8   993.9  8   12.4  8    4.1  8    6.2  999.9    17.4     8.2   20.1G 999.9  010010
876410  20131024     9.5  8     4.3  8  1024.4  8  1006.4  8   14.2  8    3.4  8    4.6  999.9    17.9     0.2    7.1G 999.9  000000
876410  20131025     8.3  8     4.7  8  1025.3  8  1007.3  8   15.0  8    4.3  8    6.2  999.9    17.0    -0.4    0.0G 999.9  010000
876410  20131026    13.2  8     8.1  8  1015.3  8   997.5  8   12.6  8    4.2  8    8.8  999.9    23.4*    3.5    0.0G 999.9  100000
876410  20131027    14.0  8     4.3  8  1019.5  8  1001.9  8   15.0  8    4.6  8    9.3  999.9    24.2     3.0    0.0I 999.9  000000
876410  20131028    14.3  8     5.0  8  1018.6  8  1001.0  8   16.3  8    5.0  8    6.2  999.9    20.8*    7.7    0.0G 999.9  010000
876410  20131029    16.3  8     9.9  8  1015.9  8   998.4  8   15.0  8    3.9  8    5.7  999.9    21.9*    9.2    0.0I 999.9  000000
876410  20131030    14.9  8     8.7  8  1016.2  8   998.7  8   15.0  8    5.6  8    9.3  999.9    23.0     6.5    0.0I 999.9  000000
876410  20131031    15.9  8    13.2  8  1012.3  8   994.9  8   14.2  8    7.9  8    9.8  999.9    22.5    13.0    0.3G 999.9  010000
876410  20131101    17.4  8    15.6  8  1011.1  8   993.8  8   11.6  8    5.4  8    8.8  999.9    19.0    15.0    7.1G 999.9  010000
876410  20131102    15.4  8    11.7  8  1014.1  8   996.7  8   13.5  8    4.4  8    7.2  999.9    20.1*    9.6    0.0G 999.9  000000
876410  20131103    14.9  7     8.9  7  1017.3  7   999.7  7   15.0  7    3.0  7    3.6  999.9    23.4*    7.0    0.0I 999.9  000000
876410  20131104    13.6  8     9.2  8  1019.8  8  1002.2  8   15.6  8    4.5  8    6.7  999.9    24.8     6.1    0.0I 999.9  000000
876410  20131105    16.6  8    10.4  8  1019.6  8  1002.1  8   15.0  8    4.7  8    5.7  999.9    24.4*    5.5    0.0I 999.9  000000
876410  20131106    18.1  8    10.2  8  1015.9  8   998.5  8   15.0  8    9.1  8   14.9  999.9    25.6*    9.0    0.0I 999.9  000000
876410  20131107    16.9  8    12.8  8  1013.7  8   996.4  8   13.5  8    4.1  8   10.3  999.9    26.5    12.1    5.1G 999.9  010000
876410  20131108    16.5  8    11.4  8  1013.1  8   995.7  8   12.6  8    2.3  8    4.1  999.9    23.7*    6.5    0.0G 999.9  100000
876410  20131109    16.5  8    11.8  8  1011.6  8   994.3  8   14.8  8    5.7  8    7.7  999.9    25.6    10.9    0.0I 999.9  000000
876410  20131110    14.5  8    13.3  8  1009.1  8   991.7  8    7.4  8    6.6  8   10.3  999.9    23.1    10.9   30.0G 999.9  010000
876410  20131111    17.8  8    12.0  8  1005.9  8   988.7  8   15.9  8    3.2  8    4.1  999.9    25.7*   11.1    6.1G 999.9  000000
876410  20131112    17.9  8     7.0  8  1007.5  8   990.3  8   16.3  8    3.3  8    7.7  999.9    26.2    10.5    0.0G 999.9  000000
876410  20131113    15.2  8     8.6  8  1015.4  8   997.9  8   15.0  8    5.9  8    9.3  999.9    25.6*    6.0    0.8G 999.9  000000
