877650  20130101    13.9 24    -0.4 24  9999.9  0   924.6  7   10.0 24    3.1 24    6.7  999.9    23.2*    5.0    0.0I 999.9  000000
877650  20130102    17.5 24     1.3 24  9999.9  0   917.9  7   10.0 24    4.4 24    9.3  999.9    27.0*    8.6    0.0I 999.9  000000
877650  20130103    17.6 22     6.3 22  9999.9  0   916.4  8   10.0 22    6.3 22    9.8  999.9    27.4     9.0*   0.0I 999.9  000000
877650  20130104    17.2 22     5.7 22  9999.9  0   919.3  9   10.3 22    6.5 22   10.3   15.4    24.3     9.9    0.0I 999.9  000000
877650  20130105    15.7 23     3.7 23  9999.9  0   918.7  7   10.3 23    7.7 23   14.4   17.5    22.0*    8.3    0.0I 999.9  000000
877650  20130106    14.1 24     8.1 24  9999.9  0   910.5  8    8.0 24   10.3 24   17.5   24.7    22.2    12.0*   0.0B 999.9  010000
877650  20130107     8.8 24     1.5 24  9999.9  0   910.7  8   10.1 24   12.3 24   18.0   23.1    16.5     5.0    7.1G 999.9  010000
877650  20130108    12.2 23     2.9 23  9999.9  0   917.0  9   10.5 23   10.1 23   15.4   21.6    18.1*    8.2    0.0G 999.9  000000
877650  20130109    15.1 24     3.9 24  9999.9  0   922.2  8   10.0 24    3.4 24   10.3  999.9    27.0*    3.5    0.0I 999.9  000000
877650  20130110    23.6 21    11.3 21  9999.9  0   920.0  7   10.1 21    2.5 21    7.2  999.9    34.1*    9.0*   0.0I 999.9  000000
877650  20130111    23.2 23    10.6 23  9999.9  0   916.0  8   10.0 23    7.2 23   11.8   16.5    34.1    17.0    0.0I 999.9  000000
877650  20130112    19.4 24     3.8 24  9999.9  0   918.9  8   10.1 24    3.4 24    8.2  999.9    34.0*    3.7    0.0I 999.9  000000
877650  20130113    22.2 21    11.1 21  9999.9  0   920.5  8   10.8 21    3.1 21    7.2  999.9    33.7    15.0*   0.0I 999.9  000010
877650  20130114    22.0 24    13.8 24  9999.9  0   920.2  8   10.5 24    2.9 24    5.7  999.9    30.5*   14.0*   0.0I 999.9  000000
877650  20130115    22.5 24     7.4 24  9999.9  0   916.5  8   10.3 24    4.1 24   10.3  999.9    32.0*   12.0*   0.0I 999.9  000000
877650  20130116    21.7 22     5.4 22  9999.9  0   917.8  8   10.0 22    3.4 22    8.2  999.9    31.8     9.0    0.0I 999.9  000000
877650  20130117    21.1 23     8.8 23  9999.9  0   921.0  7   10.3 23    2.8 23    7.7  999.9    29.7*   12.0*   0.0I 999.9  000000
877650  20130118    23.1 24     6.7 24  9999.9  0   921.6  8   10.1 24    3.0 24    6.2  999.9    32.5*   13.1    0.0I 999.9  000000
877650  20130119    20.9 22     9.2 22  9999.9  0   925.8  8    9.7 22    3.8 22    8.2  999.9    32.5    17.0    0.0I 999.9  000000
877650  20130120    20.4 24    10.5 24  9999.9  0   924.0  7   10.5 24    2.6 24    8.2  999.9    26.0*   16.0*   0.0I 999.9  000000
877650  20130121    21.7 24     8.6 24  9999.9  0   919.9  8   10.5 24    3.1 24    6.7  999.9    30.0*   12.6    0.0I 999.9  000000
877650  20130122    22.5 24    10.9 24  9999.9  0   918.9  7    9.5 24    4.0 24   10.3  999.9    30.0    12.0*   0.0I 999.9  100000
877650  20130123    19.1 24     4.4 24  9999.9  0   919.0  8   10.0 24    6.0 24   11.8   17.5    29.6     6.0*   0.0I 999.9  000000
877650  20130124    16.7 23     1.2 23  9999.9  0   918.1  8   10.3 23    7.3 23   11.3  999.9    27.0    11.0*   0.0I 999.9  000000
877650  20130125    15.1 24     2.8 24  9999.9  0   920.6  8   10.1 24    5.0 24   10.3  999.9    24.0*    7.7    0.0I 999.9  000000
877650  20130126    17.7 22     3.3 22  9999.9  0   918.0  8   10.0 22    6.9 22   11.8   15.9    25.0*    8.0*   0.0I 999.9  000000
877650  20130127    18.2 24     4.4 24  9999.9  0   918.4  7   10.1 24    5.7 24    9.8  999.9    26.2*    8.0    0.0I 999.9  000000
877650  20130128    19.6 24     5.4 24  9999.9  0   920.6  8   10.5 24    4.1 24    8.2  999.9    28.0*    9.7    0.0I 999.9  000000
877650  20130129    18.8 24     8.0 23  9999.9  0   921.5  8   10.6 24    4.3 24    9.3  999.9    27.9    10.0*   0.0I 999.9  000000
877650  20130130    17.7 24     5.5 24  9999.9  0   919.5  8   10.0 24    2.5 24    6.7  999.9    29.0*    7.0*   0.0I 999.9  000000
877650  20130131    18.4 24     3.7 24  9999.9  0   914.6  8    9.8 24    5.5 24   13.9   18.5    29.4     7.0*   0.0I 999.9  000000
877650  20130201    16.4 22     5.8 22  9999.9  0   914.4  9   10.1 22    9.1 22   12.3  999.9    26.5    12.0    0.0I 999.9  000000
877650  20130202    14.8 22     1.0 22  9999.9  0   923.2  7   10.3 22    3.4 22   10.3  999.9    24.0*    5.3    0.0I 999.9  000000
877650  20130203    17.1 23     3.6 23  9999.9  0   921.6  8   10.0 23    3.8 23    9.3  999.9    30.0*    1.7    0.0I 999.9  000000
877650  20130204    20.1 24     3.3 24  9999.9  0   918.5  8   10.0 24    2.7 24    7.2  999.9    29.6    10.5    0.0I 999.9  000000
877650  20130205    19.2 24     4.5 24  9999.9  0   918.2  8   10.0 24    2.6 23    7.7  999.9    32.0*    9.0*   0.0I 999.9  000000
877650  20130206    21.4 24     2.3 24  9999.9  0   920.4  8   10.0 24    2.1 24    7.7  999.9    34.0*    8.0*   0.0I 999.9  000000
877650  20130207    22.3 24     2.0 24  9999.9  0   919.7  8   10.0 24    2.3 24    5.1  999.9    34.0*    8.6    0.0I 999.9  000000
877650  20130208    24.7 23     5.0 23  9999.9  0   915.7  9   10.0 23    2.3 23   10.3  999.9    35.0*   13.6    0.0I 999.9  000010
877650  20130209    20.2 24    10.8 24  9999.9  0   915.1  6    9.2 24    4.6 23   13.4   15.9    34.6    12.0*   0.0I 999.9  000010
877650  20130210    17.3 24     9.4 24  9999.9  0   916.7  7   10.1 24    4.8 24   11.3  999.9    28.4    12.9    0.0I 999.9  000010
877650  20130211    15.3 23     8.8 23  9999.9  0   912.4  8    8.9 23    9.7 23   18.0   24.2    22.5    11.6    0.0G 999.9  010000
877650  20130212    12.8 24     5.1 24  9999.9  0   912.0  8   10.8 24   11.2 24   15.4   20.6    19.0    10.0*   2.0G 999.9  010000
877650  20130213    12.3 24     5.4 24  9999.9  0   915.2  8   10.5 24    9.5 24   12.9   20.6    16.8    10.5    0.0G 999.9  000000
877650  20130214    14.1 24     6.6 24  9999.9  0   916.9  8   10.5 24    8.0 24   12.9   18.5    19.7*    9.9    0.0I 999.9  000000
877650  20130215    16.3 24    10.2 24  9999.9  0   912.2  9    9.8 24    8.3 24   11.8  999.9    21.0*   12.3    0.0B 999.9  010000
877650  20130216    11.8 24     8.6 24  9999.9  0   909.3  8    8.2 24    6.7 24   12.3   17.5    21.0     7.6*  19.0G 999.9  010000
877650  20130217     7.9 22     0.0 22  9999.9  0   919.7  8   10.8 22    7.1 22   11.8  999.9    15.0*    2.6    5.1G 999.9  000000
877650  20130218     8.3 24    -0.4 24  9999.9  0   924.3  9   10.0 24    1.8 24    6.2  999.9    19.0*   -2.0*   0.0G 999.9  000000
877650  20130219    11.9 24     1.6 24  9999.9  0   922.5  8   10.1 24    1.3 24    5.1  999.9    25.0*    0.0    0.0I 999.9  000000
877650  20130220    14.7 24     2.4 24  9999.9  0   921.1  8   10.3 24    2.0 24    7.2  999.9    26.0*    2.5    0.0I 999.9  000000
877650  20130221    15.7 22     2.6 22  9999.9  0   919.2  7   10.0 22    2.9 22    9.8  999.9    25.7     6.0*   0.0I 999.9  000000
877650  20130222    16.4 24     5.4 24  9999.9  0   916.4  8    9.8 24    3.5 24   11.3  999.9    25.3     8.9    0.0I 999.9  000000
877650  20130223    13.0 24     6.9 24  9999.9  0   915.5  8    9.7 24    6.6 24   10.3  999.9    24.8    10.9  999.9  999.9  010000
877650  20130224    13.2 24     7.6 24  9999.9  0   920.8  9   10.3 24    4.6 24    8.2  999.9    19.2*    9.0*   6.1G 999.9  010000
877650  20130225    13.3 24     5.2 24  9999.9  0   923.0  8   10.5 24    2.9 24    6.7  999.9    21.3*    6.0*   0.0G 999.9  000000
877650  20130226    15.1 24     4.7 24  9999.9  0   918.8  8   10.0 24    4.6 24    9.3  999.9    24.5*    6.8    0.0I 999.9  000000
877650  20130227    13.8 24     4.7 24  9999.9  0   917.5  8   10.5 24    5.8 24   12.9  999.9    19.0*    5.8    0.0I 999.9  000000
877650  20130228    11.8 24     1.9 24  9999.9  0   917.4  7   10.5 24    2.9 24    8.2  999.9    22.0*    0.5    0.0I 999.9  000000
877650  20130301    12.3 24     8.3 24  9999.9  0   917.5  8    8.5 24    3.1 24    8.7  999.9    22.2     1.5    5.1G 999.9  010010
877650  20130302    12.8 24     8.5 24  9999.9  0   922.6  8    9.3 24    1.4 24    6.2  999.9    19.5*    7.0    7.1G 999.9  110000
877650  20130303    14.1 21     5.4 21  9999.9  0   924.3  8   10.5 21    2.8 21    5.1  999.9    22.0*    7.0    0.0G 999.9  000000
877650  20130304    14.6 24     4.3 24  9999.9  0   921.9  8   10.1 24    3.2 24    8.2  999.9    24.0*    4.0*   0.0I 999.9  000000
877650  20130305    12.5 24     5.6 24  9999.9  0   915.4  7    9.3 24    5.0 24   11.8   17.0    23.7     2.0* 999.9  999.9  110000
877650  20130306     7.7 24     2.7 24  9999.9  0   914.4  8    9.5 24    8.5 24   12.9  999.9    20.1     4.6    0.5G 999.9  010000
877650  20130307     8.5 22     2.8 22  9999.9  0   917.4  8    9.3 22    6.6 22   11.8  999.9    13.2*    5.0*   3.0G 999.9  010000
877650  20130308    13.1 24     6.3 24  9999.9  0   916.4  8    9.3 24    9.1 24   12.9  999.9    16.0*    7.4    0.0G 999.9  010000
877650  20130309    12.9 23     7.0 23  9999.9  0   912.5  8    9.3 23   11.1 23   14.4   21.6    17.0*   11.0*   0.0G 999.9  010000
877650  20130310    13.5 24     6.8 24  9999.9  0   918.0 10   10.6 24    8.9 24   12.9   16.5    18.0*   10.8    0.5G 999.9  000000
877650  20130311    13.6 23     3.2 23  9999.9  0   915.6  7   10.3 23    9.0 23   13.4  999.9    17.6    10.8    0.0G 999.9  000000
877650  20130312     9.1 24    -1.2 24  9999.9  0   920.3  8   10.1 24    3.9 24    9.3  999.9    17.4     0.0    0.0I 999.9  000000
877650  20130313     9.5 24    -2.1 24  9999.9  0   926.0 10   10.5 24    4.4 24    9.8  999.9    16.4     1.8    0.0G 999.9  010000
877650  20130314     7.0 23    -1.2 23  9999.9  0   925.9  8   10.3 23    2.1 23    4.1  999.9    14.1*    0.4  999.9  999.9  010000
877650  20130315     8.0 23    -0.2 23  9999.9  0   926.4  8   10.8 23    3.6 23    5.7  999.9    14.1     4.8    0.0I 999.9  000000
877650  20130316     8.4 24     0.6 24  9999.9  0   924.1  9   10.3 24    3.3 24    6.2  999.9    18.0*    2.6    0.0I 999.9  000000
877650  20130317    13.5 22     5.3 22  9999.9  0   923.6  9   10.3 22    1.7 22    3.6  999.9    20.0*    7.2    0.0I 999.9  000000
877650  20130318    14.6 23     7.6 23  9999.9  0   922.2  9   10.3 23    1.8 23    4.1  999.9    20.0    11.5    0.0I 999.9  000000
877650  20130319    11.4 23     5.8 23  9999.9  0   919.4  7    8.7 23    3.0 23    8.2  999.9    21.0*    2.0    0.0I 999.9  100000
877650  20130320    12.6 24     4.3 24  9999.9  0   914.4  8   10.0 24    8.4 24   13.4   18.5    21.0     5.0    0.0G 999.9  010000
877650  20130321     8.7 23    -1.1 23  9999.9  0   921.9  9   10.3 23    5.8 23    8.7  999.9    15.7     2.4    0.0G 999.9  000000
877650  20130322     9.8 24     1.9 24  9999.9  0   922.1  8   10.1 24    5.1 24   12.9  999.9    18.0*    0.7    0.0I 999.9  000000
877650  20130323     9.0 24     3.2 24  9999.9  0   922.3  7    9.2 24    2.7 24    8.2  999.9    21.0*    0.6    0.0I 999.9  100000
877650  20130324    12.6 23     4.9 23  9999.9  0   914.9  7    9.8 23    9.2 23   14.9   18.0    15.4*    9.6    2.0G 999.9  010000
877650  20130325    11.4 24     1.2 24  9999.9  0   921.6  8   10.0 24    7.3 24   10.8  999.9    18.0*    6.0*   0.0G 999.9  000000
877650  20130326    12.1 23     3.2 23  9999.9  0   923.5 10    9.8 23    2.6 23    9.8  999.9    25.0*   -2.0*   0.0I 999.9  100000
877650  20130327    12.2 23     2.3 23  9999.9  0   923.1  7   10.0 23    2.4 23    9.3  999.9    24.6    -0.4    0.0I 999.9  000000
877650  20130328    12.4 24     1.9 24  9999.9  0   922.7  8   10.1 24    1.1 24    5.1  999.9    25.1*   -0.4    0.0I 999.9  000000
877650  20130329    12.9 24     7.2 24  9999.9  0   920.0  8   10.1 24    3.6 24   10.3  999.9    25.4     3.5    0.0I 999.9  100000
877650  20130330    11.4 24     7.3 24  9999.9  0   921.0  7    9.7 24    2.9 24    7.7  999.9    22.3     4.0    6.1A 999.9  010000
877650  20130331    10.8 24     3.4 24  9999.9  0   927.9  8   10.8 24    3.8 24    6.7  999.9    14.0*    8.4    0.0A 999.9  010000
877650  20130401     9.2 22     2.8 22  9999.9  0   926.6  7   10.1 22    3.1 22    4.6  999.9    16.0*    3.8*   0.0I 999.9  000000
877650  20130402     9.6 24     2.6 24  9999.9  0   925.6 10   10.5 24    2.2 24    6.7  999.9    22.0*   -0.1    0.0I 999.9  000000
877650  20130403    12.1 21     2.3 21  9999.9  0   925.4  8   10.0 21    3.6 21    5.1  999.9    21.8    -0.1    0.0I 999.9  000000
877650  20130404     9.5 24     4.5 24  9999.9  0   916.0  6    8.7 24    4.2 24   10.3   15.4    18.0*   -1.0* 999.9  999.9  110000
877650  20130405     7.0 24     2.6 24  9999.9  0   912.9  8    9.2 24    9.1 24   14.9   20.6    18.4     1.2    0.0G 999.9  010000
877650  20130406     6.6 24     1.9 24  9999.9  0   918.8  8   10.6 24    8.9 24   15.9   19.0    11.0*    2.0*  11.9G 999.9  000000
877650  20130407     9.9 22     3.0 22  9999.9  0   921.1  8   10.6 22    7.7 22   11.3   15.4    15.0*    6.5    0.0G 999.9  000000
877650  20130408     9.3 24     1.8 24  9999.9  0   921.3  9   10.3 24    2.6 24    7.7  999.9    18.0*    1.6    0.0I 999.9  000000
877650  20130409     5.7 24     1.8 24  9999.9  0   914.9  8    9.5 24    1.7 24   11.8   15.4    18.3    -1.0* 999.9  999.9  110000
877650  20130410     9.6 22     4.4 22  9999.9  0   911.8  8    9.0 22    7.2 22   11.3   17.0    14.6     1.8    3.0G 999.9  010000
877650  20130411     3.7 24    -2.0 24  9999.9  0   918.2  8   10.6 24    4.8 23   10.3  999.9    14.0    -1.1    5.1G 999.9  011000
877650  20130412     3.0 22    -3.3 22  9999.9  0   924.8  8   10.5 22    4.4 22    9.3  999.9    10.0*   -6.0    0.0G 999.9  000000
877650  20130413     4.7 24    -0.6 24  9999.9  0   922.5  8   10.3 24    3.4 24    9.8  999.9    14.0*   -2.4    0.0I 999.9  000000
877650  20130414    12.6 24     7.9 24  9999.9  0   920.2  7   10.0 24    6.5 24    9.3  999.9    19.0*    1.0    7.1G 999.9  010000
877650  20130415    11.8 22     6.1 22  9999.9  0   920.3  8    9.0 22    1.4 22    3.6  999.9    22.0*    3.0    0.0G 999.9  100000
877650  20130416     9.7 24     4.4 24  9999.9  0   919.2  8    9.2 24    2.2 24    9.3  999.9    25.0*   -0.5    0.0I 999.9  100000
877650  20130417    14.1 24     9.2 24  9999.9  0   920.2  8   10.5 24    3.1 24    7.7  999.9    21.6     1.0    0.0I 999.9  000000
877650  20130418     9.9 24     5.2 24  9999.9  0   918.2  8    8.5 24    2.3 24    9.3  999.9    22.0*   -0.8    0.0I 999.9  100000
877650  20130419     9.9 22     3.4 22  9999.9  0   919.5  8    9.0 22    0.7 22    4.1  999.9    23.0    -1.0    0.0I 999.9  000000
877650  20130420    10.4 24     1.7 24  9999.9  0   917.1  8    9.8 24    3.1 24   11.8  999.9    23.7    -1.0    0.0I 999.9  000000
877650  20130421    12.8 24     6.6 24  9999.9  0   919.3  8   10.0 24    3.9 24    9.3  999.9    20.5     7.5    0.0G 999.9  010000
877650  20130422    11.2 24     4.2 24  9999.9  0   922.5  8   10.3 24    1.6 24   12.3  999.9    19.3     3.7    0.0G 999.9  010000
877650  20130423     8.3 24     1.7 24  9999.9  0   924.0 10    9.5 24    0.9 24    2.1  999.9    20.3*   -2.3    0.0I 999.9  100000
877650  20130424     7.4 24     2.8 24  9999.9  0   920.9  8    9.3 24    0.8 24    3.1  999.9    21.8    -2.5    0.0I 999.9  100000
877650  20130425     5.3 24    -0.4 24  9999.9  0   921.3  8    9.0 24    0.8 24    3.1  999.9    18.0*   -6.0*   0.0I 999.9  100000
877650  20130426     5.7 24     2.2 24  9999.9  0   920.4  8    9.2 24    1.1 24    3.6  999.9    18.1    -5.0    0.0I 999.9  100000
877650  20130427    11.6 23     5.6 23  9999.9  0   922.1  7   10.0 23    5.9 23   12.3   14.4    16.0*    8.8    0.0I 999.9  100000
877650  20130428     7.4 24     2.4 24  9999.9  0   920.4  8    9.8 24    2.9 24    7.7  999.9    16.0    -2.2    0.0I 999.9  100000
877650  20130429    10.5 23     5.2 23  9999.9  0   917.5  8   10.0 23    5.7 23   12.9  999.9    16.0    -1.0    0.0I 999.9  000000
877650  20130430     7.6 24     5.6 24  9999.9  0   917.0  8    6.1 24    2.9 24    6.7  999.9    15.0     5.5    9.9G 999.9  010000
877650  20130501     7.3 24     5.8 24  9999.9  0   914.3 10    5.8 24    0.9 24    4.6  999.9    10.0*    5.8    9.9G 999.9  110000
877650  20130502     8.2 24     6.0 24  9999.9  0   917.8  8    9.0 24    1.2 24    3.1  999.9    12.1*    4.0   11.9G 999.9  010000
877650  20130503     9.7 24     7.4 24  9999.9  0   914.3  8    8.4 24    2.5 24    9.3   14.4    12.0*    8.0    4.1G 999.9  010000
877650  20130504     8.6 24     3.0 24  9999.9  0   920.1  8    9.8 24    8.1 24   12.9   17.5    12.5     6.3   40.9G 999.9  000000
877650  20130505     5.5 22     0.2 22  9999.9  0   923.3  8    9.8 22    4.8 22   12.3  999.9    14.0*   -3.0    0.0G 999.9  000000
877650  20130506     8.3 24     0.3 24  9999.9  0   924.0  7    9.7 24    9.3 24   12.3   19.5    12.1*    5.0*   2.0G 999.9  010000
877650  20130507     6.5 24    -0.1 24  9999.9  0   920.9  8   10.5 24    6.3 24   16.5   22.6    15.0*   -3.4    0.0G 999.9  000000
877650  20130508    11.3 24     6.8 24  9999.9  0   910.7  7    9.0 24   15.0 24   23.6   28.8    14.8    -1.6    0.0G 999.9  010000
877650  20130509    11.2 24     7.1 24  9999.9  0   914.1  9   10.3 24    6.2 24   10.3  999.9    13.6     9.6    4.1G 999.9  010000
877650  20130510     9.1 23     4.1 23  9999.9  0   911.8  7    9.5 23    7.3 23   13.4   21.1    15.4     7.0    2.0G 999.9  010000
877650  20130511     7.3 23     2.2 23  9999.9  0   920.3  8   10.3 23    8.4 23   12.3   18.5    11.7     5.6    3.0G 999.9  010000
877650  20130512     5.8 24    -0.3 24  9999.9  0   920.1  8   10.3 24    8.3 24   12.9   18.0    10.0     3.0    0.0G 999.9  000000
877650  20130513     6.3 24     1.2 24  9999.9  0   916.4  8   10.0 24    9.3 24   16.5   22.1     8.9     3.0*   3.0A 999.9  010000
877650  20130514     2.6 24    -4.3 24  9999.9  0   920.7  8    9.7 24    7.1 24   10.8  999.9     9.0     0.0*   0.5C 999.9  011000
877650  20130515     2.4 24    -4.7 24  9999.9  0   926.4  8   10.3 24    5.8 24   10.3  999.9     9.4    -6.3    0.0G 999.9  000000
877650  20130516     2.1 24    -3.2 24  9999.9  0   925.9  8   10.0 24    2.3 24    9.3  999.9    12.0*   -6.6    0.0I 999.9  000000
877650  20130517     2.5 24    -2.7 24  9999.9  0   921.4  8    9.7 24    2.6 24    5.7  999.9    11.7    -7.5    0.0I 999.9  100000
877650  20130518    -0.2 23    -3.7 23  9999.9  0   922.3  8   10.3 23    0.4 23    2.1  999.9    10.9    -8.6    0.0I 999.9  000000
877650  20130519     3.6 22     0.5 22  9999.9  0   924.5  9   10.6 22    1.3 22    4.6  999.9    11.0*   -8.4    0.0I 999.9  000000
877650  20130520     3.4 24     0.1 24  9999.9  0   920.5  9    9.3 24    2.2 24    9.8  999.9    12.6    -2.5    2.0A 999.9  110000
877650  20130521     7.2 24     2.7 24  9999.9  0   920.0  9    9.3 24    6.6 24   10.8  999.9    11.2*   -1.5    0.0C 999.9  010000
877650  20130522     7.6 23     2.8 23  9999.9  0   921.3  8   10.5 23    5.6 23   10.3  999.9    12.1*    2.9    0.0I 999.9  000000
877650  20130523    10.2 22     5.4 22  9999.9  0   916.7  8    9.3 22   11.2 22   15.4   21.1    13.0*    3.1    0.0G 999.9  010000
877650  20130524    10.5 24     5.8 24  9999.9  0   922.2  8   10.8 24    6.7 24   11.8  999.9    13.5     8.5    0.5G 999.9  000000
877650  20130525     7.2 21     4.1 21  9999.9  0   916.8  7    8.2 20    4.1 21   11.8   16.5    14.6     2.3    0.0G 999.9  110000
877650  20130526     9.2 24     2.4 24  9999.9  0   913.2  8   10.1 24    8.8 24   14.4   17.5    13.0     4.7    0.0G 999.9  010000
877650  20130527     6.1 24     4.2 24  9999.9  0   906.4  8    6.8 24    2.3 24    7.2  999.9    12.7     5.0*   2.0G 999.9  010000
877650  20130528     3.4 24     1.2 24  9999.9  0   903.1 10   10.0 24    3.6 24   10.8  999.9     7.2     1.0   10.9G 999.9  010000
877650  20130529     5.7 24     1.9 24  9999.9  0   912.6  8    9.7 24    8.2 24   12.3   19.5     9.0*    1.8   14.0G 999.9  010000
877650  20130530     6.2 22     3.2 22  9999.9  0   909.8 10    7.4 21   10.2 21   17.5   22.1    10.0*    4.8    0.0G 999.9  010000
877650  20130531     5.0 24     2.2 24  9999.9  0   902.2  9    6.8 24    6.4 24   14.4   21.6    10.1     3.4   53.1G 999.9  010000
877650  20130601     5.3 24     2.1 24  9999.9  0   907.9  8    8.5 24    9.6 24   14.4   20.1     9.0*    2.0*  23.9G 999.9  010000
877650  20130602     7.1 22     3.5 22  9999.9  0   918.7  8   10.0 22    8.0 22   11.3  999.9    11.0*    4.1    0.0G 999.9  010000
877650  20130603    10.5 23     5.6 23  9999.9  0   918.4  8   10.5 23   10.8 23   17.5   28.3    15.0*    5.4    0.0G 999.9  000000
877650  20130604    11.2 24     5.9 24  9999.9  0   915.9  8   10.0 24   11.2 24   18.5   27.8    15.1     9.0  999.9  999.9  010000
877650  20130605     7.6 22     1.9 22  9999.9  0   917.9  8    9.8 22    9.0 22   12.9   17.0    12.8     4.5    4.1G 999.9  010000
877650  20130606     6.3 24     1.8 24  9999.9  0   917.8  9    9.5 24    7.6 24   15.4   20.6    11.1*    0.0*   0.0G 999.9  010000
877650  20130607     5.4 22    -1.9 22  9999.9  0   921.2  9    9.8 22    8.5 22   13.4   18.0    11.1     2.0*  13.0G 999.9  010000
877650  20130608    -1.1 24    -4.3 24  9999.9  0   924.8  7    9.7 24    0.3 24    2.6  999.9     7.7    -7.4    0.0G 999.9  100000
877650  20130609     2.7 24    -3.2 24  9999.9  0   921.2 10   10.3 24    4.4 24   12.3  999.9    11.1*   -7.6    0.0I 999.9  000000
877650  20130610     8.9 24    -2.3 24  9999.9  0   919.5  8   10.3 24    7.7 24   10.3  999.9    13.0*    0.0    0.0I 999.9  000000
877650  20130611     5.2 23    -0.3 23  9999.9  0   919.2  7   10.5 23    6.2 23   12.9   19.5    11.4*   -4.0    0.0I 999.9  000000
877650  20130612     8.6 24     3.3 24  9999.9  0   918.4  9   10.1 24    8.8 24   13.9   18.5    11.6     6.0    0.0B 999.9  010000
877650  20130613     9.8 24     4.7 24  9999.9  0   918.9  9   10.8 24    6.1 24    9.8   16.5    12.2*    5.0*   0.5G 999.9  000000
877650  20130614     4.8 24     0.1 24  9999.9  0   922.8  8   10.6 24    1.9 24    4.1  999.9    12.6     0.5    0.0G 999.9  000000
877650  20130615     6.5 23     3.2 23  9999.9  0   912.5  8    8.2 23    7.7 23   11.8   16.5     8.0     2.1    6.1G 999.9  010000
877650  20130616     2.0 23    -3.9 23  9999.9  0   922.5 10    9.2 23    8.9 23   12.9   17.0     8.8    -0.1    1.0G 999.9  011000
877650  20130617     2.9 24    -0.8 24  9999.9  0   914.3  8    8.5 24    9.0 24   14.4   19.0     5.0     0.4    0.0G 999.9  011000
877650  20130618    -0.1 24    -4.2 24  9999.9  0   916.9  8    8.7 24    6.5 24   11.3  999.9     5.3    -3.0*  20.1G   9.9  011000
877650  20130619     2.4 24    -1.9 24  9999.9  0   924.2  8    9.3 24    6.0 24   10.3  999.9     8.0*   -2.8    0.0G 999.9  001000
877650  20130620     2.6 24    -1.1 24  9999.9  0   921.5  8   10.6 24    4.1 24   11.8   15.4    11.0*   -3.5    0.0I 999.9  000000
877650  20130621     5.1 21     1.4 21  9999.9  0   912.3  7    8.5 21   12.0 21   21.1   22.6    10.7    -3.5    0.5G 999.9  110000
877650  20130622     3.7 23    -1.8 23  9999.9  0   918.7  8   10.6 23    7.3 23   11.3   13.9     7.0     0.1   16.0G 999.9  000000
877650  20130623     1.3 24    -2.3 24  9999.9  0   923.6  8   10.6 24    1.5 24    5.7  999.9     7.0*   -4.7    0.0G 999.9  000000
877650  20130624     1.2 23    -1.7 23  9999.9  0   922.7 10   10.5 23    1.5 23    7.7  999.9     8.1    -4.7    0.0I 999.9  000000
877650  20130625     5.7 24    -2.1 24  9999.9  0   918.9  8   10.1 24    6.5 24   11.3  999.9    10.4*    0.2    0.0I 999.9  000000
877650  20130626     6.1 24     0.4 24  9999.9  0   914.6  8   10.0 24    6.8 24   11.3   13.4    11.0     2.6    0.0B 999.9  010000
877650  20130627     5.9 22     2.9 22  9999.9  0   906.2  6    8.2 22    5.6 22   17.0  999.9     9.0*    4.0*   5.1G 999.9  010000
877650  20130628     3.6 24     1.4 24  9999.9  0   908.4  6    7.9 24    7.1 24   10.8  999.9     9.6     1.0*  11.9G 999.9  011000
877650  20130629     1.8 24    -2.8 24  9999.9  0   918.1  8   10.6 24    7.5 24  999.9  999.9     5.7     0.6    3.0G 999.9  001000
877650  20130630    -1.6 23    -4.1 23  9999.9  0   921.0  8    8.7 23    1.4 23    5.1  999.9     5.1    -5.0*   0.0G 999.9  011000
877650  20130701     5.0 24     2.2 24  9999.9  0   916.3  9    7.9 24    6.4 24   14.9   20.6    10.0*   -3.6   14.0G 999.9  011000
877650  20130702     4.7 24     2.8 24  9999.9  0   905.0  9    5.6 24    5.5 24   14.9  999.9    10.3     3.0*  27.9G 999.9  010000
877650  20130703     3.1 24     0.5 24  9999.9  0   908.8  7    6.9 24    6.9 24   11.3  999.9     6.0*    0.0*  55.9G 999.9  011000
877650  20130704     2.4 24    -0.4 24  9999.9  0   919.7  8    9.7 24    4.5 24    9.3  999.9     6.0     0.0*   4.1G 999.9  011000
877650  20130705     0.6 24    -2.0 24  9999.9  0   920.5  8   10.5 24    2.5 24    5.1  999.9     6.0    -2.0*   0.0G 999.9  000000
877650  20130706     0.0 24    -3.9 24  9999.9  0   925.2  8   10.8 24    2.6 24    4.1  999.9     4.9*   -3.0    0.0I 999.9  000000
877650  20130707    -1.5 24    -5.4 24  9999.9  0   929.0  8   10.3 24    3.2 24    5.7  999.9     4.9    -6.0*   0.0I 999.9  000000
877650  20130708     1.3 22    -1.2 22  9999.9  0   922.1  8    8.2 22    3.0 22    5.1  999.9     3.7*   -1.2    3.0G 999.9  001000
877650  20130709     2.3 24     0.3 24  9999.9  0   916.1  9    8.2 24    1.9 24    4.1  999.9     6.0*    0.0*   0.5G 999.9  011000
877650  20130710     4.3 23     1.4 23  9999.9  0   914.6  7    9.8 23    1.9 23    7.2  999.9     9.4*   -0.8    6.1G 999.9  010000
877650  20130711     5.2 24     2.7 24  9999.9  0   920.6 10   10.3 24    3.2 24    9.8  999.9    10.0    -0.8    0.0G 999.9  010000
877650  20130712     5.1 24     0.7 24  9999.9  0   920.3  8    9.2 24    7.4 24   12.3   17.5    10.0     3.0*   0.0B 999.9  010000
877650  20130713     3.8 24     0.2 24  9999.9  0   915.6  7    9.3 24    7.4 24   13.4   16.5     8.5     2.0   14.0G 999.9  011000
877650  20130714     3.1 21    -0.1 21  9999.9  0   922.2  8    9.8 21    4.4 21    6.7  999.9     6.1     0.4    4.1G 999.9  010000
877650  20130715     6.8 21     1.6 21  9999.9  0   920.7  7   10.6 21   10.5 21   14.9   19.0    10.0*    4.0*   0.0G 999.9  000000
877650  20130716     9.0 24     3.6 24  9999.9  0   916.8  8   10.8 24   12.6 24   15.4   22.6    11.3*    4.9    0.0I 999.9  000000
877650  20130717     6.2 24     1.8 24  9999.9  0   913.2  8    8.7 24   12.4 24   19.5   24.2    12.3    -2.0*   3.0G 999.9  010000
877650  20130718    -2.7 21    -6.3 21  9999.9  0   928.1  7   10.6 21    2.6 21    8.2  999.9     2.0*   -5.0    3.0G 999.9  000000
877650  20130719    -1.7 20    -8.4 20  9999.9  0   924.2  7   10.3 20    3.9 20   14.4   15.9    10.0*  -10.5    0.0G 999.9  000000
877650  20130720     0.2 23    -4.7 23  9999.9  0   920.7  7   10.3 23    5.6 23   12.9   20.1    10.0    -6.0  999.9  999.9  001000
877650  20130721    -2.2 24    -8.8 24  9999.9  0   932.7  8   10.6 24    5.3 24   10.8  999.9     2.7    -7.0*   0.0G 999.9  000000
877650  20130722    -5.3 23    -8.6 23  9999.9  0   929.4  7   10.5 23    1.1 23    6.2  999.9     5.0*  -13.0*   0.0I 999.9  000000
877650  20130723     1.9 24    -3.4 24  9999.9  0   928.2  7   10.5 24    2.4 24    9.8  999.9     9.0*   -7.0    0.0I 999.9  000000
877650  20130724     1.2 24    -5.3 24  9999.9  0   923.7  8    9.7 24    1.6 24    7.7  999.9    13.0*   -7.4    0.0I 999.9  100000
877650  20130725     3.7 23    -3.8 23  9999.9  0   917.1  7   10.0 23    3.7 23    8.7  999.9    12.0*   -8.0    0.0I 999.9  000000
877650  20130726     2.0 24    -3.1 24  9999.9  0   917.8  8   10.3 24    3.3 24   11.3   15.9    12.7    -5.4    0.0I 999.9  000000
877650  20130727     1.1 23    -4.8 23  9999.9  0   924.8  8   10.0 23    1.2 23    4.1  999.9    10.0*   -5.5    0.0I 999.9  000000
877650  20130728     0.4 24    -5.7 24  9999.9  0   922.4  7   10.0 24    1.0 24    5.1  999.9    12.0*   -6.7    0.0I 999.9  000000
877650  20130729     1.9 22    -4.3 22  9999.9  0   922.8 10   10.0 22    1.5 22    4.6  999.9    15.0*   -7.0    0.0I 999.9  000000
877650  20130730     4.3 20    -0.8 20  9999.9  0   920.5  8   10.3 20    4.2 20   10.8  999.9    15.0    -7.0    0.0I 999.9  000000
877650  20130731     1.9 23    -2.1 23  9999.9  0   922.6  7   10.8 23    2.8 23    8.2  999.9     9.5    -5.7    0.0I 999.9  000000
877650  20130801     2.8 23    -2.1 23  9999.9  0   922.2  7   10.0 19    3.1 23    9.3  999.9    10.0*   -6.0*   0.0I 999.9  000000
877650  20130802     0.3 24    -4.2 24  9999.9  0   921.2  9   10.0 16    2.9 24    9.3  999.9     9.8    -7.6    0.0I 999.9  000000
877650  20130803     3.7 22     0.2 22  9999.9  0   913.8  7    8.4 22    4.8 22   10.3   15.4     5.4     1.9*   1.0G 999.9  011000
877650  20130804     2.7 24     1.1 24  9999.9  0   910.7  8    5.3 24    5.2 24   11.3  999.9     6.0*    1.0   31.0G 999.9  011000
877650  20130805     3.2 18     0.4 18  9999.9  0   911.6  8    6.4 18    8.8 18   12.9   21.6     6.1     1.0   46.0G 999.9  010000
877650  20130806     2.4  8     0.9  8  9999.9  0   911.8  7    5.1  8    6.2  8    9.3  999.9     5.0     0.7    6.1G 999.9  010000
877650  20130807     2.7 12    -0.9 12  9999.9  0   906.0  7    6.6 12    8.1 12   11.3   15.4     4.9*    0.4   45.0G 999.9  011000
877650  20130808     2.4 23    -3.5 23  9999.9  0   920.7  7   10.0 23    7.7 23   10.3  999.9     6.0*    0.4    0.5G 999.9  011000
877650  20130809     0.7 21    -5.9 21  9999.9  0   928.3  7   10.0 17    6.0 21   13.4   17.5     6.0*   -6.0*   0.0G 999.9  000000
877650  20130810     5.2 24     2.2 24  9999.9  0   917.7  8    7.7 24    9.7 24   14.4   21.1     7.2*   -4.3    1.0G 999.9  010000
877650  20130811     5.1 22     1.6 22  9999.9  0   913.6  6    8.9 22    8.6 22   11.8   15.4     7.7     3.0    0.0G 999.9  010000
877650  20130812    -0.6 23    -6.1 23  9999.9  0   922.7  8   10.0 22    3.5 23    9.3  999.9     7.0    -7.0*   0.0G 999.9  000000
877650  20130813    -1.0 23    -7.4 23  9999.9  0   930.0  8   10.0  9    1.7 23    5.1  999.9     7.0*   -9.0*   0.0I 999.9  000000
877650  20130814    -0.4 24    -6.8 24  9999.9  0   923.3  8    9.0 12    4.9 24   16.0   19.0    12.2*   -8.0* 999.9  999.9  010000
877650  20130815     4.3 22     1.5 22  9999.9  0   914.0  8    7.6 22    9.1 22   13.9   19.6     6.0*    2.0*  10.9G 999.9  010000
877650  20130816     5.6 18    -2.0 18  9999.9  0   926.4  7   10.0 10    5.3 18   11.3   16.5    10.0*    1.8*   0.0G 999.9  000000
877650  20130817     1.1 24    -5.1 24  9999.9  0   921.4  7    7.4 13    1.9 24    7.7  999.9    12.0*   -7.0*   0.0I 999.9  100000
877650  20130818     5.6 24    -2.8 24  9999.9  0   912.2  8    8.2 12    7.1 24   16.0   23.2    13.0*   -5.0* 999.9  999.9  010000
877650  20130819     2.6 24     0.3 24  9999.9  0   914.4  7    6.3 24    9.9 24   15.4   20.6     6.0*    0.0*   6.1G 999.9  011000
877650  20130820     4.3 24    -0.2 24  9999.9  0   917.9  8    9.5 24    9.6 24   13.4   17.0     8.0*    2.5*  11.9G 999.9  010000
877650  20130821     2.3 23    -1.4 23  9999.9  0   915.8  8    6.4 23    6.9 23   10.3  999.9     5.0*    0.0*   7.1G   2.0  011000
877650  20130822    -1.8 24    -6.4 24  9999.9  0   926.3  8   10.0 24    4.2 24   10.3  999.9     4.2    -4.1*   2.0G 999.9  000000
877650  20130823    -5.7 23   -10.8 23  9999.9  0   929.1  7   10.0 21    6.0 23   10.3  999.9    -2.9*   -9.0*   0.0G 999.9  000000
877650  20130824    -3.7 23   -12.1 23  9999.9  0   933.0  8   10.0 23    4.4 23   10.3  999.9     2.0*   -7.0*   0.0I 999.9  000000
877650  20130825    -3.4 22    -9.2 22  9999.9  0   932.1  8   10.0 16    3.4 22    5.7  999.9     2.0*   -8.0*   0.0I 999.9  000000
877650  20130826    -0.7 24    -5.0 24  9999.9  0   928.4  8    9.5 18    4.0 24   12.9  999.9     7.0*   -5.3* 999.9  999.9  010000
877650  20130827    10.3 24     5.2 24  9999.9  0   917.7  8   10.0 24   13.6 24   21.1   27.8    13.0*   -4.5    0.0G 999.9  000000
877650  20130828    10.7 23     4.8 23  9999.9  0   918.0  8   10.0 23   15.4 23   20.6   25.7    14.0*    8.7*   0.0I 999.9  000000
877650  20130829     9.8 23     3.2 23  9999.9  0   915.2  9   10.0 15   10.2 23   13.4   17.5    13.0*    7.0*   0.0I 999.9  000000
877650  20130830     8.2 23     2.7 23  9999.9  0   916.3  8   10.0 21    7.7 23   12.9   16.5    13.0     5.0*   0.0I 999.9  000000
877650  20130831     7.0 23     4.8 23  9999.9  0   917.2  8    8.9 23    4.2 23    9.3  999.9     9.0*    6.0*   5.1G 999.9  010000
877650  20130901     5.3 24     1.4 24  9999.9  0   919.2  8    9.5 24    8.2 24   12.9  999.9     7.3*    3.0*   6.1G 999.9  010000
877650  20130902     3.2 22    -2.9 22  9999.9  0   923.1  7    9.7 20    5.7 22   10.3  999.9     7.0*   -1.0*   0.0G 999.9  010000
877650  20130903     0.5 24    -4.9 24  9999.9  0   926.1  8    8.7 11    2.6 24    4.1  999.9     7.0*   -4.0*   0.0G 999.9  010000
877650  20130904     4.4 24     2.1 24  9999.9  0   915.9  7    7.6 24    2.2 24    5.1  999.9     9.0*    1.0*   6.1G 999.9  010000
877650  20130905     6.6 24     3.9 24  9999.9  0   913.0  8    8.5 24    8.4 24   20.6   23.7    11.0*    4.0*   7.9G 999.9  010000
877650  20130906     7.5 22     4.1 22  9999.9  0   915.9  7    9.3 22    6.9 22   11.8  999.9    10.0*    6.0*   0.0G 999.9  010000
877650  20130907     7.5 24     3.4 24  9999.9  0   914.9  8    9.0 24    6.5 24   14.4   17.0    11.0*    5.0*  13.0G 999.9  010000
877650  20130908     7.8 22     5.3 22  9999.9  0   914.9  8    6.3 22    4.4 22   10.3  999.9    10.4*    6.0*   5.1G 999.9  010000
877650  20130909     8.4 24     5.6 24  9999.9  0   908.1  7    6.6 24    5.1 24   12.9   16.5    11.0*    4.5*  38.1G 999.9  010000
877650  20130910     5.1 23     2.3 23  9999.9  0   912.3  8    6.9 23    9.1 23   17.0   22.1     8.2*    3.0*  26.9G 999.9  010000
877650  20130911     2.8 24    -1.2 24  9999.9  0   919.1  7    9.0 24    4.0 24    8.2  999.9     6.0*    0.4*   2.0G 999.9  011000
877650  20130912     0.7 24    -4.9 24  9999.9  0   923.6  8   10.0 24    3.0 24   10.3  999.9     7.0*   -5.0*   0.0G 999.9  000000
877650  20130913    -0.7 21    -4.3 21  9999.9  0   927.7  5    7.9 17    2.2 21    6.7  999.9     4.0*   -7.0*   0.0B 999.9  011010
877650  20130914     0.3 23    -2.3 23  9999.9  0   926.8  7    7.7 23    4.4 23    6.7  999.9     3.0*   -2.0*   0.5G 999.9  001000
877650  20130915     1.3 24    -3.2 24  9999.9  0   928.4  8    7.1 24    4.2 24    6.7  999.9     5.0*   -1.0*   1.0G 999.9  011000
877650  20130916     1.5 24    -4.2 24  9999.9  0   927.1  9    9.8 24    2.5 24    4.1  999.9     7.2*   -2.1*   0.0G 999.9  000000
877650  20130917     2.7 24    -4.6 24  9999.9  0   924.6  8   10.0 24    5.7 24   11.8  999.9     8.0*   -3.0*   0.0I 999.9  000000
877650  20130918     5.7 24    -2.4 24  9999.9  0   921.7  9   10.0 22    7.1 24   11.8  999.9    13.0*    0.0*   0.0I 999.9  000000
877650  20130919     4.8 24     1.1 24  9999.9  0   916.2  8    8.7 24    5.9 24   12.9  999.9     7.4*    3.0*   2.0G 999.9  010000
877650  20130920     2.3 21    -1.4 21  9999.9  0   913.1  7    7.2 21    7.5 21   11.3  999.9     5.3*    0.0*   7.9G   6.1  001000
877650  20130921     1.5 22    -3.7 22  9999.9  0   923.6  6   10.0 18    4.3 22   11.3   17.0     8.0*   -5.0*   0.0G 999.9  000000
877650  20130922     4.2 24    -4.6 24  9999.9  0   931.9  8   10.0 19    3.4 24    7.7  999.9    11.0*   -1.0*   0.0I 999.9  000000
877650  20130923     3.7 24    -6.2 24  9999.9  0   932.1  9   10.0  9    0.7 24    4.1  999.9    15.0*   -7.0*   0.0I 999.9  000000
877650  20130924     7.3 21    -8.3 21  9999.9  0   926.8  8   10.0  8    4.3 21    6.2  999.9    15.0*   -2.5    0.0I 999.9  000000
877650  20130925     7.3 24    -5.2 23  9999.9  0   917.8  8   10.0 10    5.2 24   11.8  999.9    17.0*    0.0*   0.0I 999.9  000000
877650  20130926     6.2 24    -5.7 23  9999.9  0   919.3  8    9.5 24    7.2 24   10.3  999.9    17.4     0.0* 999.9  999.9  001000
877650  20130927     3.3 22    -7.0 22  9999.9  0   930.7  8   10.0 20    6.4 22   11.3   12.4     9.3*   -0.7    0.0G 999.9  000000
877650  20130928     3.5 21    -8.1 21  9999.9  0   933.5  7   10.0 20    5.3 21   10.3  999.9    10.0*   -5.0*   0.0I 999.9  000000
877650  20130929     3.3 23    -3.8 23  9999.9  0   931.1  7   10.0 15    2.3 23    6.2  999.9    12.0*   -3.0    0.0I 999.9  000000
877650  20130930     6.3 24     0.3 24  9999.9  0   924.7  8    9.8 24    3.1 24    8.2  999.9    13.3    -2.4    0.0I 999.9  000000
877650  20131001     6.4 24    -1.4 24  9999.9  0   918.6  8    9.5 24    5.9 24   12.4  999.9    12.0     3.2    0.0G 999.9  010000
877650  20131002     4.6 23    -3.0 23  9999.9  0   919.9  8    9.7 23    6.0 23   10.8  999.9     9.4*   -0.4    0.0I 999.9  000000
877650  20131003     6.8 24     0.8 24  9999.9  0   923.3  7   10.0 24    7.4 24    9.8  999.9    12.4*    2.6    0.0I 999.9  000000
877650  20131004     7.6 24     4.2 24  9999.9  0   923.1  8    9.2 24    4.5 24    8.2  999.9    12.5     4.6    0.0G 999.9  010000
877650  20131005     6.3 24    -2.3 24  9999.9  0   924.3  8   10.0 15    2.1 24    9.3  999.9    17.0*   -4.0    0.3G 999.9  000000
877650  20131006     6.6 22    -3.0 21  9999.9  0   923.0  8   10.0  8    1.8 22    4.6  999.9    19.8*   -3.8    0.0G 999.9  000000
877650  20131007     7.9 23    -5.3 23  9999.9  0   920.7  9   10.0  9    2.5 23    7.7  999.9    22.0*   -4.4    0.0I 999.9  000000
877650  20131008     9.8 21     2.1 21  9999.9  0   914.6  7    9.0 18    6.8 21   11.3  999.9    13.0*    5.0*   0.0B 999.9  010000
877650  20131009     5.6 23    -0.8 23  9999.9  0   920.2  8   10.0 23    9.6 23   13.9   18.0     9.3*    2.7*   0.0G 999.9  010000
877650  20131010     8.8 24     1.9 24  9999.9  0   920.8  8   10.0 24    8.6 24   17.5  999.9    15.0*    4.0*   0.0G 999.9  000000
877650  20131011     9.5 23     0.4 23  9999.9  0   923.9  6   10.0 21    2.4 23    4.6  999.9    19.0*    2.0*   0.0I 999.9  000000
877650  20131012    10.9 22     1.6 21  9999.9  0   921.1  6   10.0 17    3.6 22    5.7  999.9    18.0*    4.5*   0.0I 999.9  000000
877650  20131013     9.1 24     1.1 24  9999.9  0   919.3  8   10.0 23    7.5 24   11.8   17.5    12.2*    4.0*   0.0I 999.9  000000
877650  20131014    10.2 24     4.2 24  9999.9  0   921.1  8    9.5 21    8.1 24   14.4   17.0    16.0*    7.0*   0.0G 999.9  010000
877650  20131015    13.6 23     5.5 23  9999.9  0   921.7  7   10.0 21    6.3 23    9.3  999.9    22.0*    7.0*   0.0I 999.9  000000
877650  20131016    14.3 24     3.6 24  9999.9  0   922.5  8   10.0 18    2.5 24    5.7  999.9    23.0*    6.0*   0.0I 999.9  000000
877650  20131017    13.8 23     1.1 23  9999.9  0   921.4  8   10.0 10    2.3 23    7.7  999.9    25.0*    1.1    0.0I 999.9  000000
877650  20131018    12.9 23    -0.3 23  9999.9  0   917.3  9   10.0 10    3.8 23   10.8  999.9    25.0     2.0*   0.0I 999.9  000000
877650  20131019    11.8 23     2.7 23  9999.9  0   911.5  8   10.0 17    6.9 23   14.4   18.5    24.0     7.7    0.0I 999.9  000000
877650  20131020     7.7 20    -1.0 20  9999.9  0   909.4  7   10.0 20   10.1 20   13.4   18.5    15.3     5.0*   0.0I 999.9  000000
877650  20131021     4.8 24    -6.2 24  9999.9  0   919.9  7   10.0 17    7.9 24   13.4   16.0    11.0     0.9    0.0I 999.9  000000
877650  20131022     5.2 24    -2.4 24  9999.9  0   913.7  8    9.8 24    9.2 24   12.9   16.5    11.5     2.7  999.9  999.9  010000
877650  20131023     5.1 24    -3.1 24  9999.9  0   921.3  9   10.0 19    5.5 24   12.9  999.9    12.0*   -4.3    0.0G 999.9  000000
877650  20131024     8.2 24    -4.1 24  9999.9  0   924.3  7   10.0  7    2.6 24    6.7  999.9    20.2*   -6.0*   0.0I 999.9  000000
877650  20131025    10.9 22    -5.7 22  9999.9  0   918.2  8   10.9 10    5.6 22   11.8  999.9    21.6     4.0*   0.0I 999.9  000000
877650  20131026     9.7 24    -1.4 24  9999.9  0   921.6  8   10.0  8   10.7 24   12.9   17.0    20.2     4.6    0.0I 999.9  000000
877650  20131027    10.7 22    -5.1 22  9999.9  0   923.0  8    9.5 12    2.6 22    5.1  999.9    22.0*   -3.4    0.0I 999.9  000000
877650  20131028    11.9 24    -3.1 24  9999.9  0   916.1  9   10.0 13    3.4 24    9.8  999.9    22.6    -1.4    0.0I 999.9  000000
877650  20131029    12.4 23     0.9 23  9999.9  0   918.5  8    9.7 15    3.9 23   10.3  999.9    22.4     0.6    0.0I 999.9  000000
877650  20131030    11.9 21    -0.1 21  9999.9  0   913.7  7    9.8  9    3.9 21   13.9   17.0    21.0*    1.0*   0.0I 999.9  000000
877650  20131031    10.9 15     1.9 15  9999.9  0   914.3  8   10.0 15    6.3 15   10.8  999.9    22.0     3.6    0.0I 999.9  000000
877650  20131101     8.4 23     1.8 23  9999.9  0   922.2  9    9.7 21    8.2 23   13.4  999.9    15.5     4.0*   0.0G 999.9  010000
877650  20131102    10.1 23    -1.0 23  9999.9  0   924.0  7   10.0 17    6.5 23   13.4   16.5    18.1*    0.1    0.0I 999.9  000000
877650  20131103    12.4 22     2.7 22  9999.9  0   923.3  8    9.8 16    3.2 22    7.2  999.9    22.0*    4.0*   0.0I 999.9  000000
877650  20131104    14.0 23     2.4 23  9999.9  0   920.0  9    9.7 15    3.7 23    8.8  999.9    24.0*    0.6    0.0I 999.9  000000
877650  20131105    14.0 23    -1.0 23  9999.9  0   917.3  6    9.5  9    4.9 23   13.4   16.0    24.0*   -1.0*   0.0I 999.9  000000
877650  20131106     9.1 23     2.7 23  9999.9  0   912.7  8    8.2 19    6.7 23   12.4   23.2    15.2     3.6    0.0B 999.9  010000
877650  20131107     7.4 20     3.1 20  9999.9  0   917.3  7    8.7 20   12.0 20   15.4   20.6    10.9     4.9    6.1G 999.9  010000
877650  20131108     7.9 23     2.8 23  9999.9  0   915.6  6    9.2 23    6.2 23    9.8  999.9    11.0*    5.0*   4.1G 999.9  010000
877650  20131109     9.4 24     2.9 24  9999.9  0   917.5  8    9.5 24    2.7 24    7.2  999.9    17.2*    4.0*   0.0G 999.9  010000
877650  20131110     9.5 22    -0.2 22  9999.9  0   917.2  9    9.7 19    5.9 22   13.4   16.0    18.0*   -1.7    0.0I 999.9  000000
877650  20131111    10.1 23     1.2 23  9999.9  0   915.0  7    8.9 23   12.4 23   20.1   23.7    17.5     6.8    0.0I 999.9  000000
877650  20131112     8.3 24    -1.7 24  9999.9  0   916.0  7   10.0 19   11.3 24   17.0   20.6    13.0*    4.0*   0.0I 999.9  000000
877650  20131113     9.3 24    -0.3 24  9999.9  0   913.0  8    9.5 20    5.8 24   16.0   21.6    18.0*   -1.4    0.0I 999.9  000000
