873200  20130101    25.7  5    12.1  5  1015.3  5   963.6  5   20.0  5    1.6  5    3.1  999.9    39.7    19.0*   0.0I 999.9  000000
873200  20130102    24.6  5     8.1  5  1014.1  5   962.0  5   20.0  5    1.9  5    6.2  999.9    30.2*   18.0    0.0I 999.9  000000
873200  20130103    27.2  6    12.0  6  1009.2  5   957.6  5   20.0  6    3.1  6    5.1  999.9    34.2*   17.0    0.0I 999.9  000000
873200  20130104    31.1  6    15.4  6  1005.4  6   954.8  6   20.0  6    2.2  6    6.2  999.9    37.8*   22.3    0.0I 999.9  000000
873200  20130105    27.4  6    17.4  6  1005.8  6   954.9  6   20.0  6    1.3  6    5.1  999.9    38.5    21.8    0.0I 999.9  000000
873200  20130106    27.4  6    17.1  6  1005.8  6   954.6  6   20.0  6    2.1  6    6.2  999.9    30.7*   21.0    0.0I 999.9  000000
873200  20130107    29.3  6    17.5  6  1000.7  6   949.9  6   20.0  6    1.9  6    5.1  999.9    37.2*   19.0    0.0I 999.9  000000
873200  20130108    27.4  6    20.4  6  1005.3  6   954.6  6   16.9  6    6.6  6   17.0  999.9    37.6    17.8*   0.0I 999.9  000010
873200  20130109    26.6  6    18.4  6  1013.6  6   961.7  6   20.0  6    1.7  6    4.1  999.9    33.3*   17.8   25.9G 999.9  000000
873200  20130110    31.1  6    19.0  6  1011.4  5   960.4  5   20.0  6    2.1  6    4.1  999.9    35.0*   23.6    0.0G 999.9  000000
873200  20130111    29.8  6    18.3  6  1007.2  6   956.7  6   20.0  6    2.6  6    5.1  999.9    36.0    23.7*   0.0I 999.9  000000
873200  20130112    30.9  6    17.6  6  1006.0  6   955.5  6   20.0  6    1.8  6    2.6  999.9    37.0    24.5    0.0I 999.9  000000
873200  20130113    32.2  6    17.1  6  1008.4  6   957.7  6   20.0  6    1.7  6    5.1  999.9    37.5    24.0    0.0I 999.9  000000
873200  20130114    30.9  6    16.7  6  1010.3  6   959.5  6   23.3  6    3.0  6    6.7  999.9    38.7    24.4    0.0I 999.9  000000
873200  20130115    31.3  6    14.9  6  1007.2  6   956.5  6   20.8  6    2.8  6    6.2  999.9    37.1*   22.5    0.0I 999.9  000000
873200  20130116    27.7  6    18.9  6  1006.1  6   955.1  6   19.2  6    2.0  6    3.1  999.9    37.5    19.0   11.9G 999.9  010010
873200  20130117    29.5  6    18.6  6  1010.8  6   959.7  6   24.1  6    0.3  6    1.5  999.9    35.0*   20.0    0.0G 999.9  000000
873200  20130118    28.7  6    17.4  6  1012.1  6   960.8  6   20.8  6    1.4  6    2.1  999.9    35.0    20.1    0.0I 999.9  000000
873200  20130119    29.7  6    15.3  6  1013.7  6   962.4  6   20.0  6    2.1  6    5.1  999.9    34.9    22.5    0.0I 999.9  000000
873200  20130120    27.7  6    15.5  6  1015.3  6   963.7  6   22.5  6    2.2  6    5.1  999.9    35.0    22.4    0.0I 999.9  000000
873200  20130121    24.7  6    15.1  6  1015.3  6   963.3  6   20.8  6    3.7  6    7.2  999.9    31.0    22.0    0.0B 999.9  010000
873200  20130122    28.2  6    15.3  6  1011.6  6   960.1  6   20.0  6    2.7  6    5.1  999.9    34.4*   19.0    0.0G 999.9  000000
873200  20130123    31.4  6    16.8  6  1008.9  6   957.5  6   24.1  6    1.1  6    3.1  999.9    37.5*   22.5    0.0I 999.9  000000
873200  20130124    32.9  6    17.9  6  1004.4  6   954.1  6   21.7  6    1.7  6    5.1  999.9    40.4*   23.2    0.0I 999.9  000000
873200  20130125    28.3  6    16.4  6  1009.4  6   958.3  6   20.8  6    1.4  6    3.1  999.9    42.0    15.0   23.1G 999.9  000000
873200  20130126    27.6  6    13.9  6  1010.9  6   959.3  6   24.1  6    2.4  6    5.1  999.9    33.7*   19.4    0.0G 999.9  000000
873200  20130127    31.6  5    16.6  5  1007.8  5   957.4  5   20.9  5    4.4  5    7.2  999.9    36.5*   22.6    0.0I 999.9  000000
873200  20130128    30.1  6    15.7  6  1010.1  6   959.2  5   20.0  6    6.8  6    7.7  999.9    37.0    22.2    0.0I 999.9  000000
873200  20130129    29.5  6    16.6  6  1010.7  6   959.6  6   21.7  6    2.7  6    7.7  999.9    35.8    20.4    1.0G 999.9  000010
873200  20130130    32.3  6    16.3  6  1007.1  6   956.4  6   20.8  6    4.6  6    9.3  999.9    39.3*   22.0    0.0G 999.9  000000
873200  20130131    30.2  6    15.9  6  1005.4  6   954.9  6   16.7  6    5.8  6   10.3  999.9    40.5    18.0    0.0I 999.9  000000
873200  20130201    32.5  6    20.6  6  1001.9  6   951.6  6   20.8  6    0.4  6    1.5  999.9    41.4*   21.6*   0.0I 999.9  000000
873200  20130202    28.8  6    19.0  6  1008.7  6   958.0  6   20.8  6    2.1  6    4.1  999.9    42.2    22.8    0.0I 999.9  000010
873200  20130203    29.7  6    16.1  6  1013.0  6   961.8  6   20.0  6    1.0  6    3.1  999.9    34.7*   23.0    0.0I 999.9  000000
873200  20130204    28.7  6    15.9  6  1008.8  6   957.6  6   20.0  6    1.9  6    4.1  999.9    35.0    20.0    0.0I 999.9  000000
873200  20130205    30.7  6    16.1  6  1008.0  6   957.1  6   20.0  6    2.7  6    5.1  999.9    36.5*   20.0    0.0I 999.9  000000
873200  20130206    30.6  6    14.1  6  1010.4  6   959.6  6   20.0  6    2.2  6    5.1  999.9    37.4    23.4    0.0I 999.9  000000
873200  20130207    29.6  6    11.7  6  1011.9  6   960.4  6   20.0  6    1.4  6    4.1  999.9    36.0    21.4    0.0I 999.9  000000
873200  20130208    29.5  6    12.4  6  1007.8  6   956.7  6   20.0  6    1.4  6    6.2  999.9    36.2*   20.3    0.0I 999.9  000000
873200  20130209    31.2  5    13.6  5  1004.6  5   954.1  5   20.0  5    1.2  5    3.1  999.9    37.0*   24.5    0.0I 999.9  000000
873200  20130210    29.9  6    14.2  6  1005.3  6   954.6  6   20.0  6    3.7  6    8.7  999.9    38.0    25.8    0.0I 999.9  000010
873200  20130211    30.2  6    12.4  6  1006.7  6   955.8  6   20.0  6    0.9  6    2.1  999.9    35.8*   21.3    0.0I 999.9  000000
873200  20130212    31.1  6    12.8  6  1001.2  6   950.5  6   20.0  6    1.9  6    5.1  999.9    38.4*   21.0    0.0I 999.9  000000
873200  20130213    32.6  6    15.9  6  1001.3  6   951.1  6   20.0  6    2.6  6    6.2  999.9    39.3    22.5    0.0I 999.9  000000
873200  20130214    25.5  6    18.3  6  1008.6  6   957.3  6   20.8  6    1.0  6    3.1  999.9    38.8    19.5   19.0G 999.9  000010
873200  20130215    28.8  6    18.2  6  1007.6  6   956.3  6   20.0  6    0.3  6    1.0  999.9    35.3*   20.4    0.0G 999.9  000000
873200  20130216    30.9  6    18.6  6  1000.4  6   950.0  6   24.1  6    1.1  6    3.1  999.9    38.3*   24.0    0.0I 999.9  000000
873200  20130217    28.7  6    15.1  6  1001.9  6   951.4  6   20.8  6    4.3  6    7.2  999.9    38.5    23.1    0.0I 999.9  000000
873200  20130218    21.7  6     8.3  6  1015.4  6   963.2  6   20.0  6    1.2  6    2.1  999.9    31.0    18.0    0.0I 999.9  000000
873200  20130219    20.6  6    10.3  6  1015.4  6   962.5  6   20.0  6    1.2  6    4.1  999.9    25.8*   12.0    0.0I 999.9  000000
873200  20130220    22.8  6    13.4  5  1012.5  6   959.9  6   20.0  6    2.2  6    5.1  999.9    28.6*   17.0    0.0I 999.9  000000
873200  20130221    25.1  6    14.1  6  1012.7  6   960.6  6   20.0  6    1.2  6    3.1  999.9    31.7*   17.0    0.0I 999.9  000000
873200  20130222    25.4  6    14.6  6  1011.5  6   959.5  6   20.0  6    2.8  6    3.1  999.9    31.7    15.0    0.0I 999.9  000000
873200  20130223    27.9  6    18.8  6  1005.4  6   954.2  6   20.0  6    2.8  6    6.2  999.9    34.2*   20.3    0.0I 999.9  000000
873200  20130224    29.3  6    17.4  6  1004.8  6   954.0  6   24.1  6    3.2  6    6.2  999.9    35.0    22.7    0.0I 999.9  000000
873200  20130225    27.1  6     9.2  6  1011.7  6   960.2  6   20.8  6    0.9  6    2.1  999.9    33.6    21.0    0.0I 999.9  000000
873200  20130226    24.1  6    10.1  6  1013.9  6   961.8  6   24.1  6    3.4  6    6.2  999.9    31.5    16.0    0.0I 999.9  000000
873200  20130227    26.1  6    12.3  5  1010.1  5   958.4  5   23.3  6    2.6  6    5.1  999.9    33.6*   18.0    0.0I 999.9  000000
873200  20130228    28.3  6    14.7  6  1004.2  6   953.0  6   20.0  6    2.9  6    6.2  999.9    35.7*   19.5    0.0I 999.9  000000
873200  20130301    30.3  6    15.4  6   999.0  6   948.6  6   20.0  6    2.3  6    5.1  999.9    38.0*   21.5    0.0I 999.9  000000
873200  20130302    26.9  6     8.1  6  1007.9  6   956.7  6   20.0  6    0.5  6    2.1  999.9    38.5    21.8    0.0I 999.9  000000
873200  20130303    25.3  6     8.7  6  1014.7  6   962.7  6   23.3  6    0.8  6    2.1  999.9    30.0    17.5    0.0I 999.9  000000
873200  20130304    23.6  6    10.6  6  1016.0  6   963.7  6   21.7  6    2.3  6    6.2  999.9    33.6    17.3    0.0I 999.9  000000
873200  20130305    23.8  5     8.8  5  1010.9  5   958.6  5   24.9  5    2.1  5    4.1  999.9    31.6*   14.5    0.0I 999.9  000000
873200  20130306    26.4  6    11.9  6  1005.1  6   954.4  6   19.2  6    2.1  6    3.1  999.9    33.7*   17.5    0.0I 999.9  000000
873200  20130307    28.5  6    14.8  6  1006.2  6   955.1  6   20.0  6    3.8  6    8.2  999.9    34.5    20.5    0.0I 999.9  000000
873200  20130308    29.9  6    17.3  6  1006.9  6   956.0  6   20.0  6    1.4  6    6.2  999.9    37.7    23.6    0.0I 999.9  000000
873200  20130309    31.6  6    20.3  6  1003.6  6   953.1  6   20.0  6    0.2  6    1.0  999.9    38.8*   25.0    0.0I 999.9  000000
873200  20130310    25.4  6    18.0  6  1008.4  6   957.0  6   19.2  6    2.8  6    6.2  999.9    39.0    17.8    8.9G 999.9  010010
873200  20130311    23.9  5    16.2  5  1004.9  5   953.3  5   26.1  5    1.0  5    2.1  999.9    32.5    17.7    3.0G 999.9  000000
873200  20130312    23.2  6    14.6  6  1008.2  6   956.1  6   20.8  6    0.9  6    3.1  999.9    31.3    15.5   13.0G 999.9  000000
873200  20130313    18.7  6    15.2  6  1013.4  5   960.6  6   15.8  6    3.0  6    7.2  999.9    28.8    15.3*   0.0G 999.9  010000
873200  20130314    13.1  6    12.0  6  1019.8  6   965.7  6    5.6  6    0.9  6    3.1  999.9    20.0    11.5   18.0G 999.9  010000
873200  20130315    14.7  6    11.6  6  1022.3  6   968.0  6   15.4  6    0.0  6  999.9  999.9    17.2*   10.9    3.0G 999.9  000000
873200  20130316    17.5  6    12.6  6  1021.5  6   967.9  6   20.0  6    0.5  6    1.0  999.9    20.1*   13.4    0.0G 999.9  000000
873200  20130317    17.3  6    12.7  6  1021.1  6   967.7  5   19.2  6    2.3  6    4.1  999.9    20.4*   13.9    0.0B 999.9  010000
873200  20130318    18.3  6     9.9  6  1018.9  6   965.4  6   20.0  6    1.0  6    2.1  999.9    21.6*   12.0    0.0G 999.9  000000
873200  20130319    19.8  6    11.9  6  1015.4  6   962.4  6   20.0  6    0.9  6    2.1  999.9    22.8*   15.0    0.0I 999.9  000000
873200  20130320    21.1  6    11.8  6  1010.6  6   958.0  6   20.0  6    0.0  6  999.9  999.9    27.6*   12.0    0.0I 999.9  000000
873200  20130321    23.3  6    11.6  6  1012.7  5   960.3  5   23.3  6    0.7  6    2.1  999.9    29.8*   14.5    0.0I 999.9  000000
873200  20130322    24.7  6    13.9  6  1012.2  6   960.2  6   20.8  6    1.0  6    2.1  999.9    30.4    18.8    0.0I 999.9  000000
873200  20130323    22.9  6    15.5  6  1013.7  6   961.5  6   23.3  6    1.2  6    2.1  999.9    30.5    17.8    7.9G 999.9  000000
873200  20130324    22.0  6    14.7  6  1010.6  6   958.1  6   20.8  6    1.9  6    3.1  999.9    28.8*   15.8    0.0G 999.9  000000
873200  20130325    23.6  6    13.1  6  1012.5  6   960.2  6   23.3  6    2.6  6    5.1  999.9    29.2    16.3    0.0I 999.9  000000
873200  20130326    23.6  6    12.2  6  1017.6  6   965.0  6   24.1  6    1.2  6    5.1  999.9    29.9    15.0    0.0I 999.9  000000
873200  20130327    24.0  6     9.1  6  1017.0  6   964.6  6   21.7  6    1.5  6    2.6  999.9    29.8    16.0    0.0I 999.9  000000
873200  20130328    24.6  6     9.1  6  1015.9  6   963.5  6   20.0  6    1.0  6    2.1  999.9    30.3*   16.7    0.0I 999.9  000000
873200  20130329    24.3  6    10.3  6  1013.0  6   960.9  6   24.1  6    1.6  6    2.6  999.9    30.9    16.5    0.0I 999.9  000000
873200  20130330    25.3  6    12.4  6  1009.1  6   957.2  6   20.8  6    3.1  6    5.1  999.9    32.4*   17.4    0.0I 999.9  000000
873200  20130331    24.7  5    12.7  5  1009.2  5   957.5  5   20.0  5    3.8  5    6.2  999.9    32.5    20.2    0.0I 999.9  000000
873200  20130401    21.2  6    13.2  6  1013.8  6   961.3  6   20.8  6    0.9  6    2.6  999.9    28.1    16.7    0.0I 999.9  000000
873200  20130402    19.5  6    11.5  6  1016.4  6   963.3  6   20.0  6    1.4  6    4.1  999.9    24.5    14.7    0.8G 999.9  010000
873200  20130403    17.9  6     8.8  6  1017.8  6   964.2  6   20.0  6    0.3  6    1.0  999.9    24.8*    8.5    0.0G 999.9  000000
873200  20130404    20.5  6     9.7  6  1011.1  6   958.3  6   20.0  6    0.4  6    2.1  999.9    27.8*   10.8    0.0I 999.9  000000
873200  20130405    21.3  5     9.3  5  1007.0  5   954.6  5   20.0  5    0.6  5    2.1  999.9    31.8*   12.5    0.0I 999.9  000000
873200  20130406    23.8  6    11.7  6  1009.0  5   956.9  5   24.1  6    2.0  6    6.2  999.9    34.8    14.2    0.0I 999.9  000000
873200  20130407    21.8  6     7.8  6  1015.0  6   962.5  6   22.5  6    1.9  6    5.1  999.9    30.3    15.0    0.0I 999.9  000000
873200  20130408    20.7  6     9.4  6  1016.3  6   963.3  6   20.8  6    3.2  6    5.1  999.9    27.2*   13.7    0.0I 999.9  000000
873200  20130409    22.3  6     7.3  6  1012.0  6   959.7  6   20.0  6    7.8  6  999.9  999.9    27.5    16.3    0.0I 999.9  000000
873200  20130410    22.7  6    11.2  6  1006.4  6   954.4  6   21.7  6    4.3  6   14.4  999.9    28.8*   17.0    0.0I 999.9  000000
873200  20130411    24.2  6    16.0  6  1004.0  6   952.4  6   20.0  6    1.7  6    5.1  999.9    29.9    16.5    0.0I 999.9  000000
873200  20130412    18.6  6     9.2  6  1015.9  6   963.0  6   20.0  6    2.8  6    5.1  999.9    30.0    14.0    0.0I 999.9  000000
873200  20130413    17.7  6     9.3  6  1018.3  6   963.3  6   20.0  6    3.1  6    5.1  999.9    23.5    13.7    0.0I 999.9  000000
873200  20130414    20.3  6    12.0  6  1016.1  6   963.1  6   24.1  6    2.0  6    7.2  999.9    25.8*   13.4    0.0I 999.9  000000
873200  20130415    21.6  6    11.5  6  1016.5  6   963.6  6   20.8  6    0.9  6    1.5  999.9    28.2*   12.0    0.0I 999.9  000000
873200  20130416    24.2  6    11.1  6  1014.8  6   962.3  6   20.0  6    0.3  6    1.0  999.9    31.6*   15.8    0.0I 999.9  000000
873200  20130417    23.8  6     9.8  6  1014.6  6   962.4  6   20.0  6    1.2  6    3.1  999.9    32.4    13.5    0.0I 999.9  000000
873200  20130418    23.8  6    10.4  6  1012.9  6   960.7  6   20.0  6    2.7  6    4.1  999.9    32.0    12.8    0.0I 999.9  000000
873200  20130419    23.9  6     9.2  6  1012.7  6   960.5  6   22.5  6    1.8  6    2.6  999.9    31.7    15.5    0.0I 999.9  000000
873200  20130420    23.3  6     9.4  6  1013.1  6   960.8  6   20.0  6    3.6  6    6.2  999.9    29.9    16.0    0.0I 999.9  000000
873200  20130421    24.1  6    11.2  6  1013.3  5   961.2  6   20.0  6    1.2  6    2.1  999.9    30.8*   13.6    0.0I 999.9  000000
873200  20130422    25.1  6    11.9  6  1013.6  6   961.6  6   20.0  6    1.4  6    2.1  999.9    31.6    13.6    0.0I 999.9  000000
873200  20130423    24.7  6    12.3  6  1010.4  6   958.5  6   20.0  6    1.8  6    3.1  999.9    32.1    18.5    0.0I 999.9  000000
873200  20130424    24.9  6    12.2  6  1013.0  6   961.0  6   20.0  6    1.6  6    2.1  999.9    31.0    18.8    0.0I 999.9  000000
873200  20130425    23.9  6    12.5  6  1010.1  6   958.2  6   24.1  6    2.2  6    4.1  999.9    31.8    17.9    0.0I 999.9  000000
873200  20130426    24.7  6    10.8  6  1005.8  6   954.1  6   20.4  6    4.0  6    7.2  999.9    31.0*   17.4    0.0I 999.9  000000
873200  20130427    22.4  6     9.3  6  1008.4  6   956.6  6   18.0  6    3.7  6   10.3  999.9    32.0    11.5    0.0I 999.9  000000
873200  20130428    19.3  6     8.3  6  1013.5  6   960.3  6   23.3  6    0.0  6  999.9  999.9    25.8*    9.8    0.0I 999.9  000000
873200  20130429    20.3  6     7.6  6  1013.7  5   960.3  6   20.8  6    1.0  6    3.1  999.9    26.7*   11.5    0.0I 999.9  000000
873200  20130430    21.4  6    11.1  6  1011.8  6   959.3  6   20.0  6    1.4  6    2.1  999.9    27.3    15.5    0.0I 999.9  000000
873200  20130501    21.1  6    16.6  6  1008.7  6   956.3  6   15.8  6    0.5  6    2.1  999.9    26.5    15.9    0.0G 999.9  010000
873200  20130502    24.3  5    16.9  5  1006.7  5   954.8  5   20.0  5    0.0  5  999.9  999.9    28.4*   17.8    0.0I 999.9  000000
873200  20130503    20.9  6    13.0  6  1009.7  6   957.3  6   20.0  6    0.4  6    2.1  999.9    29.3    12.2    0.0I 999.9  000000
873200  20130504    19.4  6    13.3  6  1014.8  6   961.9  6   20.0  6    0.2  6    1.0  999.9    27.2    13.8    0.0I 999.9  000000
873200  20130505    20.1  6    11.3  6  1019.9  6   966.6  6   24.1  6    0.2  6    1.0  999.9    27.2*   10.7    0.0I 999.9  000000
873200  20130506    20.3  6    11.0  6  1016.2  6   963.1  6   20.8  6    1.9  6    3.1  999.9    27.3    13.0    0.0I 999.9  000000
873200  20130507    20.2  6     6.0  6  1020.5  6   967.4  6   20.0  6    2.6  6    5.1  999.9    27.5    13.5    0.0I 999.9  000000
873200  20130508    18.1  6     4.9  6  1012.2  5   959.1  6   21.7  6    0.5  6    1.0  999.9    25.6    10.2    0.0I 999.9  000000
873200  20130509    19.6  6     8.4  6  1009.0  6   956.2  6   20.0  6    1.5  6    3.1  999.9    25.8*   10.9    0.0I 999.9  000000
873200  20130510    21.2  5     9.6  5  1006.9  5   954.5  5   20.0  5    0.2  5    1.0  999.9    28.6*   12.5    0.0I 999.9  000000
873200  20130511    22.1  6     9.7  6  1013.1  6   960.7  6   20.0  6    0.7  6    2.1  999.9    29.0    15.2    0.0A 999.9  000000
873200  20130512    19.1  6     5.4  6  1014.1  6   961.0  6   24.1  6    0.5  6    1.5  999.9    26.7     9.9    0.0G 999.9  000000
873200  20130513    19.7  6    12.4  6  1012.4  6   960.0  5   20.8  6    0.5  6    2.1  999.9    26.5    14.5    0.0I 999.9  000000
873200  20130514    18.4  6    14.2  6  1011.0  6   958.1  6   20.0  6    1.9  6    5.1  999.9    24.4    13.0    0.0I 999.9  000000
873200  20130515    12.9  6     5.3  6  1019.7  6   965.7  6   19.2  6    0.5  6    2.1  999.9    23.6     9.0    2.0G 999.9  000000
873200  20130516     9.8  6     0.1  6  1025.4  6   969.9  6   20.0  6    0.8  6    2.1  999.9    16.6*    1.0    0.0G 999.9  000000
873200  20130517    12.2  5    -0.8  5  1021.6  5   966.9  5   20.0  5    2.0  5    3.1  999.9    17.0*    0.6    0.0I 999.9  000000
873200  20130518    13.5  6     3.6  6  1018.7  6   964.4  6   20.0  6    2.9  6    6.2  999.9    17.5     7.5    0.0I 999.9  000000
873200  20130519    12.7  6     3.4  6  1022.4  6   967.5  6   24.1  6    0.4  6    1.5  999.9    20.7*    2.2    0.0I 999.9  000000
873200  20130520    13.3  6     5.3  6  1020.0  6   965.5  6   20.8  6    0.5  6    2.1  999.9    21.3     5.1    0.0I 999.9  000000
873200  20130521    11.8  6     6.8  6  1017.7  6   963.2  6   19.2  6    1.1  6    2.1  999.9    19.5     6.8    0.0I 999.9  000000
873200  20130522    15.0  6     1.2  6  1020.0  6   965.4  6   21.7  6    0.4  6    2.1  999.9    21.5*    0.3    0.0I 999.9  000000
873200  20130523    12.9  6     7.4  6  1019.6  6   965.1  6   19.2  6    1.4  6    4.1  999.9    21.8     5.7    0.0I 999.9  000000
873200  20130524    15.3  5     7.2  5  1021.6  5   967.2  5   20.0  5    0.0  5  999.9  999.9    22.9*    4.5    0.0I 999.9  000000
873200  20130525    16.1  6     4.7  6  1016.1  6   962.1  6   20.0  6    3.8  6    7.2  999.9    26.2*    7.4    0.0I 999.9  000000
873200  20130526    16.4  5     7.3  5  1012.1  5   958.4  5   32.0  5    1.6  5    5.1  999.9    26.2     7.3    0.0I 999.9  000000
873200  20130527    14.7  6     8.3  6  1007.2  6   953.6  6   20.8  6    1.4  6    2.1  999.9    22.2     7.0    0.0I 999.9  000000
873200  20130528    17.4  6     8.3  6   999.6  5   946.8  5   20.0  6    0.0  6  999.9  999.9    26.9*    6.0    0.0I 999.9  000000
873200  20130529    15.7  6     2.7  6  1010.5  6   956.7  6   21.7  6    0.8  6    2.6  999.9    27.4     4.8    0.0I 999.9  000000
873200  20130530    15.1  6     2.4  6  1014.2  6   960.3  6   20.8  6    0.4  6    1.0  999.9    23.3     4.0    0.0I 999.9  000000
873200  20130531    16.5  6     5.7  6  1005.7  6   952.6  6   20.0  6    0.9  6    2.1  999.9    23.6     8.0    0.0I 999.9  000000
873200  20130601    17.2  6     6.2  6  1011.2  6   957.7  6   19.2  6    0.0  6  999.9  999.9    25.2*    8.5    0.0I 999.9  000000
873200  20130602    16.8  6     2.8  6  1017.5  6   963.7  6   24.1  6    0.7  6    2.1  999.9    25.2     8.5    0.0I 999.9  000000
873200  20130603    15.4  6     0.8  6  1020.1  5   965.9  6   20.8  6    0.9  6    2.1  999.9    23.0     3.0    0.0I 999.9  000000
873200  20130604    16.7  6     6.8  6  1017.0  6   963.3  6   20.0  6    1.3  6    2.1  999.9    23.9*   10.1    0.0I 999.9  000000
873200  20130605    16.8  6     6.5  6  1011.9  6   958.3  6   21.7  6    0.9  6    3.1  999.9    25.6*    5.0    0.0I 999.9  000000
873200  20130606    15.8  6    -2.7  6  1019.6  6   965.8  6   20.8  6    0.8  6    2.6  999.9    26.8     2.8    0.0I 999.9  000000
873200  20130607    14.3  6    -0.4  6  1016.2  6   962.2  6   20.0  6    2.2  6    5.1  999.9    23.1     5.0    0.0I 999.9  000000
873200  20130608    13.7  6     3.7  6  1020.8  6   966.4  6   20.0  6    1.7  6    5.1  999.9    21.8     4.8    0.0I 999.9  000000
873200  20130609    16.6  6     9.9  6  1016.8  6   962.9  6   22.5  6    1.0  6    4.1  999.9    22.7*    6.6    0.0I 999.9  000000
873200  20130610    16.3  6     8.8  6  1017.2  6   963.4  6   20.0  6    0.3  6    1.0  999.9    23.4     8.0    0.0I 999.9  000000
873200  20130611    18.4  6    13.2  6  1017.1  6   963.7  6   16.7  6    1.4  6    2.6  999.9    23.8*    8.0    0.0I 999.9  000000
873200  20130612    19.6  6    14.2  6  1015.8  6   962.7  6   20.0  6    0.8  6    1.5  999.9    25.7*   11.3    0.0I 999.9  000000
873200  20130613    20.1  6    15.3  6  1014.2  6   961.3  6   20.0  6    0.5  6    1.0  999.9    26.0     5.5    0.0I 999.9  000000
873200  20130614    17.9  6    14.6  6  1016.8  6   964.1  6   20.0  6    0.5  6    2.1  999.9    25.4    15.5    0.0B 999.9  010010
873200  20130615    14.7  6    12.4  6  1015.1  6   961.6  6   18.3  6    1.0  6    2.1  999.9    19.5    12.8    0.0G 999.9  000000
873200  20130616    14.6  6     9.9  6  1015.5  6   961.7  6   14.2  6    1.4  6    2.6  999.9    16.3*   13.0    0.5G 999.9  010000
873200  20130617    11.9  6     3.8  6  1017.5  6   963.0  6   20.0  6    1.4  6    3.1  999.9    16.5     4.0    0.3G 999.9  000000
873200  20130618    13.3  5     7.8  5  1015.4  5   961.2  5   15.9  5    2.6  5    5.1  999.9    21.0*    8.1    0.0G 999.9  000000
873200  20130619     9.6  6    -1.6  6  1023.8  6   968.7  6   20.0  6    0.5  6    1.0  999.9    13.3     6.5    0.0I 999.9  000000
873200  20130620    10.4  6    -1.9  6  1023.2  6   968.0  6   20.0  6    0.0  6  999.9  999.9    14.9*    6.4*   0.0I 999.9  000000
873200  20130621     6.1  4     0.8  4  1016.3  4   960.7  4   20.0  4    0.8  4    2.1  999.9    18.6*   -1.6    0.0I 999.9  000000
873200  20130622    13.1  6     0.1  6  1013.3  6   958.7  6   20.0  6    0.0  6  999.9  999.9    20.5*   -1.0    0.0I 999.9  000000
873200  20130623    10.9  6     2.3  5  1019.6  6   964.8  6   24.1  6    0.8  6    1.5  999.9    20.5     3.7    0.0I 999.9  000000
873200  20130624    11.4  6     3.4  6  1020.3  6   965.5  6   20.0  6    0.4  6    2.1  999.9    16.8*    3.8    0.0I 999.9  000000
873200  20130625    10.8  6     1.8  6  1018.9  5   964.0  5   20.0  6    0.9  6    1.5  999.9    18.1*    3.0*   0.0I 999.9  000000
873200  20130626     9.8  5     1.6  5  1016.9  5   962.1  5   20.9  5    0.2  5    1.0  999.9    18.5     3.0    0.0I 999.9  000000
873200  20130627    11.6  6     3.6  6  1011.7  6   957.4  6   20.0  6    0.5  6    1.0  999.9    18.0*    3.0    0.0I 999.9  000000
873200  20130628    16.2  6     6.9  6  1008.2  6   954.6  6   19.6  6    1.0  6    2.1  999.9    24.3*    6.0    0.0I 999.9  000000
873200  20130629    13.3  6     2.1  6  1014.9  6   960.7  6   20.0  6    1.0  6    4.1  999.9    27.3     3.5    0.0I 999.9  000000
873200  20130630    12.0  6     6.2  6  1018.6  6   964.0  6   22.5  6    0.9  6    1.5  999.9    21.0     3.9    0.0I 999.9  000000
873200  20130701    14.0  6     8.0  6  1020.9  6   966.5  6   20.8  6    0.3  6    1.0  999.9    18.8*    7.3    0.0I 999.9  000000
873200  20130702    14.5  5     2.6  5  1011.9  5   958.3  5   20.0  5    2.2  5    5.1  999.9    20.0     5.7    0.0I 999.9  000000
873200  20130703    13.6  6     3.1  6  1007.4  6   953.6  6   20.0  6    0.3  6    1.5  999.9    20.3     6.4    0.0I 999.9  000000
873200  20130704    13.6  5     4.4  5  1011.6  4   957.7  4   20.0  5    0.3  5    1.5  999.9    21.5*    5.6*   0.0I 999.9  000000
873200  20130705    10.7  5     2.1  5  1012.2  5   959.8  5   20.0  5    0.2  5    1.0  999.9    21.8     2.0    0.0I 999.9  000000
873200  20130706    10.4  6     1.9  6  1018.3  6   963.4  6   20.0  6    0.5  6    3.1  999.9    18.6     1.0    0.0I 999.9  000000
873200  20130707     8.6  6     3.1  6  1025.4  6   969.8  6   20.0  6    0.5  6    3.1  999.9    18.8     1.5    0.0I 999.9  000000
873200  20130708    10.1  6     2.4  6  1026.7  6   971.2  6   20.0  6    2.7  6    5.1  999.9    13.0*    7.1    0.0I 999.9  000000
873200  20130709    11.2  6     5.3  6  1017.3  6   962.7  6   20.0  6    2.3  6    4.1  999.9    15.4*    7.6    0.0I 999.9  000000
873200  20130710    13.1  7     7.1  7  1014.6  7   960.1  7   20.0  7    1.1  7    2.1  999.9    18.5     4.9    0.0I 999.9  000000
873200  20130711    15.4  6     9.8  6  1014.3  6   960.6  6   20.0  6    0.2  6    1.0  999.9    19.9*   10.3    0.0I 999.9  000000
873200  20130712    15.3  6     6.4  6  1020.1  6   966.0  6   20.0  6    0.0  6  999.9  999.9    21.4*    7.5    0.0I 999.9  000000
873200  20130713    12.6  6     6.1  6  1017.3  6   962.7  6   21.7  6    1.4  6    3.1  999.9    21.6     5.5    0.0I 999.9  000000
873200  20130714    12.9  6     4.8  6  1020.3  6   965.4  6   20.8  6    0.2  6    1.0  999.9    20.8*    4.5    0.0I 999.9  000000
873200  20130715    13.1  6     4.3  6  1022.2  6   967.2  6   20.0  6    1.2  6    3.1  999.9    21.2*    5.3    0.0I 999.9  000000
873200  20130716    14.1  6     6.9  6  1017.4  6   962.9  6   24.1  6    1.4  6    3.1  999.9    22.3*    5.3    0.0I 999.9  000000
873200  20130717    16.6  6     7.9  6  1010.6  6   957.1  6   20.8  6    0.5  6    1.0  999.9    24.6*    6.8    0.0I 999.9  000000
873200  20130718    14.5  6     1.6  6  1016.2  6   962.3  6   18.3  6    4.6  6   10.3  999.9    25.0     8.0    0.0I 999.9  000000
873200  20130719     8.2  6    -1.1  6  1022.8  6   967.6  6   17.5  6    0.8  6    1.5  999.9    16.5     6.2    0.0I 999.9  000000
873200  20130720     7.7  6    -1.9  6  1013.1  6   958.1  6   20.0  6    1.2  6    3.1  999.9    14.8*   -0.6    0.0I 999.9  000000
873200  20130721     7.1  5    -8.7  5  1026.3  5   970.8  5   20.0  5    1.2  5    3.1  999.9    10.6     3.6    0.0I 999.9  000000
873200  20130722     4.2  6    -7.9  6  1030.0  6   973.4  6   24.1  6    0.5  6    2.1  999.9    10.3*   -6.7    0.0I 999.9  000000
873200  20130723     3.0  6    -9.8  6  1028.6  6   971.6  6   20.0  6    1.0  6    4.1  999.9    11.7    -7.0    0.0I 999.9  000000
873200  20130724     6.8  6    -6.1  6  1028.7  6   972.2  6   24.1  6    0.3  6    1.0  999.9    15.0*   -7.5    0.0I 999.9  000000
873200  20130725     9.8  6    -8.1  6  1021.9  6   966.2  6   20.8  6    2.0  6    5.1  999.9    17.8*   -0.5    0.0I 999.9  000000
873200  20130726    10.8  6    -3.3  6  1016.4  6   961.9  6   19.2  6    2.9  6    4.1  999.9    18.6     2.8    0.0I 999.9  000000
873200  20130727    13.7  6    -1.7  6  1020.7  6   966.2  6   15.0  6    0.9  6    1.5  999.9    22.0*    4.8    0.0I 999.9  000000
873200  20130728    15.1  5    -2.4  5  1019.4  5   965.1  5   24.9  5    0.4  5    1.0  999.9    21.8*    4.6    0.0I 999.9  000000
873200  20130729    17.2  6     7.7  6  1017.1  6   963.2  6   19.2  6    1.7  6    4.1  999.9    23.3*    7.2    0.0I 999.9  000000
873200  20130730    19.6  6    11.7  6  1009.3  6   956.6  6   16.7  6    0.7  6    1.0  999.9    25.3*   12.8    0.0I 999.9  000000
873200  20130731    18.6  6     7.8  5  1010.1  6   957.2  6   12.6  6    1.3  6    3.6  999.9    25.5    11.5    0.0I 999.9  000000
873200  20130801    17.2  5     3.2  5  1014.0  4   960.7  4   23.0  5    1.5  5    4.1  999.9    21.6*   12.7*   0.0I 999.9  000000
873200  20130802    11.9  5     0.9  5  1019.1  5   964.8  5   20.9  5    0.2  5    1.0  999.9    21.7     2.8    0.0I 999.9  000000
873200  20130803    13.4  6     4.0  6  1013.6  6   959.4  6   20.0  6    2.7  6    5.1  999.9    20.8     6.0    0.0I 999.9  000000
873200  20130804    14.2  6     5.1  6  1017.8  6   963.4  6   20.0  6    2.4  6    7.2  999.9    21.4*    6.7*   0.0I 999.9  000000
873200  20130805    16.8  6     4.7  6  1013.6  6   960.0  6   20.0  6    1.7  6    4.1  999.9    25.5*    6.4    0.0I 999.9  000000
873200  20130806    18.3  6     6.1  6  1013.6  6   960.4  6   20.0  6    2.2  6    6.2  999.9    26.3    10.1    0.0I 999.9  000000
873200  20130807    19.3  6     7.6  6  1002.5  6   949.9  6   18.3  6    0.9  6    2.1  999.9    28.2*    9.0    0.0I 999.9  000000
873200  20130808    12.4  5    -5.8  5  1017.3  5   963.6  5   17.1  5    7.6  5    9.8  999.9    24.1    10.4*   0.0I 999.9  000000
873200  20130809    10.5  6    -0.8  6  1029.5  6   974.2  6   20.0  6    0.9  6    2.1  999.9    14.3*    5.0    0.0I 999.9  000000
873200  20130810     9.0  6    -1.6  6  1025.1  6   969.3  6   20.0  6    1.5  6    5.1  999.9    17.2*   -1.0    0.0I 999.9  000000
873200  20130811    12.1  6    -5.8  6  1013.4  6   958.8  6   22.5  6    1.0  6    2.1  999.9    19.7*    1.1    0.0I 999.9  000000
873200  20130812    13.3  6    -2.6  6  1014.5  6   960.2  6   20.8  6    1.3  6    3.1  999.9    21.0     2.3    0.0I 999.9  000000
873200  20130813    10.1  6     2.6  6  1028.5  6   973.0  6   20.0  6    2.3  6   12.9  999.9    20.5     4.5   35.1G 999.9  000000
873200  20130814     8.2  6    -0.2  6  1031.6  6   975.5  6   20.0  6    0.9  6    1.5  999.9    15.2*   -0.5    0.0G 999.9  000000
873200  20130815     9.6  6    -3.8  6  1020.3  6   965.0  6   24.1  6    3.2  6    5.7  999.9    17.5*    0.8    0.0I 999.9  000000
873200  20130816    16.2  6    -2.2  6  1022.6  6   968.3  6   20.8  6    1.4  6    3.6  999.9    23.5*    3.7    0.0I 999.9  000000
873200  20130817    13.9  6    -1.7  6  1023.4  6   968.7  6   20.0  6    2.9  6    7.2  999.9    24.3     6.0    0.0I 999.9  000000
873200  20130818    13.9  5    -1.5  5  1017.5  5   963.4  5   15.0  5    1.1  5    2.1  999.9    22.4*    7.0    0.0I 999.9  000000
873200  20130819    18.4  6     1.4  6  1012.2  6   959.0  6   15.4  6    1.1  6    2.6  999.9    25.5*    7.0    0.0I 999.9  000000
873200  20130820    21.1  6     5.5  6  1010.4  6   957.6  6   19.2  6    0.7  6    2.1  999.9    28.7*   12.1    0.0I 999.9  000000
873200  20130821    20.4  6     3.8  6  1007.6  6   954.9  6   18.3  6    0.4  6    1.5  999.9    30.0     8.0    0.0I 999.9  000000
873200  20130822    14.3  5    -2.2  5  1017.2  5   963.4  5   19.0  5    2.5  5    5.1  999.9    29.2     8.8    0.0I 999.9  000000
873200  20130823     8.4  6    -6.4  6  1022.4  6   967.0  6   20.0  6    1.9  6    5.1  999.9    15.2     2.6    0.0I 999.9  000000
873200  20130824     6.9  5    -6.9  5  1027.9  5   971.8  5   20.0  5    1.3  5    2.6  999.9    12.7    -0.3    0.0I 999.9  000000
873200  20130825     8.8  6    -3.9  6  1031.6  6   975.5  6   18.3  6    0.5  6    2.1  999.9    14.9     2.4    0.0I 999.9  000000
873200  20130826    10.3  6    -3.2  6  1031.9  6   976.1  6   20.0  6    0.2  6    1.0  999.9    15.3*    1.0    0.0I 999.9  000000
873200  20130827    11.2  6    -3.2  6  1026.2  6   971.0  6   20.0  6    1.0  6    2.1  999.9    19.9*    1.0    0.0I 999.9  000000
873200  20130828    15.5  5    -1.8  5  1021.4  5   967.0  5   20.0  5    0.9  5    2.1  999.9    25.5*    4.7    0.0I 999.9  000000
873200  20130829    18.9  6    -0.9  6  1013.6  6   960.4  6   20.0  6    2.1  6    4.1  999.9    27.7*    8.4    0.0I 999.9  000000
873200  20130830    20.8  6    -0.1  6  1008.8  6   956.3  6   20.0  6    2.2  6    4.1  999.9    28.4    10.5    0.0I 999.9  000000
873200  20130831    22.3  6     2.3  6  1008.0  6   955.7  6   20.0  6    3.1  6    5.1  999.9    30.7*   10.4    0.0I 999.9  000000
873200  20130901    21.2  7     3.2  7  1009.9  7   957.5  7   20.0  7    0.5  7    2.6  999.9    31.0    10.3    0.0I 999.9  000000
873200  20130902    19.3  8     3.4  8  1010.1  8   957.6  8   20.0  8    1.5  8    3.1  999.9    30.5     8.7    0.0I 999.9  000000
873200  20130903    16.9  8     3.7  8  1019.3  8   966.1  8   18.2  8    0.8  8    2.6  999.9    27.7     9.0    0.0I 999.9  000000
873200  20130904    15.0  8     1.6  8  1020.0  8   966.1  8   21.2  8    2.2  8    5.1  999.9    22.1     8.5    0.0I 999.9  000000
873200  20130905    18.3  7     4.2  7  1012.7  7   959.7  7   20.8  7    2.1  7    3.1  999.9    26.5*    9.9    0.0I 999.9  000000
873200  20130906    22.7  7    10.1  7  1010.0  7   957.7  7   20.0  7    1.6  7    4.1  999.9    30.2*   13.1    0.0I 999.9  000000
873200  20130907    26.0  8    11.2  8  1005.9  8   954.5  8   20.0  8    2.7  8    5.1  999.9    32.4*   18.7    0.0I 999.9  000000
873200  20130908    24.1  8     7.8  8  1013.0  8   961.2  8   20.0  8    2.7  8    8.2  999.9    33.0    15.7    0.0I 999.9  000000
873200  20130909    26.5  8     8.7  8  1008.3  8   956.8  8   20.0  8    1.2  8    3.1  999.9    38.7*   17.5    0.0I 999.9  000000
873200  20130910    30.2  7    12.1  7  1001.8  7   951.4  7   15.4  7    1.5  7    4.1  999.9    39.0    20.8    0.0I 999.9  000000
873200  20130911    27.8  8    10.1  8  1001.5  8   951.0  8   16.3  8    2.0  8    3.1  999.9    38.0    21.0    0.0I 999.9  000000
873200  20130912    21.6  7     4.3  7  1005.2  7   953.4  7   20.0  7    2.0  7    8.7  999.9    31.0    11.0    0.0I 999.9  000000
873200  20130913    13.1  8     2.2  8  1019.2  8   965.4  8   17.5  8    3.9  8   14.9  999.9    26.6     7.0    0.0I 999.9  000000
873200  20130914    12.4  8     2.8  8  1019.4  8   965.2  8   20.0  8    1.2  8    2.1  999.9    16.9    10.8    0.0I 999.9  000000
873200  20130915     9.8  8     5.9  8  1020.4  8   965.7  8   13.7  8    1.8  8    6.2  999.9    12.7     7.0    4.1G 999.9  010000
873200  20130916     7.3  7     3.6  7  1020.8  7   965.5  7   15.9  7    0.5  7    3.1  999.9    11.7*    4.3   33.0G 999.9  010000
873200  20130917     8.1  8    -2.2  8  1024.4  8   968.9  8   20.0  8    1.6  8    7.2  999.9    14.9*   -1.0    0.0G 999.9  000000
873200  20130918    10.7  8    -0.9  8  1021.1  8   966.1  8   21.9  8    1.4  8    5.1  999.9    18.7*    3.0    0.0I 999.9  000000
873200  20130919    13.7  8     0.3  8  1016.6  8   962.5  8   20.0  8    3.1  8    7.2  999.9    22.5*    5.5    0.0I 999.9  000000
873200  20130920    17.7  8     0.3  8  1007.8  8   955.0  8   20.0  8    2.6  8    5.1  999.9    27.4*    7.2    0.0I 999.9  000000
873200  20130921    14.4  7     0.5  7  1009.3  7   956.1  7   18.5  7    4.0  7   10.8  999.9    28.0    10.5*   0.0I 999.9  000000
873200  20130922    12.6  7    -2.1  7  1024.0  7   969.3  7   22.2  7    2.3  7    9.8  999.9    18.2*    2.2    0.0I 999.9  000000
873200  20130923    12.8  7    -4.1  7  1029.0  7   974.3  7   20.8  7    1.9  7    8.7  999.9    19.6*    4.5    0.0I 999.9  000000
873200  20130924    12.4  8    -0.1  8  1028.0  8   973.2  8   20.0  8    2.6  8    6.2  999.9    20.0     5.0    0.0I 999.9  000000
873200  20130925    13.8  7    -1.8  7  1020.6  7   966.5  7   22.9  7    4.0  7    8.2  999.9    20.6*    7.0    0.0I 999.9  000000
873200  20130926    16.5  8     0.7  8  1013.4  8   960.0  8   20.6  8    3.5  8    8.2  999.9    24.4*    9.7    0.0I 999.9  000000
873200  20130927    20.0  8     4.2  8  1011.6  8   959.2  7   16.6  8    2.8  8    6.2  999.9    27.4*   11.6    0.0I 999.9  000000
873200  20130928    13.9  7     1.1  7  1018.9  7   965.2  7   20.0  7    4.3  7   10.8  999.9    27.8     7.5    0.0I 999.9  000000
873200  20130929    12.7  7    -2.7  7  1023.8  7   969.1  7   20.0  7    2.8  7    7.2  999.9    18.7*    6.9    0.0I 999.9  000000
873200  20130930    13.5  8    -1.6  8  1020.9  8   966.6  8   20.0  8    1.7  8    4.1  999.9    21.6*    4.2    0.0I 999.9  000000
873200  20131001    15.8  8     1.9  8  1016.2  8   962.5  7   20.0  8    0.8  8    2.1  999.9    23.4*    9.0    0.0I 999.9  000000
873200  20131002    18.7  8     3.1  8  1012.7  8   959.7  8   17.5  8    5.6  8   11.8  999.9    26.5*   12.1    0.0I 999.9  000000
873200  20131003    19.2  8     5.2  8  1015.0  8   962.2  8   18.8  8    2.5  8    5.1  999.9    26.5    12.0    0.0I 999.9  000010
873200  20131004    18.8  8     3.4  8  1022.0  8   968.7  8   22.5  8    2.6  8    6.2  999.9    24.9*   12.0    0.0I 999.9  000000
873200  20131005    18.5  8     3.3  8  1017.2  8   964.0  8   20.6  8    3.7  8    8.2  999.9    26.2*   11.2    0.0I 999.9  000000
873200  20131006    22.2  7     5.9  7  1017.9  7   965.1  7   20.0  7    3.6  7   10.3  999.9    29.2*   14.0    0.0I 999.9  000000
873200  20131007    22.1  8     5.9  8  1015.8  8   963.5  8   20.0  8    6.1  8    8.8  999.9    29.5    15.5    0.0I 999.9  000000
873200  20131008    24.3  8     5.0  8  1010.7  8   958.5  7   17.5  8    2.5  8    6.2  999.9    32.9*   17.4    0.0I 999.9  000000
873200  20131009    26.3  7     8.6  7  1006.7  7   955.4  7   17.2  7    4.6  7   10.8  999.9    34.0    17.6    0.0I 999.9  000000
873200  20131010    23.8  8     4.3  8  1012.4  8   960.5  8   16.9  8    2.8  8    5.1  999.9    31.2    12.4    0.0I 999.9  000000
873200  20131011    22.7  8    14.4  8  1012.0  7   960.0  8   17.5  8    1.2  8    2.6  999.9    31.2    20.5    0.0I 999.9  000000
873200  20131012    22.6  7    14.7  7  1012.3  7   961.4  7   17.2  7    1.2  7    4.1  999.9    27.4*   19.4*   0.0B 999.9  010000
873200  20131013    22.3  8    14.4  8  1011.8  8   959.5  8   20.0  8    1.5  8    4.1  999.9    27.9*   15.8    0.0I 999.9  000000
873200  20131014    24.8  8    15.1  8  1012.4  8   960.4  8   20.0  8    1.8  8    4.1  999.9    30.9*   18.0    0.0I 999.9  000000
873200  20131015    24.8  8    16.1  8  1013.1  8   961.3  8   20.0  8    4.0  8    8.2  999.9    31.5    19.5    0.0I 999.9  000010
873200  20131016    22.4  8    15.4  8  1011.8  8   959.7  8   20.0  8    3.8  8    7.2  999.9    30.8*   16.2    5.1G 999.9  000010
873200  20131017    22.9  8    12.4  8  1014.2  8   961.9  8   20.0  8    0.3  8    1.5  999.9    32.0    16.0    0.0G 999.9  010000
873200  20131018    25.6  8    11.5  8  1009.9  8   958.2  8   20.0  8    2.3  8    7.2  999.9    33.7*   18.2    0.0I 999.9  000000
873200  20131019    28.8  8    10.2  8  1003.2  8   952.2  8   20.0  8    2.2  8    5.1  999.9    37.4*   21.4    0.0I 999.9  000000
873200  20131020    30.2  8    10.2  8   994.5  8   944.9  8   20.0  8    1.6  8    5.1  999.9    38.0    21.0    0.0I 999.9  000000
873200  20131021    23.8  8     3.2  8  1009.7  8   958.2  8   20.6  8    3.9  8    9.3  999.9    37.5    10.8    0.0I 999.9  000000
873200  20131022    24.0  8     5.3  8  1005.2  8   953.6  8   20.0  8    2.7  8    5.1  999.9    32.2*   15.6    0.0I 999.9  000000
873200  20131023    25.7  7     6.3  7  1003.8  7   952.6  7   20.0  7    5.5  7   11.8  999.9    30.7*   19.2    0.0I 999.9  000000
873200  20131024    21.8  8     1.8  8  1017.5  8   965.2  8   18.2  8    6.6  8   11.3  999.9    31.7    16.2    0.0I 999.9  000000
873200  20131025    21.6  8     5.4  8  1015.6  8   963.1  8   20.0  8    6.0  8    9.8  999.9    26.0*   17.5    0.0I 999.9  000000
873200  20131026    21.9  8    11.9  8  1012.3  8   959.9  8   20.0  8    1.7  8    5.1  999.9    30.0*   15.0    0.0I 999.9  000000
873200  20131027    25.2  8     8.8  8  1014.1  8   962.2  8   22.5  8    3.7  8   10.8  999.9    31.8    18.0    0.0I 999.9  000000
873200  20131028    26.3  8     7.7  8  1008.6  8   957.2  8   23.2  8    4.8  8   10.8  999.9    32.6*   19.2*   0.0I 999.9  000000
873200  20131029    27.5  8    11.1  8  1004.7  8   953.7  8   22.5  8    0.9  8    2.1  999.9    34.8*   19.5    0.0I 999.9  000000
873200  20131030    29.8  8    15.2  8  1002.5  8   951.9  8   20.0  8    6.2  8   14.9  999.9    36.5*   22.8    0.0I 999.9  000010
873200  20131031    29.4  8    19.2  8   997.2  8   947.0  8   20.0  8    3.9  8   11.8  999.9    37.2    23.5    0.0I 999.9  000000
873200  20131101    22.4  8    14.6  8  1005.7  8   954.3  8   17.9  8    4.1  8    8.2  999.9    34.2    18.5   20.1G 999.9  010010
873200  20131102    20.8  8    13.0  8  1016.4  8   963.6  8   20.6  8    0.3  8    2.1  999.9    27.5*   15.5    3.0G 999.9  010010
873200  20131103    20.9  7     9.2  7  1017.4  7   964.8  7   23.5  7    1.0  7    6.7  999.9    29.4*   13.3    0.0G 999.9  000000
873200  20131104    22.3  7     8.9  7  1014.3  7   962.2  7   24.9  7    2.4  7    7.2  999.9    31.2    17.5    0.0I 999.9  000000
873200  20131105    25.3  7    10.2  7  1012.6  7   960.7  7   24.9  7    3.3  7    5.1  999.9    30.4    18.0    0.0I 999.9  000000
873200  20131106    26.4  8    10.4  8  1007.3  8   956.0  8   21.2  8    2.5  8    7.2  999.9    35.2*   18.5    0.0I 999.9  000000
873200  20131107    27.7  8    12.1  8  1005.4  8   954.4  8   20.0  8    2.9  8    5.1  999.9    35.6    21.6    0.0I 999.9  000000
873200  20131108    26.8  8    15.8  8  1004.9  8   953.8  8   20.0  8    0.9  8    3.1  999.9    33.8    20.5    0.0I 999.9  000000
873200  20131109    25.4  8    17.1  8  1001.0  8   949.9  8   20.0  8    3.8  8    8.7  999.9    32.8    19.5    0.0I 999.9  000000
873200  20131110    18.5  8    14.4  8  1005.2  8   953.2  8   20.0  8    0.6  8    4.1  999.9    31.0    13.4   22.1G 999.9  010010
873200  20131111    20.9  8     9.2  8  1011.2  8   958.4  8   21.2  8    0.5  8    2.1  999.9    29.5*   11.8    0.0G 999.9  000000
873200  20131112    23.4  8     8.9  8  1008.5  8   956.6  8   20.0  8    1.1  8    5.1  999.9    33.7*   13.0    0.0I 999.9  000000
873200  20131113    26.6  8     9.7  8  1005.7  8   954.5  8   20.0  8    4.3  8    7.2  999.9    34.8*   18.5    0.0I 999.9  000000
