871660  20130101    23.1  9    19.4  9  1012.0  8  1004.9  8    8.4  9    6.1  9   12.9  999.9    33.9    20.4   25.9G 999.9  010010
871660  20130102    22.0 14    12.1 14  1018.0  8  1010.7  8   10.0 14    3.7 14    5.1  999.9    26.0*   14.1    0.0G 999.9  000000
871660  20130103    22.3 21    16.2 21  1014.9  8  1007.6  8   10.5 21    2.9 21    5.1  999.9    30.0*   14.8    0.0I 999.9  000000
871660  20130104    28.3 24    22.7 24  1011.1  8  1004.0  8   10.1 24    3.2 24    5.7  999.9    33.4*   20.9    0.0I 999.9  000000
871660  20130105    27.9 24    22.8 24  1007.8  8  1000.8  8    9.8 24    6.0 24   15.4   21.6    36.0*   21.0* 999.9  999.9  010010
871660  20130106    24.2 24    20.5 24  1007.2  8  1000.0  8   10.6 24    4.6 24    8.2  999.9    35.8    20.4   24.9G 999.9  010000
871660  20130107    24.7 24    22.7 24  1002.4  8   995.3  8    7.7 24    2.8 24    6.7  999.9    29.4    21.0*  93.0G 999.9  010010
871660  20130108    27.1 24    22.9 24  1006.0  8   998.8  8   10.5 24    2.8 24    5.7  999.9    32.0*   21.4   10.9G 999.9  000000
871660  20130109    28.0 24    22.5 24  1011.2  8  1004.1  8   10.5 24    3.4 24    6.2  999.9    32.3*   24.3    0.0G 999.9  000000
871660  20130110    27.1 22    21.9 22  1013.5  9  1006.4  9   10.1 22    3.1 22    5.1  999.9    34.8    23.0    0.0I 999.9  000000
871660  20130111    26.9 24    19.2 24  1011.9  8  1004.7  8   10.1 24    3.2 24    4.1  999.9    32.6    21.4    0.0I 999.9  000000
871660  20130112    26.4 24    19.7 24  1008.7  8  1001.6  8   10.1 24    2.2 24    3.1  999.9    32.1*   21.0*   0.0I 999.9  000000
871660  20130113    27.5 24    20.1 24  1010.5  8  1003.3  8   10.6 24    2.1 24    3.6  999.9    33.0*   21.4    0.0I 999.9  000000
871660  20130114    26.3 15    21.5 15  1010.6  8  1003.5  8   10.0 15    2.1 15    4.6  999.9    33.4    22.4    0.0I 999.9  000000
871660  20130115    28.0  8    21.3  8  1008.1  8  1001.0  8    9.5  8    2.1  8    3.1  999.9    33.5    23.0    0.0I 999.9  000000
871660  20130116    29.9 12    20.6 12  1005.7  8   998.7  8   10.0 12    2.1 12    3.6  999.9    34.6*   23.6    0.0I 999.9  000000
871660  20130117    28.3 22    21.9 22  1007.6  8  1000.6  8    9.7 22    2.1 22    4.1  999.9    35.2    22.4    0.0I 999.9  000000
871660  20130118    27.0 22    20.9 22  1010.4  8  1003.2  8    9.0 22    3.2 22    5.1  999.9    34.3    22.7    0.0I 999.9  000000
871660  20130119    26.6 24    18.9 24  1012.7  8  1005.6  8    9.7 24    3.1 24    6.2  999.9    32.0*   20.5    0.0I 999.9  000000
871660  20130120    25.4 24    18.8 24  1014.7  8  1007.6  8   10.0 23    3.2 24    5.1  999.9    32.5    20.9    0.0I 999.9  000000
871660  20130121    24.1 24    18.2 24  1014.8  8  1007.5  8   10.3 24    3.1 24    5.7  999.9    30.0    19.6    0.0I 999.9  000000
871660  20130122    27.4 24    21.0 24  1013.2  8  1006.0  8    9.8 24    2.8 24    5.1  999.9    33.3*   22.1    0.0I 999.9  000000
871660  20130123    28.8 24    20.4 24  1011.0  8  1003.9  8    9.5 24    2.1 24    4.6  999.9    36.7*   21.8    0.0I 999.9  000000
871660  20130124    29.9 23    20.9 23  1005.8  7   998.8  7    7.6 23    4.3 23   15.4  999.9    40.0*   22.0* 999.9  999.9  010010
871660  20130125    23.4 23    20.0 23  1008.1  8  1001.0  8    9.7 23    4.7 23    9.3  999.9    28.1*   20.3   50.0G 999.9  010010
871660  20130126    21.7 24    14.3 24  1014.4  8  1007.2  8   10.0 24    2.7 24    5.1  999.9    28.4    16.0*   0.0G 999.9  000000
871660  20130127    22.6 24    14.7 24  1014.2  8  1007.0  8   10.1 24    2.5 24    4.1  999.9    28.5*   15.6    0.0I 999.9  000000
871660  20130128    24.9 23    17.4 23  1013.0  8  1005.9  8   10.5 23    2.5 23    4.6  999.9    33.0*   17.4    0.0I 999.9  000000
871660  20130129    27.6 23    19.9 23  1011.6  8  1004.5  8    8.7 23    2.7 23    5.7  999.9    36.0*   19.9    0.0I 999.9  000000
871660  20130130    30.0 24    22.3 24  1009.5  8  1002.5  8    8.9 24    2.2 24    3.6  999.9    36.5    23.4    0.0I 999.9  000000
871660  20130131    30.7 24    21.2 24  1007.2  8  1000.2  8    8.9 24    2.5 24    5.1  999.9    36.3    25.4    0.0I 999.9  000000
871660  20130201    30.8 21    22.3 21  1005.6  8   998.6  8    9.2 21    2.9 21    5.1  999.9    38.0*   23.6    0.0I 999.9  000000
871660  20130202    26.2 22    21.7 22  1008.7  8  1001.7  8    8.5 22    4.2 22   15.4  999.9    38.0    23.0*   0.3A 999.9  010010
871660  20130203    26.1 22    21.0 22  1011.8  8  1004.7  8   10.6 22    3.4 22    6.7  999.9    32.0*   20.1    2.0G 999.9  000000
871660  20130204    24.3 24    17.6 24  1011.5  8  1004.4  8   10.3 24    2.9 24    4.6  999.9    32.4    17.0*   0.0G 999.9  000000
871660  20130205    24.4 24    14.8 24  1011.4  8  1004.2  8    9.5 24    3.1 24    5.1  999.9    32.0*   17.0*   0.0I 999.9  000000
871660  20130206    24.0 24    15.9 24  1011.4  8  1004.2  8    9.8 24    3.6 24    6.2  999.9    32.0    17.0*   0.0I 999.9  000000
871660  20130207    25.1 24    18.3 24  1010.9  8  1003.7  8    8.0 24    2.7 24    5.1  999.9    33.0*   19.0    0.0I 999.9  000000
871660  20130208    27.2 24    19.6 23  1009.6  8  1002.5  8    9.0 24    2.5 24    5.1  999.9    34.0*   21.2    0.0I 999.9  000000
871660  20130209    27.1 24    18.7 24  1008.3  7  1001.3  7    8.2 24    2.5 24    5.1  999.9    34.2*   19.6    0.0I 999.9  000000
871660  20130210    26.4 24    20.6 24  1006.8  7   999.9  7    8.4 24    2.9 24    8.2   16.5    34.5    22.0* 999.9  999.9  010010
871660  20130211    24.1 24    20.7 24  1007.9  8  1000.7  8    9.5 24    2.0 24    4.1  999.9    34.7    20.0   50.0G 999.9  010010
871660  20130212    27.4 23    20.9 23  1005.8  8   998.7  8   10.3 23    2.3 23    4.6  999.9    33.0*   21.7    0.0G 999.9  000000
871660  20130213    29.6 23    21.8 23  1005.8  8   998.8  8    9.7 23    2.2 23    3.6  999.9    35.0*   23.0    0.0I 999.9  000000
871660  20130214    27.1 23    23.2 23  1007.1  8  1000.1  8   10.1 23    2.6 23    6.2  999.9    35.3    24.6    0.0I 999.9  000010
871660  20130215    27.1 23    22.5 23  1009.0  8  1001.8  8    9.5 23    1.4 23    4.1  999.9    34.0*   21.0*   0.0G 999.9  110000
871660  20130216    29.9 24    22.8 24  1005.5  8   998.5  8   10.3 24    2.9 24    5.7  999.9    36.0*   23.1    0.0I 999.9  000000
871660  20130217    29.2 23    22.7 23  1003.5  8   996.5  8   10.0 23    5.5 23    9.8  999.9    37.0*   24.0* 999.9  999.9  010000
871660  20130218    24.1 24    21.2 24  1009.1  8  1002.0  8   10.8 24    4.0 24    8.2  999.9    37.9    22.0*   2.0G 999.9  010010
871660  20130219    24.3 24    22.4 24  1011.3  8  1004.1  8    9.8 24    2.5 24    3.6  999.9    28.2    22.2    0.0G 999.9  010000
871660  20130220    25.3 24    22.5 24  1010.1  6  1003.0  6    9.0 24    2.9 24    6.7  999.9    29.0*   22.3    7.9G 999.9  110010
871660  20130221    23.9 23    20.4 23  1012.6  8  1005.4  8   10.5 23    3.7 23    5.7  999.9    28.8    20.5    0.0G 999.9  010000
871660  20130222    24.2 23    18.9 23  1014.5  8  1007.3  8    9.8 23    2.2 23    4.1  999.9    31.0*   18.2    0.0I 999.9  000000
871660  20130223    26.1 24    19.6 24  1011.1  8  1004.0  8    8.5 24    2.8 24    5.1  999.9    35.0*   19.4    0.0I 999.9  000000
871660  20130224    30.1 24    20.4 24  1005.9  8   998.9  8   10.0 24    4.2 24    8.2  999.9    38.0*   23.2    0.0I 999.9  000000
871660  20130225    24.7 24    21.2 24  1008.8  8  1001.7  8    9.2 24    4.1 24    6.7  999.9    37.6    22.0   26.9G 999.9  010010
871660  20130226    22.2 24    15.4 24  1014.2  8  1006.9  8    9.8 24    3.1 24    4.6  999.9    28.0*   17.3    0.8G 999.9  000000
871660  20130227    20.9 24    13.6 24  1015.6  8  1008.3  8   10.0 24    2.6 24    5.1  999.9    27.8    15.0    0.0G 999.9  000000
871660  20130228    22.6 24    14.8 24  1012.7  8  1005.5  8   10.5 24    2.8 24    4.1  999.9    31.0*   14.8    0.0I 999.9  000000
871660  20130301    27.2 24    18.3 24  1007.3  8  1000.2  8    8.9 24    4.5 24    8.2  999.9    36.0*   19.5    0.0I 999.9  000000
871660  20130302    29.6 24    22.5 24  1004.9  8   997.9  8    9.8 24    5.8 24   10.8  999.9    36.1*   25.0* 999.9  999.9  010010
871660  20130303    19.8 22    19.1 22  1012.7  6  1005.5  6    7.1 22    4.8 22    7.7  999.9    36.3    16.0*  15.0G 999.9  010010
871660  20130304    19.2 24    16.7 24  1015.7  8  1008.3  8   10.8 24    3.2 24    5.7  999.9    23.0*   15.9   71.9G 999.9  000000
871660  20130305    21.2 24    15.5 24  1014.2  8  1006.9  8   10.0 24    2.3 24    3.6  999.9    25.2*   16.6    0.0G 999.9  000000
871660  20130306    22.0 24    16.3 24  1010.2  8  1003.0  8    9.3 24    2.5 24    4.6  999.9    29.0*   15.2    0.0I 999.9  000000
871660  20130307    24.0 22    20.2 22  1009.8  8  1002.6  8   10.0 22    2.9 22    4.1  999.9    29.0    21.0    0.0G 999.9  010010
871660  20130308    26.6 24    23.3 24  1008.9  7  1001.8  7   10.3 24    3.7 24   10.8   18.0    33.0*   21.4    0.5G 999.9  010010
871660  20130309    24.0 24    21.3 24  1008.7  7  1001.5  7   10.0 24    4.8 23    8.2  999.9    32.6    21.4   22.1G 999.9  010010
871660  20130310    21.9 23    20.1 23  1007.3  8  1000.1  8    8.7 23    3.4 23   10.8  999.9    27.5    19.6   35.1G 999.9  010010
871660  20130311    23.6 23    21.1 23  1006.9  6   999.7  6    8.2 23    1.4 23    3.6  999.9    29.0*   19.7   29.0G 999.9  110000
871660  20130312    23.7 24    21.9 24  1005.0  8   997.8  8    9.3 24    3.8 24    7.7  999.9    29.8    21.6    1.0G 999.9  010010
871660  20130313    21.7 24    18.8 24  1010.8  8  1003.6  8   10.6 24    3.0 24    6.7  999.9    26.0*   18.2   31.0G 999.9  000000
871660  20130314    20.7 24    16.2 24  1014.6  8  1007.3  8   10.5 24    4.0 24    6.2  999.9    26.2    16.4    0.0G 999.9  000000
871660  20130315    21.1 24    15.6 24  1016.5  8  1009.1  8   10.5 24    5.1 24    6.7   10.3    26.0*   16.3    0.0I 999.9  000000
871660  20130316    21.9 22    15.9 22  1019.0  8  1011.8  8   10.1 22    5.2 22    7.7  999.9    26.4    16.8    0.0I 999.9  000000
871660  20130317    19.8 23    14.6 23  1019.3  8  1012.1  8   10.3 23    4.8 23    7.7  999.9    26.7    16.8    0.0I 999.9  000000
871660  20130318    19.9 23    14.5 23  1017.0  8  1009.7  8   10.3 23    4.4 23    6.7  999.9    25.0*   17.0    0.0I 999.9  000000
871660  20130319    19.7 24    18.9 24  1012.8  8  1005.4  8    6.0 24    2.5 24    5.1  999.9    24.6    18.0   22.1G 999.9  010010
871660  20130320    20.1 24    18.7 24  1009.1  8  1001.8  8    7.7 24    2.8 24    5.1  999.9    25.0*   18.0*  36.1G 999.9  010010
871660  20130321    21.5 23    17.7 23  1011.1  7  1003.9  7    9.5 23    1.5 23    3.6  999.9    27.0*   15.8    2.0G 999.9  100000
871660  20130322    22.3 24    17.9 24  1015.6  8  1008.3  8    9.3 24    1.8 24    5.1  999.9    27.8    16.8    0.0G 999.9  100000
871660  20130323    22.7 23    16.1 23  1015.2  8  1008.0  8   10.0 23    3.1 23    5.7  999.9    28.0*   18.0    0.0I 999.9  000000
871660  20130324    23.1 24    18.0 24  1010.9  8  1003.7  8   10.5 24    2.2 24    4.6  999.9    29.0*   18.0*   0.0I 999.9  000000
871660  20130325    23.6 24    18.5 24  1010.4  8  1003.2  8   10.6 24    2.0 24    3.6  999.9    29.0*   17.6    0.0I 999.9  000000
871660  20130326    23.7 24    17.6 24  1016.2  8  1008.9  8   10.1 24    3.0 24    5.7  999.9    29.3    19.0    0.0I 999.9  000000
871660  20130327    21.1 24    14.1 24  1017.9  8  1010.7  8   10.6 24    2.6 24    4.6  999.9    29.1    15.0    0.0I 999.9  000000
871660  20130328    20.6 24    15.4 24  1018.1  8  1010.7  8   10.3 24    2.2 24    4.6  999.9    26.5    15.6    0.0I 999.9  000000
871660  20130329    22.2 24    17.3 24  1016.0  8  1008.7  8   10.3 24    2.2 24    3.6  999.9    29.0*   16.0    0.0I 999.9  000000
871660  20130330    24.9 24    18.1 24  1013.6  8  1006.4  8   10.1 24    2.9 24    5.7  999.9    31.5*   19.6    0.0I 999.9  000000
871660  20130331    26.5 24    18.5 24  1011.8  8  1004.7  8   10.5 24    4.5 24  999.9  999.9    33.0*   21.3    0.0I 999.9  000000
871660  20130401    24.8 22    21.3 22  1009.9  8  1002.8  8    9.5 22    4.4 22    9.3   15.4    33.3    21.8*  41.9A 999.9  010010
871660  20130402    22.6 24    21.2 24  1010.7  6  1003.4  6    9.8 24    2.4 24    3.6  999.9    30.0    21.0*   7.9D 999.9  010000
871660  20130403    22.3 20    20.4 20  1013.4  8  1006.1  8    9.8 20    3.8 20    6.2  999.9    24.7    20.4    0.8G 999.9  010000
871660  20130404    19.9 24    18.7 24  1009.9  7  1002.6  7    8.9 24    3.7 24    7.7  999.9    24.4    18.0*  39.9G 999.9  010010
871660  20130405    21.2 24    16.9 24  1010.0  8  1002.7  8   10.6 24    2.1 24    4.1  999.9    27.0*   15.6    8.9G 999.9  000000
871660  20130406    22.4 24    16.9 24  1010.0  8  1002.8  8   10.8 24    1.5 24    2.6  999.9    28.0*   17.2    0.0G 999.9  000000
871660  20130407    21.1 22    17.0 22  1014.0  8  1006.8  8   10.8 22    2.8 22    5.1  999.9    28.5    16.5    0.0I 999.9  000000
871660  20130408    20.3 22    15.1 22  1015.8  8  1008.5  8   10.6 22    3.0 22    5.1  999.9    27.0    13.6    0.0I 999.9  000000
871660  20130409    19.9 24    15.6 24  1015.0  8  1007.7  8   10.5 24    2.2 24    3.6  999.9    27.0    14.0    0.0I 999.9  000000
871660  20130410    23.3 24    19.2 24  1010.6  8  1003.4  8    9.7 24    2.8 24    4.6  999.9    31.0*   18.0    0.0I 999.9  000000
871660  20130411    25.7 24    22.4 24  1005.2  8   998.1  8    9.8 24    4.1 24    8.2  999.9    31.0*   22.0*   2.0G 999.9  010010
871660  20130412    20.0 22    18.2 22  1009.3  8  1002.0  8    8.4 22    4.4 22    9.3  999.9    32.2    18.0   59.9G 999.9  010010
871660  20130413    18.0 24    11.8 24  1018.5  8  1011.1  8   10.5 24    3.6 24    6.7  999.9    22.2    13.4    0.0G 999.9  000000
871660  20130414    16.9 24    10.6 24  1018.5  8  1011.1  8   10.8 24    1.2 24    3.1  999.9    24.0*   10.9    0.0I 999.9  000000
871660  20130415    18.9 24    12.8 24  1018.3  8  1010.9  8    8.5 24    1.1 24    3.1  999.9    27.0*   11.8    0.0I 999.9  000000
871660  20130416    20.6 23    15.8 23  1017.2  8  1009.9  8    9.8 23    0.9 23    3.1  999.9    28.0*   15.0*   0.0I 999.9  000000
871660  20130417    20.1 24    15.0 24  1017.5  8  1010.2  8   10.5 24    1.8 24    3.6  999.9    28.4    15.4    0.0I 999.9  000000
871660  20130418    18.8 24    13.2 24  1017.0  8  1009.6  8    9.0 24    1.7 24    3.1  999.9    26.0*   12.8    0.0I 999.9  100000
871660  20130419    20.2 23    13.9 23  1017.1  8  1009.8  8    8.5 23    2.3 23    4.6  999.9    28.0*   12.6    0.0I 999.9  000000
871660  20130420    21.4 24    15.6 24  1017.4  8  1010.1  8   10.1 24    1.6 24    3.1  999.9    28.6*   14.4    0.0I 999.9  000000
871660  20130421    21.8 24    16.5 24  1017.1  8  1009.8  8   10.1 24    1.7 24    3.1  999.9    29.2    15.2    0.0I 999.9  000000
871660  20130422    22.9 23    17.0 23  1017.9  8  1010.6  8    9.8 23    2.4 23    4.6  999.9    29.5    16.8    0.0I 999.9  000000
871660  20130423    22.4 24    17.1 24  1018.8  8  1011.5  8    9.0 24    1.9 24    4.1  999.9    29.0    17.0    0.0I 999.9  000000
871660  20130424    22.3 24    16.8 24  1017.8  8  1010.5  8    8.9 24    2.3 24    4.6  999.9    29.3*   16.8    0.0I 999.9  000000
871660  20130425    22.8 24    15.5 24  1015.4  8  1008.1  8    8.4 24    2.2 23    4.6  999.9    29.5    17.2    0.0I 999.9  000000
871660  20130426    22.7 23    16.6 23  1013.4  8  1006.1  8    9.2 23    2.2 23    4.1  999.9    29.7*   17.3    0.0I 999.9  000000
871660  20130427    24.9 24    19.6 24  1010.6  8  1003.4  8    8.9 24    3.2 24    6.2  999.9    31.4*   19.0*   0.0I 999.9  000000
871660  20130428    25.7 24    20.8 24  1010.5  8  1003.4  8    8.5 24    3.4 24    7.2  999.9    33.0*   22.0  999.9  999.9  010010
871660  20130429    23.3 24    22.1 24  1011.5  8  1004.3  8    9.0 24    2.2 24    3.6  999.9    33.0    21.4   23.9G 999.9  010010
871660  20130430    22.3 24    21.1 24  1012.6  8  1005.4  8    9.3 24    3.1 24    6.2  999.9    26.8    21.0*   0.0G 999.9  010010
871660  20130501    25.5 24    21.3 24  1010.9  8  1003.7  8    9.2 24    3.7 24    6.7  999.9    32.0*   20.8   23.1G 999.9  000000
871660  20130502    26.7 24    21.0 24  1008.5  8  1001.4  8   10.0 24    4.4 24    6.7  999.9    32.0*   23.0*   0.0G 999.9  000000
871660  20130503    26.7 24    21.4 24  1007.0  7   999.9  7    9.8 24    4.5 24    7.2  999.9    32.2    23.0*   0.0B 999.9  010010
871660  20130504    20.7 23    17.5 23  1012.6  8  1005.3  8   10.6 23    2.9 23    4.6  999.9    31.6    17.0*   0.0G 999.9  000000
871660  20130505    18.4 22    14.3 22  1018.7  8  1011.3  8   10.5 22    3.0 22    4.6  999.9    24.4    14.0    0.0I 999.9  000000
871660  20130506    17.7 24    12.8 24  1018.4  8  1011.0  8    9.3 24    1.2 24    3.6  999.9    25.0*   11.4    0.0I 999.9  100000
871660  20130507    17.0 24    10.9 24  1022.0  8  1014.6  8    9.3 24    2.5 24    6.7  999.9    25.2    14.0*   0.0I 999.9  000000
871660  20130508    15.8 24     8.7 24  1018.5  8  1011.1  8   10.1 24    2.8 24    5.7  999.9    23.1*    9.9    0.0I 999.9  000000
871660  20130509    18.5 24    12.2 24  1015.6  8  1008.2  8   10.5 24    3.2 24    7.2  999.9    26.0*   12.5    0.0I 999.9  000000
871660  20130510    21.1 24    13.7 24  1012.2  8  1005.0  8   10.1 24    4.2 24    6.7  999.9    28.0*   14.6    0.0I 999.9  000000
871660  20130511    22.7 24    16.2 24  1011.6  8  1004.4  8    9.8 24    4.3 24    8.7  999.9    30.0*   18.5  999.9  999.9  010010
871660  20130512    20.1 24    19.2 24  1011.8  7  1004.5  7    8.4 24    2.8 24    5.1  999.9    29.9    19.0*  40.9G 999.9  010010
871660  20130513    20.4 24    19.4 24  1012.3  8  1005.0  8    9.0 24    1.6 24    2.6  999.9    23.0*   19.0    1.0G 999.9  010000
871660  20130514    21.3 22    19.7 22  1011.7  8  1004.5  8   10.8 22    1.5 22    3.1  999.9    24.0*   19.2    0.0G 999.9  000000
871660  20130515    19.2 24    17.8 24  1011.2  8  1003.9  8    7.4 24    4.5 24   11.3  999.9    23.6    14.0*   0.5G 999.9  010000
871660  20130516    11.6 24     1.4 24  1024.3  8  1016.8  8    9.7 24    5.0 24    8.7  999.9    21.3     5.0    0.5G 999.9  000000
871660  20130517    11.0 24     5.7 24  1024.0  8  1016.4  8   10.0 24    2.3 24    5.7  999.9    16.0*    6.6    0.0G 999.9  000000
871660  20130518    13.0 24    10.1 24  1020.2  8  1012.7  8    9.3 24    2.3 24    5.1  999.9    16.5     9.6   15.0G 999.9  010010
871660  20130519    14.6 22    13.0 22  1019.4  8  1011.9  8    8.7 22    3.2 22    4.6  999.9    16.0*   11.6    7.1G 999.9  010000
871660  20130520    14.6 24    12.9 24  1020.2  8  1012.8  8   10.6 24    1.9 24    4.1  999.9    16.0    13.4    0.0G 999.9  010000
871660  20130521    15.9 24    14.0 24  1016.6  8  1009.2  8   10.3 24    1.2 24    2.6  999.9    18.2*   14.0    0.0G 999.9  010000
871660  20130522    15.8 24    13.1 24  1018.0  8  1010.6  8   10.0 24    3.0 24    5.1  999.9    18.4    14.0    0.3G 999.9  010000
871660  20130523    14.3 23    11.4 23  1018.7  8  1011.3  8   10.6 23    2.4 23    3.6  999.9    18.0    12.6    0.0G 999.9  000000
871660  20130524    16.3 24    12.3 24  1020.0  8  1012.5  8   10.8 24    3.0 24    4.6  999.9    20.0*   13.6    0.0I 999.9  000000
871660  20130525    15.4 22    12.2 22  1019.9  8  1012.4  8    8.7 22    2.2 22    4.6  999.9    20.5     8.7    0.0I 999.9  100000
871660  20130526    17.5 22    14.4 22  1014.5  8  1007.1  8    9.5 22    2.1 22    3.6  999.9    24.0*   12.4    0.0I 999.9  000000
871660  20130527    20.0 23    16.7 23  1010.4  8  1003.1  8    8.2 23    1.7 23    4.1  999.9    25.5*   14.5    0.0I 999.9  100000
871660  20130528    22.6 24    19.4 24  1001.3  8   994.1  8    9.8 24    2.7 24    5.7  999.9    29.0*   18.0    0.0I 999.9  000000
871660  20130529    19.8 24    16.0 24  1003.2  7   996.0  7    9.3 24    3.6 24    9.8  999.9    28.7    15.0*   0.0G 999.9  110010
871660  20130530    15.4 24     9.5 24  1016.8  7  1009.1  8   10.1 24    1.3 24    3.1  999.9    23.8     9.2   16.0G 999.9  100000
871660  20130531    15.9 24     9.8 24  1012.5  8  1005.0  8   10.0 24    2.8 24    6.7  999.9    22.0    10.4    0.0G 999.9  000000
871660  20130601    19.8 24    15.3 24  1010.0  8  1002.7  8    8.7 24    1.3 24    3.6  999.9    26.0*   14.4    0.0I 999.9  000000
871660  20130602    17.7 22    13.0 22  1015.5  8  1008.2  8    8.0 22    2.3 22    4.6  999.9    26.0    11.4    0.0I 999.9  000000
871660  20130603    15.7 24    10.2 24  1020.6  8  1013.2  8    8.7 24    1.7 24    3.1  999.9    23.7     9.0    0.0I 999.9  000000
871660  20130604    15.8 22    11.6 22  1018.6  8  1011.2  8    9.8 22    1.6 22    3.6  999.9    24.0*    8.2    0.0I 999.9  000000
871660  20130605    19.6 21    14.7 21  1014.7  8  1007.3  8    9.5 21    3.2 21    6.2  999.9    27.0*   12.3    0.0I 999.9  000000
871660  20130606    18.7 24    13.0 24  1017.4  8  1010.1  8   10.3 24    2.5 24    7.7  999.9    26.6    15.0*   0.0I 999.9  000000
871660  20130607    16.9 24    11.7 24  1018.0  8  1010.5  8    9.2 24    2.4 24    4.1  999.9    26.0*   10.3    0.0I 999.9  000000
871660  20130608    19.7 24    16.3 24  1020.5  8  1013.1  8    8.2 24    2.5 24    3.6  999.9    26.0    13.3    0.0I 999.9  000000
871660  20130609    17.6 24    16.6 24  1016.8  8  1009.5  8    6.4 24    3.1 24    6.2  999.9    26.0    16.0*   0.0G 999.9  010010
871660  20130610    17.2 24    15.9 24  1017.2  8  1009.8  8    6.3 24    2.0 24    5.1  999.9    22.0*   13.6   22.1G 999.9  110010
871660  20130611    17.8 24    16.2 24  1018.8  8  1011.4  8    6.1 24    1.5 24    3.1  999.9    24.0*   13.5    0.0G 999.9  100000
871660  20130612    20.3 24    17.1 24  1018.4  7  1011.0  7    7.1 24    1.5 24    3.1  999.9    27.2*   14.9    0.0I 999.9  100000
871660  20130613    21.1 24    15.6 24  1017.3  8  1010.0  8   10.3 24    2.4 24    4.6  999.9    27.2    16.2    0.0I 999.9  000000
871660  20130614    17.1 23    14.2 23  1016.3  8  1009.0  8    8.5 22    3.0 23    5.1  999.9    27.0    14.4*   0.0G 999.9  010010
871660  20130615    15.1 23    14.2 23  1016.7  8  1009.3  8    6.3 23    2.6 23    5.7  999.9    17.0    13.0   38.1G 999.9  110000
871660  20130616    16.3 23    14.7 23  1012.7  8  1005.3  8    7.6 23    2.1 23    4.6  999.9    20.0*   13.1    0.0G 999.9  010000
871660  20130617    15.2 22    14.1 22  1016.9  8  1009.5  8    8.4 22    2.5 22    4.1  999.9    19.8    14.0*   0.0B 999.9  010000
871660  20130618    15.2 24    14.3 24  1014.1  6  1006.7  6    3.5 24    2.6 24    7.2  999.9    18.0*   12.9    0.0G 999.9  110000
871660  20130619    14.8 24    11.9 24  1017.6  8  1010.1  8    9.7 24    6.6 24  999.9  999.9    17.5    12.7    5.1G 999.9  010000
871660  20130620    10.6 24     7.3 24  1018.6  8  1011.1  8    9.5 24    5.0 24    6.7  999.9    15.0     8.4    0.3G 999.9  010010
871660  20130621    10.8 21     8.3 21  1013.9  7  1006.4  7    6.8 21    3.9 21    5.7  999.9    14.8*    9.0    9.9G 999.9  010000
871660  20130622    11.0 24     8.4 24  1015.5  8  1008.0  8   10.3 24    3.3 24    7.2  999.9    15.5     7.2    0.3G 999.9  000000
871660  20130623    10.9 24     8.7 24  1018.5  8  1010.9  8    6.6 24    1.9 24    4.1  999.9    16.0*    6.0*   0.0G 999.9  100000
871660  20130624    14.3 24    11.2 24  1016.6  8  1009.1  8    9.8 24    2.7 24    4.1  999.9    17.0*    8.8    0.0I 999.9  000000
871660  20130625    12.4 24     9.7 24  1017.5  8  1010.0  8    9.3 24    2.0 24    3.6  999.9    17.3    10.6    0.0I 999.9  000000
871660  20130626    11.8 24     8.1 24  1018.2  8  1010.7  8   10.1 24    1.4 24    3.1  999.9    18.0*    7.4    0.0I 999.9  100000
871660  20130627    13.1 23    10.3 23  1017.2  8  1009.7  8   10.5 23    2.2 23    3.1  999.9    18.2     7.6    0.0I 999.9  000000
871660  20130628    18.3 24    16.7 24  1009.4  8  1002.1  8   10.0 24    2.4 24    4.6  999.9    23.8*   11.7    0.0G 999.9  010000
871660  20130629    17.8 16    14.3 16  1012.1  8  1004.8  8    9.5 16    3.6 16    5.7  999.9    24.2    14.5    0.0G 999.9  100000
871660  20130630    14.3 24     8.9 24  1017.3  8  1009.8  8   10.1 24    3.0 24    5.7  999.9    21.0*    9.8    0.0I 999.9  000000
871660  20130701    12.6 24     5.8 24  1021.5  8  1014.0  8   10.1 24    2.5 24    4.1  999.9    21.4*    4.9    0.0I 999.9  000000
871660  20130702    13.3 23     8.1 23  1019.0  8  1011.5  8   10.5 23    2.3 23    6.2  999.9    21.5     6.2    0.0I 999.9  000000
871660  20130703    18.8 23    15.0 23  1013.0  8  1005.7  8   10.3 23    4.0 23    6.2  999.9    25.0*    9.8    0.0I 999.9  000000
871660  20130704    21.8 24    19.1 24  1010.9  8  1003.7  8   10.3 24    3.3 24    6.7  999.9    26.2*   15.8    5.1G 999.9  010010
871660  20130705    23.6 24    20.6 24  1011.8  8  1004.6  8   10.6 24    3.5 24    6.2  999.9    28.3*   20.0*   3.0G 999.9  010000
871660  20130706    24.5 24    20.3 24  1010.6  8  1003.4  8   10.0 24    3.3 24    6.2  999.9    29.9*   21.2    0.0G 999.9  000000
871660  20130707    16.6 22    15.5 22  1016.6  8  1009.2  8    7.1 22    5.1 22    7.2  999.9    30.0    13.6*  17.0G 999.9  010010
871660  20130708    13.2 24     8.9 24  1024.6  8  1017.1  8   10.5 24    4.8 24    7.2  999.9    17.0*    9.8    5.1G 999.9  010000
871660  20130709    15.3 24    13.2 24  1020.2  8  1012.7  8    9.8 24    2.0 24    4.1  999.9    19.0*   11.0    0.0G 999.9  000000
871660  20130710    20.1 23    16.2 23  1015.7 10  1008.3 10    6.1 23    3.2 23    6.7  999.9    27.5    13.6    0.0I 999.9  100000
871660  20130711    22.2 24    17.2 24  1013.9  9  1006.7  9   10.0 24    3.8 24    7.7  999.9    27.5    18.6    0.0I 999.9  000000
871660  20130712    21.3 24    18.1 24  1015.4  8  1008.2  8    7.9 24    2.4 24    4.6  999.9    27.5    19.4    0.0I 999.9  000000
871660  20130713    18.6 24    17.7 24  1016.1  8  1008.4  8    9.0 24    2.0 24    4.1  999.9    24.2    17.0*   3.0G 999.9  010010
871660  20130714    19.2 18    18.6 18  1016.2  7  1008.9  7    6.4 18    2.1 18    6.7  999.9    20.5    17.5    4.1G 999.9  010000
871660  20130715    16.2 20    10.9 20  1021.0  8  1013.6  8   10.0 20    2.5 20    4.1  999.9    20.0*   10.3    3.0G 999.9  000000
871660  20130716    14.9 23     8.9 23  1020.0  8  1012.5  8    9.7 23    1.8 23    3.6  999.9    22.0*    8.5    0.0G 999.9  000000
871660  20130717    18.5 24    13.1 24  1014.2  8  1006.8  8   10.0 24    2.3 24    5.7  999.9    26.0*   13.0    0.0I 999.9  000000
871660  20130718    20.7 23    15.4 23  1008.6  8  1001.4  8    9.8 23    4.2 23   11.3  999.9    26.4    15.4    0.0I 999.9  000000
871660  20130719    11.1 24     3.7 24  1019.3  8  1011.8  8   10.3 24    5.8 24    8.2  999.9    25.8     7.2    0.0I 999.9  000000
871660  20130720     9.9 24     5.6 24  1012.0  8  1004.5  8    9.8 24    1.5 24    3.6  999.9    13.5     6.0    0.0I 999.9  000000
871660  20130721     9.3 23     1.6 23  1017.4  8  1009.8  8   10.3 23    4.2 23    7.7  999.9    13.2     5.3    0.0I 999.9  000000
871660  20130722     6.9 24    -0.4 24  1026.0  8  1018.3  8   10.3 24    3.0 24    5.1  999.9    13.2     2.1    0.0I 999.9  000000
871660  20130723     7.3 24    -1.7 24  1028.8  8  1021.1  8    9.5 24    2.1 24    3.6  999.9    13.0*    0.4    0.0I 999.9  000000
871660  20130724     9.0 24    -0.4 24  1028.8  8  1021.1  8    8.9 24    1.6 24    4.6  999.9    16.0*    1.6    0.0I 999.9  000000
871660  20130725    10.6 24     1.2 24  1027.7  8  1020.1  8    9.8 24    2.2 24    4.6  999.9    16.0     4.5    0.0I 999.9  000000
871660  20130726    12.9 23     3.7 23  1024.5  8  1016.9  8    9.0 23    3.8 22    7.2  999.9    20.0*    6.8    0.0I 999.9  000000
871660  20130727    14.6 23     8.6 23  1020.4  8  1012.9  8    8.7 23    2.1 23    4.1  999.9    23.0*    7.2    0.0I 999.9  000000
871660  20130728    17.0 24    11.9 24  1019.5  8  1012.0  8    7.6 24    2.5 24    4.1  999.9    25.3*   10.4    0.0I 999.9  000000
871660  20130729    20.4 23    13.6 23  1018.4  8  1011.0  8    9.2 23    2.8 23    4.1  999.9    29.0*   12.6    0.0I 999.9  000000
871660  20130730    21.1 20    15.8 20  1016.3  8  1009.1  8    8.5 20    3.2 20    5.7  999.9    29.7*   15.6    0.0I 999.9  000000
871660  20130731    22.0 24    13.6 24  1011.2  8  1004.0  8    8.7 24    3.3 24    6.2  999.9    29.8    15.6    0.0I 999.9  000000
871660  20130801    22.2 23    14.1 23  1008.8  7  1001.6  7    8.5 20    3.6 23    7.7  999.9    29.0*   15.3    0.0I 999.9  000000
871660  20130802    14.7 24    12.2 24  1015.0  8  1007.7  8    8.2 24    4.9 24    7.2  999.9    30.0    12.8    1.0G 999.9  010010
871660  20130803    12.9 24     9.8 24  1017.0  8  1009.5  8   10.0 24    3.0 24    6.2  999.9    15.2    11.6    0.0G 999.9  000000
871660  20130804    13.5 24    10.6 24  1018.2  8  1010.7  8    9.3 20    2.6 24    5.7  999.9    18.0*    8.3    0.0I 999.9  100000
871660  20130805    11.8 16     8.9 16  1015.6  8  1008.1  8    6.3 16    1.2 16    2.6  999.9    23.3*    5.6    0.0I 999.9  100000
871660  20130806    18.4  8    10.7  8  1016.1  8  1008.7  8    9.5  8    3.6  8    6.2  999.9    24.6    11.8    0.0I 999.9  000000
871660  20130807    25.9 12    14.5 12  1005.5  8   998.3  8    8.4 12    5.1 12    9.3  999.9    32.4*   16.4    0.0I 999.9  000000
871660  20130808    19.9 24    11.6 24  1004.7  8   997.5  8    9.0 21    6.1 24   12.4  999.9    32.5    14.0*   0.0I 999.9  000000
871660  20130809    13.1 24     4.7 24  1020.4  8  1013.0  8    9.2 20    6.5 24    8.8  999.9    21.4    10.6    0.0I 999.9  000000
871660  20130810    11.2 24     2.2 24  1025.8  8  1018.3  8    9.0 17    3.1 24    5.7  999.9    16.2     5.4    0.0I 999.9  000000
871660  20130811    11.3 24     2.8 24  1018.8  8  1011.2  8    8.0 16    2.8 24    5.7  999.9    18.0*    5.0    0.0I 999.9  000000
871660  20130812    14.1 24     5.3 24  1012.3  8  1004.9  8    9.0 15    2.3 24    4.6  999.9    22.0*    5.5    0.0I 999.9  000000
871660  20130813    13.2 24     5.5 24  1019.6  8  1012.1  8    8.9 22    5.7 24    9.3  999.9    22.0     9.0*   0.0I 999.9  000000
871660  20130814     7.6 24    -1.4 24  1032.5  8  1024.8  8    9.3 10    2.8 24    5.1  999.9    14.5     1.6    0.0I 999.9  000000
871660  20130815     8.8 23    -0.9 23  1027.3  8  1019.7  8    9.3 11    2.6 23    5.7  999.9    16.0*    1.7    0.0I 999.9  000000
871660  20130816    13.1 21     2.4 21  1022.1  7  1014.6  7    8.4 16    1.8 21    4.1  999.9    24.0*    2.4    0.0I 999.9  000000
871660  20130817    13.8 24     3.9 24  1024.1  8  1016.6  8    7.9 18    2.6 24    4.6  999.9    22.2     5.9    0.0I 999.9  000000
871660  20130818    15.6 24     8.5 24  1019.8  8  1012.4  8    8.5 19    3.6 24   20.6  999.9    25.0*    6.7    0.0I 999.9  000000
871660  20130819    19.4 24    11.9 24  1015.4  8  1008.0  8    8.2 15    3.1 24    5.7  999.9    28.0*   12.3    0.0I 999.9  000000
871660  20130820    22.2 24    14.1 24  1012.8  8  1005.5  8    8.0 21    3.4 24    6.2  999.9    30.1*   15.8    0.0I 999.9  000000
871660  20130821    24.9 22    13.9 22  1008.3  8  1001.2  8    8.4 16    4.5 22   13.4  999.9    32.0*   18.5    0.0I 999.9  000000
871660  20130822    21.7 23    10.8 23  1007.4  8  1000.3  8    6.9 23    6.2 23   13.4  999.9    32.5    13.0*   0.0I 999.9  000000
871660  20130823     9.8 23    -1.1 23  1020.2  7  1012.7  7   10.0 11    6.4 23    9.3  999.9    12.4*    8.2    0.0G 999.9  010010
871660  20130824     8.7 24    -0.1 24  1023.1  8  1015.5  8   10.0 16    4.3 24    6.2  999.9    10.3     7.0*   0.0G 999.9  010010
871660  20130825     8.4 24     6.3 24  1025.7  8  1018.0  8    6.6 24    4.9 24    7.2  999.9    10.0*    6.7   18.0G 999.9  010000
871660  20130826     8.8 24     0.3 24  1028.8  8  1021.1  8    9.2 17    5.1 24    7.2  999.9    12.0*    6.4    4.1G 999.9  010000
871660  20130827     7.5 23    -2.1 23  1029.0  8  1021.3  8    9.5 11    1.4 23    3.1  999.9    15.0*   -0.1    0.0G 999.9  000000
871660  20130828    11.3 24     1.0 24  1026.9  8  1019.3  8    9.3 13    2.2 24    4.6  999.9    19.0*    5.0    0.0I 999.9  000000
871660  20130829    14.1 23     5.3 23  1021.4  8  1014.0  8    9.3 11    2.6 23    4.6  999.9    22.4*    6.3    0.0I 999.9  000000
871660  20130830    17.9 23     7.8 23  1014.8  8  1007.4  8    8.5 15    2.8 23    6.7  999.9    26.0*   11.6    0.0I 999.9  000000
871660  20130831    23.3 24    12.1 24  1008.8  8  1001.6  8    7.6 21    3.7 24    8.2  999.9    34.0*   14.2    0.0I 999.9  000000
871660  20130901    24.7 24    15.8 24  1006.9  8   999.8  8    7.4 19    2.3 24    5.1  999.9    34.0*   16.0    0.0I 999.9  000000
871660  20130902    22.3 24    16.9 24  1007.1  8   999.9  8    8.2 24    3.0 24    6.2  999.9    33.8    17.7    3.0G 999.9  010010
871660  20130903    18.5 24    12.3 24  1014.6  8  1007.3  8    7.9 17    4.0 24    8.8  999.9    27.2    15.2    0.0G 999.9  000000
871660  20130904    14.6 22     5.5 22  1022.7  8  1015.2  8    8.9 14    3.9 22    5.7  999.9    23.5     7.3    0.0I 999.9  000000
871660  20130905    19.0 24    10.1 24  1017.1  8  1009.7  8    8.4 19    3.8 24    7.2  999.9    29.0*   11.0    0.0I 999.9  000000
871660  20130906    24.6 24    16.2 24  1014.2  8  1006.9  8    8.0 18    3.9 24    7.7  999.9    32.0*   14.4    0.0I 999.9  000000
871660  20130907    25.8 22    16.1 22  1010.5  8  1003.4  8    8.2 18    3.9 21    7.2  999.9    34.0*   19.6    0.0I 999.9  000000
871660  20130908    27.2 24    18.1 24  1011.2  8  1004.1  8    8.4 20    2.7 24    5.1  999.9    34.0    22.0*   0.0I 999.9  000010
871660  20130909    24.8 24    18.1 24  1015.7  8  1008.5  8    9.0 18    3.2 23    6.7  999.9    33.6    18.5    0.0I 999.9  000000
871660  20130910    27.5 24    16.4 24  1012.7  8  1005.6  8    9.0 14    4.6 24    9.8  999.9    36.0*   21.0*   0.0I 999.9  000000
871660  20130911    28.1 23    13.8 23  1009.3  8  1002.2  8    6.0 23    4.9 23    8.8  999.9    36.4    21.0*   0.0I 999.9  000000
871660  20130912    28.6 24    14.1 24  1005.9  8   998.8  8    7.7 24    4.8 24    8.2  999.9    37.0*   20.0    0.0I 999.9  000000
871660  20130913    21.2 23    14.8 23  1010.2  8  1003.1  8    7.1 23    4.9 23    7.7  999.9    37.1    16.0* 999.9  999.9  010000
871660  20130914    15.2 24    13.5 24  1015.1  8  1007.7  8    7.2 24    3.6 24    5.1  999.9    20.1    13.8    1.0G 999.9  010010
871660  20130915    13.7 23    11.8 23  1014.8  7  1007.3  7    8.2 23    3.1 23    4.6  999.9    16.7    12.1    1.0G 999.9  010010
871660  20130916    12.9 24     9.4 24  1014.1  8  1006.6  8    9.7 24    4.8 24    7.2  999.9    15.5    10.6    5.1G 999.9  010000
871660  20130917    12.1 23     4.9 23  1019.6  8  1012.1  8   10.0 23    6.1 23    8.2  999.9    16.0*    8.4    0.3G 999.9  010000
871660  20130918    11.6 24     1.7 24  1023.0  8  1015.4  8    8.4 17    1.6 24    4.1  999.9    19.0*    3.1    0.0G 999.9  000000
871660  20130919    13.8 24     2.8 24  1022.0  8  1014.5  8    8.9 20    2.8 24    5.7  999.9    21.3*    5.8    0.0I 999.9  000000
871660  20130920    19.4 24     8.3 24  1010.7  8  1003.3  8    7.7 24    2.1 24    6.0  999.9    28.0*   11.3    0.0I 999.9  000000
871660  20130921    18.2 20    11.8 20  1006.5  7   999.3  7    8.7 17    4.4 20    7.2  999.9    28.4    14.6   19.0G 999.9  010010
871660  20130922    15.2 22    11.1 22  1013.7  8  1006.3  8    9.8 20    6.5 22   10.3  999.9    24.3    13.6    0.3G 999.9  000000
871660  20130923    13.1 24     5.7 24  1025.2  8  1017.6  8   10.0 21    5.4 24    7.7  999.9    18.0*    9.4    0.0G 999.9  000000
871660  20130924    11.6 24     0.6 24  1028.7  8  1021.1  8    9.5 12    3.4 24    6.2  999.9    19.1     4.7    0.0I 999.9  000000
871660  20130925    12.5 24     5.7 24  1024.9  8  1017.4  8   10.0 15    2.9 24    5.1  999.9    20.0*    5.6    0.0I 999.9  000000
871660  20130926    16.2 24     7.7 24  1017.7  8  1010.2  8    9.3 12    2.9 24    6.2  999.9    26.0*    7.0*   0.0I 999.9  100000
871660  20130927    18.9 24    11.4 24  1012.4  8  1005.1  8    8.9 16    3.2 24    4.6  999.9    26.0    14.8  999.9  999.9  010000
871660  20130928    20.6 23    17.2 23  1011.9  8  1004.6  8    8.9 23    2.8 23    6.2  999.9    26.0*   16.4    5.1G 999.9  010010
871660  20130929    15.4 24    12.8 24  1016.6  8  1009.3  8    8.4 17    4.7 24    6.7  999.9    25.7    13.0*   0.0G 999.9  010000
871660  20130930    13.5 22     9.0 22  1017.5  8  1010.0  8    9.5 16    4.1 22    6.2  999.9    17.2*    9.8    3.0G 999.9  010010
871660  20131001    15.0 24     8.1 24  1016.5  8  1009.0  8    8.9 14    2.0 24    4.6  999.9    24.0*    6.1    0.0G 999.9  100000
871660  20131002    17.7 23     8.2 23  1015.0  8  1007.6  8    9.3 11    2.9 23    4.6  999.9    26.0*   10.0*   0.0I 999.9  000000
871660  20131003    20.8 24    10.8 24  1012.5  8  1005.2  8    8.5 23    3.1 24    9.3  999.9    28.4*   14.2    0.0I 999.9  000000
871660  20131004    18.2 24     9.5 24  1018.2  8  1010.9  8    9.3 17    5.4 24    8.8  999.9    29.0    14.0    0.0I 999.9  000000
871660  20131005    17.2 24     9.2 24  1019.8  8  1012.4  8    9.2 17    2.6 24    4.6  999.9    25.0*   10.0    0.0I 999.9  000000
871660  20131006    17.6 21     9.2 21  1020.3  8  1012.9  8    9.8  8    3.8 21    6.7  999.9    25.0    10.5*   0.0I 999.9  000000
871660  20131007    19.5 24     9.3 24  1019.8  8  1012.5  8    9.3 10    3.8 24    6.2  999.9    28.0*   11.2    0.0I 999.9  000000
871660  20131008    22.4 23    12.7 23  1016.3  8  1009.1  8    8.4 20    4.1 23    7.2  999.9    30.1*   13.7    0.0I 999.9  000000
871660  20131009    24.9 24    13.9 24  1011.9  8  1004.7  8    8.4 14    3.9 24    7.2  999.9    33.0*   16.4    0.0I 999.9  000000
871660  20131010    23.9 18    18.1 18  1012.7  8  1005.6  8    8.9 14    4.5 18    8.8  999.9    33.5    19.2   16.0G 999.9  010010
871660  20131011    23.3 24    18.3 24  1012.9  8  1005.7  8    8.7 21    1.9 24    3.6  999.9    29.0*   17.1    0.0G 999.9  000010
871660  20131012    21.5 20    19.2 20  1011.7  7  1004.5  7    8.9 19    3.7 20   11.3  999.9    29.5    18.7*  15.2B 999.9  010010
871660  20131013    22.2 24    18.6 24  1012.6  8  1005.3  8    7.7 22    1.4 24    3.6  999.9    28.0*   16.8    0.0I 999.9  100000
871660  20131014    23.1 24    18.7 23  1014.4  8  1007.2  8    9.3 19    1.7 24    3.1  999.9    28.0*   18.4    0.0I 999.9  000000
871660  20131015    22.8 22    17.4 22  1016.5  8  1009.2  8    9.2 16    1.8 22    4.1  999.9    28.0    16.8    0.0I 999.9  000000
871660  20131016    24.3 20    15.1 20  1014.0  8  1006.7  8    9.3 15    2.1 20    3.6  999.9    30.1*   16.4    0.0I 999.9  000000
871660  20131017    22.6 21    14.1 21  1012.5  8  1005.3  8    7.6 16    3.1 21    5.7  999.9    30.4    15.5    0.0I 999.9  000000
871660  20131018    24.4 21    13.6 21  1011.6  8  1004.3  8    9.0 19    2.4 21    5.1  999.9    31.0*   14.0    0.0I 999.9  000000
871660  20131019    24.4 24    15.1 24  1009.2  8  1002.0  8    8.7 17    2.0 24    4.1  999.9    32.2*   15.9    0.0I 999.9  000000
871660  20131020    27.2 23    15.9 23  1002.2  8   995.1  8    9.7 11    4.5 23    9.8  999.9    35.0*   19.5*   0.0I 999.9  000000
871660  20131021    24.7 24    18.1 24  1004.8  8   997.8  8    9.7 22    6.3 24   18.0  999.9    35.3    19.7    5.1G 999.9  010010
871660  20131022    21.1 24    13.7 24  1010.4  8  1003.1  8    9.8  9    3.4 24    6.2  999.9    28.2*   12.4    0.0G 999.9  000000
871660  20131023    26.7 24    21.6 24  1005.0  8   997.9  8    8.4 24    2.9 24    5.1  999.9    34.0*   20.9    0.0I 999.9  000000
871660  20131024    22.5 24    20.7 24  1010.3  5  1003.2  5    7.6 24    4.6 24   17.0   24.2    34.3    20.5*  81.0G 999.9  010010
871660  20131025    21.2 22    17.4 21  1016.2  8  1008.9  8   10.0 19    4.1 22    6.2  999.9    26.0*   18.0*   9.9G 999.9  010000
871660  20131026    23.2 23    20.7 23  1010.6  8  1003.4  8    8.9 22    3.2 23    6.2  999.9    28.0*   19.3    0.3G 999.9  010000
871660  20131027    21.5 24    14.7 24  1015.7  8  1008.4  8   10.0  8    4.8 24    8.8  999.9    29.0    16.3    0.0G 999.9  000000
871660  20131028    21.0 24    13.7 24  1015.3  8  1008.0  8   10.0  8    3.6 24    6.7  999.9    27.0    15.2    0.0I 999.9  000000
871660  20131029    23.1 24    15.3 24  1009.9  8  1002.7  8    9.8 15    2.9 24    5.1  999.9    29.0*   18.4    0.0I 999.9  000000
871660  20131030    25.8 21    21.1 21  1007.8  7  1000.7  7    8.7 20    2.9 21    5.1  999.9    32.2*   22.0    0.0G 999.9  010010
871660  20131031    29.2 17    20.8 17  1005.7  8   998.6  8   10.0 12    4.7 17    6.7  999.9    33.0*   23.5    0.0G 999.9  000000
871660  20131101    29.3 19    22.2 19  1004.4  8   997.3  8   10.0 12    4.8 19   10.3  999.9    34.1*   24.0* 999.9  999.9  010010
871660  20131102    21.9 23    20.2 23  1008.5  8  1001.3  8    6.9 21    5.3 23    7.7  999.9    34.4    20.8  148.1G 999.9  010010
871660  20131103    20.4 20    13.9 20  1015.6  8  1008.2  8   10.0 12    4.0 20    7.7  999.9    25.2*   16.6    1.0G 999.9  000000
871660  20131104    20.3 19    12.4 19  1016.1  8  1008.8  8   10.0  8    2.8 19    4.1  999.9    25.6    14.9*   0.0G 999.9  000000
871660  20131105    20.9 19    14.4 19  1015.7  8  1008.4  8   10.0  8    3.1 19    5.1  999.9    27.0*   15.4    0.0I 999.9  000000
871660  20131106    24.6 18    16.8 18  1013.7  8  1006.4  8    8.9 13    3.3 18    6.2  999.9    31.0*   16.8    0.0I 999.9  000000
871660  20131107    26.4 24    19.0 24  1011.9  8  1004.8  8   10.0 11    4.0 24    8.2  999.9    31.4    22.0*   0.0I 999.9  000000
871660  20131108    27.0 24    19.9 24  1008.4  8  1001.3  8    9.5 12    3.2 24    7.2  999.9    32.3*   21.4    0.0I 999.9  000000
871660  20131109    28.8 21    21.5 21  1002.2  8   995.2  8    9.8 13    4.4 21    7.2  999.9    35.4*   25.0*   0.0I 999.9  000000
871660  20131110    30.4 24    22.7 24   998.1  8   991.2  8   10.0 16    5.3 24    9.3  999.9    35.6    26.7*   0.0I 999.9  000000
871660  20131111    22.6 20    19.8 20  1002.9  7   995.8  7    8.9 18    5.8 20   10.8  999.9    34.3    19.0*  22.1G 999.9  010010
871660  20131112    22.4 22    13.6 22  1011.5  8  1004.3  8    9.8 11    2.6 22    4.1  999.9    29.0*   15.0    0.0G 999.9  000000
871660  20131113    24.4 24    16.0 24  1014.3  8  1007.1  8    8.7 16    3.1 24    6.7  999.9    30.0*   19.0*   0.0I 999.9  000000
