876480  20130101    14.9  8     8.0  8  1014.7  8  1013.6  8   10.0  8    8.6  8   11.8  999.9    25.7     9.0    3.0G 999.9  000000
876480  20130102    13.7  8     7.9  8  1021.5  8  1020.3  8    9.8  8    0.9  8    2.1  999.9    20.4     7.5    0.0G 999.9  000000
876480  20130103    18.6  8    12.7  8  1019.3  8  1018.2  8   10.0  8    2.6  8    6.2  999.9    25.6*   12.4    0.0I 999.9  000000
876480  20130104    22.2  8    17.2  8  1015.1  8  1014.0  8   10.0  8    3.5  8    5.1  999.9    28.0*   18.0    0.0I 999.9  000000
876480  20130105    24.5  8    19.9  8  1008.4  8  1007.3  8    9.8  8    3.6  8    5.1  999.9    28.8*   20.0   23.9G 999.9  010010
876480  20130106    22.5  8    17.5  8  1005.9  8  1004.9  8   10.0  8    3.0  8    5.1  999.9    29.4*   17.0    0.0G 999.9  000000
876480  20130107    24.8  8    19.4  8  1002.6  8  1001.5  8   10.0  8    5.0  8    8.2  999.9    29.7    19.6    0.0I 999.9  000000
876480  20130108    20.7  8    14.9  8  1009.2  8  1008.2  8   10.0  8    3.1  8    6.2  999.9    29.7    12.0    0.0I 999.9  000000
876480  20130109    21.6  8    12.7  8  1016.5  8  1015.5  8   10.0  8    4.8  8    6.2  999.9    28.9    15.5    0.0I 999.9  000000
876480  20130110    23.9  8    17.6  8  1018.6  8  1017.6  8   10.0  8    4.7  8    6.2  999.9    30.8*   18.5    0.0I 999.9  000000
876480  20130111    24.5  8    17.5  8  1017.1  8  1016.1  8   10.0  8    4.1  8    8.2  999.9    31.7    19.3    0.0I 999.9  000000
876480  20130112    24.7  8    18.8  8  1014.4  8  1013.4  8   10.0  8    4.1  8    5.1  999.9    31.7    20.0    0.0I 999.9  000000
876480  20130113    25.0  8    18.1  8  1015.6  8  1014.5  8   10.0  8    0.9  8    3.1  999.9    31.2*   18.7    0.0I 999.9  000000
876480  20130114    23.0  8    18.6  8  1016.1  8  1015.1  8    7.4  8    1.7  8    5.1  999.9    31.7    17.5    0.0I 999.9  100000
876480  20130115    24.2  8    18.4  8  1013.6  8  1012.5  8   10.0  8    2.5  8    4.1  999.9    30.0    20.0    0.0I 999.9  000000
876480  20130116    24.1  8    18.9  8  1009.7  8  1008.7  8   10.0  8    1.9  8    5.1  999.9    30.2    20.5    0.0I 999.9  000000
876480  20130117    22.0  8    17.9  8  1013.3  8  1012.3  8    9.0  8    2.5  8    7.2  999.9    30.2    17.8   35.1G 999.9  010010
876480  20130118    19.7  8    17.2  8  1017.2  7  1016.2  7   10.0  8    4.6  8    8.2  999.9    28.4    17.0    0.0G 999.9  000000
876480  20130119    20.0  8    14.5  8  1019.4  8  1018.3  8   10.0  8    4.3  8    5.1  999.9    25.2    14.9    0.0I 999.9  000000
876480  20130120    17.8  8    13.4  8  1023.1  8  1022.0  8   10.0  8    2.8  8    6.2  999.9    25.8*   10.8*   0.0I 999.9  000000
876480  20130121    20.9  8    15.1  8  1023.2  8  1022.2  8   10.0  8    2.6  8    4.1  999.9    26.6    14.5    0.0I 999.9  000000
876480  20130122    22.6  8    17.3  8  1020.1  8  1019.0  8   10.0  8    4.2  8    7.2  999.9    26.9*   18.0    0.0I 999.9  000000
876480  20130123    24.6  8    18.6  8  1012.6  8  1011.6  8   10.0  8    1.5  8    4.1  999.9    31.2*   19.3    0.0I 999.9  000000
876480  20130124    23.3  8    19.5  8  1002.9  8  1001.8  8    9.8  8    2.2  8    6.2  999.9    31.9    18.8* 999.9  999.9  010010
876480  20130125    16.1  8     9.8  8  1009.1  8  1008.1  8   10.0  8    8.7  8   13.9  999.9    30.2    11.0    3.0G 999.9  000000
876480  20130126    17.0  8     8.3  8  1013.6  8  1012.5  8   10.0  8    3.5  8    8.2  999.9    26.9*    8.6    0.0G 999.9  000000
876480  20130127    22.1  8    11.7  8  1012.5  8  1011.4  8   10.0  8    4.8  8    8.2  999.9    30.2*   13.3    0.0I 999.9  000000
876480  20130128    25.8  6    17.8  6  1012.3  6  1011.2  6   10.0  6    2.6  6    5.1  999.9    34.4*   18.5    0.0I 999.9  000000
876480  20130129    25.6  8    17.9  8  1015.6  8  1014.5  8    9.8  8    3.3  8    9.8  999.9    34.7    21.6*   0.0G 999.9  010010
876480  20130130    23.2  8    18.2  8  1012.5  8  1011.5  8   10.0  8    1.0  8    3.1  999.9    32.7    18.3    6.1G 999.9  000000
876480  20130131    24.4  8    19.9  8  1011.1  8  1010.0  8    9.2  8    1.2  8    3.1  999.9    30.3    19.7    0.0G 999.9  000000
876480  20130201    26.3  8    20.8  8  1005.9  8  1004.8  8    9.2  8    3.6  8    7.2  999.9    32.7*   20.6    0.0I 999.9  000000
876480  20130202    22.2  8    15.4  8  1010.0  8  1008.9  8    9.8  8    4.5  8    6.2  999.9    33.7    15.1    6.1G 999.9  000010
876480  20130203    16.1  8     8.2  8  1019.5  8  1018.4  8   10.0  8    1.0  8    3.1  999.9    26.9     7.2    0.0G 999.9  000000
876480  20130204    18.5  8    10.9  8  1016.2  8  1015.1  8   10.0  8    4.0  8    7.2  999.9    26.9*   11.2    0.0I 999.9  000000
876480  20130205    21.0  8    13.2  8  1015.7  8  1014.6  8   10.0  8    2.6  8    4.1  999.9    29.2*   12.6    0.0I 999.9  000000
876480  20130206    23.0  8    15.8  8  1017.3  8  1016.2  8   10.0  8    4.0  8    6.2  999.9    29.7    17.7    0.0I 999.9  000000
876480  20130207    22.6  8    16.6  8  1018.0  8  1016.9  8   10.0  8    3.5  8    6.2  999.9    29.9    16.8    0.0I 999.9  000000
876480  20130208    23.4  8    17.7  8  1015.5  8  1014.4  8   10.0  8    2.3  8    3.1  999.9    30.0*   18.7    0.0I 999.9  000000
876480  20130209    23.2  7    18.2  7  1013.7  7  1012.7  7    9.7  7    4.6  7    8.2  999.9    30.8    19.3    0.0I 999.9  000000
876480  20130210    24.3  8    21.9  8  1009.7  8  1008.7  8    9.8  8    2.6  8    3.1  999.9    30.5    21.8    0.0I 999.9  000010
876480  20130211    24.0  8    20.3  8  1007.0  8  1005.9  8   10.0  8    1.0  8    3.1  999.9    30.5    19.7    0.0G 999.9  000000
876480  20130212    24.0  8    18.2  8  1003.1  8  1002.1  8    9.0  8    4.0  8    7.2  999.9    29.9    18.0    0.0B 999.9  010000
876480  20130213    22.3  8    15.8  8  1007.0  8  1005.9  8    9.8  8    2.8  8    7.2  999.9    31.4    13.2    0.0G 999.9  000000
876480  20130214    22.6  8    15.9  8  1011.4  8  1010.3  8   10.0  8    1.7  8    5.1  999.9    30.6    15.0    0.0I 999.9  000000
876480  20130215    24.9  8    18.4  8  1011.3  8  1010.2  8    9.2  8    3.1  8    5.1  999.9    32.0*   18.1    0.0I 999.9  000000
876480  20130216    25.2  8    20.8  8  1007.5  8  1006.4  8   10.0  8    4.5  8    7.2  999.9    32.2    20.2    0.0I 999.9  000000
876480  20130217    23.7  8    19.4  8  1005.2  8  1004.2  8    9.8  8    4.1  8    7.2  999.9    32.1    20.5    3.0G 999.9  010000
876480  20130218    17.4  8     9.7  8  1017.6  8  1016.6  8   10.0  8    3.4  8    5.1  999.9    27.9     9.7    0.0G 999.9  010000
876480  20130219    17.9  8    11.1  8  1021.0  8  1019.9  8   10.0  8    2.5  8    5.1  999.9    24.3    12.8    0.0I 999.9  000000
876480  20130220    18.4  8    11.8  8  1019.5  8  1018.4  8   10.0  8    2.6  8    5.1  999.9    25.7*    8.1    0.0I 999.9  000000
876480  20130221    20.2  8    13.3  8  1015.8  8  1014.7  8   10.0  8    2.1  8    3.1  999.9    26.4    15.0    0.0I 999.9  000000
876480  20130222    19.5  8    13.2  8  1019.1  8  1017.9  8    9.3  8    3.2  8    6.2  999.9    26.7*    9.2    0.0I 999.9  000000
876480  20130223    21.6  8    15.9  8  1014.2  8  1013.2  8   10.0  8    4.9  8    6.7  999.9    27.5    18.0    0.0I 999.9  000010
876480  20130224    22.2  8    17.0  8  1007.1  8  1006.1  8    8.5  8    2.2  8    5.1  999.9    28.4*   18.3   25.9G 999.9  010010
876480  20130225    16.9  8    10.9  8  1010.0  8  1008.9  8   10.0  8    5.6  8    9.3  999.9    29.5    13.0    0.0G 999.9  000000
876480  20130226    14.3  8     8.3  8  1014.1  8  1013.0  8   10.0  8    6.0  8    7.2  999.9    20.4     9.0    0.0I 999.9  000000
876480  20130227    14.6  8     8.9  8  1016.0  8  1014.9  8    9.3  8    1.7  8    3.1  999.9    23.3*    6.9    0.0I 999.9  000000
876480  20130228    17.2  8    12.6  8  1017.3  8  1016.2  8    9.8  8    2.8  8    5.1  999.9    24.0    10.5    0.0I 999.9  000000
876480  20130301    18.2  8    14.4  8  1014.1  8  1013.1  8   10.0  8    3.7  8    6.2  999.9    24.0    14.1    0.0G 999.9  000010
876480  20130302    20.0  8    17.3  8  1002.4  8  1001.3  8    9.3  8    6.9  8   14.4  999.9    23.9    18.0   50.0G 999.9  010010
876480  20130303    17.6  8    12.6  8  1011.5  8  1010.4  8   10.0  8    6.3  8    8.7  999.9    23.6    14.0    0.0G 999.9  000000
876480  20130304    14.5  8    10.2  8  1017.1  8  1016.0  8   10.0  8    4.4  8    6.2  999.9    21.9     9.0    0.0I 999.9  000000
876480  20130305    15.1  8     9.9  8  1014.1  8  1013.0  8    9.3  8    1.5  8    5.1  999.9    23.3*    5.2    0.0I 999.9  000000
876480  20130306    18.7  8    12.7  8  1008.6  8  1007.5  8    9.7  8    3.2  8    6.2  999.9    27.0*   10.8    0.0I 999.9  000000
876480  20130307    18.9  8    12.7  8  1012.9  8  1011.8  8    9.5  8    1.8  8    2.1  999.9    27.4     9.0    0.0I 999.9  000000
876480  20130308    19.0  8    14.2  8  1015.5  8  1014.4  8   10.0  8    2.3  8    5.1  999.9    26.8*   12.0    0.0G 999.9  000010
876480  20130309    22.8  8    18.6  8  1009.4  8  1008.3  8    6.8  8    2.8  8    6.2  999.9    30.1*   16.0    0.0I 999.9  100000
876480  20130310    19.8  8    12.4  8  1006.0  8  1005.0  8   10.0  8    5.4  8    9.8  999.9    30.2    16.0    0.0I 999.9  000000
876480  20130311    14.7  7     8.6  7  1008.0  7  1006.8  7    7.9  7    2.5  7    7.2  999.9    24.2     6.8    0.0I 999.9  000000
876480  20130312    15.7  8     8.9  8  1011.7  8  1010.7  8   10.0  8    2.1  8    4.1  999.9    24.2     7.0    0.0I 999.9  000000
876480  20130313    13.2  8     7.8  8  1017.2  8  1016.1  8   10.0  8    3.0  8    6.2  999.9    21.9     7.7    0.0I 999.9  000000
876480  20130314    10.6  8     5.1  8  1021.8  8  1020.7  8   10.0  8    2.6  8    4.1  999.9    17.7     2.4    0.0I 999.9  000000
876480  20130315    10.4  8     7.4  8  1024.2  8  1023.1  8    9.8  8    2.1  8    3.1  999.9    18.4     7.8    0.8G 999.9  010000
876480  20130316     9.1  8     4.4  8  1027.4  8  1026.3  8    9.2  8    1.4  8    2.1  999.9    17.8*    0.8    2.0G 999.9  000000
876480  20130317    10.7  8     5.6  8  1029.3  8  1028.2  8   10.3  8    1.0  8    3.1  999.9    19.2*    0.8    0.0G 999.9  000000
876480  20130318    13.1  8    10.7  8  1028.1  8  1027.0  8   10.0  8    2.5  8    5.1  999.9    19.7     8.4    3.0G 999.9  010000
876480  20130319    15.9  8    13.3  8  1024.0  8  1022.9  8    9.5  8    2.7  8    5.1  999.9    20.0*   10.0    0.0G 999.9  000000
876480  20130320    19.1  8    16.9  8  1015.9  8  1014.8  8    9.2  8    3.9  8    6.2  999.9    21.4    15.0    3.0G 999.9  010000
876480  20130321    20.0  8    15.5  8  1009.4  8  1008.4  8    9.7  8    4.9  8   10.8  999.9    25.3*   16.7    1.0G 999.9  010000
876480  20130322    14.3  8     5.2  8  1015.9  8  1014.8  8   10.0  8    3.3  8    5.1  999.9    25.7     4.8    0.0G 999.9  000000
876480  20130323    14.7  8     7.0  8  1017.8  8  1016.8  8   10.0  8    2.3  8    3.1  999.9    24.1*    6.0    0.0I 999.9  000000
876480  20130324    18.1  8    12.7  8  1016.4  8  1015.4  8    8.4  8    3.9  8    8.2  999.9    25.0*   10.6    0.0I 999.9  100000
876480  20130325    18.6  8    15.6  8  1012.5  8  1011.4  8    9.5  8    3.9  8    7.2  999.9    26.0    14.5   18.0G 999.9  010000
876480  20130326    15.6  8    11.3  8  1018.1  8  1017.0  8    7.6  8    2.6  8    5.1  999.9    23.8     8.3    8.9G 999.9  110010
876480  20130327    16.6  8    11.8  8  1021.4  8  1020.3  8    6.4  8    1.2  8    2.1  999.9    24.8*    8.2    0.0G 999.9  100000
876480  20130328    17.1  8    11.0  8  1020.9  8  1019.8  8    7.9  8    2.6  8    6.2  999.9    25.8*    9.3    0.0I 999.9  100000
876480  20130329    18.5  8    12.9  8  1019.1  8  1018.1  8    8.5  8    2.8  8    4.1  999.9    27.0*   10.7    0.0I 999.9  100000
876480  20130330    20.6  8    14.7  8  1016.8  8  1015.7  8   10.0  8    3.8  8    5.1  999.9    27.7    13.7    0.0I 999.9  000000
876480  20130331    18.7  8    16.1  8  1016.3  8  1015.3  8    7.2  8    1.5  8    2.1  999.9    28.0    12.9  999.9  999.9  110010
876480  20130401    18.4  8    17.3  8  1018.7  8  1017.6  8    9.7  8    3.3  8    5.1  999.9    26.5    17.0    7.1G 999.9  010010
876480  20130402    20.0  8    18.1  8  1017.2  8  1016.2  8    8.7  8    4.4  8    6.2  999.9    21.0    18.4    4.1G 999.9  010000
876480  20130403    19.7  8    17.4  8  1015.1  8  1014.0  8    8.2  8    4.2  8    9.8  999.9    23.4*   16.0   29.0G 999.9  010000
876480  20130404    18.8  8    15.3  8  1010.5  8  1009.5  8    9.0  8    2.6  8    6.2  999.9    24.7    15.5    2.0G 999.9  100000
876480  20130405    17.9  8    14.0  8  1003.0  8  1002.0  8    9.0  8    3.9  8    7.2  999.9    23.8    13.0    0.0G 999.9  000000
876480  20130406    14.8  8     9.7  8  1007.2  8  1006.2  8    9.8  8    6.5  8   10.8  999.9    24.4    12.0    7.9G 999.9  010000
876480  20130407    11.8  8     4.2  8  1016.2  8  1015.1  8   10.0  8    4.0  8    5.1  999.9    20.0*    3.0    2.0G 999.9  000000
876480  20130408    14.0  8     7.8  8  1019.0  8  1018.0  8   10.0  8    2.2  8    5.1  999.9    23.0*    6.0    0.0G 999.9  000000
876480  20130409    16.4  8    12.4  8  1020.1  8  1019.0  8    9.5  8    2.5  8    3.1  999.9    23.2    12.0    0.0I 999.9  000000
876480  20130410    15.5  8    11.6  8  1018.2  8  1017.2  8   10.0  8    3.8  8    8.2  999.9    23.0    11.8    0.0I 999.9  000000
876480  20130411    17.9  8    15.8  8  1012.0  8  1010.9  8   10.0  8    4.2  8    7.2  999.9    21.2    15.0    3.0G 999.9  010010
876480  20130412    15.0  8     9.8  8  1010.1  8  1009.0  8   10.0  8    8.0  8   10.8  999.9    19.8    12.1    0.5G 999.9  000000
876480  20130413     9.8  8     2.0  8  1015.9  8  1014.8  8   10.0  8    5.5  8    9.8  999.9    18.2     3.5    0.0G 999.9  000000
876480  20130414    14.6  7     5.2  7  1011.8  7  1010.7  7   10.0  7    5.5  7    7.2  999.9    22.1*    7.0    0.0I 999.9  000000
876480  20130415    14.6  8     9.4  8  1014.1  8  1013.1  8   10.0  8    5.2  8    8.7  999.9    22.2     9.0    0.0I 999.9  000000
876480  20130416    12.5  8     8.8  8  1019.3  8  1018.3  8   10.0  8    2.5  8    3.1  999.9    21.7     6.8    0.0I 999.9  000000
876480  20130417    12.9  8     9.9  8  1019.1  8  1018.0  8    7.7  8    1.9  8    6.2  999.9    21.8*    6.5    0.0I 999.9  100000
876480  20130418    16.7  8    12.8  8  1016.7  8  1015.6  8    9.2  8    2.7  8    4.1  999.9    26.1*    9.8    0.0I 999.9  000000
876480  20130419    18.6  8    13.7  8  1017.1  8  1016.0  8    9.3  8    2.5  8    4.1  999.9    27.1    12.3    0.0I 999.9  000000
876480  20130420    17.8  8    12.9  8  1020.1  8  1019.0  8    7.1  8    2.1  8    4.1  999.9    27.8    10.0    0.0I 999.9  000000
876480  20130421    18.4  8    13.6  8  1022.1  8  1021.1  8    6.8  8    2.5  8    4.1  999.9    28.0     9.4    0.0I 999.9  100000
876480  20130422    17.7  8    15.8  8  1021.8  8  1020.7  8    9.2  8    3.4  8    6.2  999.9    27.4    13.8    0.0I 999.9  100000
876480  20130423    16.5  8    15.9  8  1021.7  8  1020.7  8    2.4  8    1.7  8    4.1  999.9    23.7    14.5    0.0I 999.9  100000
876480  20130424    18.2  8    16.4  8  1020.8  8  1019.7  8    5.3  8    0.9  8    5.1  999.9    24.0*   14.8    0.0I 999.9  100000
876480  20130425    18.2  8    14.4  8  1016.5  8  1015.5  8    6.1  8    2.5  8    3.1  999.9    26.1*   12.2    0.0I 999.9  100000
876480  20130426    17.7  7    14.9  7  1016.3  7  1015.2  7    7.9  7    1.7  7    3.1  999.9    24.2*   10.8    0.0I 999.9  100000
876480  20130427    18.6  8    16.9  8  1017.1  8  1016.0  8    8.9  8    2.6  8    4.1  999.9    24.6    15.2    0.0I 999.9  000000
876480  20130428    18.5  8    17.2  8  1010.7  8  1009.6  8    6.9  8    3.5  8    7.2  999.9    22.3    17.3   32.0G 999.9  010010
876480  20130429    15.9  8    13.5  8  1010.7  8  1009.6  8   10.0  8    5.3  8    8.2  999.9    21.2    13.0    7.1G 999.9  000000
876480  20130430    14.4  8    12.3  8  1016.1  8  1015.0  8    5.1  8    0.8  8    2.6  999.9    21.5*    8.5    0.0G 999.9  110000
876480  20130501    14.1  8    13.2  8  1016.5  8  1015.4  8    6.4  8    3.5  8    8.2  999.9    22.0    10.2  999.9  999.9  110010
876480  20130502    15.8  8    15.0  8  1014.2  8  1013.1  8    7.6  8    2.3  8    6.2  999.9    19.3    13.7   20.1G 999.9  110010
876480  20130503    13.7  8    12.1  8  1014.2  8  1013.1  8   10.0  8    2.2  8    3.1  999.9    18.5    12.5*   0.0G 999.9  010000
876480  20130504    11.6  8     8.9  8  1014.6  8  1013.6  8    9.7  8    3.3  8    7.2  999.9    19.2*    4.6    0.3G 999.9  000000
876480  20130505    12.3  8     8.7  8  1018.7  8  1017.5  8    9.8  8    3.1  8    5.1  999.9    19.4     6.5    0.0G 999.9  000000
876480  20130506    12.4  8     8.9  8  1013.7  8  1012.6  8    9.7  8    4.7  8    8.2  999.9    19.1*    8.1    0.0I 999.9  000000
876480  20130507    10.0  8     5.7  8  1019.3  8  1018.2  8   10.0  8    6.0  8    9.8  999.9    19.4     4.6    0.0I 999.9  000000
876480  20130508    11.8  8     6.4  8  1011.4  8  1010.3  8    9.8  8    6.9  8   11.8  999.9    21.9*    4.2    0.0I 999.9  000000
876480  20130509    14.6  8    11.7  8  1013.7  8  1012.6  8    9.5  8    2.6  8    5.1  999.9    24.0*    8.5    0.0I 999.9  100000
876480  20130510    15.9  8    13.1  8  1012.4  8  1011.3  8   10.0  8    3.3  8    5.1  999.9    24.5     9.7    0.0I 999.9  000000
876480  20130511    16.4  8    12.2  8  1013.2  8  1012.2  8    9.8  8    3.1  8    4.1  999.9    21.5    12.7    0.0I 999.9  000000
876480  20130512    11.5  8     9.2  8  1017.0  8  1015.9  8    5.0  8    1.3  8    5.1  999.9    20.6     5.8    0.0I 999.9  100000
876480  20130513    12.1  8     7.7  8  1016.6  8  1015.5  8    7.2  8    0.7  8    3.1  999.9    19.8*    5.5    0.0I 999.9  100000
876480  20130514    13.6  8    10.3  8  1013.5  8  1012.4  8    5.5  8    2.1  8    5.1  999.9    20.2     7.0    0.0I 999.9  100000
876480  20130515     7.5  8     1.2  8  1015.4  8  1014.3  8    9.8  8    7.1  8   11.8  999.9    18.7     3.0    3.0G 999.9  010000
876480  20130516     6.3  8     1.2  8  1020.2  8  1019.1  8   10.0  8    5.7  8    8.2  999.9    12.5*    1.5    0.0G 999.9  000000
876480  20130517     6.1  8     0.8  8  1024.7  8  1023.5  8   10.0  8    2.7  8    4.1  999.9    15.4*   -0.1    0.0I 999.9  000000
876480  20130518     6.7  8     4.9  8  1025.5  8  1024.4  8    9.8  8    1.8  8    3.1  999.9    15.7     1.4    0.0I 999.9  000000
876480  20130519    10.1  8     8.3  8  1024.9  8  1023.7  8    9.8  8    1.8  8    4.1  999.9    14.0*    6.5    0.0B 999.9  010000
876480  20130520    10.9  8     9.9  8  1022.8  8  1021.7  8    7.2  8    2.7  8    3.1  999.9    14.2     9.0    3.0G 999.9  110000
876480  20130521    10.7  8     9.4  8  1019.0  8  1017.9  8    7.2  8    2.3  8    4.1  999.9    16.0*    7.0    0.0G 999.9  100000
876480  20130522    10.6  8     8.7  8  1020.6  8  1019.5  8    4.7  8    1.3  8    4.1  999.9    18.5*    5.6    0.0I 999.9  100000
876480  20130523    10.8  8     9.4  8  1020.2  8  1019.1  8    4.3  8    2.2  8    7.2  999.9    18.9     5.7    0.0I 999.9  100000
876480  20130524    10.6  8     7.7  8  1018.4  8  1017.3  8    8.7  8    5.0  8    7.2  999.9    17.9     7.2    0.0I 999.9  100000
876480  20130525     8.1  8     5.2  8  1020.6  8  1019.4  8    8.7  8    2.2  8    6.2  999.9    17.0*    1.0    0.0I 999.9  000000
876480  20130526    12.9  8    10.6  8  1014.7  8  1013.5  8    6.6  8    6.5  8   10.3  999.9    19.5*    5.2    0.0I 999.9  100000
876480  20130527    11.4  8     9.6  8  1012.2  8  1011.1  8    5.0  8    2.3  8    3.1  999.9    19.5     6.2    0.0I 999.9  100000
876480  20130528    13.1  8    12.5  8  1003.2  8  1002.1  8    9.8  8    3.9  8    6.2  999.9    18.7     7.9    0.0G 999.9  010010
876480  20130529    10.9  8     8.2  8  1004.3  8  1003.2  8    9.8  8    3.1  8    5.7  999.9    16.7     7.2   15.0G 999.9  000000
876480  20130530     8.7  8     5.0  8  1007.9  8  1006.8  8   10.0  8    5.7  8    8.2  999.9    16.2     1.3    0.0G 999.9  000000
876480  20130531    12.2  8     6.7  8  1006.8  8  1005.7  8   10.0  8    5.9  8    7.2  999.9    17.0*    4.0    0.0I 999.9  000000
876480  20130601    11.8  8     7.1  8  1009.5  8  1008.4  8   10.0  8    5.3  8    9.3  999.9    19.3*    5.2    0.0I 999.9  000000
876480  20130602    11.1  7     5.4  7  1012.6  7  1011.5  7   10.0  7    5.8  7    8.2  999.9    19.8     6.0    0.0I 999.9  000000
876480  20130603     9.8  8     5.9  8  1016.4  8  1015.2  8   10.0  8    3.9  8    7.2  999.9    15.9*    3.6    0.0G 999.9  000000
876480  20130604    12.4  8     6.7  8  1011.1  8  1010.0  8   10.0  8    6.7  8   10.3  999.9    18.5*    8.6    0.0I 999.9  000000
876480  20130605    10.0  8     6.9  8  1009.4  8  1008.3  8   10.0  8    3.6  8    7.2  999.9    19.3     4.3    0.0I 999.9  000000
876480  20130606     8.7  8     4.7  8  1016.3  8  1015.2  8   10.0  8    5.6  8    9.8  999.9    18.5     4.0    0.0I 999.9  000000
876480  20130607     8.1  8     4.8  8  1017.7  8  1016.6  8    9.5  8    4.8  8   13.4  999.9    16.3*    3.0    0.0I 999.9  000000
876480  20130608     5.7  8     0.4  8  1025.8  8  1024.7  8   10.0  8    2.1  8    5.1  999.9    16.5    -1.0    0.0I 999.9  000000
876480  20130609     9.1  8     7.9  8  1020.5  8  1019.3  8    8.0  8    3.1  8    4.1  999.9    14.7     2.0    0.0G 999.9  010000
876480  20130610    12.1  8    10.3  8  1016.9  8  1015.8  8    5.1  8    3.2  8    6.2  999.9    17.4*    8.2    3.0G 999.9  100000
876480  20130611     9.4  8     9.2  8  1018.2  8  1017.1  8    3.4  8    3.1  8    5.1  999.9    17.7     5.2    0.0G 999.9  100000
876480  20130612    15.8  8    14.4  8  1016.2  8  1015.1  8    6.0  8    4.4  8    6.2  999.9    21.1*    5.8    0.0I 999.9  100000
876480  20130613    16.3  8    14.7  8  1014.3  8  1013.2  8    4.8  8    2.5  8    5.1  999.9    21.8    11.8    0.0I 999.9  100000
876480  20130614     8.9  8     4.5  8  1021.8  8  1020.7  8   10.0  8    3.2  8    4.1  999.9    21.2     4.0    0.0I 999.9  000000
876480  20130615     6.1  8     1.5  8  1021.6  8  1020.5  8   10.0  8    3.8  8    8.2  999.9    12.6*    0.2    0.0I 999.9  000000
876480  20130616     9.4  8     8.1  8  1014.8  8  1013.7  8    9.2  8    4.5  8    7.2  999.9    13.7     5.9    3.0G 999.9  010000
876480  20130617     4.6  8     1.1  8  1020.1  8  1018.9  8   10.0  8    2.5  8    5.1  999.9    11.8    -1.0    6.1G 999.9  000000
876480  20130618     5.7  8     3.7  8  1016.4  8  1015.3  8    9.5  8    3.9  8    7.2  999.9    13.0*   -0.4    0.0G 999.9  000000
876480  20130619     2.6  8    -3.4  8  1023.9  8  1022.8  8   10.0  8    4.3  8    6.2  999.9    14.4    -5.2    0.0I 999.9  000000
876480  20130620     2.9  8    -3.8  8  1025.4  8  1024.2  8   10.0  8    3.6  8    6.2  999.9    11.7*   -3.5    0.0I 999.9  000000
876480  20130621     2.7  7    -1.5  7  1014.9  7  1013.7  7    8.7  7    4.2  7    8.7  999.9    13.0*   -3.0    0.0I 999.9  000000
876480  20130622     7.4  8     1.2  8  1011.0  8  1009.9  8   10.0  8    4.9  8    7.2  999.9    13.3    -2.0    0.0I 999.9  000000
876480  20130623     3.7  8    -0.8  8  1023.4  8  1022.3  8   10.0  8    1.0  8    3.1  999.9    12.1*   -4.5    0.0I 999.9  000000
876480  20130624     3.5  8    -0.8  8  1024.9  8  1023.7  8   10.0  8    1.3  8    2.1  999.9    12.3    -3.7    0.0I 999.9  000000
876480  20130625     3.4  8     1.7  8  1020.6  8  1019.4  8    5.8  8    0.5  8    2.1  999.9    13.5    -3.0    0.0I 999.9  100000
876480  20130626     5.7  8     3.6  8  1016.7  8  1015.6  8    4.3  8    1.8  8    5.1  999.9    15.0*   -2.0    0.0I 999.9  100000
876480  20130627     7.9  8     4.8  8  1015.2  8  1014.1  8    6.6  8    3.3  8    6.2  999.9    18.6*   -0.6    0.0I 999.9  100000
876480  20130628    10.6  8     8.7  8  1011.4  8  1010.3  8    9.2  8    4.1  8    5.1  999.9    18.8     2.6    0.0I 999.9  000000
876480  20130629     8.6  8     4.7  8  1011.5  8  1010.4  8    5.8  8    3.6  8    8.2  999.9    15.4     1.7    0.0G 999.9  100000
876480  20130630     5.1  8    -0.6  8  1018.4  8  1017.3  8   10.0  8    3.6  8    5.1  999.9    14.3    -2.3    0.0I 999.9  000000
876480  20130701     4.7  8    -1.0  8  1023.0  8  1021.8  8   10.0  8    2.3  8    5.1  999.9    14.6*   -2.0    0.0I 999.9  000000
876480  20130702    10.0  8     3.7  8  1016.7  8  1015.6  8   10.0  8    5.6  8   10.8  999.9    18.8*   -1.3    0.0I 999.9  000000
876480  20130703    12.3  8     6.5  8  1012.9  8  1011.8  8   10.0  8    5.3  8    9.8  999.9    20.4*    4.6    0.0I 999.9  000000
876480  20130704    14.1  8    12.2  8  1015.6  8  1014.5  8    9.8  8    2.7  8    4.1  999.9    20.8     8.2    0.0I 999.9  000000
876480  20130705    12.8  8    12.5  8  1015.8  8  1014.7  8    5.6  8    1.2  8    2.1  999.9    20.2    11.2    1.0G 999.9  010000
876480  20130706    11.5  8    10.6  8  1012.4  8  1011.4  8    5.1  8    4.4  8   10.8  999.9    14.1    10.0*   1.0G 999.9  110000
876480  20130707     6.0  8     3.4  8  1023.5  8  1022.4  8   10.0  8    4.4  8    7.2  999.9    12.7     2.0    0.3G 999.9  000000
876480  20130708     3.3  7     0.1  7  1031.7  7  1030.5  7    9.3  7    2.1  7    4.1  999.9    12.0*   -5.0    0.0G 999.9  000000
876480  20130709     6.1  8     4.8  8  1025.6  8  1024.4  8    9.7  8    3.5  8    8.2  999.9    12.1    -2.0  999.9  999.9  010000
876480  20130710     8.6  8     8.4  8  1018.9  8  1017.9  8    4.3  8    1.3  8    3.1  999.9    12.5     4.0    7.9G 999.9  100000
876480  20130711    11.4  9    11.4  9  1015.9  9  1014.8  9    3.1  9    1.7  9    4.1  999.9    12.7*    8.0   10.9G 999.9  110000
876480  20130712     9.7  8     8.6  8  1020.5  8  1019.4  8    7.4  8    2.5  8    5.1  999.9    13.3     8.4    3.0G 999.9  000000
876480  20130713     8.2  8     7.2  8  1017.5  8  1016.4  8    4.0  8    4.6  8    8.2  999.9    12.3*    3.8    0.0G 999.9  100000
876480  20130714     8.8  8     4.6  8  1015.9  8  1014.8  8   10.0  8    5.0  8    6.2  999.9    13.2*    4.0    0.0I 999.9  000000
876480  20130715     4.6  8     0.3  8  1019.9  8  1018.8  8   10.0  8    3.5  8    7.2  999.9    14.1*   -2.0    0.0I 999.9  000000
876480  20130716     9.2  8     4.4  8  1012.6  8  1011.4  8   10.0  8    5.0  8    8.2  999.9    18.8*   -1.3    0.0I 999.9  000000
876480  20130717     9.5  8     6.6  8  1008.7  8  1007.6  8    9.8  8    2.1  8    4.1  999.9    19.3     4.0    0.0I 999.9  000000
876480  20130718     6.4  8     2.6  8  1014.6  8  1013.5  8    9.8  8    5.1  8    9.8  999.9    17.8     3.7    0.3G 999.9  010000
876480  20130719     2.4  8    -0.7  8  1023.5  8  1022.4  8   10.0  8    4.6  8    6.2  999.9     8.9    -2.2    0.0G 999.9  000000
876480  20130720     3.7  8    -0.1  8  1010.6  8  1009.4  8   10.0  8    5.7  8   11.8  999.9    10.0*   -2.2    0.0I 999.9  000000
876480  20130721     2.3  8     0.3  8  1011.5  8  1010.4  8    9.3  8    5.3  8    6.2  999.9    11.0    -2.3    0.0G 999.9  010000
876480  20130722     4.0  8     2.5  8  1015.7  8  1014.6  8    9.8  8    6.9  8    8.2  999.9     7.4*    0.7    0.3G 999.9  010000
876480  20130723     4.6  8     0.2  8  1021.9  8  1020.7  8   10.0  8    6.9  8    8.2  999.9     9.6*   -0.2    2.0G 999.9  000000
876480  20130724     5.8  8     1.4  8  1024.4  8  1023.2  8   10.0  8    3.9  8    4.1  999.9    10.4*    0.1    0.0G 999.9  000000
876480  20130725     4.9  8     0.3  8  1025.3  8  1024.2  8    8.5  8    4.9  8    9.8  999.9    14.9*   -0.5    0.0I 999.9  000000
876480  20130726     7.3  8     2.6  8  1025.3  8  1024.2  8   10.0  8    4.7  8    8.2  999.9    15.2     1.0    0.0I 999.9  000000
876480  20130727    10.9  8     6.5  8  1022.4  8  1021.2  8    9.8  8    3.7  8    5.1  999.9    17.8*    5.0    0.0I 999.9  000000
876480  20130728     7.4  8     4.4  8  1022.6  8  1021.5  8    7.9  8    1.0  8    2.1  999.9    18.2     0.0    0.0I 999.9  100000
876480  20130729     7.3  8     4.6  8  1023.3  8  1022.2  8    6.4  8    1.7  8    3.1  999.9    18.1*   -1.0    0.0I 999.9  100000
876480  20130730     8.7  8     7.6  8  1021.9  8  1020.8  8    7.6  8    2.4  8    5.1  999.9    18.3     0.2    0.0I 999.9  100000
876480  20130731    12.0  8    10.0  8  1013.2  8  1012.1  8    9.2  8    3.9  8    6.2  999.9    16.7*    4.1    0.0I 999.9  000000
876480  20130801     9.4  7     7.7  6  1016.9  7  1015.9  7    9.0  7    4.4  7    5.1  999.9    12.2     8.6    3.0G 999.9  010000
876480  20130802     8.1  8     6.6  8  1019.8  8  1018.7  8    9.2  8    2.1  8    4.1  999.9    10.3     7.0    0.0G 999.9  010000
876480  20130803     6.5  8     5.3  7  1019.2  8  1018.1  8    9.2  8    0.8  8    2.1  999.9    11.6*    0.0    0.0G 999.9  000000
876480  20130804     8.8  8     5.2  8  1017.7  8  1016.6  8    8.7  8    3.5  8    6.2  999.9    16.8*    2.2    0.0I 999.9  100000
876480  20130805    12.4  8     4.4  8  1012.1  8  1011.0  8    9.8  8    9.1  8   17.5  999.9    19.0*    6.2    0.0I 999.9  000000
876480  20130806     7.8  8     0.5  8  1017.2  8  1016.1  8   10.0  8    4.4  8    6.2  999.9    19.2    -0.8    0.0I 999.9  000000
876480  20130807    12.2  8     5.6  8  1006.3  8  1005.2  8   10.0  8    6.8  8    8.7  999.9    18.3*    2.0    0.0I 999.9  000000
876480  20130808    10.4  8     3.2  8  1010.9  8  1009.8  8   10.0  8    5.0  8    8.2  999.9    18.7     6.0    0.0I 999.9  000000
876480  20130809     5.4  8     0.3  8  1025.1  8  1023.9  8    9.8  8    3.3  8    5.1  999.9    14.2    -1.6    0.0I 999.9  000000
876480  20130810     5.5  8    -1.6  8  1025.1  8  1024.0  8   10.0  8    4.5  8   10.3  999.9    14.8*   -2.2    0.0I 999.9  000000
876480  20130811     8.6  8     0.3  8  1013.4  8  1012.3  8   10.0  8    8.0  8   10.8  999.9    15.2     0.6    0.0I 999.9  000000
876480  20130812     7.2  8     4.6  8  1012.6  8  1011.5  8    9.5  8    4.4  8    6.2  999.9    13.8     1.6    3.0G 999.9  010000
876480  20130813     2.4  8    -3.7  8  1025.8  8  1024.6  8   10.0  8    4.6  8    6.2  999.9    13.3    -3.4    0.0G 999.9  000000
876480  20130814     2.2  8    -2.9  8  1030.6  8  1029.4  8   10.0  8    2.6  8    6.2  999.9    12.0*   -5.2    0.0I 999.9  000000
876480  20130815     5.7  8    -1.7  8  1023.0  8  1021.9  8   10.0  8    6.1  8   11.8  999.9    14.2*   -2.2    0.0I 999.9  000000
876480  20130816     8.4  7    -1.9  7  1021.9  7  1020.8  7    9.7  7    5.3  7    8.2  999.9    16.6*    0.2    0.0I 999.9  000000
876480  20130817     4.2  8    -0.1  8  1030.1  8  1029.0  8    7.2  8    2.4  8    5.1  999.9    17.0    -5.0    0.0I 999.9  100000
876480  20130818     9.4  8     5.1  8  1024.1  8  1022.9  8   10.0  8    6.1  8    8.7  999.9    18.5*   -2.6    0.0I 999.9  000000
876480  20130819    13.3  8     9.5  8  1016.8  8  1015.7  8    9.7  8    5.3  8    8.7   13.4    22.5*    6.6    0.0I 999.9  000000
876480  20130820    14.3  8    10.7  8  1017.3  8  1016.2  8    9.2  8    2.1  8    3.1  999.9    23.0     8.7    0.0I 999.9  000000
876480  20130821    12.5  8     9.7  8  1009.8  8  1008.8  8   10.0  8    2.8  8    5.1  999.9    20.7     8.8    0.0I 999.9  000000
876480  20130822     7.8  8     2.6  7  1010.9  8  1009.9  8    7.6  8    8.8  8   18.0  999.9    17.9     4.0    0.0G 999.9  110000
876480  20130823     3.1  7    -3.7  7  1023.2  7  1022.1  7   10.0  7    4.7  7    6.2  999.9    10.0*   -3.5    0.0I 999.9  000000
876480  20130824     4.3  8    -0.3  8  1030.5  8  1029.4  8   10.0  8    1.8  8    3.1  999.9    10.7    -2.0    0.0I 999.9  000000
876480  20130825     2.8  8    -2.6  8  1035.0  8  1033.8  8   10.0  8    3.8  8    6.2  999.9     9.2    -6.1    0.0I 999.9  000000
876480  20130826     2.3  8    -2.8  8  1034.2  8  1033.0  8   10.0  8    3.0  8    5.1  999.9    10.8*   -6.9    0.0G 999.9  010000
876480  20130827     4.4  8    -1.3  8  1026.0  8  1024.9  8    9.0  8    4.5  8   10.8  999.9    13.3*   -5.2    0.0I 999.9  000000
876480  20130828    14.4  8     0.8  8  1018.0  8  1017.0  8   10.0  8    8.8  8   12.9  999.9    25.3*    1.0    0.0I 999.9  000000
876480  20130829    15.2  8     4.6  8  1015.2  8  1014.1  8    9.8  8    6.6  8   11.8  999.9    26.3*    5.0    0.0I 999.9  000000
876480  20130830    15.7  7     5.5  7  1011.5  7  1010.5  7    9.3  7    4.7  7    7.2  999.9    26.5     7.7*   0.0I 999.9  000000
876480  20130831    14.2  8     7.9  8  1013.0  8  1011.9  8   10.0  8    2.2  8    4.1  999.9    26.9     4.2    0.0I 999.9  000000
876480  20130901    11.5  7     8.6  6  1013.3  6  1012.2  6    6.0  7    1.5  7    2.6  999.9    25.2     4.7*   0.0I 999.9  100000
876480  20130902    11.1  7     6.1  7  1014.8  7  1013.7  7   10.0  7    3.4  7    6.7  999.9    24.4     4.9*   0.0I 999.9  000000
876480  20130903     8.0  8     2.4  8  1022.6  7  1021.5  7   10.0  8    9.4  8  999.9  999.9    12.3*    2.7    0.0I 999.9  000000
876480  20130904     3.8  8    -1.6  8  1027.4  8  1026.1  8    8.7  8    2.3  8    6.2  999.9    13.8*   -5.2    0.0I 999.9  100000
876480  20130905    10.9  7     6.9  7  1022.0  7  1020.9  7   10.0  7    5.6  7    6.2  999.9    13.9*    1.0    0.0I 999.9  000000
876480  20130906    12.7  8     9.7  6  1018.8  8  1017.7  8    7.1  8    2.3  8    6.2  999.9    22.4*    4.0    0.0I 999.9  100000
876480  20130907    13.8  7    13.7  6  1012.6  7  1011.5  7    6.1  7    2.8  7    5.1  999.9    23.3     9.2    7.9A 999.9  110000
876480  20130908    14.6  8    11.1  7  1013.5  8  1012.4  8    6.4  8    4.3  8    6.2  999.9    19.2*   10.4   18.0G 999.9  100000
876480  20130909    17.8  7    13.2  7  1013.2  7  1012.1  7    9.8  7    6.1  7    9.8   13.9    28.2*    9.0*   0.0G 999.9  000000
876480  20130910    24.1  8    17.4  8  1007.8  8  1006.7  8   10.0  8    7.3  8   13.4  999.9    28.9    16.5    0.0I 999.9  000000
876480  20130911    15.8  8     7.7  8  1011.1  8  1010.0  8    9.2  8    5.0  8    7.2  999.9    28.8    12.8    0.0I 999.9  000000
876480  20130912    12.8  8    12.0  8  1007.6  8  1006.5  8    8.4  8    5.8  8    8.2  999.9    18.1    11.7*  15.0G 999.9  010010
876480  20130913     8.7  8     7.1  8  1019.1  8  1018.1  8    8.4  8    5.8  8    7.2  999.9    14.4     7.0    1.0G 999.9  010000
876480  20130914     5.4  8     1.6  8  1025.9  8  1024.9  8   10.0  8    3.3  8    5.1  999.9    11.5*   -1.2    0.0G 999.9  000000
876480  20130915     6.4  8     4.2  7  1023.5  8  1022.4  8    9.0  8    3.7  8    5.1  999.9    13.0     3.2    0.5A 999.9  010000
876480  20130916     6.9  8     6.7  5  1019.0  8  1018.0  8    7.9  8    4.5  8    6.2  999.9    11.1     5.7*  19.0G 999.9  010000
876480  20130917     5.3  8     4.2  8  1015.4  8  1014.3  8    9.2  8   10.1  8   13.9  999.9     7.5*    3.0   24.9G 999.9  010000
876480  20130918     7.1  8     1.1  8  1015.7  8  1014.6  8   10.0  8    6.2  8    8.8   14.4    15.0*    1.2    0.8G 999.9  000000
876480  20130919    10.2  8     1.1  8  1019.1  8  1018.0  8   10.0  8    5.1  8   12.9  999.9    20.1*    1.3    0.0G 999.9  000000
876480  20130920    12.2  8     5.5  8  1013.5  8  1012.4  8   10.0  8    4.6  8    6.2  999.9    20.4     6.7    0.0I 999.9  000000
876480  20130921     9.9  8     3.5  8  1013.0  8  1011.9  8   10.0  8    3.8  8    8.2  999.9    19.2     2.2    0.0I 999.9  000000
876480  20130922     7.9  8     3.4  8  1023.4  8  1022.4  8    8.7  8    2.8  8    4.1  999.9    15.7    -0.2    0.0I 999.9  000000
876480  20130923     5.7  8     0.8  8  1030.5  8  1029.4  8   10.0  8    2.5  8    5.1  999.9    13.7    -3.3    0.0I 999.9  100000
876480  20130924     5.8  8     1.5  8  1032.1  8  1031.0  8   10.0  8    1.7  8    3.1  999.9    14.5    -4.2    0.0I 999.9  000000
876480  20130925     6.9  8     2.2  8  1029.8  8  1028.7  8    8.9  8    2.4  8    5.1  999.9    16.0*   -2.9    0.0I 999.9  000000
876480  20130926    11.5  8     5.7  8  1024.0  8  1023.0  8   10.0  8    4.0  8    6.2  999.9    17.4*    5.2    0.0I 999.9  000000
876480  20130927    12.9  8     9.5  8  1022.2  8  1021.1  8    9.7  8    3.1  8    4.1  999.9    18.5*    8.6    0.0I 999.9  000000
876480  20130928    13.8  8    10.8  8  1020.8  8  1019.7  8   10.0  8    4.8  8    7.2  999.9    18.9    10.5* 999.9  999.9  010000
876480  20130929    11.2  8    10.3  8  1019.0  8  1018.0  8    7.2  8    4.8  8    8.2  999.9    18.2     7.7*  20.1G 999.9  010000
876480  20130930     9.7  8     7.0  8  1014.5  8  1013.4  8   10.0  8    3.2  8    6.2  999.9    14.4*    6.8    7.9G 999.9  000000
876480  20131001     9.8  8     8.2  7  1014.0  8  1012.9  8    6.0  8    2.5  8    5.1  999.9    17.0*    4.7    0.0G 999.9  110000
876480  20131002    12.5  8    10.2  7  1019.3  8  1018.2  8    6.9  8    2.2  8    3.1  999.9    18.0*    8.6    0.0G 999.9  100000
876480  20131003    12.2  8    10.2  7  1021.1  8  1020.0  8    8.5  8    1.8  8    4.1  999.9    18.7     5.6    0.0I 999.9  100000
876480  20131004    13.3  8     9.6  7  1022.1  8  1021.0  8    8.7  8    2.5  8    4.1  999.9    17.5*    8.5    0.0I 999.9  100000
876480  20131005    12.1  8     8.9  8  1023.5  8  1022.4  8    7.6  8    2.3  8    5.1  999.9    19.2*    7.8    0.0I 999.9  100000
876480  20131006    13.8  8     9.7  7  1024.2  8  1023.1  8    8.2  8    3.1  8    6.2  999.9    21.7*    6.5    0.0I 999.9  100000
876480  20131007    15.9  8     8.4  8  1025.3  8  1024.2  8    9.8  8    4.7  8    7.2  999.9    23.1*    8.5    0.0I 999.9  000000
876480  20131008    16.1  8    10.8  8  1021.8  8  1020.8  8   10.0  8    6.2  8    9.8  999.9    23.6    11.2    0.0I 999.9  000000
876480  20131009    15.8  7    13.6  7  1015.8  7  1014.7  7    9.5  7    6.1  7   10.8  999.9    21.2    14.5    4.1A 999.9  010010
876480  20131010    16.4  7    12.4  5  1018.6  7  1017.5  7    8.5  7    1.9  7    4.1  999.9    22.7*    9.5   16.0G 999.9  000000
876480  20131011    13.6  8    10.3  8  1022.7  8  1021.6  8    9.7  8    3.8  8    6.2  999.9    22.9     9.0    0.0G 999.9  100000
876480  20131012    13.2  7    10.7  7  1022.3  7  1021.2  7    9.0  7    2.4  7    3.1  999.9    19.3*    8.0*   0.0I 999.9  000000
876480  20131013    16.4  8    13.8  8  1017.7  8  1016.6  8    9.7  8    3.1  8    5.1  999.9    21.6*   12.9    0.0I 999.9  000000
876480  20131014    17.2  8    14.6  6  1016.2  8  1015.1  8    6.4  8    3.3  8    5.1  999.9    23.9*   12.9*   0.0I 999.9  100000
876480  20131015    18.4  8     9.4  8  1018.1  8  1017.0  8   10.0  8    2.3  8    3.1  999.9    26.4*    7.7    0.0I 999.9  000000
876480  20131016    19.7  8    14.3  8  1017.7  8  1016.7  8   10.0  8    3.2  8    4.1  999.9    26.9    14.5*   0.0I 999.9  000000
876480  20131017    19.4  8    14.8  8  1014.6  8  1013.5  8   10.0  8    4.6  8    6.2  999.9    26.7    15.0    3.0G 999.9  010000
876480  20131018    16.4  8    13.0  8  1012.9  8  1011.7  8    8.4  8    3.2  8    6.2  999.9    24.3    11.0    0.0G 999.9  000000
876480  20131019    20.2  8    14.2  8  1009.1  8  1008.0  8    9.3  8    6.0  8    8.2  999.9    27.1*   12.2    0.0I 999.9  000000
876480  20131020    19.1  8    13.7  8  1001.8  8  1000.7  8    9.3  8    6.7  8   12.9  999.9    27.3    16.6    9.9G 999.9  010010
876480  20131021    13.1  8     8.5  8  1012.6  8  1011.6  8   10.0  8    4.1  8    6.2  999.9    23.0     8.8    7.1G 999.9  000000
876480  20131022    11.7  8     5.7  8  1015.3  8  1014.2  8   10.0  8    4.5  8    8.2  999.9    18.2*    4.2    0.0G 999.9  000000
876480  20131023    13.6  8    11.5  8  1011.5  8  1010.4  8    9.8  8    4.1  8    6.2  999.9    19.2    11.0    0.0G 999.9  010010
876480  20131024    10.4  8     4.9  8  1023.3  8  1022.3  8   10.0  8    4.0  8    6.2  999.9    15.2     4.0    3.0G 999.9  000000
876480  20131025     9.6  8     4.4  8  1026.2  8  1025.1  8    9.8  8    3.0  8    6.2  999.9    15.7     2.5    0.0G 999.9  010000
876480  20131026    16.1  8    12.2  8  1015.8  8  1014.7  8   10.0  8    3.6  8    5.1  999.9    21.6*   10.8    3.0G 999.9  000000
876480  20131027    14.4  8     6.6  8  1019.1  8  1018.0  8   10.0  8    4.1  8    6.2  999.9    21.7     5.5    0.0G 999.9  000000
876480  20131028    12.7  8     5.1  8  1020.5  8  1019.4  8   10.0  8    3.9  8    6.2  999.9    20.7     4.9*   0.0I 999.9  000000
876480  20131029    16.6  7    11.3  7  1017.3  7  1016.2  7   10.0  7    3.4  7    4.1  999.9    20.0*   12.5    0.0I 999.9  000000
876480  20131030    16.3  8    10.3  8  1017.4  8  1016.3  8   10.0  8    4.9  8    8.2  999.9    22.4*   11.8    0.0I 999.9  000000
876480  20131031    17.1  8    13.8  8  1014.3  8  1013.2  8   10.0  8    4.9  8    8.2  999.9    22.4    14.8    0.0I 999.9  000000
876480  20131101    17.4  8    16.3  8  1011.4  8  1010.3  8    8.9  8    3.0  8    5.1  999.9    19.7    16.3   14.0A 999.9  010000
876480  20131102    16.5  8    14.6  8  1012.1  8  1011.0  8    9.8  8    6.2  8    9.3  999.9    19.3*   12.0    6.3C 999.9  010000
876480  20131103    15.1  8    10.2  8  1016.6  8  1015.5  8   10.0  8    4.0  8    5.1  999.9    22.5*    9.5    0.0I 999.9  000000
876480  20131104    14.1  8    10.3  8  1020.0  8  1018.9  8   10.0  8    3.6  8    5.1  999.9    23.2     8.6    0.0I 999.9  000000
876480  20131105    14.7  8    10.0  8  1021.4  8  1020.3  8   10.0  8    3.9  8    7.2  999.9    22.8*    6.4    0.0I 999.9  000000
876480  20131106    18.4  8    12.5  8  1018.8  8  1017.7  8   10.0  8    7.4  8    9.8  999.9    23.2*   13.9*   0.0I 999.9  000000
876480  20131107    17.3  8    14.1  8  1014.5  8  1013.5  8   10.0  8    5.4  8    8.2  999.9    24.2    15.0    2.0A 999.9  000010
876480  20131108    16.4  8    12.3  8  1013.6  8  1012.5  8    7.7  8    2.7  8    4.1  999.9    25.8*    7.3    0.0I 999.9  100000
876480  20131109    17.1  8    15.2  6  1012.6  8  1011.5  8    7.1  8    2.5  8    5.1  999.9    25.9    13.5    0.0I 999.9  100000
876480  20131110    17.2  8    16.1  8  1008.5  8  1007.4  8    8.4  8    4.6  8    7.2  999.9    21.2    15.7    0.5G 999.9  010000
876480  20131111    17.6  8    15.2  7  1004.7  8  1003.6  8    7.9  8    4.2  8    6.2  999.9    21.0*   14.3    0.5G 999.9  010000
876480  20131112    18.3  8    11.1  8  1006.6  8  1005.5  8    6.8  8    4.5  8   10.8  999.9    26.0*   10.0    0.0G 999.9  100000
876480  20131113    15.2  8     8.4  7  1016.7  8  1015.6  8   10.0  8    4.2  8    8.2  999.9    26.4     5.7*   0.0I 999.9  000000

