878030  20130101    14.2  8     1.1  8  1020.2  8   928.4  8   29.9  8    3.1  8    4.6  999.9    23.2*    2.2    0.0G 999.9  000000
878030  20130102    17.5  8     4.4  8  1010.2  7   920.1  8   29.9  8    2.6  8    7.7  999.9    25.0*    8.6*   0.0I 999.9  000000
878030  20130103    17.1  8     2.9  8  1008.2  8   919.0  8   29.9  8    4.0  8    8.2  999.9    22.0*    9.2    0.0I 999.9  000000
878030  20130104    16.1  8     2.9  8  1012.6  8   922.5  8   29.9  8    4.8  8    6.2  999.9    22.6*   11.7    0.0I 999.9  000000
878030  20130105    15.2  7     3.1  7  1011.3  7   921.2  7   29.9  7    6.3  7    9.3  999.9    18.8*   10.0    0.0I 999.9  000000
878030  20130106    13.5  8     5.2  8   999.2  8   910.0  8   19.3  8    9.1  8   14.4  999.9    16.6*    7.8*   0.0G 999.9  010000
878030  20130107     8.7  8    -1.0  8  1001.2  8   910.0  8   29.9  8    9.3  8   17.0  999.9    11.8*    4.2   19.0G 999.9  010000
878030  20130108    13.4  8     2.1  8  1006.4  8   915.7  8   28.2  8   10.7  8   20.0  999.9    17.0*    7.9    0.0G 999.9  000000
878030  20130109    16.3  8     5.7  8  1015.5  8   924.8  8   29.9  8    4.2  8    6.7  999.9    25.2*   11.5*   0.0I 999.9  000000
878030  20130110    21.2  8    10.3  8  1013.3  8   924.2  8   29.9  8    2.7  8    5.7  999.9    32.6*   11.2    0.0I 999.9  000000
878030  20130111    23.3  8     7.8  8  1005.5  8   918.4  8   29.9  8    5.2  8    7.7  999.9    28.4*   17.0    0.0I 999.9  000000
878030  20130112    17.7  8     3.3  8  1014.3  8   924.6  8   29.9  8    2.5  8    7.2  999.9    27.1*    9.7    0.0I 999.9  000000
878030  20130113    21.8  7     6.6  7  1012.2  7   923.5  7   27.8  7    2.8  7    5.1  999.9    30.9*   11.2    0.0I 999.9  000000
878030  20130114    24.7  8     8.8  8  1010.3  8   922.7  8   26.2  8    3.1  8    6.2  999.9    32.0*   14.4    0.0I 999.9  000000
878030  20130115    24.6  8     8.0  8  1007.0  8   919.9  8   29.9  8    4.7  8    7.7  999.9    30.2*   13.4    0.0I 999.9  000000
878030  20130116    22.8  8     4.9  8  1009.4  8   921.7  8   29.9  8    5.6  8    8.2  999.9    27.8*   16.9    0.0I 999.9  000000
878030  20130117    21.4  8     8.4  8  1012.4  8   923.8  8   28.2  8    3.7  8    6.2  999.9    29.0*   11.8    0.0I 999.9  000000
878030  20130118    21.2  7     5.8  7  1015.8  7   926.9  7   29.9  7    2.1  7    5.1  999.9    30.0*   11.0    0.0I 999.9  000000
878030  20130119    22.8  7     6.2  7  1017.7  7   929.1  7   29.9  7    4.0  7    4.6  999.9    29.4*   14.8    0.0I 999.9  000000
878030  20130120    23.8  7     9.5  7  1014.5  7   926.2  7   29.9  7    4.0  7    5.1  999.9    29.2*   14.7    0.0I 999.9  000000
878030  20130121    23.3  8    10.7  8  1010.3  8   922.2  8   26.2  8    2.7  8    5.7  999.9    29.7*   15.6    0.0I 999.9  000000
878030  20130122    24.6  8     9.2  8  1008.9  8   921.5  8   29.9  8    5.1  8    8.7  999.9    29.7*   18.8    0.0I 999.9  000000
878030  20130123    20.4  8     3.6  8  1010.3  8   922.0  8   29.9  8    7.8  8   13.9  999.9    25.0*   15.7    0.0I 999.9  000000
878030  20130124    15.4  8     2.9  8  1011.9  7   921.7  7   29.9  8    6.6  8   10.3  999.9    19.9*   10.6    0.0I 999.9  000000
878030  20130125    15.3  8     3.7  8  1014.3  8   923.6  8   29.9  8    4.3  8    7.2  999.9    23.6*    7.2    0.0I 999.9  000000
878030  20130126    16.9  7     4.4  7  1010.2  7   920.6  7   29.9  7    5.1  7    6.7  999.9    25.2*   10.0    0.0I 999.9  000000
878030  20130127    18.2  8     6.8  8  1010.0  8   920.6  8   29.9  8    5.6  8    8.7  999.9    22.8*   12.6    0.0I 999.9  000000
878030  20130128    20.4  7     8.9  7  1012.7  7   923.5  7   29.9  7    4.0  7    6.7  999.9    24.9*   14.1    0.0I 999.9  000000
878030  20130129    19.3  8     7.8  8  1013.6  8   924.4  8   29.9  8    4.3  8    7.2  999.9    23.8*   12.4    0.0I 999.9  000000
878030  20130130    17.7  7     4.7  7  1012.8  7   923.1  7   29.9  7    2.5  7    4.6  999.9    27.6*    9.2    0.0I 999.9  000000
878030  20130131    19.1  8     3.3  8  1005.5  8   917.0  8   29.9  8    5.4  8    7.7  999.9    23.6*   12.4    0.0I 999.9  000000
878030  20130201    15.6  6     3.8  6  1006.9  6   917.0  6   29.1  6    6.1  6    8.2  999.9    17.0*    9.6    3.0A 999.9  010000
878030  20130202    12.9  8     0.4  8  1018.1  8   926.4  8   29.9  8    5.8  8    8.7  999.9    22.0*    6.0   61.0A 999.9  000000
878030  20130203    17.3  8    -1.3  8  1015.2  8   924.9  8   29.9  8    5.1  8   11.3  999.9    27.4*    9.0    0.0I 999.9  000000
878030  20130204    20.5  8     6.7  8  1010.8  8   921.9  8   29.9  8    4.6  8    9.3  999.9    26.6*   12.2    0.0I 999.9  000000
878030  20130205    21.2  8     8.8  8  1010.5  8   921.9  8   29.9  8    4.7  8    6.7  999.9    28.2*   12.8    0.0I 999.9  000000
878030  20130206    22.1  8     4.7  8  1012.6  8   924.1  8   29.9  8    4.8  8    7.7  999.9    30.0*   13.3    0.0I 999.9  000000
878030  20130207    22.8  8     9.1  8  1011.9  8   923.7  8   29.9  8    3.8  8    6.2  999.9    31.0*   13.4    0.0I 999.9  000000
878030  20130208    24.1  8    11.9  8  1006.6  8   919.4  8   29.9  8    2.9  8    6.2  999.9    32.6*   14.2    0.0I 999.9  000000
878030  20130209    23.4  7     9.3  7  1004.1  7   917.0  7   29.9  7    5.5  7    8.2  999.9    28.0*   16.5    0.0I 999.9  000000
878030  20130210    18.4  9    13.4  9  1007.5  8   919.0  8   24.0  9    3.2  9    6.7  999.9    22.2*   14.7    5.1G 999.9  010000
878030  20130211    16.1  8    10.3  8  1000.6  8   911.5  8   24.3  8    6.1  8   10.3  999.9    18.8*   12.6    8.9G 999.9  010000
878030  20130212    12.5  8     3.4  8  1001.8  8   911.8  8   29.9  8    9.2  8   10.3  999.9    16.3*   10.4*   0.0G 999.9  000000
878030  20130213    12.9  8     2.8  8  1006.3  8   915.8  8   29.9  8    9.5  8   12.3  999.9    16.4*   10.6    0.0I 999.9  000000
878030  20130214    15.2  8     4.3  8  1007.0  8   916.8  8   29.9  8    6.1  8   12.9  999.9    20.5*   11.2    0.0I 999.9  000000
878030  20130215    16.1  8     7.9  8  1001.4  8   912.3  8   28.2  8    8.6  8   12.9  999.9    18.8*   13.8    0.0G 999.9  010000
878030  20130216    11.7  7     4.7  7  1000.5  6   910.3  6   26.1  7    6.0  7   13.9  999.9    14.3*    8.3    6.1G 999.9  010000
878030  20130217     8.1  8    -0.8  8  1013.7  8   921.1  8   29.9  8    7.8  8   10.3  999.9    12.4*    4.0    4.1G 999.9  000000
878030  20130218    10.5  8     1.6  8  1020.4  8   927.5  8   29.9  8    4.5  8    6.7  999.9    18.9*    4.0    0.0G 999.9  000000
878030  20130219    13.9  8     5.2  8  1017.5  8   926.0  8   29.9  8    4.9  8    7.7  999.9    22.8*    7.0    0.0I 999.9  000000
878030  20130220    16.4  8     4.5  8  1014.9  8   924.4  8   29.9  8    2.9  8    7.2  999.9    24.2*    5.1    0.0I 999.9  000000
878030  20130221    18.0  7     2.4  7  1012.5  7   922.8  7   29.9  7    3.9  7    5.7  999.9    22.2*    9.2    0.0I 999.9  000000
878030  20130222    16.1  8     6.0  8  1010.1  8   920.2  8   28.8  8    2.7  8    5.1  999.9    21.0*    9.2    0.0I 999.9  000000
878030  20130223    12.1  7     8.2  6  1008.4  7   917.8  6   27.2  7    3.6  7    5.1  999.9    17.1*    0.1*   5.1G 999.9  010000
878030  20130224    13.8  8     7.1  8  1015.7  8   924.6  8   22.9  8    4.3  8    7.2  999.9    17.0*   10.1    0.0G 999.9  010000
878030  20130225    13.2  8     6.8  8  1019.4  8   927.8  8   29.9  8    1.2  8    3.1  999.9    18.4*    4.8    0.0G 999.9  000000
878030  20130226    14.6  8     6.6  8  1012.8  8   921.9  8   29.9  8    2.6  8    5.7  999.9    24.2*    6.4    0.0I 999.9  000000
878030  20130227    14.4  8     5.2  8  1010.7  8   920.5  8   29.9  8    4.4  8    6.2  999.9    17.8*    8.2    0.0I 999.9  000000
878030  20130228    11.9  7     8.8  7  1013.5  6   922.4  6   19.5  7    2.9  7    5.7  999.9    16.3*    9.2    0.0G 999.9  010010
878030  20130301    13.6  8     8.8  8  1014.1  8   922.8  8   27.2  8    1.5  8    4.1  999.9    19.7*    9.6   17.0G 999.9  010000
878030  20130302    14.8  7    10.3  6  1017.5  7   926.2  7   24.0  7    3.3  7    7.2  999.9    18.8*   10.6    0.0G 999.9  010000
878030  20130303    14.8  8     8.9  8  1019.4  8   928.1  8   29.9  8    2.2  8    3.6  999.9    21.4*    7.4    3.0G 999.9  000000
878030  20130304    13.4  6     8.7  6  1016.6  6   925.8  6   29.9  6    0.8  6    2.6  999.9    20.0*    7.6    0.0G 999.9  000000
878030  20130305    12.8  5     5.8  5  1007.3  5   917.6  5   29.9  5    3.7  5    6.2  999.9    16.0*    8.2    0.0I 999.9  000000
878030  20130306     8.6  8    -0.1  8  1006.9  8   915.5  8   27.5  8    6.6  8    8.7  999.9    11.2*    2.6    2.0G 999.9  010000
878030  20130307     9.7  7     0.8  7  1009.9  7   917.8  7   29.9  7    3.4  7    6.2  999.9    16.4*    5.4    0.0G 999.9  010000
878030  20130308    15.0  8     5.1  8  1005.7  7   915.4  7   28.2  8    4.4  8   10.3  999.9    19.0*    6.2  999.9  999.9  010000
878030  20130309    12.8  8     5.9  8  1001.3  7   911.5  7   25.6  8    8.6  8   15.4  999.9    14.7*    8.4   11.9G 999.9  010000
878030  20130310    13.5  6     6.1  6  1010.7  5   919.1  4   29.1  6    5.7  6   10.3  999.9    17.7*    6.7    0.0G 999.9  000000
878030  20130311    11.9  7     2.7  7  1009.3  7   918.4  7   29.9  7    6.5  7    8.7  999.9    14.7*    8.7    0.0I 999.9  000000
878030  20130312     9.4  8     0.6  8  1016.9  8   924.5  8   29.9  8    4.2  8    5.7  999.9    13.5*    2.7    0.0I 999.9  000000
878030  20130313     7.1  8     0.9  8  1025.7  8   931.9  8   26.2  8    1.2  8    2.1  999.9    11.6*    1.8    1.0G 999.9  010000
878030  20130314     6.1  8    -2.6  7  1024.8  8   930.4  7   29.9  8    1.6  8    3.1  999.9    13.3*   -2.0    0.0G 999.9  000000
878030  20130315     8.7  8    -2.6  8  1022.9  8   929.4  8   29.9  8    4.1  8    6.2  999.9    16.0*   -1.3    0.0I 999.9  000000
878030  20130316     9.3  8     0.1  8  1019.2  8   926.3  8   29.9  8    3.9  8    6.7  999.9    16.2*    2.2    0.0I 999.9  000000
878030  20130317    13.6  8     4.8  8  1017.8  8   926.1  8   29.9  8    1.5  8    3.1  999.9    20.3*    4.0    0.0I 999.9  000000
878030  20130318    14.7  8     6.0  8  1016.1  8   925.2  8   29.9  8    2.3  8    5.1  999.9    22.3*    5.2    0.0I 999.9  000000
878030  20130319    14.0  8     6.8  8  1011.7  8   921.1  8   29.9  8    2.4  8    7.2  999.9    21.8*    7.4    0.0I 999.9  000000
878030  20130320    12.2  7     2.6  7  1005.5  7   915.2  7   29.9  7    5.6  7    9.8  999.9    15.8*    8.3    0.0I 999.9  000000
878030  20130321     7.8  8    -0.7  8  1017.1  8   924.0  8   29.9  8    4.7  8    6.7  999.9    13.6*    3.4    0.0I 999.9  000000
878030  20130322    12.0  8     3.1  8  1016.1  8   924.1  8   29.9  8    3.3  8    6.2  999.9    16.8*    6.0    0.0I 999.9  000000
878030  20130323    11.5  8     4.2  8  1017.2  8   925.2  8   29.9  8    2.2  8    5.1  999.9    19.4*    5.0    0.0I 999.9  000000
878030  20130324    13.1  8     4.3  8  1006.1  8   915.7  8   26.9  8    5.4  8   12.9  999.9    14.2*    5.0    4.1G 999.9  010000
878030  20130325    10.0  8     0.2  8  1016.0  8   923.8  8   29.9  8    6.1  8   12.9  999.9    14.8*    5.5    0.8G 999.9  000000
878030  20130326    12.3  7     5.9  7  1017.1  7   925.2  7   29.9  7    3.4  7    6.2  999.9    19.9*    6.6    0.0G 999.9  000000
878030  20130327    13.6  8     6.1  8  1018.2  8   926.8  8   23.5  8    3.4  8    5.7  999.9    23.8*    4.4    0.0I 999.9  100000
878030  20130328    15.6  8     4.9  8  1016.5  8   925.7  7   29.9  8    3.1  8    6.2  999.9    22.3*    6.4    0.0I 999.9  000000
878030  20130329    15.7  8     9.8  8  1013.8  8   923.5  8   29.9  8    2.8  8    5.7  999.9    20.0*    9.6    0.0I 999.9  000000
878030  20130330    13.7  8     6.4  8  1016.6  8   925.5  8   28.8  8    4.1  8    7.2  999.9    16.8*    9.2    0.0G 999.9  000000
878030  20130331     9.7  8     2.3  8  1025.4  8   932.3  8   29.9  8    3.0  8    5.1  999.9    18.2*    0.8    0.0I 999.9  000000
878030  20130401    12.2  8     1.5  8  1021.1  8   928.4  7   29.9  8    2.9  8    5.1  999.9    21.5*    1.9    0.0I 999.9  000000
878030  20130402    12.7  8     3.8  8  1021.0  8   929.0  8   29.9  8    1.3  8    2.6  999.9    21.2*    3.4    0.0I 999.9  000000
878030  20130403    13.3  8     2.9  8  1020.3  8   928.5  8   29.9  8    1.4  8    2.1  999.9    23.3*    4.7    0.0I 999.9  000000
878030  20130404    12.8  8     3.4  8  1008.2  8   917.6  8   29.9  8    2.8  8    6.2  999.9    17.8*    5.0    0.0I 999.9  000000
878030  20130405     8.7  6    -1.6  6  1004.5  6   913.5  6   29.1  6    6.1  6    8.7  999.9    12.6*    7.1*   7.9A 999.9  010000
878030  20130406    10.3 11     0.4 11  1010.6  6   918.3  6   21.9 11    9.0 11   13.4   19.0    14.0*    1.8    0.3A 999.9  000000
878030  20130407    10.2  8     2.6  8  1014.5  8   922.5  8   29.9  8    4.3  8    6.2  999.9    12.3*    6.7    0.0I 999.9  000000
878030  20130408    12.5 10     3.0 10  1015.8  6   923.5  6   21.9 10    2.2 10    5.1  999.9    16.4*    4.8    0.0I 999.9  000000
878030  20130409     9.8 22     3.2 22  1007.7  8   916.1  8   17.4 22    1.8 22    6.2  999.9    16.0*    3.4    0.0I 999.9  000000
878030  20130410     8.9 12     1.4 12  1002.3  7   911.3  7   19.6 12    4.4 12    8.7  999.9    13.6*    5.0*   1.0A 999.9  010000
878030  20130411     2.5 24    -2.2 24  1014.5  8   920.3  8   16.7 24    2.9 24    7.2   12.3     7.0*   -2.8    5.1G 999.9  011000
878030  20130412     4.2 22    -1.9 22  1022.9  8   927.8  8   17.5 22    4.0 22    5.7  999.9    10.0*   -2.3    0.0G 999.9  000000
878030  20130413     6.1 21     1.7 21  1018.6  8   924.7  8   17.7 21    2.2 21    5.7  999.9    13.7*   -1.0*   0.0I 999.9  000000
878030  20130414    13.6 24     8.2 24  1013.4  7   921.7  7   16.6 24    4.2 24    6.2  999.9    20.0*    1.3    0.0G 999.9  010000
878030  20130415    14.0 24     8.8 24  1013.7  8   922.6  8   15.6 24    2.2 24    4.6  999.9    24.0*    6.3    0.0I 999.9  100000
878030  20130416    13.9 23     8.4 23  1011.2  8   920.7  8   17.4 23    2.0 23    4.6  999.9    18.0*    8.0  999.9  999.9  010000
878030  20130417    14.8 24     8.3 24  1012.8  8   922.1  8   17.1 24    2.1 24    5.1  999.9    21.0*    6.7    0.0G 999.9  000000
878030  20130418    14.9 24     7.6 24  1009.8  8   919.4  8   16.9 24    3.1 24    7.2  999.9    23.0*    7.7    0.0I 999.9  000000
878030  20130419    16.2 21     8.6 21  1011.2  7   921.2  7   17.4 21    1.4 21    4.6  999.9    22.0*    9.7    0.0I 999.9  000000
878030  20130420    13.9 24     6.3 24  1009.8  8   919.3  8   16.6 24    3.2 24    7.2  999.9    24.0*    4.7    0.0I 999.9  000000
878030  20130421    14.3 23     5.0 23  1010.8  8   920.4  8   17.5 23    2.3 23    4.6  999.9    17.0*    9.6    0.0I 999.9  000000
878030  20130422    11.9 24     4.5 24  1016.8  8   925.5  8   17.2 24    1.6 24    3.6  999.9    19.0*    6.6    0.0I 999.9  000000
878030  20130423     9.5 24     3.2 24  1020.4  8   927.6  8   16.4 24    1.2 24    3.1  999.9    18.9     1.6    0.0I 999.9  000000
878030  20130424     9.8 20     2.9 20  1018.0  6   925.2  6   16.1 20    3.0 20    5.1  999.9    18.6     2.0    0.0I 999.9  000000
878030  20130425     9.4 23     3.0 23  1017.2  8   924.7  8   16.9 23    2.6 23   18.5  999.9    17.5    -2.0    0.0I 999.9  000000
878030  20130426     7.3 23     0.2 23  1016.2  8   923.3  8   16.9 23    1.6 23    6.2  999.9    18.9*   -1.8    0.0I 999.9  000000
878030  20130427    10.1 23     3.0 23  1017.6  8   925.2  8   16.9 23    5.4 23   10.3  999.9    19.5     1.2    0.0I 999.9  000000
878030  20130428     8.6 24     4.4 24  1014.9  8   922.3  8   17.1 24    2.9 24    7.7  999.9    15.8     1.2    0.0I 999.9  000000
878030  20130429    10.6 23     3.8 23  1010.3  8   918.7  8   17.7 23    2.2 23    6.7  999.9    16.0     1.8    0.0G 999.9  010000
878030  20130430     8.3 24     3.4 24  1010.5  8   918.6  8   17.1 24    1.0 24    4.6  999.9    13.0     4.5    0.0G 999.9  010000
878030  20130501     6.3 24     4.8 24  1010.9  8   918.1  8   15.0 24    1.8 24    4.6  999.9    11.5     4.7    6.1G 999.9  010000
878030  20130502     5.7 22     4.3 22  1014.4  8   920.8  8   11.3 22    1.2 22    3.1  999.9    12.0*    1.2    0.0G 999.9  100000
878030  20130503     9.2 23     7.0 23  1008.3  8   916.2  8   16.9 23    2.4 23    4.6  999.9    13.3*    3.7    0.0G 999.9  010000
878030  20130504    10.3 24    -0.1 24  1011.9  8   920.2  8   17.4 24    8.8 24   15.4   26.8    13.5     6.0*   0.5G 999.9  000000
878030  20130505     8.0 22    -0.2 22  1018.0  7   924.5  7   16.7 22    4.2 22   13.9   25.7    15.0*   -1.8    0.0G 999.9  010000
878030  20130506     8.5 24    -1.6 24  1017.4  8   924.6  8   17.2 24    8.0 24   12.3   18.0    14.7    -1.3    0.0G 999.9  000000
878030  20130507     8.3 23     0.1 23  1012.8  7   919.8  7   16.3 23    8.3 23   15.9   32.4    15.0*    0.0*   0.0I 999.9  000000
878030  20130508    12.2 24     4.1 24  1000.5  7   910.3  7   14.2 24    8.8 24   15.4   27.8    15.8     5.0   27.9G 999.9  010000
878030  20130509    12.4 24     5.5 24  1004.0  7   913.6  8   16.7 24    3.4 24    6.2   15.9    15.3*    8.2    0.0G 999.9  010000
878030  20130510    10.2 23     3.1 23  1002.4  8   911.9  7   17.5 23    5.0 23   14.4   23.1    15.4     7.0*   3.0G 999.9  010000
878030  20130511     8.1 24    -1.1 24  1012.4  8   919.8  8   16.7 24    7.0 24   14.4   27.3    13.2     4.1    0.0G 999.9  010000
878030  20130512     7.6 24    -3.7 23  1011.2  8   918.5  8   17.4 24   10.9 24   15.9   27.3    12.8     5.0    0.0G 999.9  000000
878030  20130513     5.6 24    -1.6 24  1009.4  8   916.8  8   16.3 24    8.5 24   13.4   22.1     8.0     3.0*   0.0G 999.9  010000
878030  20130514     0.4 24    -2.1 24  1018.4  7   923.3  7   12.4 24    4.7 24    8.2  999.9     7.3    -2.0*   3.0G   1.0  001000
878030  20130515     2.6 24    -3.1 24  1025.1  8   929.1  8   17.4 24    8.3 24   13.4   19.5     7.1*   -2.3    0.5G 999.9  000000
878030  20130516     2.7 20    -1.1 20  1024.3  8   929.2  8   18.0 20    2.9 20    9.8  999.9     8.8*   -2.3    0.0G 999.9  000000
878030  20130517     1.6 21    -1.4 21  1019.6  8   924.3  8   15.4 21    1.2 21    3.1  999.9    10.3    -6.0    0.0I 999.9  100000
878030  20130518     1.9 23    -1.4 23  1021.1  8   925.6  8   15.4 23    0.9 23    2.6  999.9    12.0*   -5.6    0.0I 999.9  100000
878030  20130519     1.3 22    -2.0 22  1022.9  8   927.2  8   17.5 22    1.0 22    5.1  999.9    12.5    -3.2    0.0I 999.9  000000
878030  20130520     4.4 24     0.6 24  1016.8  8   922.4  8   16.9 24    1.6 24    5.1  999.9     8.2*   -2.4    0.0B 999.9  010000
878030  20130521     7.0 22     0.4 22  1013.6  7   920.5  7   17.1 22    2.6 22    6.2  999.9    13.0*    2.7    0.0G 999.9  010000
878030  20130522     7.6 22     1.2 22  1015.5  8   922.6  8   18.0 22    2.4 22    7.2  999.9    12.8     3.1    0.0I 999.9  000000
878030  20130523    11.6 23     2.9 23  1007.3  8   916.0  8   15.8 23    7.3 23   12.3   23.7    14.0*    3.6    0.0G 999.9  010000
878030  20130524     6.9 24     2.2 24  1017.6  7   924.6  7   17.2 24    2.2 24    5.1  999.9    14.0     3.0*   0.0I 999.9  000000
878030  20130525     7.0 24     2.8 24  1011.8  8   918.9  8   16.7 24    2.2 24    7.2  999.9    13.1*    0.6    0.0I 999.9  100000
878030  20130526     8.9 15     1.4 15  1006.7  6   914.5  6   17.7 15    4.2 15   11.3   18.0    13.5     1.0    6.1G 999.9  010000
878030  20130527     6.7 23     2.8 23   999.1  8   907.5  8   16.9 23    3.2 23    6.7  999.9    11.0     4.2    0.0G 999.9  010000
878030  20130528     3.8 24     0.9 24   996.0  6   903.8  7   16.7 24    3.0 24    6.7  999.9    10.8     0.0*  10.9B 999.9  000000
878030  20130529     6.3 24    -0.4 24  1007.7  8   914.3  7   17.5 24    5.2 24    9.3   17.0    10.9*    0.5    0.0G 999.9  000000
878030  20130530     9.8 24     1.9 24   997.1  8   906.4  8   16.3 24    9.6 24   18.0   29.8    12.8     4.6    5.1A 999.9  010000
878030  20130531     6.2 24     0.5 24   992.6  8   901.5  8   15.9 24    5.1 24   10.8   17.5    12.5     3.8   50.0G 999.9  010000
878030  20130601     7.1 24    -0.2 24   998.1  8   906.4  8   15.3 24    9.1 24   16.4   21.6    10.0*    3.7    4.1G 999.9  010000
878030  20130602     8.4 21     0.4 21  1011.8  8   919.3  8   18.2 21    5.3 21   12.3   21.1    12.0*    5.6    0.0G 999.9  010000
878030  20130603    11.4 24     3.3 24  1010.1  7   918.5  7   15.9 24   10.2 24   18.5   25.2    13.0*    5.8    0.0G 999.9  010000
878030  20130604     9.8 24     4.2 24  1009.5  8   917.9  8   15.3 24    5.0 24   14.4   19.0    12.8     7.0*   2.0G 999.9  010000
878030  20130605     8.0 21    -0.6 21  1010.5  8   918.2  8   17.2 21    8.5 21   12.3   20.6    12.5     3.7    8.9G 999.9  010000
878030  20130606     6.5 24     0.5 24  1011.9  8   918.7  8   16.3 24    5.5 24   13.4   21.6    13.0*    0.0*   0.0G 999.9  010000
878030  20130607     5.0 23    -4.2 23  1013.6  7   920.3  7   16.9 23    6.5 23   15.9   21.1    13.0     1.0*   5.1G 999.9  000000
878030  20130608     1.8 24    -3.2 24  1023.0  8   927.6  8   16.7 24    1.6 24    8.2   15.9     7.0*   -4.0*   0.0G 999.9  000000
878030  20130609     4.8 24    -2.3 24  1017.0  7   922.4  7   16.3 24    2.9 24    6.2  999.9    10.2*   -3.9    0.0I 999.9  000000
878030  20130610    10.6 24    -2.4 24  1011.6  8   918.8  8   17.2 24    6.5 24   10.8   18.0    13.0*    0.3    0.0I 999.9  000000
878030  20130611     7.2 24     0.6 24  1011.6  8   918.9  8   17.2 24    9.1 24   17.5   24.7    12.8     2.2    0.0I 999.9  000000
878030  20130612     8.0 23    -0.6 23  1012.1  8   919.8  8   17.4 23    6.4 23   12.3   18.5    12.5     3.7    8.9G 999.9  000000
878030  20130613     6.6 24    -1.5 24  1015.3  7   922.1  7   16.9 24    5.2 24    8.7  999.9    11.0*    1.7    0.0G 999.9  000000
878030  20130614     1.7 24    -2.3 24  1019.6  8   924.5  8   16.9 24    2.7 24    4.6  999.9    10.8    -4.3    0.0B 999.9  010000
878030  20130615     7.5 22     0.6 22  1003.1  8   910.9  6   15.8 22    7.4 22   14.9   22.6    12.0     0.6    0.5G 999.9  011000
878030  20130616     3.1 24    -4.1 23  1016.1  8   921.8  8   16.4 24    6.4 24   11.8   20.1    12.0    -0.3    0.0G 999.9  011000
878030  20130617     5.4 23    -1.6 23  1005.3  8   912.5  8   15.6 23    6.1 23   12.3   18.5     9.0*    2.0*   0.0B 999.9  010000
878030  20130618     0.0 24    -3.4 24  1012.9  8   918.2  8   17.4 24    5.7 24    9.8  999.9    11.5    -2.4    8.9G 999.9  011000
878030  20130619     3.7 23    -1.3 23  1019.6  8   924.5  8   17.7 23    5.3 23   11.8   17.0     9.5*   -2.1    0.0G 999.9  000000
878030  20130620     6.7 24    -0.5 24  1015.8  8   922.4  8   17.2 24    6.0 24   11.8   20.1    10.0     0.0    0.0I 999.9  000000
878030  20130621     7.6 21    -0.9 21  1002.0  6   910.4  6   15.9 21    8.6 21   11.3   22.6    10.8     2.0*   8.9A 999.9  010000
878030  20130622     4.1 24    -3.4 24  1013.9  8   920.0  8   17.2 24    8.4 24   13.4   21.1     9.7     0.8    0.0I 999.9  000000
878030  20130623     3.5 24    -1.3 24  1020.9  8   926.3  8   17.1 24    5.1 24    7.7   13.4     7.4     0.3    0.0I 999.9  000000
878030  20130624     2.0 24    -0.9 24  1019.9  7   924.6  7   16.1 24    1.5 24    5.7  999.9     9.0*   -3.4    0.0I 999.9  000000
878030  20130625     5.2 24    -1.9 24  1014.3  8   920.5  8   16.9 24    2.7 24    5.7  999.9     9.5    -3.4    0.0I 999.9  000000
878030  20130626     5.9 24     0.0 24  1007.4  8   914.5  8   17.4 24    1.8 24    4.6  999.9    11.0*    0.3  999.9  999.9  010000
878030  20130627     6.8 24     2.3 24   997.0  8   905.5  8   16.9 24    4.1 24   11.8   24.7    11.5     3.2    0.0G 999.9  010000
878030  20130628     4.0 24    -0.2 24  1002.3  8   909.7  8   16.7 24    2.5 24    5.1  999.9    11.5     2.2    0.5G 999.9  010000
878030  20130629     1.8 24    -3.0 24  1014.2  8   919.7  8   16.1 24    4.9 24    9.3   15.4     6.4    -0.5    0.3G 999.9  001000
878030  20130630    -3.2 24    -7.1 24  1019.9  8   923.4  8   16.7 24    1.2 24    4.1  999.9     4.0    -8.6    0.0G 999.9  000000
878030  20130701     5.0 23    -1.9 23  1008.1  7   913.9  7   16.6 23    6.2 23   20.1   34.0    12.8*   -8.3    0.0G 999.9  010000
878030  20130702     4.3 24     2.4 24   995.2  8   903.6  8   11.7 24    3.8 24   13.4   27.3    12.8     2.8   30.0G 999.9  010000
878030  20130703     1.6 21    -1.0 21  1002.8  8   909.2  8   12.1 21    4.4 21   11.3   18.0     5.5     0.0*  35.1G 999.9  011000
878030  20130704     2.8 12    -1.0 12  1018.8  4   923.7  4   17.4 12    1.6 12    3.1  999.9     6.0*   -1.5    0.8G 999.9  000000
878030  20130705    -1.3 23    -4.3 23  1020.2  7   924.1  7   16.3 23    1.0 23    2.6  999.9     6.0    -6.0*   0.0G 999.9  000000
878030  20130706    -2.8 24    -3.7 24  1026.5  8   929.5  8    7.1 24    1.9 24    4.6  999.9     4.2    -6.0    0.0G 999.9  110000
878030  20130707    -3.4 24    -3.9 24  1031.1  8   933.1  8    5.1 24    1.3 24    5.1  999.9     1.0*   -8.0*   0.0G 999.9  100000
878030  20130708    -0.4 24    -2.3 24  1021.1  8   924.5  8   16.9 24    3.3 24    6.2  999.9     6.0*   -7.6    0.0I 999.9  000000
878030  20130709     1.8 24     0.1 24  1012.2  8   917.5  8   17.4 24    1.7 24    3.6  999.9     7.0*   -2.3    0.0G 999.9  010000
878030  20130710     2.9 24     0.4 24  1010.1  8   916.1  8   12.4 24    1.6 24    5.1  999.9     8.0*    0.0*   2.0G 999.9  110000
878030  20130711     4.0 23     0.3 23  1017.0  9   922.6  9   17.4 23    1.4 23    4.6  999.9    10.0    -1.0*   0.0G 999.9  100000
878030  20130712     7.2 24    -0.7 24  1012.0  8   918.9  8   17.1 24    6.4 24   15.9   20.1    10.2*   -0.4    0.0H 999.9  010000
878030  20130713     3.6 22    -0.9 22  1009.1  7   916.0  7   11.9 22    6.5 22   15.4   23.7     7.4     1.0*  13.0G 999.9  011000
878030  20130714     3.6 20    -2.4 20  1018.2  8   923.5  8   18.5 20    2.8 20   11.8   17.0     7.0*   -1.3    0.5G 999.9  000000
878030  20130715     6.9 21    -0.3 21  1014.3  8   920.9  8   17.9 21    7.3 21   12.9   21.1    11.0*   -1.6    0.0G 999.9  010000
878030  20130716     9.2 24     2.8 24  1009.1  8   917.1  8   16.1 24    8.3 24   19.0   21.1    11.3     4.2    0.3G 999.9  010000
878030  20130717     2.8 24     1.9 24  1010.2  8   917.0  8   10.0 24    3.8 24   12.9   17.5    10.6    -5.0*  20.1G 999.9  011000
878030  20130718    -7.0 24    -7.8 24  1030.8  8   932.1  8   17.4 24    0.6 24    1.5  999.9     5.9   -11.8    7.1G 999.9  000000
878030  20130719    -3.6 24    -6.6 24  1024.2  7   926.0  7   10.1 24    4.1 24   13.4   21.6     6.0*  -13.7    0.0G 999.9  100000
878030  20130720    -0.1 23    -3.5 23  1019.2  7   923.5  7   15.3 22    5.5 23   10.3  999.9     6.0    -6.9    0.0G 999.9  001000
878030  20130721    -1.6 24    -4.9 24  1036.0  8   938.2  8   16.9 24    4.1 24    8.7  999.9     1.4*   -5.0*   0.0G 999.9  001000
878030  20130722    -2.4 24    -6.9 24  1030.5  8   932.8  8   16.1 24    2.6 24   10.3  999.9     6.1*   -9.3    0.0I 999.9  000000
878030  20130723     2.9 23    -1.4 23  1027.1  8   931.3  8   16.7 23    3.9 23   10.3   14.4     7.7    -6.5    0.0I 999.9  000000
878030  20130724     3.2 24    -1.7 24  1020.4  8   924.7  7   16.9 24    2.1 24    6.2  999.9    11.0*   -4.3    0.0I 999.9  000000
878030  20130725     7.1 24    -1.9 24  1011.0  8   918.0  8   17.2 24    7.5 24   16.5   21.6    11.0    -2.3    0.0I 999.9  000000
878030  20130726     1.9 24    -3.1 24  1016.7  8   922.1  7   16.3 24    4.5 24    8.2  999.9     9.6    -1.3    0.0I 999.9  000000
878030  20130727     0.6 24    -5.6 24  1024.1  6   928.3  6   15.8 24    2.4 24    6.7  999.9     7.0*   -7.0*   0.0I 999.9  000000
878030  20130728     1.9 23    -2.9 23  1021.2  8   925.7  8   16.9 23    1.9 23    4.6  999.9     8.0*   -7.1    0.0I 999.9  000000
878030  20130729     2.1 24    -2.2 24  1022.2  8   926.7  8   16.6 24    2.4 24    4.6  999.9    10.0*   -5.5    0.0I 999.9  000000
878030  20130730     0.6 20    -2.1 20  1019.0  8   923.8  8   18.0 20    1.8 20    8.2  999.9    10.5    -3.8    0.0I 999.9  000000
878030  20130731     3.9 22     2.4 22  1020.7  8   926.0  8   15.4 22    2.7 22    5.7  999.9     7.5    -2.3    6.1G 999.9  010000
878030  20130801     4.0 23     0.3 23  1020.0  6   925.5  6   18.0 15    2.3 23    5.1  999.9     8.4*   -1.3    0.0G 999.9  000000
878030  20130802     2.2 23    -1.3 23  1017.6  7   922.8  7   20.0 14    1.8 23    4.1  999.9     9.0*   -4.3    0.0I 999.9  000000
878030  20130803     2.9 24    -0.7 24  1008.4  8   914.7  8   15.0 24    2.5 24   10.3  999.9     9.0    -3.0    0.0B 999.9  011000
878030  20130804     2.9 23    -0.1 23  1003.1  8   909.8  8   12.4 23    3.6 23    8.8   21.1     7.4    -1.2    0.5G 999.9  011000
878030  20130805     4.6 16    -2.7 16  1002.7  8   909.9  8   15.8 16   10.6 16   18.0   30.4     7.7     0.3   21.1G 999.9  011000
878030  20130806     3.7  8     0.7  8  1002.6  8   909.6  8   20.9  8    3.0  8    7.7  999.9     6.2*    1.2    2.0G 999.9  010000
878030  20130807     3.7 12    -4.8 12   997.7  8   905.2  8   23.3 12    9.5 12   18.0   24.2     7.0     1.4    3.0G 999.9  010000
878030  20130808     2.9 23    -3.3 23  1015.8  7   921.3  7   16.4 22    6.6 23   10.8   18.0     6.0*    0.6    0.0G 999.9  000000
878030  20130809     2.3 23    -4.9 23  1024.7  8   929.2  8   24.6 11    3.9 23    8.8   17.0     8.0*   -4.8    0.0I 999.9  000000
878030  20130810     8.2 22     1.5 22  1007.7  8   915.1  8   14.8 22   10.6 22   20.1   31.4    11.0    -5.1    6.1G 999.9  010000
878030  20130811     6.3 24    -2.1 24  1005.8  8   913.5  8   16.7 24    9.1 24   12.9   21.1    10.3     3.0*   4.1G 999.9  010000
878030  20130812     0.1 24    -4.9 24  1021.3  8   925.8  8   22.4 13    4.0 24   12.4   16.5     8.5    -6.1    3.0G 999.9  000000
878030  20130813     2.7 24    -3.3 24  1028.2  8   932.1  8   26.1 10    6.0 24   10.3   16.5     6.0*   -6.0    0.0G 999.9  000000
878030  20130814     3.1 24    -4.2 24  1016.5  8   921.7  8   20.8 14    5.6 24   10.8   18.0    11.4*   -4.1    0.0B 999.9  010000
878030  20130815     4.1 23    -0.3 23  1005.8  8   913.0  8   12.7 22    6.0 23   10.8   20.1    12.3    -3.9    5.1G 999.9  011000
878030  20130816     4.6 20    -4.4 20  1021.6  7   926.8  7   21.4 10    3.8 20   14.9   25.2     9.0*   -2.2    5.1G 999.9  001000
878030  20130817     4.7 23    -3.1 23  1013.8  7   919.9  7   22.7 11    2.0 23    6.2  999.9    14.0*   -3.2    0.0G 999.9  000000
878030  20130818     6.8 23    -2.3 23  1002.3  7   910.2  8   18.2 16    4.6 23   13.9   30.9    14.0    -0.3    0.0B 999.9  010000
878030  20130819     2.7 23    -1.2 23  1005.1  7   911.9  6   11.3 23    6.4 23   13.4   16.0    14.5     0.0*   8.9C 999.9  011000
878030  20130820     3.3 24    -2.2 24  1011.7  8   917.6  8   13.7 24    8.0 24   11.8   22.1     5.4*   -0.8    6.1C 999.9  011000
878030  20130821    -0.3 23    -1.4 22  1014.5  8   919.5  8    3.5 23    3.5 23    8.8  999.9     5.9    -2.3    8.9G  20.1  001000
878030  20130822    -3.9 21    -5.9 21  1028.2  6   930.5  6   16.4 20    1.5 21    4.1  999.9     1.0    -7.0*   2.0G 999.9  001000
878030  20130823    -6.8 23    -8.3 23  1034.2  7   934.9  7   16.1 23    1.4 23    4.6  999.9    -4.0*  -11.3    0.0G 999.9  000000
878030  20130824    -8.2 23   -10.6 23  1038.6  8   938.1  8   19.5 17    2.8 23    6.2  999.9    -2.0*  -15.4    0.0I   5.1  000000
878030  20130825    -6.6 24    -9.9 24  1033.7  8   934.0  8   29.9  8    3.2 24    6.2  999.9     1.0*  -12.3    0.0I 999.9  000000
878030  20130826    -1.9 24    -4.6 23  1026.0  7   928.6  7   18.0 20    2.3 24    3.6  999.9     5.0*   -9.0    0.0I 999.9  000000
878030  20130827     9.6 23     1.8 23  1010.5  8   917.7  8   16.9 23   11.0 23   19.6   24.2    12.0*   -5.8    0.0I 999.9  000000
878030  20130828    10.7 24     4.3 24  1010.7  8   918.9  7   14.3 24    9.2 24   12.9   20.6    13.0*    8.7*   6.1G 999.9  010000
878030  20130829    11.4 19     2.0 19  1005.5  8   914.6  8   18.3 19   10.2 19   14.4   26.8    15.0*    8.2    1.0G 999.9  000000
878030  20130830     8.4 23     2.7 23  1008.4  8   916.6  8   16.3 23    5.0 23   20.1   22.1    14.5     4.7    0.0G 999.9  010000
878030  20130831     6.9 23     2.8 23  1011.6  8   918.8  8   15.6 23    1.9 23    5.1  999.9    11.0     3.2    1.0G 999.9  010000
878030  20130901     4.4 24    -0.1 24  1013.6  7   920.1  7   13.4 24    6.2 24   11.3   20.1    10.8     1.2    5.1G 999.9  011000
878030  20130902     3.4 24    -3.9 24  1020.2  8   925.4  8   16.7 24    4.5 24    9.8  999.9     7.8     0.1    0.0G 999.9  000000
878030  20130903     1.6 23    -4.6 23  1025.0  8   929.1  8   18.8 18    2.7 23    4.6  999.9     9.0*   -5.8    0.0I 999.9  000000
878030  20130904     5.2 22     2.6 21  1010.3  6   916.7  6   15.3 22    3.8 22    6.7  999.9    11.0*   -3.0    4.1G 999.9  010000
878030  20130905     7.9 22     3.3 22  1004.3  8   912.1  8   15.0 22    4.8 22   12.4   28.3    14.0*    3.2    1.0G 999.9  010000
878030  20130906     8.6 23     3.4 23  1008.0  8   916.0  8   16.9 23    2.6 23    7.7   18.0    14.0     5.0*   2.0G 999.9  010000
878030  20130907     7.7 24     2.4 24  1008.0  8   915.8  8   15.1 24    4.5 24   19.0   22.7    12.0*    3.6    2.0G 999.9  010000
878030  20130908     9.5 24     2.4 24  1005.2  8   913.6  8   13.8 22    4.3 24   10.8   21.1    15.0*    1.4    3.0G 999.9  010000
878030  20130909     7.1 23     4.7 23   998.5  7   906.6  8   13.0 23    3.1 23    6.7  999.9    15.0     4.0    7.9G 999.9  010000
878030  20130910     6.1 23     0.0 23  1001.8  8   910.0  8   14.2 23    5.9 23    9.3   24.7    13.5     1.7   23.1G 999.9  011000
878030  20130911     1.9 24    -2.9 24  1017.4  8   922.5  8   16.3 24    2.8 24    6.7  999.9     6.5    -1.1    0.5G 999.9  001000
878030  20130912     1.4 24    -4.3 24  1022.6  8   926.9  8   20.3 15    2.2 24    4.6  999.9     6.0*   -3.8    0.0G 999.9  000000
878030  20130913     1.7 23    -2.6 23  1028.0  7   931.9  7   16.4 22    1.3 23    4.1  999.9     6.4    -4.8    0.0I 999.9  000000
878030  20130914     0.5 23    -3.4 23  1027.0  7   930.7  7   17.2 18    2.6 23    7.2  999.9     6.5*   -6.3  999.9  999.9  001000
878030  20130915     1.3 24    -2.0 24  1029.0  7   932.7  7   15.4 24    1.7 24    5.1  999.9     7.0*   -3.8    0.0G 999.9  001000
878030  20130916     2.0 24    -5.2 24  1025.9  7   930.1  7   18.2 17    1.6 24    4.1  999.9     9.0*   -6.0    0.0I 999.9  000000
878030  20130917     5.4 24    -5.4 24  1020.9  8   926.5  7   18.0 20    5.4 24    9.8  999.9     9.0    -1.8    0.0I 999.9  000000
878030  20130918     5.4 24    -2.0 24  1017.2  8   923.2  8   17.2 22    3.2 24    6.2  999.9    13.0*   -1.2    0.0I 999.9  000000
878030  20130919     5.8 24    -1.1 24  1010.6  8   917.7  7   15.1 24    4.3 24    8.8  999.9    13.2     0.4    0.0G 999.9  010000
878030  20130920     3.2 23    -3.9 23  1008.2  7   914.8  7   14.6 23    5.6 23    9.8   16.5     6.0*   -0.3    0.0G 999.9  011010
878030  20130921     3.5 24    -4.0 24  1020.7  6   925.9  6   16.7 21    4.9 24   12.4   20.6     9.0*   -3.0*   0.0A 999.9  000000
878030  20130922     4.8 22    -4.3 22  1032.9  8   937.3  8   23.3 12    2.5 22    7.2  999.9    11.0*   -3.8    0.0I 999.9  000000
878030  20130923     5.4 24    -6.3 24  1031.6  8   936.2  8   29.9  8    1.0 24    4.6  999.9    15.2*   -5.8    0.0I 999.9  000000
878030  20130924     6.6 24    -6.8 23  1025.2  8   930.7  8   29.9  8    3.2 24    7.2  999.9    17.0*   -3.8    0.0I 999.9  000000
878030  20130925     9.1 24    -7.6 23  1012.0  8   919.7  8   29.9  8    4.3 24    9.3   12.9    17.3*    0.0    0.0I 999.9  000000
878030  20130926     4.4 24    -5.6 24  1017.0  8   923.6  8   16.1 24    5.5 24   10.3   15.4    17.7    -0.3    0.0I 999.9  000000
878030  20130927     1.8 20    -3.9 20  1032.9  7   936.2  7   16.9 18    2.7 20    7.7  999.9     8.5    -3.8    0.0G 999.9  001000
878030  20130928     4.4 21    -5.2 21  1035.8  7   939.5  7   17.7 18    2.5 21    8.2  999.9    10.0*   -3.3    0.0G 999.9  000000
878030  20130929     3.9 24    -4.1 23  1031.7  8   935.9  8   24.6 11    2.4 24    8.8  999.9    12.0*   -5.8    0.0I 999.9  000000
878030  20130930     7.1 24    -0.8 24  1021.2  8   927.3  8   18.8 18    3.0 24    8.8  999.9    14.0*    1.0*   0.0I 999.9  000000
878030  20131001     6.9 22    -3.1 22  1014.2  7   921.4  7   16.4 22    3.1 22    6.7  999.9    14.1     4.0*   0.0G 999.9  000000
878030  20131002     4.5 24    -4.9 24  1015.9  8   921.9  8   16.7 24    4.1 24    8.8  999.9    10.0    -2.8  999.9  999.9  011100
878030  20131003     5.7 23     0.7 23  1020.0  8   925.7  8   15.3 23    2.4 23    7.7  999.9    11.0*   -2.8    2.0G 999.9  010000
878030  20131004     6.9 23     3.1 23  1019.5  8   926.0  8   15.6 23    1.4 23    3.6  999.9    11.4     1.4    0.0G 999.9  010000
878030  20131005     7.2 24    -0.6 24  1022.0  8   928.1  8   18.3 19    3.2 24    5.7  999.9    14.0*   -0.8    0.8G 999.9  000000
878030  20131006     8.2 22    -2.3 22  1019.8  7   926.8  7   29.9  7    2.0 22    5.1  999.9    18.9*   -3.1    0.0G 999.9  000000
878030  20131007    11.7 23    -6.3 23  1015.0  6   923.1  6   29.9  6    2.4 23    6.2  999.9    21.0*    2.0*   0.0I 999.9  000000
878030  20131008    10.9 23    -3.8 21  1006.9  8   916.2  8   17.1 22    3.8 23    8.2  999.9    21.2     6.2  999.9  999.9  010000
878030  20131009     7.2 24    -3.8 24  1013.5  8   920.7  8   17.2 22    6.0 24    9.8   18.5    13.0     3.7    0.0I 999.9  000000
878030  20131010    11.1 24    -2.1 24  1013.8  8   921.6  8   17.2 22    8.9 24   16.5   29.3    16.0*    6.0    0.0I 999.9  000000
878030  20131011     8.6 22    -1.5 22  1020.1  8   927.2  8   22.4 13    2.8 22    6.2  999.9    18.0*   -1.3    0.0I 999.9  000000
878030  20131012    11.0 22     0.1 22  1016.8  7   924.6  7   18.2 17    3.4 22    6.2  999.9    18.0*    3.9*   0.0I 999.9  000000
878030  20131013    10.4 24    -0.8 24  1012.7  8   921.0  8   18.8 18    6.1 24    9.3   16.5    19.5     6.2    0.0I 999.9  000000
878030  20131014    13.0 24     2.3 24  1012.4  8   921.0  8   16.7 24    6.9 24    9.3   17.0    17.0*    9.2    0.0I 999.9  000000
878030  20131015    14.7 23     3.4 23  1014.0  7   923.2  7   16.1 23    7.1 23   14.4   25.2    17.0*   11.0*   0.0I 999.9  000000
878030  20131016    14.0 24     4.9 24  1018.5  8   927.0  8   18.8 18    2.8 24    6.7  999.9    22.0*    5.7    0.0I 999.9  000000
878030  20131017    15.3 23     2.8 23  1016.3  8   925.5  8   25.4 10    4.1 23    8.8  999.9    24.0*    7.7    0.0I 999.9  000000
878030  20131018    15.2 23     0.9 23  1011.7  8   921.4  8   29.9  8    4.8 23    7.2  999.9    24.0     7.2    0.0I 999.9  000000
878030  20131019    12.1 24    -1.3 24  1002.9  7   912.9  7   19.3 15    5.8 24   12.4  999.9    16.0*    7.5    0.0I 999.9  000000
878030  20131020     7.5 24    -4.4 23  1002.5  8   911.2  8   16.7 24    7.2 24   10.3   16.0    15.5     5.0*   0.0I 999.9  000000
878030  20131021     4.2 24    -4.8 24  1016.5  7   922.4  7   15.8 24    6.0 24   10.8   20.1     9.0*   -0.3    0.0I 999.9  000000
878030  20131022     6.7 24    -5.1 24  1006.9  7   914.4  7   15.6 24    5.0 24    7.7   16.5    11.0*    3.0*   0.0B 999.9  010000
878030  20131023     6.9 23    -3.1 23  1018.2  7   924.7  7   21.7 12    6.1 23    8.2   11.8    13.0*   -0.8    0.0G 999.9  000000
878030  20131024     8.7 23    -0.8 23  1022.8  7   929.1  7   19.3 15    3.4 23    7.7  999.9    20.0*   -0.5    0.0I 999.9  000000
878030  20131025    10.8 22    -3.3 22  1012.9  8   921.3  8   26.1 10    3.3 22    9.3   17.0    20.5     0.7    0.0I 999.9  000000
878030  20131026     9.4 24    -4.1 24  1016.6  8   924.6  8   18.8 18    8.4 24   12.4   20.1    21.0     2.2    0.0I 999.9  000000
878030  20131027     9.9 23    -4.9 23  1019.9  7   926.7  7   29.9  7    2.7 23    6.7  999.9    21.0*   -3.8    0.0I 999.9  000000
878030  20131028    13.1 24    -7.1 24  1012.0  8   920.8  8   29.9  8    2.0 24    4.6  999.9    23.0*    1.2    0.0I 999.9  000000
878030  20131029    15.4 24    -1.1 24  1011.7  8   921.4  8   23.7 11    3.6 24    8.2  999.9    23.0*    4.2    0.0I 999.9  000000
878030  20131030    11.7 20    -1.3 20  1008.3  7   917.7  7   22.7 11    2.8 20    7.7  999.9    23.3     4.0*   0.0I 999.9  000000
878030  20131031    13.3 16    -0.1 16  1007.0  8   916.5  8   19.3 16    3.2 16    7.7  999.9    20.5     6.5    0.0I 999.9  000000
878030  20131101    10.6 22    -0.1 22  1016.6  7   924.4  7   18.2 17    4.9 22    7.7  999.9    18.0     5.8    0.0I 999.9  000000
878030  20131102    11.1 24    -0.9 24  1018.8  8   926.6  8   18.3 19    5.4 24   10.3  999.9    17.1     6.8    0.0I 999.9  000000
878030  20131103    12.1 23     4.4 23  1019.3  8   927.2  8   16.7 23    2.2 23    6.2  999.9    19.0*    7.0*   0.0G 999.9  010000
878030  20131104    13.7 24     2.9 24  1016.2  8   924.7  8   21.4 14    3.2 24    6.2  999.9    23.2*    1.4    0.0G 999.9  000000
878030  20131105    15.8 24     0.6 24  1011.1  8   920.9  8   29.9  8    3.1 24    7.2  999.9    23.6     3.2    0.0I 999.9  000000
878030  20131106    11.2 24     1.9 24  1004.1  7   913.8  7   15.0 22    3.6 24    7.2   18.0    23.5     7.9*   3.0G 999.9  010000
878030  20131107     8.6 24     0.3 24  1008.9  8   917.0  8   16.3 24    8.2 24   12.9   23.2    15.0     5.7    7.1G 999.9  000000
878030  20131108     7.3 24     1.0 24  1010.7  8   918.3  8   15.3 24    2.9 24    8.8  999.9    12.5     4.2    0.0G 999.9  010000
878030  20131109     8.4 24     3.8 24  1014.9  8   922.0  8   16.3 24    1.2 24    4.1  999.9    15.0*    2.2    0.8G 999.9  010000
878030  20131110    10.3 24     0.4 24  1011.1  7   919.3  7   20.0 14    4.4 24    8.2  999.9    15.8     2.2    0.0G 999.9  000000
878030  20131111     8.7 20     0.5 20  1007.7  8   916.1  8   17.2 20    6.8 20   11.3   17.5    16.0     6.4    0.0B 999.9  010000
878030  20131112     7.1 24    -1.7 24  1009.6  8   917.0  8   16.7 24    8.8 24   16.5   25.2    12.8     2.2    0.0G 999.9  000000
878030  20131113     9.2 24     0.3 24  1007.6  8   915.5  8   17.5 21    2.3 24    5.1  999.9    17.0*    1.8    0.0I 999.9  000000
