871620  20130101    24.3 24    21.3 24  1010.6  8  1003.8  8   12.7 24    4.5 24    9.3  999.9    34.8    19.2   31.0G 999.9  010010
871620  20130102    21.3 24    15.2 24  1016.2  8  1009.2  8   13.2 24    3.6 24    6.2  999.9    27.0    15.4    0.0G 999.9  000000
871620  20130103    23.6 22    17.6 22  1014.2  8  1007.3  8   13.7 22    2.3 22    4.1  999.9    30.7*   16.4    0.0I 999.9  000000
871620  20130104    29.5 21    23.2 21  1011.0  8  1004.2  8   14.3 21    4.3 21    6.7  999.9    35.0*   24.0    0.0I 999.9  000000
871620  20130105    30.6 22    23.9 22  1007.8  7  1001.2  7   13.7 22    5.4 22    9.3  999.9    36.0*   24.0*   0.0I 999.9  000000
871620  20130106    27.3 22    23.3 22  1006.1  8   999.4  8   14.2 22    4.5 22    9.3  999.9    37.0    22.9    0.0I 999.9  000000
871620  20130107    26.7 23    24.3 23  1002.7  7   995.9  7   13.4 23    3.6 23    6.7  999.9    32.0    21.6   26.9G 999.9  010010
871620  20130108    28.6 24    24.7 24  1005.1  8   998.3  8   14.0 24    2.7 24    6.2  999.9    33.0*   24.4    0.5G 999.9  000010
871620  20130109    28.3 24    23.7 24  1009.8  8  1003.1  8   13.8 24    3.7 24    6.7  999.9    34.0*   23.6    0.0G 999.9  000000
871620  20130110    28.1 23    22.8 23  1012.0  8  1005.3  8   13.5 23    3.4 23    6.2  999.9    34.0    23.0    0.0I 999.9  000000
871620  20130111    27.6 20    18.7 20  1010.5  7  1003.7  7   13.4 20    3.3 20    5.7  999.9    33.8    20.4    0.0I 999.9  000000
871620  20130112    27.2 24    19.9 24  1008.0  8  1001.1  8   13.7 24    2.0 24    4.6  999.9    33.1*   20.6    0.0I 999.9  000000
871620  20130113    27.8 24    19.2 24  1009.7  8  1003.0  8   13.7 24    2.0 24    5.1  999.9    33.6    20.8    0.0I 999.9  000000
871620  20130114    28.2 24    20.1 24  1010.0  8  1003.2  8   13.7 24    1.9 24    4.6  999.9    34.0*   21.5    0.0I 999.9  000000
871620  20130115    28.4 24    20.3 24  1007.1  9  1000.4  9   13.8 24    2.0 24    5.1  999.9    35.0*   22.6  120.9E 999.9  000000
871620  20130116    28.2 23    19.8 23  1005.0  8   998.3  8   13.5 23    2.3 23    5.1  999.9    35.4*   21.3    0.0I 999.9  000000
871620  20130117    28.9 24    20.8 24  1007.0  8  1000.3  8   13.4 24    2.8 24    7.7  999.9    35.7    21.9    0.0I 999.9  000000
871620  20130118    28.4 23    21.4 23  1009.6  8  1003.2  8   13.7 23    3.7 23    7.7  999.9    34.0*   22.7    0.0I 999.9  000000
871620  20130119    27.2 23    18.9 23  1011.5  8  1004.7  8   13.8 23    4.1 23    8.7  999.9    34.2    21.5    0.0I 999.9  000000
871620  20130120    26.0 24    17.6 24  1013.6  8  1006.7  8   13.5 24    4.2 24    7.7  999.9    34.0    20.0*   0.0I 999.9  000000
871620  20130121    26.3 24    17.8 24  1013.4  8  1006.5  8   13.7 24    3.7 24    6.2  999.9    33.0    20.2    0.0I 999.9  000000
871620  20130122    27.7 24    21.3 24  1013.0  8  1006.1  8   13.5 24    3.1 24    6.7  999.9    33.5    23.0*   0.3G 999.9  010000
871620  20130123    28.7 24    19.1 24  1010.9  8  1004.1  8   13.5 24    2.7 24    5.7  999.9    37.0*   20.6    0.0G 999.9  000000
871620  20130124    31.6 23    19.3 23  1005.2  8   998.5  8   11.9 23    3.2 23    9.3  999.9    40.5*   24.1    0.0I 999.9  000000
871620  20130125    23.1 21    20.8 21  1008.4  8  1001.6  8   10.6 21    6.2 21   12.3  999.9    27.8*   20.0   38.1G 999.9  010010
871620  20130126    23.3 22    14.4 22  1013.5  9  1006.6  9   14.0 22    3.5 22    6.2  999.9    28.2*   15.5    4.1G 999.9  000000
871620  20130127    22.8 23    14.4 23  1013.5  8  1006.6  8   13.4 23    2.8 23    4.6  999.9    31.0*   15.0    0.0G 999.9  000000
871620  20130128    25.3 24    17.2 24  1012.4  8  1005.4  8   13.2 24    2.1 24    4.6  999.9    34.0*   15.7    0.0I 999.9  000000
871620  20130129    29.1 24    20.7 24  1010.9  8  1004.1  8   13.2 24    2.3 24    4.1  999.9    37.4*   20.9    0.0I 999.9  000000
871620  20130130    30.4 24    21.2 24  1009.0  7  1002.4  8   13.0 24    2.1 24    5.1  999.9    38.3    23.6    0.0I 999.9  000000
871620  20130131    30.8 23    20.7 23  1006.6  8   999.9  8   13.7 23    2.9 23    5.1  999.9    38.0*   23.2    0.0I 999.9  000000
871620  20130201    31.4 24    22.1 24  1005.6  8   998.8  8   13.0 24    3.3 24    6.7  999.9    39.0*   22.4    0.0I 999.9  000000
871620  20130202    30.2 22    22.5 22  1007.3  8  1000.7  8   12.9 22    4.6 22   11.8  999.9    39.5    26.6    0.0I 999.9  000000
871620  20130203    27.8 23    21.3 23  1010.6  8  1003.9  8   14.0 23    3.9 23    7.2  999.9    36.0    21.6    0.0I 999.9  000000
871620  20130204    26.3 24    17.9 24  1010.5  8  1003.7  8   13.4 24    2.7 24    4.1  999.9    34.9    18.5    0.0I 999.9  000000
871620  20130205    25.8 24    14.9 24  1010.1  8  1003.3  8   13.4 24    3.2 24    6.2  999.9    33.3    17.4    0.0I 999.9  000000
871620  20130206    25.5 24    16.3 24  1010.0  9  1003.1  9   13.8 24    3.5 24    7.2  999.9    34.0    17.2    0.0I 999.9  000000
871620  20130207    26.1 24    18.3 24  1010.0  8  1003.1  8   12.7 24    2.6 24    5.7  999.9    34.5    18.6    0.0I 999.9  000000
871620  20130208    28.4 24    18.6 24  1008.7  8  1002.0  8   12.6 24    2.8 24    5.1  999.9    35.1*   21.4    0.0I 999.9  000000
871620  20130209    26.8 24    18.7 24  1008.0  7  1001.2  7   11.4 24    2.6 24    6.7  999.9    36.4    19.5    0.0I 999.9  000000
871620  20130210    26.7 24    20.6 24  1006.6  8   999.8  8   13.2 24    3.7 24    8.2  999.9    36.0*   22.0*   0.5A 999.9  010010
871620  20130211    24.7 24    21.6 24  1008.1  8  1001.2  8   13.2 24    2.7 24    5.1  999.9    36.0    21.4   23.9G 999.9  010010
871620  20130212    27.6 22    21.2 22  1006.3  8   999.4  8   13.5 22    2.3 22    4.1  999.9    34.0*   21.4    0.5G 999.9  000000
871620  20130213    28.7 24    23.2 24  1005.9  8   999.0  8   13.7 24    2.8 24    4.1  999.9    34.6    24.0*   0.0G 999.9  010010
871620  20130214    25.9 21    23.2 21  1007.4  8  1000.7  8   13.0 21    4.0 21    9.3  999.9    34.2    22.3    2.0G 999.9  010000
871620  20130215    26.4 23    22.4 23  1008.9  8  1002.1  8    9.7 23    1.5 23    3.6  999.9    34.0*   20.6    0.0G 999.9  100000
871620  20130216    30.1 24    23.4 24  1005.6  8   998.9  8   13.7 24    2.9 24    6.7  999.9    36.0*   23.7    0.0I 999.9  000000
871620  20130217    31.2 23    22.3 23  1004.1  8   997.4  8   13.7 23    5.7 23    9.3  999.9    38.3*   24.6    0.0I 999.9  000000
871620  20130218    27.3 24    21.7 24  1008.0  8  1001.3  8   11.6 24    4.8 24    9.3  999.9    38.5    23.8    0.0A 999.9  000000
871620  20130219    27.1 24    23.2 24  1010.2  8  1003.5  8   12.6 24    1.9 24    5.7  999.9    32.1    24.0*   0.0G 999.9  000010
871620  20130220    28.3 24    23.5 24  1009.7  8  1003.0  8   14.2 24    2.2 24    7.2  999.9    35.3*   24.0*   0.8G 999.9  010010
871620  20130221    26.9 22    21.9 22  1011.5  8  1004.8  8   14.5 22    3.0 22    6.7  999.9    35.8    22.0*   0.0G 999.9  000000
871620  20130222    27.1 22    19.6 22  1013.7  8  1006.8  8   13.7 22    3.1 22    5.1  999.9    33.1*   20.5    0.0I 999.9  000000
871620  20130223    27.7 24    19.0 24  1010.5  8  1003.7  8   13.2 24    3.3 24    7.2  999.9    36.6*   18.5    0.0I 999.9  000000
871620  20130224    30.8 23    20.8 23  1006.4  8   999.7  8   13.5 23    4.8 23    8.2  999.9    37.6    23.5    0.0I 999.9  000000
871620  20130225    25.9 24    21.9 24  1007.9  8  1001.1  8   12.9 24    4.0 24    6.2  999.9    38.4    22.0*   7.9G 999.9  010000
871620  20130226    24.4 24    17.3 24  1012.9  8  1006.0  8   13.4 24    4.0 24    7.2  999.9    30.0*   19.5    8.9G 999.9  000000
871620  20130227    22.9 24    13.1 24  1014.5  8  1007.6  8   13.4 24    3.0 24    7.2  999.9    30.0    16.1    0.0G 999.9  000000
871620  20130228    24.5 24    13.6 24  1011.8  8  1004.9  8   12.6 24    2.0 24    3.6  999.9    35.0*   15.6    0.0I 999.9  000000
871620  20130301    28.1 24    18.7 24  1007.5  8  1000.7  8   11.1 24    5.1 24   11.8  999.9    37.6*   19.7    0.0I 999.9  000000
871620  20130302    32.0 24    21.1 24  1005.4  8   998.7  8   13.2 24    7.6 24   11.3  999.9    38.5    25.7    0.0I 999.9  000000
871620  20130303    24.1 22    21.3 22  1010.7  8  1003.9  8   13.5 22    5.0 22    7.7  999.9    38.6    19.0*   0.0B 999.9  010000
871620  20130304    21.3 22    17.0 22  1014.4  7  1007.5  7   14.0 22    4.5 22    7.2  999.9    26.0*   17.5    0.0G 999.9  000000
871620  20130305    22.5 24    16.1 24  1013.3  8  1006.3  8   14.0 24    3.2 24    5.1  999.9    28.0*   19.0*   0.0I 999.9  000000
871620  20130306    22.9 24    15.4 24  1009.8  8  1002.8  8   11.3 24    2.3 24    4.6  999.9    33.0*   13.4    0.0I 999.9  100000
871620  20130307    25.9 23    21.4 23  1009.2  8  1002.4  8   11.9 23    4.0 23    9.3  999.9    33.5    21.5   11.9G 999.9  010010
871620  20130308    30.2 23    22.5 23  1008.8  8  1001.9  8   13.7 23    4.3 23    8.2  999.9    38.4*   22.6    0.0G 999.9  000000
871620  20130309    27.7 20    21.9 20  1008.4  7  1001.6  7   14.0 20    6.8 20   11.3   12.9    38.4    23.4    0.0I 999.9  000000
871620  20130310    24.7 24    20.2 24  1007.1  8  1000.2  8   13.7 24    4.5 24    9.3  999.9    31.0    22.0*   2.0A 999.9  010000
871620  20130311    24.7 21    21.2 21  1006.4  7   999.5  7   14.0 21    2.8 21    6.2  999.9    33.0*   20.0*   0.5B 999.9  010000
871620  20130312    23.8 24    22.2 24  1003.8  8   997.0  8   12.4 24    4.4 24   12.9  999.9    34.2    21.0*  30.0G 999.9  010010
871620  20130313    22.1 24    18.5 24  1009.8  8  1002.9  8   13.4 24    3.5 24    7.7  999.9    28.0*   17.0   14.0G 999.9  100000
871620  20130314    22.0 21    17.4 21  1012.8  8  1005.9  8   14.0 21    4.5 21    7.7  999.9    27.8    17.4    0.0G 999.9  000000
871620  20130315    21.9 24    17.3 24  1014.4  8  1007.5  8   13.8 24    5.2 24    9.8  999.9    28.0*   16.6    0.0I 999.9  000000
871620  20130316    23.5 23    17.5 23  1016.2  8  1009.9  7   13.8 23    5.6 23    9.8  999.9    28.6*   18.6    0.0I 999.9  000000
871620  20130317    21.1 20    16.8 20  1017.4  8  1010.7  8   14.5 20    5.7 20    9.3  999.9    28.8    16.9    0.0I 999.9  000000
871620  20130318    21.2 24    16.8 24  1015.4  8  1008.5  8   14.0 24    4.0 24    6.2  999.9    25.3*   17.8    0.0I 999.9  000000
871620  20130319    22.2 23    20.6 23  1012.0  8  1005.0  8   12.2 23    2.1 23   10.8  999.9    25.6    19.4    2.0G 999.9  010000
871620  20130320    20.3 24    18.7 24  1009.2  8  1002.3  8   11.7 24    2.6 24    4.6  999.9    25.0    18.0*  24.9G 999.9  010010
871620  20130321    22.3 24    18.1 24  1011.0  8  1004.1  8   13.4 24    1.7 24    5.1  999.9    28.2*   16.0    0.0G 999.9  000000
871620  20130322    22.2 23    17.9 23  1015.0  8  1008.1  8   12.1 23    2.6 23    5.7  999.9    29.0*   16.4    0.0I 999.9  000000
871620  20130323    23.2 24    16.8 24  1014.1  8  1007.1  8   13.4 24    3.2 24    7.7  999.9    30.1*   16.6    0.0I 999.9  000000
871620  20130324    24.4 20    17.4 20  1010.1  8  1003.1  8   14.5 20    2.4 20    4.1  999.9    30.1    16.5    0.0I 999.9  000000
871620  20130325    23.9 24    19.2 24  1009.8  8  1002.9  8   12.2 24    1.8 24    3.6  999.9    31.0    17.7    0.0I 999.9  000000
871620  20130326    23.9 24    17.5 24  1015.3  8  1008.4  8   12.9 24    2.9 24    7.2  999.9    30.2    17.6    0.0I 999.9  000000
871620  20130327    21.1 24    13.8 24  1017.0  8  1010.1  8   13.0 24    2.0 24    6.2  999.9    30.4    13.9    0.0I 999.9  000000
871620  20130328    21.4 24    14.0 24  1017.0  8  1010.1  8   13.2 24    2.9 24    5.7  999.9    28.6    15.4    0.0I 999.9  000000
871620  20130329    23.5 21    15.5 21  1015.3  8  1008.4  8   12.7 21    2.8 21    6.7  999.9    32.0*   13.8    0.0I 999.9  000000
871620  20130330    25.3 24    17.3 24  1013.5  8  1006.5  8   13.2 24    3.5 24    6.2  999.9    32.4*   18.4    0.0I 999.9  000000
871620  20130331    27.1 23    17.7 23  1011.7  8  1004.8  8   11.6 23    5.2 23    9.3  999.9    35.0*   19.9    0.0I 999.9  000000
871620  20130401    27.5 22    21.7 22  1009.0  7  1002.2  7   13.0 22    5.0 22    9.3  999.9    37.0*   22.0*   0.0B 999.9  010010
871620  20130402    22.7 24    21.9 24  1009.7  7  1002.9  7   11.4 24    3.1 24    8.2  999.9    37.5    20.9   18.0G 999.9  010010
871620  20130403    23.1 21    21.7 21  1012.0  8  1005.0  8   13.7 21    3.7 21    6.2  999.9    25.7*   21.6   34.0G 999.9  010010
871620  20130404    21.4 24    20.6 24  1008.7  8  1001.8  8    9.8 24    4.6 24  999.9  999.9    26.6    20.0*  50.0G 999.9  010010
871620  20130405    21.3 24    17.6 24  1010.1  8  1003.2  8   12.9 24    1.4 24    3.1  999.9    28.0*   16.0*   0.0G 999.9  000000
871620  20130406    22.5 23    18.3 23  1009.5  8  1002.6  8   11.9 23    2.1 23    4.1  999.9    29.0*   16.3    0.0I 999.9  000000
871620  20130407    23.1 22    17.9 22  1012.7  8  1005.8  8   14.0 22    3.0 22    6.7  999.9    28.8    17.7    0.0I 999.9  000000
871620  20130408    23.2 24    17.9 24  1014.1  8  1007.2  8   12.7 24    3.3 24    6.7  999.9    29.0*   18.9    0.3A 999.9  010000
871620  20130409    22.1 24    17.7 24  1014.1  8  1006.9  8   13.4 24    2.3 24    4.6  999.9    29.0    15.6    0.0I 999.9  000000
871620  20130410    24.8 23    20.4 23  1010.1  8  1003.1  8   12.2 23    2.6 23    5.7  999.9    31.4*   19.0*   0.0I 999.9  000000
871620  20130411    27.6 24    22.6 24  1005.8  8   999.0  8   13.7 24    6.1 24    9.8  999.9    32.2    23.4    0.0G 999.9  010000
871620  20130412    21.8 21    20.2 20  1007.5  7  1000.6  7   10.5 21    5.0 21   12.3  999.9    33.2    19.0*  31.0B 999.9  010010
871620  20130413    18.6 23    14.4 23  1017.2  8  1010.2  8   12.7 23    3.4 23    6.2  999.9    23.4    14.8    0.0A 999.9  000000
871620  20130414    16.9 24    11.6 24  1018.0  8  1011.0  8   13.2 24    1.8 24    4.1  999.9    24.0*   10.8    0.0I 999.9  000000
871620  20130415    18.6 24    13.0 24  1018.1  8  1011.0  8   13.2 24    0.7 24    2.1  999.9    27.0*   10.6    0.0I 999.9  000000
871620  20130416    20.4 23    15.1 23  1016.8  8  1009.9  8   13.7 23    1.1 23    3.6  999.9    28.0*   13.0    0.0I 999.9  000000
871620  20130417    20.3 24    14.8 24  1017.1  8  1010.2  8   13.0 24    1.8 24    3.6  999.9    28.0    14.4    0.0I 999.9  000000
871620  20130418    18.9 23    13.3 23  1016.3  8  1009.3  8   12.9 23    1.4 23    3.1  999.9    26.0    11.8    0.0I 999.9  000000
871620  20130419    19.9 20    15.5 20  1016.5  8  1009.5  8   13.4 20    1.5 20    5.7  999.9    28.9*   11.3    0.0I 999.9  000000
871620  20130420    21.8 23    16.8 23  1016.9  8  1009.9  8   13.0 23    1.5 23    2.6  999.9    29.0    14.6    0.0I 999.9  000000
871620  20130421    21.8 24    17.4 24  1016.5  8  1009.6  8   13.0 24    1.4 24    4.1  999.9    29.0*   14.6    0.0I 999.9  000000
871620  20130422    22.3 24    17.9 24  1017.4  8  1010.5  8   11.4 24    2.4 24    3.6  999.9    29.0*   16.0*   0.0I 999.9  000000
871620  20130423    22.6 24    17.9 24  1018.2  8  1011.3  8   11.4 24    2.2 24    3.6  999.9    30.0*   16.2    0.0I 999.9  000000
871620  20130424    22.3 24    16.3 24  1017.4  8  1010.5  8   12.6 24    2.1 24    4.1  999.9    29.8    15.0    0.0I 999.9  100000
871620  20130425    22.3 24    15.6 24  1015.2  8  1008.3  8   12.4 24    2.3 24    4.6  999.9    30.0    15.0    0.0I 999.9  000000
871620  20130426    23.7 23    18.1 23  1013.5  8  1006.5  8   13.0 23    2.2 23    4.6  999.9    30.5    17.4    0.0I 999.9  000000
871620  20130427    25.9 24    19.9 24  1010.7  8  1003.9  8   13.5 24    3.7 24    6.2  999.9    32.0*   21.5    0.0I 999.9  000000
871620  20130428    27.4 22    20.8 22  1011.0  8  1004.1  8   14.2 22    3.3 22    5.7  999.9    33.0*   23.1    0.0I 999.9  000000
871620  20130429    25.0 23    22.7 23  1010.2  4  1003.2  4    9.7 23    2.7 23    5.7  999.9    33.5    22.0*   2.0A 999.9  010010
871620  20130430    25.7 17    22.0 17  1011.8  5  1005.0  5   12.6 17    3.1 17    6.7  999.9    33.9*   21.5    0.3A 999.9  010010
871620  20130501    26.2 22    21.6 22  1011.7  6  1004.8  6   11.9 22    3.6 22    6.7  999.9    33.0*   21.6    0.0I 999.9  000000
871620  20130502    26.4 24    21.1 24  1009.2  8  1002.4  8   12.9 24    3.7 23    6.7  999.9    33.0*   21.4    0.0I 999.9  000000
871620  20130503    27.3 19    22.2 19  1007.1  8  1000.4  8   14.3 19    3.5 19    9.3  999.9    33.0*   22.6  999.9  999.9  010010
871620  20130504    22.1 23    20.6 23  1011.1  8  1004.2  8   14.0 23    4.6 23    9.3  999.9    33.4    20.0*   3.0G 999.9  010010
871620  20130505    20.3 21    17.4 21  1017.2  8  1010.3  8   13.4 21    4.2 21    6.7  999.9    23.6*   16.7    0.0G 999.9  010000
871620  20130506    17.7 24    13.9 23  1018.0  8  1011.0  8   12.9 24    0.7 24    4.1  999.9    25.0*   11.6    0.0I 999.9  000000
871620  20130507    16.7 23    11.8 23  1021.3  6  1014.1  6   13.2 23    2.1 23    6.7  999.9    25.0    11.9*   0.0I 999.9  000000
871620  20130508    16.1 23    11.2 23  1018.8  8  1011.7  8   13.4 23    2.4 23    6.7  999.9    24.2*    9.7    0.0I 999.9  000000
871620  20130509    18.4 23    12.6 23  1016.3  7  1008.8  8   13.4 23    2.9 23    9.3  999.9    27.0*    9.6    0.0I 999.9  000000
871620  20130510    21.1  8    14.1  8  1013.0  8  1005.6  8   18.3  8    4.4  8    6.7  999.9    29.1*   14.0    0.0I 999.9  000000
871620  20130511    23.7 21    15.8 21  1011.9  8  1004.8  8   13.0 21    4.7 21    6.7  999.9    31.0*   18.0*   0.0I 999.9  000000
871620  20130512    21.8 21    19.7 21  1011.0  7  1004.1  7   12.4 21    4.6 21   12.3  999.9    30.7    20.0*   7.9G 999.9  010010
871620  20130513    21.2 20    20.2 20  1011.8  8  1004.7  8   13.4 20    0.7 20    2.6  999.9    23.0*   19.7    0.5G 999.9  010000
871620  20130514    21.7 24    20.4 24  1011.4  8  1004.4  8   14.0 24    1.9 24    2.6  999.9    23.6    20.2    0.0G 999.9  010000
871620  20130515    20.3 17    19.6 17  1009.9  6  1003.0  6    8.9 17    4.7 17   12.3  999.9    23.0*   16.0*  16.0G 999.9  010010
871620  20130516    12.7 22     4.6 22  1022.5  8  1015.4  8   13.7 22    6.7 22   12.3  999.9    23.3     8.8    9.9G 999.9  000000
871620  20130517    13.8 18     6.9 18  1022.6  8  1015.4  8   14.3 18    3.0 18    6.7  999.9    19.4*    7.9    0.0G 999.9  000000
871620  20130518    14.4 20    12.3 20  1019.1  7  1012.0  7   11.6 20    3.0 20    6.7  999.9    19.5    10.3    1.0G 999.9  010000
871620  20130519    15.9 22    15.1 22  1018.5  8  1011.2  8   10.9 22    2.9 22    4.6  999.9    17.0*   11.7   13.0G 999.9  010000
871620  20130520    15.6 20    13.8 20  1019.5  8  1012.4  8   14.5 20    2.5 20    4.1  999.9    17.0*   14.0    0.0G 999.9  010000
871620  20130521    17.3 19    15.6 19  1015.8  8  1008.7  8   15.0 19    2.2 19    4.1  999.9    20.0*   14.5    0.0I 999.9  000000
871620  20130522    17.2 21    15.2 21  1016.7  8  1009.7  8   13.0 21    3.3 21    5.7  999.9    19.7    15.3    0.0G 999.9  010000
871620  20130523    15.5 22    13.3 22  1017.8  8  1010.6  8   14.3 18    1.3 22    3.6  999.9    19.2    12.8    0.0G 999.9  000000
871620  20130524    15.9 21    13.7 21  1019.4  8  1012.3  8   14.6 21    2.1 21    4.1  999.9    19.0*   12.5    0.0I 999.9  000000
871620  20130525    16.3 20    13.7 20  1019.5  8  1012.3  8   11.6 20    1.4 20    3.6  999.9    21.0*    9.7    0.0I 999.9  100000
871620  20130526    18.9 20    15.7 20  1014.1  8  1007.0  8   13.4 20    3.0 20    5.1  999.9    26.0*   12.0    0.0I 999.9  000000
871620  20130527    20.3 24    17.7 24  1010.0  8  1003.1  8    9.7 24    1.7 24    4.1  999.9    26.4*   13.2    0.0I 999.9  100000
871620  20130528    24.5 18    21.1 18  1001.4  8   994.5  8   14.8 18    3.8 18    9.8  999.9    29.0*   18.6    0.0I 999.9  000000
871620  20130529    22.6 18    17.9 18  1002.5  8   995.7  8   14.8 18    5.3 18   11.8  999.9    29.5    17.0* 179.1E 999.9  000000
871620  20130530    15.4 24    10.6 24  1016.9  8  1009.9  8   12.4 24    2.1 24    4.1  999.9    28.7     9.2    0.0I 999.9  000000
871620  20130531    17.6 21    10.6 21  1011.5  6  1004.4  6   12.9 21    4.1 20    7.2  999.9    25.0*   10.7    0.0I 999.9  000000
871620  20130601    22.1 23    18.8 23  1009.3  8  1002.3  8   13.2 23    1.7 23    3.6  999.9    28.0*   14.2    0.0I 999.9  000000
871620  20130602    19.6 19    16.4 19  1014.4  8  1007.6  8   12.1 19    2.8 19    5.7  999.9    28.0    14.0    0.0I 999.9  100000
871620  20130603    16.7 22    13.7 22  1019.9  7  1012.8  7   10.9 22    1.7 22    2.6  999.9    24.6     8.5  103.9A 999.9  100000
871620  20130604    16.8 22    12.6 22  1018.0  7  1010.9  7   11.3 22    1.8 22    4.1  999.9    25.0*    8.1    0.0I 999.9  000000
871620  20130605    19.3 19    15.1 19  1015.0  8  1007.9  8   13.0 19    3.1 19    7.2  999.9    27.5*   10.6    0.0I 999.9  000000
871620  20130606    19.7 19    16.3 19  1016.8  9  1009.8  9    9.7 19    2.0 19    4.6  999.9    27.5    12.3    0.0I 999.9  100000
871620  20130607    18.9 24    14.1 24  1017.5  8  1010.3  8   12.9 24    2.8 24    4.1  999.9    27.4*   12.8    0.0I 999.9  000000
871620  20130608    19.6 24    16.5 24  1019.8  7  1012.9  7   12.2 24    2.1 24    3.6  999.9    27.6*   15.0    0.0I 999.9  000000
871620  20130609    19.3 18    17.7 18  1016.1  7  1009.2  7   14.2 18    3.4 18    7.2  999.9    27.2    16.0    0.8G 999.9  010010
871620  20130610    19.8 20    17.2 20  1017.0  8  1010.0  8   12.7 20    2.4 19    7.7  999.9    25.0*   14.6   31.0G 999.9  010010
871620  20130611    19.6 24    17.5 24  1018.0  8  1011.0  8    9.5 24    2.0 24    4.1  999.9    26.0*   14.0    0.0G 999.9  100000
871620  20130612    21.3 21    18.1 21  1018.0  7  1011.0  7   10.1 21    2.0 21    3.6  999.9    28.0*   14.7    0.0I 999.9  100000
871620  20130613    20.2 24    16.2 24  1017.1  7  1010.2  7   12.2 24    2.6 24    6.2  999.9    28.0    14.8    0.0I 999.9  100000
871620  20130614    17.4 22    16.2 22  1015.3  7  1008.3  7    9.7 22    4.2 22   11.8  999.9    26.6    14.7*  34.0A 999.9  010010
871620  20130615    17.1 19    14.8 19  1015.3  7  1008.2  7   14.8 19    2.4 19    6.2  999.9    21.0*   13.7   18.0A 999.9  000000
871620  20130616    18.2 24    16.9 24  1011.8  8  1004.8  8   10.1 24    1.3 24    4.1  999.9    21.4*   15.0    0.0I 999.9  100000
871620  20130617    17.5 22    16.1 22  1016.0  8  1009.0  8   12.9 22    2.6 22    4.6  999.9    21.5    15.9    0.0I 999.9  000000
871620  20130618    18.0 24    17.1 24  1013.4  7  1006.3  7   11.3 24    3.1 24    5.1  999.9    22.0*   15.6    0.0G 999.9  010010
871620  20130619    16.1 17    13.7 17  1015.2  7  1008.1  7   13.8 17    7.8 17   10.8  999.9    21.6    15.0*  39.1G 999.9  010010
871620  20130620    12.5 24    11.0 24  1015.6  7  1008.8  7    9.0 24    6.1 24   11.3  999.9    16.8    11.0*   0.0G 999.9  010000
871620  20130621    10.3 17    10.1 17  1014.1  6  1006.8  6    5.0 17    1.8 17    4.1  999.9    12.6*    9.0*   7.1G 999.9  010000
871620  20130622    10.9 21     9.7 21  1016.1  8  1008.8  8   11.4 21    2.9 21    4.6  999.9    13.1*    6.6    0.0G 999.9  010000
871620  20130623    11.0 23    10.3 23  1017.4  8  1010.1  8    9.5 23    2.3 23    5.0  999.9    14.0*    8.0*   0.0G 999.9  010000
871620  20130624    14.3 23    13.7 23  1015.8  7  1008.6  7    8.2 23    1.9 23    4.1  999.9    16.0*   10.9    0.8G 999.9  010000
871620  20130625    13.6 22    12.1 22  1016.9  8  1009.7  8   10.9 22    1.5 22    4.1  999.9    16.2    10.8    0.0G 999.9  100000
871620  20130626    11.8 24     9.7 24  1017.8  8  1010.6  8   11.6 24    1.2 24    3.6  999.9    18.0*    7.7    0.0I 999.9  000000
871620  20130627    14.6 24    13.4 24  1016.9  8  1009.7  8    9.8 24    1.7 24    5.7  999.9    19.0*    9.6    0.5G 999.9  010000
871620  20130628    20.1 24    18.1 24  1009.7  8  1002.6  8   13.8 24    2.4 18    6.2  999.9    26.0*   16.0    0.3G 999.9  010000
871620  20130629    19.1 19    16.1 19  1011.0  8  1003.6  7   14.8 19    4.2 19    6.7  999.9    26.4    15.0*   0.0G 999.9  000000
871620  20130630    15.5 23    11.9 23  1015.8  7  1008.7  7   13.0 23    3.8 23    7.2  999.9    21.5    10.6    0.0I 999.9  000000
871620  20130701    13.6 24     9.2 24  1020.1  8  1012.6  8   13.2 24    2.8 24    4.6  999.9    21.6     7.4    0.0I 999.9  000000
871620  20130702    14.4 22    10.9 22  1018.6  8  1011.4  8   13.4 22    3.0 22    4.6  999.9    23.1*    6.5    0.0I 999.9  000000
871620  20130703    19.8 22    16.1 22  1013.0  8  1006.0  8   13.5 22    6.5 22   12.0  999.9    26.0*   11.3  999.9  999.9  010000
871620  20130704    23.4 24    19.9 24  1011.0  8  1004.0  8   14.2 24    4.0 24    6.7  999.9    29.0*   16.6    0.5G 999.9  010010
871620  20130705    25.2 21    19.8 21  1012.2  8  1005.3  8   14.3 21    5.8 20   12.0  999.9    30.0*   21.8    1.0G 999.9  000000
871620  20130706    25.4 24    19.8 24  1010.9  7  1004.0  7   13.0 24    4.6 24    7.7  999.9    30.3    22.0*   0.0G 999.9  000000
871620  20130707    20.4 24    18.8 24  1014.6  8  1007.7  8    9.3 24    4.7 24    7.7  999.9    30.0    15.0*   7.9G 999.9  010000
871620  20130708    14.7 19    11.8 19  1022.8  8  1015.6  8   13.4 19    4.5 19    7.7  999.9    18.7    12.6    3.0G 999.9  010000
871620  20130709    17.2 24    15.7 24  1019.6  8  1012.5  8   13.5 24    2.1 17    4.1  999.9    21.0*   13.0    0.0G 999.9  000000
871620  20130710    21.7 24    17.7 24  1016.1  8  1009.1  8   10.9 24    4.4 24    8.2  999.9    28.0*   15.8    0.0I 999.9  000000
871620  20130711    22.7 24    17.6 24  1014.4  7  1007.5  7   12.9 24    5.0 24    8.2  999.9    29.0*   17.0    0.0I 999.9  000000
871620  20130712    22.6 24    17.9 24  1015.0  8  1007.7  7   14.2 24    2.7 24    5.1  999.9    29.0    18.0    0.0I 999.9  000000
871620  20130713    20.4 24    19.5 24  1015.2  8  1008.3  8   11.3 24    2.6 17    6.2  999.9    27.8    19.0   24.9G 999.9  010010
871620  20130714    19.9 20    18.6 20  1015.8  8  1008.9  8   10.9 20    2.1 20    3.6  999.9    22.6    17.7    2.0G 999.9  000000
871620  20130715    18.3 20    15.6 20  1019.8  8  1012.8  8   14.6 20    3.4 20    5.1  999.9    22.9    14.8    0.0G 999.9  000000
871620  20130716    16.0 24    10.5 24  1019.3  8  1012.5  8   13.2 24    2.1 24    3.6  999.9    24.0*    9.0    0.0I 999.9  000000
871620  20130717    20.2 20    14.9 20  1014.3  8  1007.4  8   13.8 20    2.9 20    4.6  999.9    27.0*   13.6    0.0I 999.9  000000
871620  20130718    21.8 23    17.3 23  1007.9  7  1001.0  7   13.5 23    4.6 23   11.8  999.9    29.2*   18.5  999.9  999.9  010000
871620  20130719    13.2 24     7.4 24  1016.8  8  1009.7  8   14.0 24    7.0 17   12.9  999.9    18.6*   10.0*   0.0G 999.9  000000
871620  20130720    10.5 23     7.7 23  1011.3  8  1004.0  8   14.3 23    1.9 23    4.1  999.9    14.1     8.6    0.0I 999.9  000000
871620  20130721    10.6 24     5.2 24  1016.2  8  1008.9  8   13.8 24    4.3 24    8.7  999.9    14.0*    6.6    0.0I 999.9  000000
871620  20130722     8.7 18     1.1 18  1025.7  7  1018.1  6   14.5 18    3.6 18    8.7  999.9    14.0     3.8    0.0I 999.9  000000
871620  20130723     7.7 19    -0.6 19  1028.5  6  1021.0  6   13.2 19    2.3 19    4.1  999.9    13.0*   -0.5    0.0I 999.9  000000
871620  20130724     8.0 24     2.1 24  1028.8  8  1021.4  8   12.2 24    1.7 24    3.6  999.9    15.3*    1.0    0.0I 999.9  000000
871620  20130725     8.8 24     2.6 24  1027.8  8  1020.4  8   10.8 24    2.4 24    5.1  999.9    16.2*    1.6    0.0I 999.9  000000
871620  20130726    12.9 23     5.4 23  1024.4  8  1017.1  8   13.4 23    5.4 18   10.3  999.9    21.1*    5.8    0.0I 999.9  000000
871620  20130727    15.4 23     9.7 23  1019.7  8  1012.5  8   13.4 23    2.5 23    4.6  999.9    24.0*    6.8    0.0I 999.9  000000
871620  20130728    18.2 23    13.3 23  1018.7  8  1011.5  8   12.1 23    2.2 23    3.1  999.9    27.0*   11.4    0.0I 999.9  000000
871620  20130729    21.4 23    14.8 23  1017.8  8  1010.9  8   13.4 23    3.2 23    5.7  999.9    31.0*   13.7    0.0I 999.9  000000
871620  20130730    20.7 20    15.9 20  1016.5  8  1009.6  8   13.0 20    3.2 20    8.7  999.9    31.2    15.8    0.0I 999.9  000000
871620  20130731    22.5 24    13.7 24  1011.5  8  1004.6  8   13.2 24    5.0 18    8.2  999.9    30.8    14.3    0.0I 999.9  000000
871620  20130801    23.8 22    14.4 22  1008.7  7  1001.9  7   14.3 10    4.7 22    8.2  999.9    32.2*   17.8    0.0I 999.9  000000
871620  20130802    15.9 23    13.5 23  1014.3  7  1007.4  7   13.7 19    3.6 23    5.7  999.9    32.5    14.6    0.0I 999.9  000000
871620  20130803    13.9 24    11.7 24  1016.3  8  1009.1  8   13.4 24    3.6 24    8.0  999.9    15.3    12.8    0.0I 999.9  000000
871620  20130804    14.1 24    11.7 24  1017.4  8  1010.2  8   13.8 21    3.5 24    7.0  999.9    19.0*   10.0*   0.0I 999.9  000000
871620  20130805    14.2 15    11.5 15  1014.5  6  1007.4  6   18.5  7    2.0 15    3.1  999.9    26.1*    9.6    0.0I 999.9  000000
871620  20130806    20.7  8    15.9  8  1014.7  8  1007.6  7   18.5  8    3.7  8    5.1  999.9    26.5    14.0    1.0G 999.9  010000
871620  20130807    26.1 12    16.2 12  1006.2  8   999.3  8   20.0  8    6.6 12   12.9  999.9    32.1*   18.4    0.0G 999.9  000000
871620  20130808    23.2 24    13.5 24  1003.6  8   996.8  8   15.0 16    7.0 24   11.8  999.9    32.6    15.0*   0.0I 999.9  000000
871620  20130809    13.3 21     6.6 21  1018.2  8  1011.1  8   13.8 21    8.2 21   10.3  999.9    27.1    12.0    0.0I 999.9  000000
871620  20130810    11.8 24     4.3 24  1025.0  8  1017.7  8   14.5 18    4.1 24    7.7  999.9    17.0*    5.3    0.0G 999.9  000000
871620  20130811    11.1 24     3.8 24  1019.0  8  1011.8  8   20.0  8    3.1 24    6.2  999.9    20.0*    3.0    0.0I 999.9  000000
871620  20130812    15.2 22     5.8 22  1011.9  7  1004.7  7   17.1 10    2.9 22    5.1  999.9    23.0*    8.0*   0.0I 999.9  000000
871620  20130813    14.3 24     7.5 24  1017.5  8  1010.4  8   13.5 21    6.7 24   10.3  999.9    16.4     9.0*   0.0G 999.9  010000
871620  20130814     7.7 24     0.8 24  1031.3  9  1023.9  9   18.2 11    3.7 24    6.2  999.9    14.0*    1.0*   0.0I 999.9  000000
871620  20130815    10.9 15     0.7 15  1025.2  5  1017.8  5   13.0  9    3.1 15    9.8  999.9    18.0*    1.9*   0.0I 999.9  000000
871620  20130816    12.8 21     4.4 21  1021.5  7  1014.3  7   10.0 18    1.8 21    2.6  999.9    23.0*    2.9*   0.0I 999.9  000000
871620  20130817    13.8 24     6.3 24  1023.1  7  1015.9  8   15.1 11    2.6 24    4.1  999.9    23.0*    5.0*   0.0I 999.9  000000
871620  20130818    16.2 24     9.6 24  1019.2  8  1012.0  8   18.8  9    3.1 24    7.2  999.9    26.0*    7.0*   0.0I 999.9  000000
871620  20130819    19.9 23    13.0 23  1015.1  7  1008.0  7   20.0  7    3.9 23    7.2  999.9    29.0*   12.0*   0.0I 999.9  000000
871620  20130820    23.3 24    14.4 24  1012.7  8  1005.7  8   12.7 14    5.4 24   10.3  999.9    32.0*   16.6*   0.0I 999.9  000000
871620  20130821    26.3 20    13.7 19  1008.8  7  1002.0  7    9.0 14    5.8 20   15.0  999.9    33.1*   21.9*   0.0I 999.9  000000
871620  20130822    25.3 20    13.8 20  1006.3  8   999.6  8    8.7 20    6.1 20   13.4   19.0    34.0*   17.0*   0.0I 999.9  000010
871620  20130823    10.3 23     3.8 22  1017.6  7  1010.5  7   13.5 20    7.5 23   11.8  999.9    14.1*    9.0*   1.0G 999.9  010010
871620  20130824     7.4 24     3.9 24  1021.9  7  1014.5  7    9.2 24    4.8 24    6.7  999.9     9.0*    6.0*   3.0G 999.9  010010
871620  20130825     8.0 24     7.7 24  1024.2  8  1016.8  8    5.8 24    5.0 24    9.3  999.9     9.4*    7.0*  41.9G 999.9  010000
871620  20130826     8.8 23     4.4 23  1026.9  8  1019.6  8    8.5 20    7.9 22   10.3  999.9    13.0*    6.0*   5.1G 999.9  010000
871620  20130827     7.4 22     0.4 21  1028.8  8  1021.2  7   20.0  8    2.1 22    4.1  999.9    15.0*   -0.2*   0.0G 999.9  000000
871620  20130828    10.1 24     3.1 24  1026.9  8  1019.5  8   18.7  9    2.3 24    5.1  999.9    19.0*    2.9*   0.0I 999.9  000000
871620  20130829    13.6 24     5.8 24  1021.5  8  1014.3  8   15.6 11    2.7 24    5.7  999.9    25.0*    4.0*   0.0I 999.9  000000
871620  20130830    17.9 23     8.7 23  1014.6  8  1007.5  8   17.1  9    3.4 23    7.2  999.9    29.4*    8.0*   0.0I 999.9  000000
871620  20130831    25.8 17    13.5 17  1008.4  7  1001.5  7   10.9 16    4.4 17    9.3  999.9    34.0*   16.0    0.0I 999.9  000000
871620  20130901    26.1 23    16.7 23  1006.6  8   999.8  8   13.5 12    2.7 23    4.6  999.9    34.0    19.0*   0.0I 999.9  000000
871620  20130902    23.0 23    18.2 23  1006.6  8   999.9  8   13.2 13    4.2 23   11.3  999.9    27.5*   19.0*   9.9G 999.9  010010
871620  20130903    19.0 23    16.4 23  1013.1  8  1006.2  8   13.8 16    4.7 23   14.0  999.9    24.0*   15.0*   7.1G 999.9  000000
871620  20130904    16.8 22     9.2 22  1021.2  8  1014.1  8   20.0  8    4.5 21    7.2  999.9    23.1*    9.3    0.0G 999.9  000000
871620  20130905    20.0 24    12.6 24  1016.5  8  1009.4  8   18.7  9    3.9 24    7.7  999.9    30.4*   12.0*   0.0I 999.9  000000
871620  20130906    24.8 24    16.5 24  1014.0  8  1007.1  8   15.4 12    4.3 24    9.3  999.9    33.0*   18.9*   0.0I 999.9  000000
871620  20130907    24.8 21    16.8 21  1010.6  8  1003.8  8   14.8 11    4.9 21    9.8  999.9    34.0*   19.0*   0.0I 999.9  000000
871620  20130908    27.8 21    18.8 21  1011.4  8  1004.6  8   11.6 19    4.5 21   13.9  999.9    34.0*   22.9*   0.0I 999.9  000000
871620  20130909    25.1 20    18.0 20  1015.8  8  1008.9  8   15.1 10    3.2 19    6.7  999.9    32.3*   16.8    0.0I 999.9  000000
871620  20130910    27.5 22    16.6 22  1013.5  8  1006.6  8   10.9 15    5.6 21   12.0  999.9    36.0*   20.0*   0.0I 999.9  000000
871620  20130911    29.3 21    13.9 21  1009.8  8  1003.0  8   17.5  9    5.4 21    7.7  999.9    37.0*   22.0*   0.0I 999.9  000000
871620  20130912    28.1 23    13.7 23  1006.6  8   999.8  8    7.7 18    5.3 23   10.0  999.9    36.0*   22.0*   0.0I 999.9  000000
871620  20130913    24.2 24    15.4 24  1009.4  8  1002.6  8   13.0 12    5.6 24   10.0  999.9    28.0    19.0*   0.0I 999.9  000000
871620  20130914    17.3 22    14.8 22  1014.1  8  1007.1  8   14.0 20    3.2 22    5.7  999.9    20.0*   15.0*   0.0I 999.9  000000
871620  20130915    14.7 16    13.1 16  1014.2  6  1007.1  6   11.7 16    2.6 16    4.1  999.9    16.4*   13.7*   1.0A 999.9  010000
871620  20130916    13.8 23    11.3 23  1013.3  8  1006.1  8   12.6 23    3.8 23    5.7  999.9    16.0*   12.0*   1.0D 999.9  010000
871620  20130917    13.7 24     6.3 24  1018.7  8  1011.6  8   13.8 21    5.6 24    8.8  999.9    18.0*   11.0*   0.0G 999.9  000000
871620  20130918    11.8 23     4.3 23  1022.2  7  1014.9  7   16.7  9    2.5 23    5.1  999.9    19.0*    4.0*   0.0I 999.9  000000
871620  20130919    13.9 24     4.8 23  1021.3  8  1014.2  8   18.7  9    3.3 24    7.7  999.9    21.3*    6.0*   0.0I 999.9  000000
871620  20130920    20.1 24    11.2 24  1010.0  8  1003.0  8   13.0 19    3.5 24    6.0  999.9    28.0*   13.4*   0.0I 999.9  000000
871620  20130921    22.7 21    11.5 21  1005.3  7   998.4  7   15.4 13    6.8 21   10.3  999.9    28.2*   17.0*   0.0I 999.9  000000
871620  20130922    16.6 16    12.9 16  1012.5  7  1005.5  7   13.7 16    6.1 16   10.3  999.9    20.4*   14.0*   4.1G 999.9  010010
871620  20130923    13.6 24     7.8 24  1023.9  8  1016.7  8   13.8 21    5.4 24    8.2  999.9    18.2*    9.9*   0.0G 999.9  000000
871620  20130924    11.7 24     2.2 24  1027.7  8  1020.4  8   17.4  9    4.7 24    8.8  999.9    19.0*    3.2    0.0I 999.9  000000
871620  20130925    12.2 24     5.7 24  1024.2  8  1017.0  8   14.5 16    3.4 24    6.7  999.9    21.0*    3.2    0.0I 999.9  000000
871620  20130926    16.9 24     8.7 24  1016.9  7  1009.7  7   18.5  7    3.5 24    7.7  999.9    27.0*    7.2    0.0I 999.9  000000
871620  20130927    20.5 23    12.8 23  1011.5  8  1004.5  8   15.3 12    3.4 23    5.7  999.9    27.7    15.2    0.0I 999.9  000000
871620  20130928    21.3 22    18.4 21  1011.0  7  1004.1  7   10.8 22    4.0 21    9.3  999.9    27.4    17.0*  53.1G 999.9  010010
871620  20130929    18.1 24    16.3 24  1014.9  8  1007.9  8   12.2 19    4.2 24    6.7  999.9    26.5    16.0*   0.0G 999.9  010000
871620  20130930    14.5 22    10.7 22  1016.1  8  1009.0  8   13.7 22    5.7 22    8.2  999.9    18.0    12.8    0.0I 999.9  000000
871620  20131001    17.7 18     9.8 18  1015.9  8  1008.8  8   17.4  9    2.7 18    5.7  999.9    23.1*    7.4    0.0I 999.9  000000
871620  20131002    18.7 23    12.0 23  1014.7  8  1007.7  8   16.1 13    3.0 23    5.1  999.9    25.0*   10.1*   0.0I 999.9  000000
871620  20131003    22.1 23    15.1 23  1011.5  8  1004.5  8   16.7 12    2.9 23    7.2  999.9    29.0*   14.3    0.0I 999.9  000000
871620  20131004    19.7 23    10.9 23  1017.0  8  1010.1  8   20.0  8    4.5 23    7.2  999.9    29.7    13.3    0.0I 999.9  000000
871620  20131005    17.3 23     9.9 23  1019.0  8  1011.9  8   18.8  9    3.2 23    6.7  999.9    25.6     9.0    0.0I 999.9  000000
871620  20131006    17.9 22    11.1 22  1019.2  8  1012.1  8   20.0  8    3.1 22    7.7  999.9    25.3    10.7    0.0I 999.9  000000
871620  20131007    20.1 24    11.7 24  1018.6  8  1011.6  8   20.0  8    3.3 24    6.2  999.9    28.0*   12.5    0.0I 999.9  000000
871620  20131008    24.6 18    13.4 18  1016.1  8  1009.1  8   18.7  9    6.0 18   11.3  999.9    30.4*   15.4*   0.0I 999.9  000000
871620  20131009    26.6 17    15.2 16  1011.6  8  1004.7  8   13.7 12    6.0 16    9.8  999.9    34.0*   16.0*   0.0I 999.9  000000
871620  20131010    22.4 18    19.0 18  1012.4  8  1005.6  8   11.7 15    5.7 18    9.8  999.9    33.9    20.0*  25.9G 999.9  010010
871620  20131011    24.3 17    19.3 17  1012.3  7  1005.4  7   13.5 16    2.5 17    3.6  999.9    29.0*   17.9*   4.1G 999.9  000000
871620  20131012    21.4 22    20.3 22  1011.5  7  1004.6  7   11.3 22    2.1 22    5.1  999.9    24.1*   19.0*   0.0G 999.9  010010
871620  20131013    23.4 23    20.3 23  1011.9  8  1004.9  8   13.5 22    2.5 23    6.0  999.9    28.2*   19.9*  34.0G 999.9  000000
871620  20131014    23.4 18    20.3 18  1013.8  8  1006.8  8   15.0 18    2.2 17    4.1  999.9    28.5    21.0*   0.0G 999.9  000000
871620  20131015    23.2 24    20.0 24  1015.7  8  1008.7  8   12.2 23    1.9 24    3.6  999.9    27.0*   20.3    1.0G 999.9  010000
871620  20131016    24.1 23    18.4 23  1013.2  8  1006.3  8   14.2 18    2.0 23    4.6  999.9    30.0*   17.7    0.0G 999.9  010000
871620  20131017    23.9 24    16.7 24  1011.5  8  1004.6  8   16.3 12    2.7 24    5.1  999.9    30.3*   17.5    0.0I 999.9  000000
871620  20131018    23.3 24    14.7 24  1011.2  8  1004.3  8   17.2 11    2.8 24    5.1  999.9    31.0*   15.5    0.0I 999.9  000000
871620  20131019    27.2 16    15.5 16  1009.3  7  1002.5  7   20.0  7    3.1 16    5.1  999.9    32.0*   16.0    0.0I 999.9  000000
871620  20131020    26.5 23    16.8 23  1002.6  7   995.8  7   17.7  9    6.3 23   10.3  999.9    35.1*   17.1    0.0I 999.9  000000
871620  20131021    25.6 23    20.1 23  1003.2  8   997.3  8   13.4 21    6.0 23   11.3   12.9    36.6    21.0*   6.1A 999.9  010010
871620  20131022    22.3 24    17.6 24  1009.6  9  1002.6  9   16.9 13    4.0 24    8.2  999.9    28.3*   15.8    0.0I 999.9  000000
871620  20131023    28.4 23    22.8 23  1004.8  7   998.1  7   14.0 15    4.1 23    7.7  999.9    35.1*   22.3    0.0I 999.9  000000
871620  20131024    23.9 23    21.7 23  1010.4  8  1004.3  7   12.7 20    5.1 23   11.8  999.9    35.6    19.8   35.1G 999.9  010010
871620  20131025    21.2 22    20.4 22  1015.0  8  1008.1  8   10.8 22    3.7 22    6.7  999.9    24.2    19.9    0.8G 999.9  010000
871620  20131026    25.8 18    22.4 18  1010.3  8  1003.4  8   10.5 18    2.9 18    6.2  999.9    30.0*   20.3    0.8G 999.9  100000
871620  20131027    22.8 22    16.7 22  1014.3  8  1007.4  8   15.0 16    4.7 22    8.8  999.9    30.0    17.3    0.0G 999.9  000000
871620  20131028    22.1 24    14.6 24  1014.2  8  1007.2  8   20.0  8    4.2 24    7.7  999.9    28.0*   16.0*   0.0I 999.9  000000
871620  20131029    24.6 22    17.8 22  1008.8  8  1001.9  8   16.7 12    2.4 22    3.6  999.9    34.0*   17.7    0.0I 999.9  000000
871620  20131030    25.7 21    22.2 21  1007.8  8  1001.0  8   14.2 17    3.4 21    9.3  999.9    34.5    23.0*   1.0A 999.9  010010
871620  20131031    29.7 16    21.8 16  1006.0  7   999.2  7   17.7  9    5.3 16    7.7  999.9    35.0*   21.2    0.0I 999.9  000000
871620  20131101    30.8 16    21.8 16  1004.9  7   998.3  7   13.8 15    7.7 16   12.9  999.9    35.0*   25.0*   0.0I 999.9  000000
871620  20131102    23.9 23    21.4 23  1007.9  8  1001.1  8    8.5 23    5.8 23   17.0  999.9    36.0    21.9*  83.1G 999.9  010010
871620  20131103    21.6 22    16.1 22  1014.9  6  1007.9  6   14.0 15    3.9 22    7.7  999.9    26.0*   16.7    3.0G 999.9  000000
871620  20131104    22.7 16    13.1 16  1015.0  8  1008.1  8   18.0 10    4.3 16    7.2  999.9    26.4    14.5    0.0G 999.9  000000
871620  20131105    21.6 21    14.4 21  1014.3  8  1007.3  8   20.0  8    3.6 21    6.2  999.9    28.3*   15.2    0.0I 999.9  000000
871620  20131106    25.4 21    17.8 21  1012.8  8  1006.0  8   16.7 12    3.6 21    7.2  999.9    33.0*   17.0*   0.0I 999.9  000000
871620  20131107    26.5 23    18.3 23  1011.8  8  1004.9  8   16.7 12    5.9 23   11.3  999.9    32.9    21.5*   0.0I 999.9  000000
871620  20131108    27.6 24    19.4 24  1008.3  8  1001.6  8   17.2 11    5.4 24   10.0  999.9    35.0*   20.1    0.0I 999.9  000000
871620  20131109    30.9 23    20.6 22  1002.5  8   995.8  8   15.8 14    6.3 23   10.3  999.9    37.4*   24.9*   0.0I 999.9  000000
871620  20131110    33.3 16    21.7 16   998.3  6   993.1  7   16.1 13    6.3 16   10.3  999.9    37.6    27.4    0.0I 999.9  000000
871620  20131111    23.7 23    20.6 23  1002.8  8   996.1  8   10.9 21    4.3 23    8.8  999.9    37.7    19.9    0.0G 999.9  010000
871620  20131112    21.7 24    14.8 24  1011.8  8  1004.8  8   17.5  9    1.8 24    4.1  999.9    29.0*   13.0    4.1G 999.9  000000
871620  20131113    24.2 24    15.7 24  1014.0  8  1007.1  8   20.0  8    3.9 24    7.7  999.9    32.0*   16.6    0.0G 999.9  000000
