874970  20130101    18.3  6     9.7  6  1017.5  6  1014.8  6   15.0  6    5.5  6    8.7  999.9    31.3    12.3    2.0G 999.9  000000
874970  20130102    19.1  6    10.1  6  1021.1  6  1018.3  6   15.0  6    1.3  6    3.1  999.9    23.7*   10.2    0.0G 999.9  000000
874970  20130103    21.7  6    12.1  6  1017.8  6  1015.1  6   15.0  6    3.4  6    7.7  999.9    26.8*   13.9    0.0I 999.9  000000
874970  20130104    27.2  6    19.0  6  1012.8  6  1010.1  6   15.0  6    4.0  6    6.2  999.9    32.7*   19.2    0.0I 999.9  000000
874970  20130105    26.4  6    21.1  6  1008.6  6  1005.9  6   15.0  6    3.4  6    6.7  999.9    33.3    20.3    9.9G 999.9  000010
874970  20130106    25.9  6    20.3  6  1006.7  6  1004.1  6   13.0  6    2.4  6    5.1  999.9    30.4*   18.9    0.0G 999.9  000000
874970  20130107    27.4  6    20.9  6  1003.2  6  1000.5  6   15.0  6    2.4  6    5.1  999.9    30.9    21.5    0.0I 999.9  000000
874970  20130108    27.5  6    22.3  6  1008.1  6  1005.5  6   14.0  6    0.9  6    2.6  999.9    31.9    21.5    0.0I 999.9  000000
874970  20130109    27.6  6    19.8  6  1015.0  6  1012.3  6   15.0  6    2.1  6    3.1  999.9    32.0*   19.8    0.0I 999.9  000000
874970  20130110    27.6  6    16.3  6  1017.6  6  1014.9  6   14.2  6    3.5  6    5.1  999.9    32.4    19.8    0.0I 999.9  000000
874970  20130111    26.7  6    15.4  6  1015.0  6  1012.4  6   15.0  6    3.1  6    5.1  999.9    32.3    17.9    0.0I 999.9  000000
874970  20130112    25.5  6    15.6  6  1012.1  6  1009.5  6   15.0  6    3.9  6    6.2  999.9    31.8    18.5    0.0I 999.9  000000
874970  20130113    26.2  6    16.1  6  1015.0  6  1012.3  6   15.0  6    2.6  6    5.1  999.9    30.1*   17.8    0.0I 999.9  000000
874970  20130114    25.9  6    16.3  6  1014.9  6  1012.2  6   15.0  6    2.1  6    4.1  999.9    31.0    17.3    0.0I 999.9  000000
874970  20130115    26.9  6    17.7  6  1011.6  6  1009.0  6   15.0  6    2.4  6    4.1  999.9    31.4*   19.2    0.0I 999.9  000000
874970  20130116    27.1  6    18.8  6  1007.5  6  1004.9  6   15.0  6    2.2  6    4.1  999.9    31.7*   20.2    0.0I 999.9  000000
874970  20130117    24.3  6    20.3  6  1010.5  6  1007.9  6   12.1  6    2.3  6    3.6  999.9    32.4    20.1   40.9G 999.9  010010
874970  20130118    24.6  7    19.9  7  1014.7  7  1012.1  7   15.0  7    1.0  7    3.1  999.9    29.7*   19.2    1.0G 999.9  000000
874970  20130119    22.8  6    18.3  6  1017.1  6  1014.4  6   12.7  6    3.8  6    6.7  999.9    30.0    18.8    0.0G 999.9  000000
874970  20130120    22.9  6    14.4  6  1020.6  6  1017.9  6   15.0  6    2.4  6    4.1  999.9    26.8*   17.5    0.0I 999.9  000000
874970  20130121    23.6  6    14.7  6  1019.3  6  1016.6  6   15.0  6    2.9  6    5.1  999.9    27.6*   17.6    0.0I 999.9  000000
874970  20130122    25.5  6    16.7  6  1016.6  6  1013.9  6   15.0  6    3.2  6    4.1  999.9    30.4*   19.0    0.0I 999.9  000000
874970  20130123    28.3  6    19.6  6  1011.7  6  1009.1  6   15.0  6    2.5  6    4.1  999.9    33.2*   18.8    0.0I 999.9  000000
874970  20130124    27.8  6    19.2  6  1003.4  6  1000.8  6   13.4  6    5.8  6    9.3  999.9    34.1    20.5    2.0G 999.9  010010
874970  20130125    22.0  6    12.9  6  1010.0  6  1007.3  6   15.0  6    7.5  6   11.3  999.9    34.4    15.2    0.0G 999.9  000000
874970  20130126    20.3  6     8.8  6  1015.3  6  1012.6  6   15.0  6    0.9  6    2.6  999.9    26.6*    9.2    0.0I 999.9  000000
874970  20130127    24.6  6    11.8  6  1015.1  6  1012.4  6   15.0  6    4.1  6    6.7  999.9    31.0*   13.8    0.0I 999.9  000000
874970  20130128    27.4  6    14.8  6  1015.1  6  1012.4  6   15.0  6    2.5  6    4.1  999.9    33.2*   17.4    0.0I 999.9  000000
874970  20130129    28.7  6    14.8  6  1014.7  6  1012.1  6   15.0  6    2.5  6    6.2  999.9    33.8    19.6    0.0I 999.9  000000
874970  20130130    30.6  6    16.2  6  1010.7  6  1008.1  6   15.0  6    1.9  6    5.1  999.9    37.2*   21.2    0.0I 999.9  000000
874970  20130131    27.0  6    19.4  6  1009.9  6  1007.2  6   15.0  6    2.5  6    6.2  999.9    37.9    21.3    0.0I 999.9  000000
874970  20130201    30.7  6    20.5  6  1006.1  6  1003.4  6   15.0  6    2.5  6    5.1  999.9    37.1*   21.8    0.0I 999.9  000000
874970  20130202    26.9  6    21.5  6  1009.2  6  1006.6  6   15.0  6    3.5  6    5.1  999.9    38.5    20.3   17.0G 999.9  000010
874970  20130203    22.7  6    11.8  5  1016.9  6  1014.4  6   15.0  6    4.6  6    6.2  999.9    30.5    16.2    0.0G 999.9  000000
874970  20130204    21.6  6    10.8  6  1014.9  6  1012.2  6   15.0  6    1.6  6    5.1  999.9    27.3*   12.8    0.0I 999.9  000000
874970  20130205    23.3  5    12.0  5  1015.6  5  1012.9  5   15.0  5    2.6  5    4.6  999.9    29.2*   14.6    0.0I 999.9  000000
874970  20130206    24.5  6    12.6  6  1016.8  6  1014.1  6   15.0  6    3.8  6    6.2  999.9    30.1    17.2    0.0I 999.9  000000
874970  20130207    25.2  6    15.9  6  1015.7  6  1013.1  6   15.0  6    2.5  6    5.1  999.9    30.4*   16.7    0.0I 999.9  000000
874970  20130208    27.1  6    17.6  6  1012.9  6  1010.3  6   15.0  6    2.6  6    5.1  999.9    31.5*   20.1    0.0I 999.9  000000
874970  20130209    26.4  4    17.3  4  1011.9  4  1009.2  4   15.0  4    4.2  4    6.7  999.9    32.2    19.6    0.0I 999.9  000000
874970  20130210    27.5  6    19.6  6  1008.4  6  1005.8  6   15.0  6    2.9  6    6.7  999.9    33.6    22.1    0.0I 999.9  000010
874970  20130211    26.8  6    19.3  6  1007.2  6  1004.6  6   15.0  6    3.0  6    4.6  999.9    33.7    21.2    0.0G 999.9  000000
874970  20130212    28.7  6    17.3  6  1004.5  6  1001.9  6   12.6  6    1.2  6    2.6  999.9    35.3*   18.5    0.0I 999.9  100000
874970  20130213    25.1  6    18.2  6  1008.7  6  1006.0  6   15.0  6    3.4  6    8.2  999.9    35.6    19.3    1.0G 999.9  010010
874970  20130214    26.2  6    19.6  6  1010.2  6  1007.5  6   15.0  6    2.0  6    2.6  999.9    32.3*   19.4   15.0G 999.9  000000
874970  20130215    27.2  6    18.9  6  1010.5  6  1007.9  6   14.2  6    1.8  6    2.6  999.9    33.3    18.3    0.0G 999.9  000000
874970  20130216    28.7  6    19.4  6  1005.7  6  1003.1  6   15.0  6    2.5  6    4.1  999.9    34.6*   20.8    0.0I 999.9  000000
874970  20130217    24.9  6    21.1  6  1006.0  6  1003.4  6   15.0  6    2.1  6    2.6  999.9    35.2    20.3   15.0G 999.9  010010
874970  20130218    20.4  5    15.6  5  1017.3  5  1014.6  5   13.8  5    2.9  5    6.2  999.9    24.8    18.7    1.0G 999.9  010000
874970  20130219    17.4  6    13.9  6  1017.9  6  1015.1  6   11.6  6    3.3  6    5.1  999.9    22.0    15.2    3.0G 999.9  010000
874970  20130220    18.8  6    16.9  6  1014.5  6  1011.7  6   13.7  6    4.0  6    7.7  999.9    19.8*   14.7    5.1G 999.9  010000
874970  20130221    21.7  6    17.7  6  1013.0  6  1010.4  6   11.3  6    3.0  6    4.1  999.9    25.8*   17.5    7.9G 999.9  010000
874970  20130222    22.5  6    17.0  6  1018.3  6  1015.6  6   15.0  6    4.0  6    5.7  999.9    26.7*   16.3    0.0G 999.9  000000
874970  20130223    24.5  6    17.3  6  1012.5  6  1009.8  6   15.0  6    5.6  6    7.7  999.9    30.3*   17.1    0.0I 999.9  000000
874970  20130224    23.1  6    20.4  6  1007.5  6  1004.9  6   12.7  6    2.8  6    6.2  999.9    30.5    20.7   10.9G 999.9  010010
874970  20130225    19.9  6    14.5  6  1012.2  6  1009.5  6   15.0  6    6.2  6   10.3  999.9    24.9    14.1   10.9G 999.9  000000
874970  20130226    18.3  6     9.2  6  1016.8  6  1014.0  6   15.0  6    3.7  6    6.2  999.9    23.3    10.8    0.0G 999.9  000000
874970  20130227    19.4  6    10.3  6  1016.9  6  1014.2  6   13.5  6    2.3  6    5.1  999.9    26.1*    9.8    0.0I 999.9  000000
874970  20130228    22.4  6    13.0  6  1014.5  6  1011.8  6   15.0  6    2.9  6    5.7  999.9    28.0*   14.1    0.0I 999.9  000000
874970  20130301    24.6  6    15.2  6  1009.5  6  1006.9  6   15.0  6    6.3  6    8.7  999.9    30.9*   16.3    0.0I 999.9  000000
874970  20130302    23.2  6    18.8  6  1004.7  6  1002.1  6   13.7  6    6.5  6    8.7  999.9    31.3    19.3   30.0G 999.9  010010
874970  20130303    17.7  8    14.8  8  1014.1  8  1011.3  8   15.0  8    3.2  8    5.1  999.9    25.5    14.3    0.0G 999.9  000000
874970  20130304    17.8  6    12.1  6  1017.2  6  1014.4  6   15.0  6    1.9  6    3.1  999.9    22.0*   11.4    0.0I 999.9  000000
874970  20130305    19.1  6    11.3  6  1014.4  6  1011.6  6   15.0  6    1.1  6    4.1  999.9    24.2*   10.3    0.0I 999.9  000000
874970  20130306    22.1  6    14.5  6  1010.8  6  1008.1  6   15.0  6    3.8  6    5.7  999.9    27.9*   13.0    0.0I 999.9  000000
874970  20130307    24.2  6    17.3  6  1012.7  6  1010.1  6   15.0  6    2.5  6    5.1  999.9    30.2*   14.0    0.0I 999.9  000000
874970  20130308    25.3  6    17.5  6  1012.3  6  1009.7  6   15.0  6    2.3  6    4.1  999.9    30.5    18.4    0.0I 999.9  000000
874970  20130309    27.2  7    22.4  7  1007.8  6  1005.2  6   14.5  7    2.8  7    5.1  999.9    30.5    21.6    0.0I 999.9  000000
874970  20130310    21.9  6    17.7  6  1009.1  6  1006.4  6   13.5  6    3.7  6    7.2  999.9    31.4    16.3   15.0G 999.9  010010
874970  20130311    19.8  5    15.7  5  1008.2  5  1005.5  5   14.3  5    2.3  5    4.1  999.9    26.1    12.8    0.0G 999.9  010000
874970  20130312    19.3  6    15.9  6  1010.4  6  1007.7  6   15.0  6    2.6  6    5.1  999.9    27.4    12.9    2.0G 999.9  000000
874970  20130313    17.2  6    11.8  6  1017.3  6  1014.5  6   15.0  6    2.7  6    4.6  999.9    23.0    10.8    0.0G 999.9  000000
874970  20130314    15.3  6     9.7  6  1020.9  6  1018.2  6   15.0  6    1.7  6    2.6  999.9    22.1     8.2    0.0I 999.9  000000
874970  20130315    17.4  6     9.8  6  1022.6  6  1019.9  6   15.0  6    1.4  6    5.1  999.9    22.2*   11.0    0.0I 999.9  000000
874970  20130316    16.1  6     8.4  6  1025.2  6  1022.4  6   15.0  6    1.9  6    4.1  999.9    22.2     8.3    0.0I 999.9  000000
874970  20130317    15.7  6     7.6  6  1026.1  6  1023.3  6   15.0  6    2.3  6    5.1  999.9    21.5     8.7    0.0I 999.9  000000
874970  20130318    18.1  6    10.3  6  1022.8  6  1020.1  6   15.0  6    3.0  6    6.2  999.9    22.3*   13.0    0.0I 999.9  000000
874970  20130319    19.1  6    14.1  6  1018.2  6  1015.5  6   15.0  6    2.9  6    6.2  999.9    23.5    14.6    0.0I 999.9  000000
874970  20130320    18.7  5    17.3  5  1011.0  5  1008.3  5    8.2  5    1.5  5    2.6  999.9    22.0    17.4    5.1G 999.9  010000
874970  20130321    21.2  6    16.8  6  1009.6  6  1007.0  6   15.0  6    6.2  6    7.2  999.9    25.5*   17.5   13.0G 999.9  010000
874970  20130322    20.7  6    13.1  6  1016.1  6  1013.4  6   15.0  6    1.2  6    2.1  999.9    26.0    13.2    0.0G 999.9  000000
874970  20130323    22.0  6    14.9  6  1017.5  6  1014.8  6   15.0  6    1.2  6    3.1  999.9    26.7    16.0    0.0I 999.9  000000
874970  20130324    22.6  6    15.3  6  1013.3  6  1010.7  6   15.0  6    2.4  6    4.1  999.9    27.9    15.5    0.0I 999.9  000000
874970  20130325    21.2  6    14.1  6  1012.7  6  1010.0  6   15.0  6    2.8  6    5.1  999.9    27.6    12.5    0.0B 999.9  010000
874970  20130326    19.7  6    11.9  6  1018.2  6  1015.5  6   14.0  6    2.3  6    5.1  999.9    26.8    10.0    0.0G 999.9  000000
874970  20130327    18.8  6     9.9  6  1020.8  6  1018.0  6   12.9  6    1.7  6    4.1  999.9    25.8     7.6    0.0I 999.9  000000
874970  20130328    19.7  6     9.8  6  1020.4  6  1017.7  6   14.0  6    1.6  6    5.1  999.9    26.6*    9.2    0.0I 999.9  000000
874970  20130329    22.3  6    12.4  6  1019.2  6  1016.5  6   14.2  6    4.5  6    7.7  999.9    28.4*   13.0    0.0I 999.9  000000
874970  20130330    23.4  6    14.8  6  1014.8  6  1012.1  6   15.0  6    3.3  6    5.1  999.9    29.5*   15.5    0.0I 999.9  000000
874970  20130331    25.9  6    16.0  6  1013.9  6  1011.2  6   15.0  6    2.9  6    5.1  999.9    31.0*   18.0    0.0I 999.9  000000
874970  20130401    22.3  6    17.6  6  1013.8  6  1011.1  6   13.7  6    2.8  6    6.2  999.9    31.4    19.4    0.0B 999.9  010000
874970  20130402    22.1  6    18.9  6  1014.0  6  1011.2  6   13.5  6    1.3  6    2.1  999.9    25.0*   18.5    7.1G 999.9  010000
874970  20130403    20.2  6    16.2  6  1014.3  6  1011.6  6   15.0  6    3.2  6    4.1  999.9    25.2    16.3    0.0G 999.9  000000
874970  20130404    18.6  6    13.1  6  1010.4  6  1007.7  6   15.0  6    2.3  6    4.1  999.9    24.3    10.9    0.0I 999.9  000000
874970  20130405    21.6  6    12.3  6  1005.6  6  1002.9  6   15.0  6    5.0  6   10.3  999.9    28.8*   11.5    0.0I 999.9  000000
874970  20130406    18.7  6     7.9  6  1010.4  6  1007.7  6   15.0  6    4.3  6    8.2  999.9    28.8     9.6    0.0I 999.9  000000
874970  20130407    13.7  6     2.3  6  1017.5  6  1014.8  6   15.0  6    1.5  6    5.1  999.9    23.7     1.7    0.0I 999.9  000000
874970  20130408    17.1  6     5.7  6  1019.5  6  1016.8  6   15.0  6    0.4  6    2.1  999.9    24.4*    5.1    0.0I 999.9  000000
874970  20130409    18.9  6     7.8  6  1018.3  6  1015.5  6   15.0  6    3.5  6    6.2  999.9    25.5*    7.4    0.0I 999.9  000000
874970  20130410    19.2  6    11.6  6  1015.1  6  1012.4  6   15.0  6    4.2  6    5.7  999.9    25.7    12.8    0.0I 999.9  000000
874970  20130411    18.2  6    16.2  6  1008.2  6  1005.6  6   10.8  6    4.5  6   10.3  999.9    24.9    15.0   74.9G 999.9  010010
874970  20130412    17.8  6    11.5  6  1013.7  6  1010.9  6   15.0  6    4.6  6    6.2  999.9    21.6*   13.6   10.9G 999.9  000000
874970  20130413    13.3  6     3.8  6  1019.1  6  1016.3  6   15.0  6    2.6  6    5.1  999.9    21.6     4.0    0.0G 999.9  000000
874970  20130415    20.3  6    11.7  6  1015.8  6  1013.0  6   15.0  6    3.4  6    5.1  999.9    26.8*   12.2    0.0I 999.9  000000
874970  20130416    18.2  6    12.2  6  1018.8  6  1016.0  6   15.0  6    1.7  6    4.1  999.9    27.5    11.6    0.0I 999.9  000000
874970  20130417    17.6  6    10.7  6  1019.0  6  1016.2  6   12.7  6    1.1  6    2.1  999.9    23.8*    8.0    0.0I 999.9  000000
874970  20130418    19.9  6    10.2  6  1018.0  6  1015.3  6   15.0  6    2.2  6    5.1  999.9    27.6*    8.0    0.0I 999.9  000000
874970  20130419    20.9  6    11.6  6  1019.0  6  1016.2  6   15.0  6    1.3  6    2.1  999.9    29.2*    9.5    0.0I 999.9  000000
874970  20130420    21.5  6    12.1  6  1019.9  6  1017.2  6   15.0  6    2.2  6    5.1  999.9    29.6     9.8    0.0I 999.9  000000
874970  20130421    22.1  6    13.3  6  1019.8  6  1017.1  6   12.7  6    2.2  6    4.1  999.9    28.0    13.3    0.0I 999.9  000000
874970  20130422    21.2  6    13.5  6  1020.8  6  1018.0  6   15.0  6    3.1  6    7.7  999.9    27.6    12.5    0.0I 999.9  000000
874970  20130423    21.6  6    14.9  6  1020.6  6  1018.0  6   14.0  6    1.3  6    4.1  999.9    28.2    14.5    0.0I 999.9  000000
874970  20130424    21.4  6    14.0  6  1019.7  6  1016.9  6   15.0  6    1.4  6    3.1  999.9    28.4    13.4    0.0I 999.9  000000
874970  20130425    21.8  6    13.9  6  1016.4  6  1013.7  6   10.5  6    1.7  6    5.1  999.9    28.2*   13.8    0.0I 999.9  000000
874970  20130426    22.1  6    13.6  6  1014.5  6  1011.8  6   14.2  6    2.5  6    6.2  999.9    28.2    15.2    0.0I 999.9  000000
874970  20130427    23.8  6    14.8  6  1013.1  6  1010.4  6   14.2  6    7.4  6   10.3  999.9    28.3*   17.2    0.0I 999.9  000000
874970  20130428    21.1  6    17.7  6  1010.5  6  1007.8  6   12.2  6    4.2  6    6.2  999.9    29.6    18.8   65.0G 999.9  010000
874970  20130429    17.5  6    13.4  6  1013.1  6  1010.3  6   15.0  6    1.9  6    2.6  999.9    23.5    11.4    7.1G 999.9  000000
874970  20130430    17.0  6    13.2  6  1016.2  6  1013.4  6    9.5  6    2.1  6    5.1  999.9    22.6    10.0    0.0G 999.9  100000
874970  20130501    18.0  6    15.6  6  1014.5  6  1011.7  6   13.8  6    4.9  6   10.3  999.9    23.0    11.8    0.0B 999.9  010010
874970  20130502    19.6  6    18.3  6  1011.9  6  1009.2  6   11.9  6    4.3  6    6.2  999.9    21.3*   16.4   24.9G 999.9  010010
874970  20130503    19.6  6    17.2  6  1008.9  6  1006.2  6   13.4  6    4.7  6    9.8  999.9    22.8*   17.5   37.1G 999.9  010000
874970  20130504    15.9  6    13.0  6  1016.0  6  1013.2  6    9.8  6    3.2  6    4.6  999.9    23.7    11.0    9.9G 999.9  100000
874970  20130505    16.7  6    11.5  6  1020.1  6  1017.4  6   13.4  6    2.8  6    4.6  999.9    21.9*   10.9    0.0G 999.9  000000
874970  20130506    18.1  6    12.4  6  1015.7  6  1012.9  6   15.0  6    4.9  6   10.3  999.9    24.4*   10.0    0.0I 999.9  000000
874970  20130507    13.3  6     6.4  6  1021.5  6  1018.7  6   15.0  6    3.4  6    6.2  999.9    24.6     6.3    0.0I 999.9  000000
874970  20130508    14.1  6     7.4  6  1015.7  6  1012.9  6   15.0  6    5.3  6    8.7  999.9    22.7*    5.6    0.0I 999.9  000000
874970  20130509    17.6  6    11.0  6  1015.6  6  1012.8  6   15.0  6    4.4  6    6.2  999.9    24.4*    8.5    0.0I 999.9  000000
874970  20130510    19.4  6    13.2  6  1012.5  6  1009.7  6   13.4  6    5.8  6    8.7  999.9    26.5*   10.6    0.0I 999.9  000000
874970  20130511    20.2  6    16.4  6  1013.7  6  1011.0  6   10.8  6    2.5  6    5.1  999.9    27.3    13.9    1.0G 999.9  010000
874970  20130512    16.8  6    14.7  6  1015.4  6  1012.6  6    9.5  6    2.2  6    4.1  999.9    24.1    12.4    0.0G 999.9  100000
874970  20130513    15.9  6    15.0  6  1015.3  6  1012.5  6    6.0  6    1.0  6    2.6  999.9    21.0    10.6    0.0I 999.9  100000
874970  20130514    17.7  6    15.9  6  1013.4  6  1010.6  6    9.3  6    2.2  6    3.6  999.9    20.4*   13.5    0.0I 999.9  100000
874970  20130515    10.5  6     5.1  6  1017.2  6  1014.4  6   11.6  6    6.8  6   10.8  999.9    21.6     8.1*   6.1G 999.9  010000
874970  20130516     8.1  6     0.9  6  1024.7  6  1021.9  6   15.0  6    3.7  6    6.2  999.9    13.3*    0.5    1.0G 999.9  000000
874970  20130517     9.1  6     2.4  6  1026.0  6  1023.1  6   15.0  6    1.0  6    4.1  999.9    15.6*    0.8    0.0G 999.9  000000
874970  20130518    10.0  5     5.9  5  1024.4  5  1021.6  5   12.4  5    1.5  5    2.6  999.9    15.9     4.0    1.0A 999.9  010000
874970  20130519    12.0  6    10.2  6  1022.2  6  1019.5  6   11.1  6    0.8  6    1.0  999.9    15.0*    8.9    9.9G 999.9  010000
874970  20130520    12.4  6     9.3  6  1021.1  6  1018.3  6   11.1  6    3.1  6    5.1  999.9    16.0*    8.9    0.0G 999.9  000000
874970  20130521     9.4  6     7.3  6  1019.4  6  1016.5  6    6.6  6    0.4  6    2.6  999.9    16.3     2.8    0.0I 999.9  100000
874970  20130522    12.1  6    10.9  6  1020.7  6  1017.8  6    6.3  6    1.9  6    2.6  999.9    15.2*    4.1    0.5G 999.9  110000
874970  20130523    15.1  6    12.4  6  1019.8  6  1017.0  6    7.4  6    1.2  6    2.6  999.9    18.6*   11.1    0.0G 999.9  100000
874970  20130524    13.4  6     9.0  6  1020.3  6  1017.5  6   11.4  6    1.6  6    5.1  999.9    19.4*    4.5    0.0I 999.9  100000
874970  20130525    13.9  6     9.8  6  1020.5  6  1017.6  6   10.5  6    1.4  6    4.1  999.9    19.9*    6.9    0.0I 999.9  100000
874970  20130526    14.1  6    10.7  6  1016.1  6  1013.4  6   12.1  6    1.7  6    4.1  999.9    20.6     7.5    0.0I 999.9  100000
874970  20130527    16.4  6    12.6  6  1010.8  6  1008.0  6   12.7  6    2.6  6    5.1  999.9    21.6*    9.1    0.0I 999.9  000000
874970  20130528    17.1  6    15.5  6  1000.9  5   998.2  5   13.0  6    4.5  6    7.7  999.9    21.6    12.2    7.9A 999.9  000010
874970  20130529    16.3  6    10.7  6  1006.6  6  1003.8  6   11.1  6    4.6  6    8.2  999.9    20.2    13.6    2.0E 999.9  010000
874970  20130530    12.7  6     5.9  6  1013.3  6  1010.6  6   15.0  6    4.7  6   10.3  999.9    19.9*    4.7    0.0I 999.9  000000
874970  20130531    14.1  6     7.9  6  1011.2  6  1008.4  6   15.0  6    6.0  6    9.8  999.9    19.9     8.2    0.0I 999.9  000000
874970  20130601    14.5  6     9.7  6  1011.2  6  1008.5  6   10.9  6    2.3  6    5.1  999.9    21.6*    7.2    0.0I 999.9  100000
874970  20130602    12.9  6     6.7  6  1016.4  6  1013.6  6   15.0  6    3.7  6    6.2  999.9    21.6     7.6    0.0I 999.9  000000
874970  20130603    12.8  5     5.6  5  1020.7  5  1017.9  5   15.0  5    4.8  5   10.3  999.9    20.9*    6.2    0.0I 999.9  000000
874970  20130604    14.4  6     8.3  6  1016.4  6  1013.6  6   15.0  6    4.4  6   10.3  999.9    22.2*    6.9    0.0I 999.9  000000
874970  20130605    16.9  6     9.5  6  1012.0  6  1009.2  6   15.0  6    4.4  6    8.2  999.9    24.6*    9.5    0.0I 999.9  000000
874970  20130606    11.6  6     5.2  6  1019.9  6  1017.0  6   15.0  6    4.4  6    7.2  999.9    25.1     5.3    0.0I 999.9  000000
874970  20130607    12.9  5     5.8  5  1019.6  5  1016.8  5   15.0  5    3.3  5    6.2  999.9    19.2*    5.2*   0.0I 999.9  000000
874970  20130608    12.6  6     5.3  6  1024.6  6  1021.8  6   15.0  6    3.1  6    4.6  999.9    19.4     6.3    0.0I 999.9  000000
874970  20130609    13.2  6     9.3  6  1019.2  6  1016.4  6   15.0  6    2.1  6    4.1  999.9    17.0     9.0    0.0G 999.9  000000
874970  20130610    15.1  6    10.8  6  1018.5  6  1015.7  6   11.1  6    1.5  6    3.1  999.9    22.9*    6.0    0.0I 999.9  100000
874970  20130611    17.0  6    11.7  6  1019.5  6  1016.7  6   10.3  6    1.9  6    3.1  999.9    23.9*    8.7    0.0I 999.9  000000
874970  20130612    18.1  6    13.0  6  1018.4  6  1015.7  6   14.0  6    3.5  6    6.7  999.9    25.3*   10.7    0.0I 999.9  000000
874970  20130613    19.9  6    15.8  6  1015.8  6  1013.0  6   14.5  6    4.6  6    7.7  999.9    27.6*   12.3    0.0I 999.9  000000
874970  20130614    14.9  6    10.2  6  1021.0  6  1018.2  6   15.0  6    3.2  6    5.1  999.9    27.6    11.8    0.3G 999.9  000000
874970  20130615    10.3  6     5.6  6  1020.4  6  1017.6  6   15.0  6    4.1  6    5.7  999.9    16.3*    4.5    0.0G 999.9  000000
874970  20130616    10.3  6     8.4  6  1015.6  6  1012.7  6   10.3  6    2.6  6    4.6  999.9    16.6     4.6    0.0I 999.9  100000
874970  20130617    10.1  6     6.0  6  1019.4  6  1016.6  6   12.6  6    2.6  6    5.1  999.9    14.8     2.2    0.0I 999.9  100000
874970  20130618    10.5  6     8.0  6  1016.5  6  1013.7  6   14.0  6    2.8  6    6.7  999.9    14.7     4.9    0.0I 999.9  000000
874970  20130619     7.8  6     0.3  6  1025.2  6  1022.3  6   15.0  6    4.0  6    7.7  999.9    15.9     1.8    0.0I 999.9  000000
874970  20130620     6.1  6     0.1  6  1024.8  6  1021.9  6   15.0  6    1.3  6    2.6  999.9    11.8     0.0    0.0I 999.9  000000
874970  20130621     8.5  5     4.2  5  1014.0  5  1011.1  5   11.4  5    1.5  5    2.6  999.9    14.5*    1.8    0.0I 999.9  000000
874970  20130622     9.8  6     2.4  6  1013.4  6  1010.6  6   15.0  6    1.5  6    4.1  999.9    17.7*    1.1    0.0I 999.9  000000
874970  20130623    10.7  6     5.9  6  1021.5  6  1018.7  6   12.1  6    2.1  6    2.6  999.9    18.0     2.9    0.0I 999.9  000000
874970  20130624    10.9  6     5.9  6  1021.6  6  1018.8  6   15.0  6    2.9  6    3.6  999.9    16.4     6.0    0.0I 999.9  000000
874970  20130625    10.8  6     7.9  6  1018.2  6  1015.4  6   13.7  6    2.6  6    3.6  999.9    16.0     3.5    0.0G 999.9  010000
874970  20130626     8.8  6     4.6  6  1017.8  6  1015.0  6    7.2  6    2.7  6    5.1  999.9    18.0*    0.0    0.0G 999.9  100000
874970  20130627    11.6  6     6.4  6  1016.4  6  1013.5  6   12.9  6    4.5  6    7.2  999.9    18.3     1.0    0.0I 999.9  100000
874970  20130628    13.3  6    10.7  6  1010.3  6  1007.5  6   15.0  6    3.6  6    6.2  999.9    17.8     6.0    0.0I 999.9  000000
874970  20130629    13.3  6     7.5  6  1014.5  6  1011.7  6    8.2  6    2.3  6    3.1  999.9    18.6*    7.0    0.0I 999.9  100000
874970  20130630    10.3  6     2.6  6  1021.1  6  1018.3  6   15.0  6    2.2  6    4.1  999.9    18.6     0.5    0.0I 999.9  000000
874970  20130701    11.8  6     4.2  6  1023.0  6  1020.2  6   14.0  6    1.9  6    2.6  999.9    18.8*    3.8    0.0I 999.9  000000
874970  20130702    12.8  6     2.5  6  1018.2  6  1015.4  6   15.0  6    6.1  6   10.3  999.9    21.0*    5.0    0.0I 999.9  000000
874970  20130703    16.2  6     9.8  6  1013.2  6  1010.5  6   15.0  6    7.1  6   11.3  999.9    24.1*    6.3    0.0I 999.9  000000
874970  20130704    17.0  6    14.8  6  1013.0  6  1010.2  6   14.0  6    3.1  6    5.1  999.9    24.4    10.0  999.9  999.9  010000
874970  20130705    16.3  7    15.9  7  1013.5  6  1010.8  6    4.5  7    2.2  7    3.1  999.9    19.2    13.8    0.0G 999.9  110010
874970  20130706    15.2  6    14.2  6  1013.4  6  1010.7  6    7.6  6    5.8  6    8.2  999.9    17.6    12.9*   3.0G 999.9  010010
874970  20130707     9.7  6     5.6  6  1024.3  6  1021.5  6   13.0  6    3.4  6    4.1  999.9    16.1     5.9    0.0G 999.9  000000
874970  20130708     8.4  6     2.8  6  1030.3  6  1027.4  6   12.7  6    2.8  6    5.1  999.9    13.8*   -0.5    0.0I 999.9  000000
874970  20130709    10.1  6     7.8  6  1022.0  6  1019.1  6   10.8  6    3.9  6    6.7  999.9    14.6     6.1    7.1A 999.9  010000
874970  20130710    14.3  6    13.6  6  1017.5  6  1014.7  6    4.8  6    2.4  6    5.1  999.9    17.5*    8.5    0.5E 999.9  110000
874970  20130711    18.8 10    17.5 10  1013.9 10  1011.2 10   13.5 10    2.4 10    3.1  999.9    20.8*   12.4    0.0G 999.9  010010
874970  20130712    13.9  7    12.5  7  1020.1  7  1017.3  7    6.0  7    2.4  7    3.6  999.9    21.1    13.0   29.0G 999.9  010010
874970  20130713    13.9  6    10.6  6  1017.6  6  1014.9  6    9.2  6    2.0  6    3.6  999.9    18.3*    9.2    0.0G 999.9  100000
874970  20130714    11.6  6     7.9  6  1018.8  6  1015.9  6   13.2  6    3.2  6    5.1  999.9    18.4     7.6    0.0I 999.9  000000
874970  20130715     8.9  6     3.6  6  1022.1  6  1019.3  6   15.0  6    2.3  6    5.1  999.9    16.2*    0.7    0.0I 999.9  000000
874970  20130716    13.0  6     7.8  6  1016.6  6  1013.8  6   15.0  6    4.3  6    7.7  999.9    22.2*    1.1    0.0I 999.9  000000
874970  20130717    17.0  6    12.3  6  1011.0  6  1008.2  6   15.0  6    4.5  6   10.3  999.9    24.3*    7.5    0.0I 999.9  000000
874970  20130718    11.6  6     6.2  6  1015.5  6  1012.8  6   15.0  6    5.0  6    8.2  999.9    24.3     8.2*   0.0I 999.9  000000
874970  20130719     7.1  6     1.6  6  1023.5  6  1020.6  6   12.9  6    2.2  6    4.1  999.9    11.6     2.0    0.0I 999.9  000000
874970  20130720     7.7  6     2.2  6  1012.1  6  1009.3  6   15.0  6    3.7  6    6.2  999.9    11.2     2.0    0.0I 999.9  000000
874970  20130721     4.2  6    -0.8  6  1016.1  6  1013.2  6   15.0  6    7.8  6   11.3  999.9    11.6    -0.9    0.0I 999.9  000000
874970  20130722     4.7  6     1.4  6  1022.3  6  1019.4  6   15.0  6    7.6  6    9.3  999.9     7.3     0.7    0.3G 999.9  000000
874970  20130723     5.4  6    -1.0  6  1026.0  6  1023.1  6   15.0  6    4.4  6    7.7  999.9    10.8*   -1.6    0.0G 999.9  000000
874970  20130724     8.1  6     0.7  6  1026.9  6  1024.0  6   15.0  6    1.6  6    2.1  999.9    13.6*    0.8    0.0I 999.9  000000
874970  20130725     8.7  6    -0.3  6  1026.8  6  1024.0  6   14.0  6    5.1  6   10.3  999.9    16.1*   -0.4    0.0I 999.9  000000
874970  20130726     9.6  6     2.5  6  1024.8  6  1022.0  6   15.0  6    5.3  6    7.7  999.9    16.2*    2.0    0.0I 999.9  000000
874970  20130727    14.8  6     7.6  6  1022.1  6  1019.3  6   12.6  6    2.7  6    4.1  999.9    21.3*    2.8    0.0I 999.9  000000
874970  20130728    13.7  6     7.7  6  1021.6  6  1018.8  6    7.9  6    1.0  6    2.6  999.9    21.5     3.7    0.0I 999.9  000000
874970  20130729    15.0  6    10.2  6  1022.0  6  1019.2  6   12.7  6    1.6  6    2.1  999.9    22.0*    4.8    0.0I 999.9  100000
874970  20130730    17.0  6    11.4  6  1018.4  6  1015.6  6   12.9  6    3.2  6    5.1  999.9    23.0*    8.8    0.0I 999.9  000000
874970  20130731    19.1  6    14.8  6  1011.4  6  1008.7  6   12.1  6    3.4  6    4.6  999.9    24.1    12.4    0.0I 999.9  000000
874970  20130801    11.8  6    10.7  6  1012.8  5  1010.0  5   12.6  6    4.6  6    6.2  999.9    17.9    10.9*   2.0A 999.9  010000
874970  20130802    10.7  6     7.3  6  1018.2  6  1015.4  6   15.0  6    4.4  6    6.7  999.9    12.5    10.0    0.8A 999.9  000000
874970  20130803     8.4  6     5.1  6  1018.6  6  1015.8  6    9.2  6    1.9  6    5.1  999.9    13.6*   -0.5    0.0I 999.9  000000
874970  20130804    11.3  6     7.0  5  1019.4  6  1016.5  6   12.7  6    2.1  6    4.1  999.9    18.0*    1.4    0.0I 999.9  100000
874970  20130805    13.8  6     7.6  6  1016.2  6  1013.4  6   13.8  6    5.0  6    7.2  999.9    21.8*    4.0    0.0I 999.9  000000
874970  20130806    12.7  6     3.6  6  1018.7  6  1015.9  6   10.1  6    3.0  6    6.7  999.9    22.1     1.6    0.0I 999.9  000000
874970  20130807    17.6  6    11.4  6  1004.0  6  1001.2  6   13.0  6    4.0  6    6.2  999.9    23.8*    5.2    0.0I 999.9  000000
874970  20130808    12.6  7     7.8  7  1012.9  6  1010.1  6   12.9  7    3.8  7    9.3  999.9    24.4     9.4   21.1G 999.9  010010
874970  20130809     9.7  6     2.2  6  1025.4  6  1022.5  6   13.4  6    3.1  6    4.1  999.9    16.2     4.5    0.0G 999.9  000000
874970  20130810     8.1  6     0.0  6  1026.1  6  1023.3  6   15.0  6    2.3  6    4.1  999.9    14.1*    0.1    0.0I 999.9  000000
874970  20130811     9.9  6     0.9  6  1016.5  6  1013.7  6   15.0  6    4.4  6    8.2  999.9    16.2*    1.5    0.0I 999.9  000000
874970  20130812    11.6  6     5.1  6  1013.7  6  1011.0  6   15.0  6    3.1  6    6.2  999.9    17.3     5.8    0.0I 999.9  000000
874970  20130813     7.2  6    -0.1  6  1025.5  6  1022.6  6   15.0  6    5.9  6    8.2  999.9    16.7     0.4    0.0I 999.9  000000
874970  20130814     5.7  6    -2.4  6  1032.8  6  1029.8  6   15.0  6    2.2  6    4.6  999.9    13.0*   -4.5    0.0I 999.9  000000
874970  20130815     8.4  6    -2.5  6  1025.3  6  1022.4  6   15.0  6    6.9  6   10.3  999.9    15.7*   -1.1    0.0I 999.9  000000
874970  20130816     9.9  6     1.8  6  1023.4  6  1020.5  6   11.6  6    3.5  6    5.1  999.9    17.0*    1.1    0.0I 999.9  000000
874970  20130817    10.4  6     0.2  6  1028.5  6  1025.6  6   13.8  6    4.8  6   10.8  999.9    17.6     1.5    0.0I 999.9  000000
874970  20130818    13.7  6     5.4  6  1022.2  6  1019.4  6   14.0  6    4.5  6    7.7  999.9    20.8*    4.7    0.0I 999.9  000000
874970  20130819    18.1  6     9.9  6  1016.8  6  1014.0  6   12.6  6    4.8  6    7.2  999.9    25.4*    7.4    0.0I 999.9  000000
874970  20130820    19.9  6    12.1  6  1015.0  6  1012.3  6   13.4  6    4.5  6    8.8  999.9    26.1*   11.9    0.0I 999.9  000000
874970  20130821    21.7  6    15.9  6  1006.8  6  1004.1  6   10.3  6    3.1  6    4.6  999.9    27.2*   15.3    0.3G 999.9  000000
874970  20130822    11.3  6     2.2  6  1013.8  6  1011.1  6   14.0  6    6.9  6   10.3  999.9    27.4     7.7*   0.0G 999.9  000000
874970  20130823     6.3  5    -4.9  5  1025.0  5  1022.2  5   15.0  5    4.4  5    6.2  999.9     9.8*   -0.5    0.0I 999.9  000000
874970  20130824     8.9  5     0.0  5  1029.7  4  1026.9  5   15.0  5    3.4  5    4.6  999.9    12.0*    3.7    0.0I 999.9  000000
874970  20130825     8.5  6     1.4  6  1032.1  6  1029.2  6   15.0  6    3.8  6    6.2  999.9    12.8     3.5    0.0I 999.9  000000
874970  20130826     6.4  6    -1.5  6  1033.1  6  1030.3  6   15.0  6    4.2  6    7.7  999.9    12.8     0.5    0.0I 999.9  000000
874970  20130827     6.6  6    -1.9  6  1027.7  6  1024.7  6   15.0  6    3.0  6    5.1  999.9    14.4*   -3.6    0.0I 999.9  000000
874970  20130828    13.9  6     0.9  6  1022.8  6  1020.0  6   15.0  6    6.5  6   10.3  999.9    23.0*    0.2    0.0I 999.9  000000
874970  20130829    17.1  6     3.8  6  1018.9  6  1016.1  6   15.0  6    5.8  6    8.2  999.9    25.5*    6.0    0.0I 999.9  000000
874970  20130830    17.9  6     5.8  6  1014.5  6  1011.8  6   14.0  6    5.6  6    7.7  999.9    26.6     6.9    0.0I 999.9  000000
874970  20130831    19.5  6     8.2  6  1011.9  6  1009.2  6   10.9  6    2.5  6    4.1  999.9    27.1     9.5    0.0I 999.9  000000
874970  20130901    23.1  5    10.8  5  1010.6  5  1007.8  5   13.8  5    2.9  5    5.1  999.9    28.7*    9.8    0.0I 999.9  000000
874970  20130902    19.5  4    10.3  4  1010.5  4  1007.7  4   10.5  4    5.3  4    9.3  999.9    24.4*   10.6    0.0I 999.9  000000
874970  20130903    13.4  5     4.7  5  1022.5  5  1019.7  5   15.0  5    5.4  5    7.7  999.9    24.7     9.0    0.0I 999.9  000000
874970  20130904    11.6  5     2.6  5  1026.3  5  1023.4  5   15.0  5    4.6  5    6.2  999.9    16.2     7.2*   0.0I 999.9  000000
874970  20130905    14.2  5     5.4  5  1019.9  5  1017.0  5   15.0  5    5.4  5    6.2  999.9    17.4*    7.2    0.0I 999.9  000000
874970  20130906    21.6  5    12.7  5  1015.8  5  1013.1  5   13.8  5    4.5  5    7.7  999.9    27.9*   10.2    0.0I 999.9  000000
874970  20130907    21.1  5    17.2  5  1010.6  5  1007.9  5   10.8  5    6.8  5   11.3  999.9    28.0    14.7    3.0A 999.9  010010
874970  20130908    21.9  4    14.7  4  1017.1  4  1014.3  4   12.7  4    2.3  4    4.1  999.9    25.2*   11.4   11.9G 999.9  000000
874970  20130909    24.9  5    16.5  5  1013.9  5  1011.2  5   15.0  5    6.9  5   10.3  999.9    31.0*   14.5    0.0G 999.9  000000
874970  20130910    30.9  4    16.8  4  1009.4  4  1006.8  4   15.0  4   10.3  4   12.3  999.9    35.2*   21.0    0.0I 999.9  000000
874970  20130911    30.8  5    15.1  5  1006.7  5  1004.0  5   11.4  5    9.1  5   12.9  999.9    36.5*   20.5    0.0I 999.9  000000
874970  20130912    24.0  5    15.5  5  1004.2  5  1001.5  5   11.4  5    7.2  5    8.2  999.9    37.0    16.7*   0.0I 999.9  000000
874970  20130913    12.8  5    11.4  5  1016.8  5  1014.0  5   11.6  5    7.0  5    8.8  999.9    29.0    11.4   11.9G 999.9  010000
874970  20130914    11.0  5     9.3  5  1020.2  4  1015.9  5   11.4  5    5.4  5    7.7  999.9    13.0     9.8*   0.0G 999.9  010000
874970  20130915    11.6  5    10.9  5  1016.7  5  1013.8  5    2.3  5    5.6  5    6.7  999.9    13.6*    9.6    7.1G 999.9  010000
874970  20130916    10.6  5     9.8  4  1013.5  5  1010.7  5    6.9  5    7.7  5   10.8  999.9    13.6     8.7*  15.0G 999.9  010000
874970  20130917     8.9  5     4.4  5  1018.1  5  1015.5  4   15.0  5    7.8  5    9.3  999.9    11.1*    5.6    6.1G 999.9  000000
874970  20130918    11.4  4     3.7  4  1020.8  4  1018.0  4   15.0  4    5.4  4   10.3  999.9    16.9*    2.8    0.0G 999.9  000000
874970  20130919    16.1  5     4.4  5  1021.1  5  1018.3  5   15.0  5    5.0  5    7.7  999.9    21.2*    3.5    0.0I 999.9  000000
874970  20130920    17.0  5     6.4  5  1011.3  5  1008.5  5   15.0  5    2.8  5    4.1  999.9    21.4*    7.2    0.0I 999.9  000000
874970  20130921    16.4  4     7.0  4  1012.3  4  1009.6  4   15.0  4    3.7  4    6.2  999.9    22.1     8.2    0.0I 999.9  000000
874970  20130922    10.1  4     8.7  4  1024.1  4  1021.2  4    6.3  4    2.6  4    3.6  999.9    10.8*    8.0    6.1G 999.9  010000
874970  20130923    12.1  5     4.7  5  1028.5  5  1025.6  5   13.8  5    4.0  5    6.2  999.9    14.3*    4.1    7.9G 999.9  000000
874970  20130924    12.0  5     3.9  5  1030.8  5  1027.9  5   15.0  5    3.3  5    5.1  999.9    15.2*    0.7    0.0G 999.9  000000
874970  20130925    13.9  5     6.2  5  1027.1  5  1024.2  5   15.0  5    4.1  5    5.1  999.9    17.2*    5.7    0.0I 999.9  000000
874970  20130926    16.9  5     7.9  5  1021.5  5  1018.7  5   15.0  5    6.1  5    9.8  999.9    20.6*    7.5    0.0I 999.9  000000
874970  20130927    18.3  5    10.6  5  1017.9  5  1015.1  5   15.0  5    3.9  5    5.1  999.9    22.3*   10.2    0.0I 999.9  000000
874970  20130928    18.7  4    12.9  4  9999.9  0  9999.9  0   15.0  4    2.9  4    5.1  999.9    21.6*   13.5    0.0I 999.9  000000
874970  20130929    11.3  5     8.3  5  1019.8  5  1017.1  5   14.0  5    2.8  5    4.6  999.9    21.6     6.0    8.9G 999.9  010000
874970  20130930    12.8  5     7.6  5  1016.5  5  1013.7  5   15.0  5    5.4  5    7.2  999.9    15.6     5.4    0.5G 999.9  000000
874970  20131001    11.2  6     8.1  6  1015.7  5  1012.9  5   13.0  6    4.7  6    7.7  999.9    16.0     5.6    0.0G 999.9  000000
874970  20131002    15.9  5    10.6  5  1017.4  5  1014.6  5   13.7  5    2.6  5    4.1  999.9    19.8*    3.2    0.0I 999.9  000000
874970  20131003    16.7  4    11.4  4  1017.7  4  1014.9  4   15.0  4    4.4  4    7.7  999.9    18.6*   10.5    0.0I 999.9  000000
874970  20131004    16.4  5    11.7  5  1020.7  5  1016.3  5   15.0  5    5.1  5   10.3  999.9    19.7    12.2    5.1G 999.9  000000
874970  20131005    14.5  6     9.4  6  1022.4  5  1019.5  5   11.6  6    2.5  6    3.1  999.9    19.6     6.0    0.0G 999.9  100000
874970  20131006    19.1  5    10.2  5  1023.1  5  1020.3  5   15.0  5    3.5  5    5.1  999.9    23.1*    6.2    0.0I 999.9  000000
874970  20131007    20.2  5     9.4  5  1024.2  5  1021.4  5   15.0  5    6.3  5    7.7  999.9    24.2*    7.0    0.0I 999.9  000000
874970  20131008    22.4  5    11.6  5  1018.1  5  1015.4  5   15.0  5    6.1  5    8.8  999.9    27.1*   10.0    0.0I 999.9  000000
874970  20131009    24.4  5    13.2  5  1014.0  5  1011.3  5   15.0  5    5.7  5   10.3  999.9    28.4*   15.0    0.0I 999.9  000000
874970  20131010    23.4  5    17.6  5  1015.5  5  1012.8  5   15.0  5    3.6  5    7.7  999.9    28.4    15.9    8.9G 999.9  000000
874970  20131011    22.3  5    15.5  5  1017.4  5  1014.7  5   15.0  5    5.1  5    6.2  999.9    27.6    16.7    6.1G 999.9  000010
874970  20131012    19.5  4    16.5  4  1015.9  4  1013.1  4   13.2  4    3.2  4    4.1  999.9    24.8    18.7*   0.0G 999.9  010000
874970  20131013    21.7  5    16.5  5  1014.6  5  1011.9  5   15.0  5    2.3  5    3.1  999.9    24.8*   16.6    3.0G 999.9  010000
874970  20131014    23.4  5    15.2  5  1016.4  5  1013.6  5   15.0  5    4.2  5    6.2  999.9    26.7*   14.6    0.0G 999.9  000000
874970  20131015    24.9  5    13.4  5  1018.7  5  1016.1  5   15.0  5    2.1  5    3.1  999.9    28.4*   10.9    0.0I 999.9  000000
874970  20131016    25.9  4    13.1  4  1017.5  4  1014.8  4   15.0  4    4.8  4    6.2  999.9    28.0*   16.1    0.0I 999.9  000000
874970  20131017    23.9  5    14.5  5  1014.5  5  1011.8  5   15.0  5    5.0  5   11.3  999.9    28.9    14.4    0.0I 999.9  000000
874970  20131018    23.1  5    13.1  5  1012.1  5  1009.4  5   13.7  5    3.1  5    5.1  999.9    27.8    12.0    0.0I 999.9  000000
874970  20131019    24.4  5    13.0  5  1009.1  5  1006.4  5   15.0  5    4.2  5    6.7  999.9    28.6*   12.4    0.0I 999.9  000000
874970  20131020    22.2  6    16.2  5  1002.1  5   999.4  5   12.2  6    3.3  6    7.7  999.9    29.6    19.5    7.9A 999.9  010010
874970  20131021    20.3  5    13.3  5  1012.4  5  1009.7  5   15.0  5    3.8  5    9.3  999.9    26.6    16.0    0.0I 999.9  000000
874970  20131022    21.2  4    11.0  4  1011.7  4  1008.3  4   15.0  4    7.5  4   10.8  999.9    24.8*    9.5    0.0I 999.9  000000
874970  20131023    23.0  5    15.2  5  1008.1  5  1005.4  5   15.0  5    4.5  5    9.3  999.9    28.1*   14.2    0.0I 999.9  000000
874970  20131024    17.7  5     7.7  5  1021.3  5  1018.6  5   15.0  5    5.6  5    7.2  999.9    29.5    12.6    0.0I 999.9  000000
874970  20131025    16.9  5     6.7  5  1023.1  4  1020.4  4   13.7  5    5.6  5    7.7  999.9    21.2*    6.9  999.9  999.9  010010
874970  20131026    18.6  5    14.4  5  1014.9  5  1012.2  5   11.7  5    3.6  5    5.7  999.9    22.2*   11.7   45.0G 999.9  010010
874970  20131027    21.3  5     9.9  5  1019.2  5  1016.5  5   15.0  5    2.9  5    4.1  999.9    24.2*   11.2    0.0G 999.9  000000
874970  20131028    20.9  4     4.3  4  1017.8  4  1015.1  4   15.0  4    7.6  4   10.3  999.9    24.2*    9.5    0.0I 999.9  000000
874970  20131029    23.1  5     9.3  5  1013.8  5  1011.0  5   15.0  5    5.4  5    6.2  999.9    27.6*   15.1    0.0I 999.9  000000
874970  20131030    22.7  5    13.0  5  1012.6  5  1009.9  5   15.0  5    5.7  5    7.7  999.9    27.6    13.0    0.0I 999.9  000000
874970  20131031    19.3  5    15.8  5  1009.9  5  1007.1  5   11.7  5    5.6  5    8.7  999.9    27.0    16.2    7.1A 999.9  010000
874970  20131101    19.9  8    18.8  8  1006.9  8  1004.3  8    8.7  8    4.4  8    8.8  999.9    21.3    16.5   23.9G 999.9  010010
874970  20131102    18.4  8    16.8  8  1010.7  8  1007.9  8   11.4  8    5.5  8    7.7  999.9    21.3    17.6   36.1G 999.9  010000
874970  20131103    18.6  6    11.0  6  1016.7  6  1014.0  6   15.0  6    3.3  6    5.1  999.9    23.2*   12.2*   0.0G 999.9  000000
874970  20131104    18.1  7    12.0  7  1017.6  7  1014.9  7   15.0  7    2.1  7    4.1  999.9    23.9*   10.4    0.0I 999.9  000000
874970  20131105    18.9  7    12.0  7  1019.7  7  1017.0  7   14.2  7    4.6  7    6.2  999.9    24.7*   12.2*   0.0I 999.9  000000
874970  20131106    20.4  7    12.8  7  1016.7  7  1014.1  7   15.0  7    8.1  7   11.3  999.9    27.9*   14.0*   0.0I 999.9  000000
874970  20131107    21.6  7    15.4  7  1013.1  7  1010.5  7   15.0  7    5.2  7    7.7  999.9    28.3    16.3    0.0I 999.9  000000
874970  20131108    18.1  8    16.9  8  1012.9  8  1010.2  8    8.4  8    3.0  8    5.1  999.9    26.0    16.9*  61.0G 999.9  010010
874970  20131109    20.4  8    16.8  8  1008.6  8  1005.9  8   15.0  8    3.9  8    5.1  999.9    25.9*   16.5   18.0G 999.9  000000
874970  20131110    22.1  8    18.3  8  1004.1  8  1001.4  8   12.7  8    4.4  8    9.8  999.9    26.6    19.4    9.9G 999.9  010010
874970  20131111    20.1  7    17.4  7  1004.4  7  1001.8  7   15.0  7    5.1  7    7.7  999.9    26.7    18.5    0.0G 999.9  000000
874970  20131112    21.1  8    13.3  8  1008.4  8  1005.7  8   15.0  8    3.7  8    6.2  999.9    28.7*   13.4    0.0I 999.9  000000
874970  20131113    22.1  8    13.0  8  1015.1  8  1012.4  8   15.0  8    4.9  8    9.3  999.9    29.2*   15.7*   0.0I 999.9  000000
