870460  20130101    21.8  8    14.2  8  9999.9  0   911.6  8   11.4  8    6.4  8    9.8  999.9    37.8    16.0*   0.0G 999.9  010000
870460  20130102    19.2 14    12.9 14  9999.9  0   915.0  8   11.9 14    2.5 14    4.6  999.9    22.0*   15.0    3.0G 999.9  010000
870460  20130103    19.2 16    15.4 16  9999.9  0   912.2  8    9.5 16    1.4 16    5.1  999.9    25.0*   15.5    2.0G 999.9  010000
870460  20130104    23.6 22    17.2 22  9999.9  0   908.1  8   12.6 22    1.9 22    4.6  999.9    30.2*   16.2    0.0G 999.9  000000
870460  20130105    27.7 23    18.4 23  9999.9  0   905.0  8   11.7 22    1.8 23    3.6  999.9    35.0*   19.8    0.0I 999.9  000000
870460  20130106    22.6 16    19.7 16  9999.9  0   904.8  8    8.5 16    3.4 16    8.2   10.3    35.6    20.0    3.0G 999.9  010010
870460  20130107    24.4 20    19.3 20  9999.9  0   902.8  8    9.5 20    1.8 20    5.1  999.9    33.0*   17.5   32.0G 999.9  110010
870460  20130108    26.4 19    19.6 19  9999.9  0   904.9  8   11.7 19    2.3 19    4.6  999.9    33.8*   18.5    0.0G 999.9  010000
870460  20130109    23.9 20    18.9 20  9999.9  0   911.3  8    9.7 20    4.9 20   10.3   18.5    34.2    18.0    6.1G 999.9  010010
870460  20130110    26.6 15    19.6 15  9999.9  0   913.3  8   11.3 14    2.3 15    4.1  999.9    32.0*   18.0    5.1G 999.9  000010
870460  20130111    26.5 18    18.9 18  9999.9  0   910.4  8   11.7 18    2.3 18    5.1  999.9    33.0    21.0    0.0G 999.9  000010
870460  20130112    26.7 19    17.9 19  9999.9  0   907.1  8   12.1 19    2.6 19    6.2  999.9    32.6*   19.7  999.9  999.9  010010
870460  20130113    23.1 18    18.9 18  9999.9  0   909.9  8   10.1 18    2.5 18    7.7  999.9    32.7    20.0    3.0G 999.9  010010
870460  20130114    21.8 17    19.1 17  9999.9  0   911.4  8    8.7 17    2.7 17    5.7  999.9    32.0    18.6   30.0G 999.9  010010
870460  20130115    23.7  8    18.1  8  9999.9  0   909.5  8   11.7  8    2.6  8    6.2  999.9    31.6    18.4   20.1G 999.9  010010
870460  20130116    24.6 12    19.2 12  9999.9  0   905.7  8   10.9 12    3.2 12    4.6   10.8    31.4    19.0    0.0G 999.9  010010
870460  20130117    22.2 20    19.0 20  9999.9  0   909.6  8    9.8 20    3.3 20    7.7  999.9    31.9    19.5    4.1G 999.9  010000
870460  20130118    21.7 18    18.8 18  9999.9  0   913.5  8   10.1 18    0.6 18    3.1  999.9    26.8    17.7    7.9G 999.9  010000
870460  20130119    20.6 24    18.8 24  9999.9  0   914.2  8    7.9 24    2.2 24    4.6  999.9    24.6    17.8   13.0G 999.9  010000
870460  20130120    20.8 21    16.9 21  9999.9  0   915.4  7    9.7 21    2.1 21    5.1  999.9    26.0*   16.5   18.0G 999.9  010000
870460  20130121    21.4 20    16.0 20  9999.9  0   913.7  8   11.7 20    2.3 20    6.2  999.9    26.5    15.5    1.0G 999.9  010000
870460  20130122    22.9 21    17.7 21  9999.9  0   912.6  8   11.7 21    2.1 21    5.1  999.9    28.0*   17.0    0.0G 999.9  000000
870460  20130123    23.9 22    18.9 22  9999.9  0   910.8  8   11.3 22    2.2 22    6.7  999.9    30.8*   19.2  999.9  999.9  010010
870460  20130124    26.2 18    16.6 18  9999.9  0   906.2  8   12.6 18    2.9 18    5.1  999.9    33.4*   16.8    3.0G 999.9  000000
870460  20130125    23.2 21    17.0 21  9999.9  0   907.6  8   10.9 21    5.0 21   11.3   15.4    33.6    18.8    0.0G 999.9  000000
870460  20130126    23.2 21    16.4 21  9999.9  0   912.7  8   11.9 21    3.5 21    6.2  999.9    28.0*   17.5    0.0I 999.9  000010
870460  20130127    24.1 19    17.4 19  9999.9  0   910.9  8   12.1 19    2.1 19    5.1  999.9    29.8*   18.2    0.0I 999.9  000000
870460  20130128    25.6 21    16.7 21  9999.9  0   910.6  7   12.1 21    3.0 21    6.7  999.9    32.0*   18.0    0.0I 999.9  000000
870460  20130129    26.1 23    16.6 23  9999.9  0   910.6  8   11.1 23    2.5 23    4.1  999.9    32.4    20.0    0.0I 999.9  000000
870460  20130130    27.7 16    16.2 16  9999.9  0   909.0  7   11.4 16    3.8 16    7.7   14.4    33.0*   20.0  999.9  999.9  010010
870460  20130131    26.7 20    14.9 20  9999.9  0   906.7  8   11.9 20    3.1 20    5.1  999.9    35.0*   15.5    0.0G 999.9  000000
870460  20130201    27.3 17    16.6 17  9999.9  0   905.3  8   12.1 17    3.0 17    6.2  999.9    36.0*   19.5    0.0I 999.9  000000
870460  20130202    28.4 19    17.4 19  9999.9  0   906.8  8   10.6 19    3.8 19    9.3  999.9    36.6    19.8  999.9  999.9  010010
870460  20130203    23.3 17    19.1 17  9999.9  0   913.6  8   11.1 17    3.3 17    7.7   14.4    37.3    18.0   14.0G 999.9  010010
870460  20130204    24.5 22    18.9 22  9999.9  0   910.3  8   11.4 22    2.2 22    4.6  999.9    29.6*   19.2    0.0G 999.9  000000
870460  20130205    24.3 16    18.3 16  9999.9  0   909.5  8   13.0 16    2.4 16    3.6  999.9    30.4    19.0    0.0I 999.9  000000
870460  20130206    25.4 23    18.1 23  9999.9  0   910.9  8   11.4 23    1.5 23    3.1  999.9    31.3    20.6    0.0I 999.9  000010
870460  20130207    23.4 22    17.5 22  9999.9  0   912.0  8   11.1 22    1.5 22    4.1  999.9    30.8    18.0    4.1G 999.9  010010
870460  20130208    24.4 24    16.4 24  9999.9  0   909.3  8   11.9 24    2.2 24    4.6  999.9    32.0*   16.8    0.0G 999.9  000000
870460  20130209    25.5 24    15.1 24  9999.9  0   906.9  7   11.3 24    2.8 24    5.1  999.9    33.0*   17.5    0.0I 999.9  000000
870460  20130210    26.8 23    14.3 23  9999.9  0   904.9  8   11.9 23    3.6 23    8.7  999.9    34.0*   19.2    0.0I 999.9  000000
870460  20130211    23.3 24    16.1 24  9999.9  0   908.2  8   11.6 24    3.1 24    7.2  999.9    34.9    17.8    1.0G 999.9  010000
870460  20130212    23.7 24    15.4 24  9999.9  0   905.7  8   12.1 24    2.6 24    6.2  999.9    33.0*   15.5    0.0G 999.9  000000
870460  20130213    26.3 23    16.6 23  9999.9  0   904.4  8   11.7 23    2.6 23    4.1  999.9    35.0*   17.8    0.0I 999.9  000000
870460  20130214    25.7 24    17.2 24  9999.9  0   907.2  8   12.1 24    3.0 23    9.3  999.9    35.4    20.6    0.0I 999.9  000000
870460  20130215    25.2 19    19.3 19  9999.9  0   909.2  8   11.4 19    2.1 19    5.1  999.9    31.8    20.5    0.0G 999.9  010010
870460  20130216    25.7 24    17.5 24  9999.9  0   904.4  8   11.9 24    2.1 24    5.1  999.9    35.0*   16.6    0.0I 999.9  000000
870460  20130217    27.8 20    17.9 20  9999.9  0   901.6  8   12.4 20    2.4 20    4.1  999.9    37.0*   19.5    0.0I 999.9  000000
870460  20130218    20.4 23    18.0 23  9999.9  0   909.0  7    9.7 23    6.0 23   18.5  999.9    28.0*   17.0    2.0G 999.9  010010
870460  20130219    17.7 22    15.6 22  9999.9  0   911.5  8    7.2 21    2.3 22    6.2  999.9    21.7*   13.5    7.1G 999.9  010000
870460  20130220    17.5 21    15.8 21  9999.9  0   910.8  8    7.1 21    1.9 21    4.1  999.9    21.8    14.8    6.1G 999.9  010000
870460  20130221    21.3 19    17.2 19  9999.9  0   912.3  8   11.1 18    1.5 19    3.6  999.9    27.0*   14.8    0.0G 999.9  000000
870460  20130222    21.4 23    17.8 23  9999.9  0   912.3  8   11.1 23    2.2 23    6.2  999.9    27.2    17.4    0.0I 999.9  000000
870460  20130223    24.3 24    19.5 24  9999.9  0   908.3  8   11.3 24    2.1 24    6.2  999.9    30.0*   19.0    0.0G 999.9  010000
870460  20130224    27.8 20    19.8 20  9999.9  0   904.6  8   12.2 20    2.7 20    6.2  999.9    34.0*   20.2    0.0I 999.9  000010
870460  20130225    21.7 22    17.5 22  9999.9  0   909.4  8   10.3 22    6.6 22   11.3   15.9    33.8    18.4   13.0G 999.9  010010
870460  20130226    17.7 23    14.3 23  9999.9  0   913.9  8   10.3 23    1.9 23    5.1  999.9    22.5    15.0    0.0G 999.9  010000
870460  20130227    18.9 23    15.6 23  9999.9  0   913.3  8   10.6 23    1.3 23    3.6  999.9    24.3*   13.4    1.0G 999.9  010000
870460  20130228    20.6 22    16.3 22  9999.9  0   910.2  8   11.7 22    2.7 22    7.7  999.9    27.0*   13.5    0.0G 999.9  000000
870460  20130301    23.2 24    17.9 24  9999.9  0   904.2  8   11.7 24    2.9 24    6.7  999.9    32.0*   16.0    0.0I 999.9  000000
870460  20130302    25.9 19    17.6 19  9999.9  0   903.3  6   11.6 19    5.1 19   10.3   13.9    32.5    18.8    0.0I 999.9  000000
870460  20130303    20.5 20    10.6 20  9999.9  0   913.2  8   10.5 20    3.8 20   10.3  999.9    31.6    17.5    0.0I 999.9  000010
870460  20130304    19.7 18    12.4 18  9999.9  0   914.3  8   10.8 18    2.9 18    5.1  999.9    22.6*   16.0  999.9  999.9  010000
870460  20130305    19.2 23    14.6 23  9999.9  0   912.3  8   10.5 23    1.6 23    5.1  999.9    26.0*   12.6    3.0G 999.9  110000
870460  20130306    20.7 24    15.1 24  9999.9  0   906.4  8   11.9 24    1.5 24    4.1  999.9    27.6*   12.0    0.0G 999.9  000000
870460  20130307    24.8 19    16.7 19  9999.9  0   907.4  8   12.1 19    2.2 19    6.7  999.9    33.0*   15.5    0.0I 999.9  000000
870460  20130308    30.1  5    19.6  5  9999.9  0  9999.9  0   12.9  5    2.1  5    3.1  999.9    32.0*   28.0*   0.0I 999.9  000010
870460  20130309    26.9 23    18.6 23  9999.9  0   906.1  8   11.1 23    2.9 23    7.2  999.9    36.0*   19.2    0.0I 999.9  000010
870460  20130310    26.7 18    19.3 18  9999.9  0   905.1  8   10.5 18    4.5 18    8.2   20.1    36.0    19.0* 999.9  999.9  010010
870460  20130311    21.3 21    18.6 21  9999.9  0   906.2  7   10.1 21    1.5 21    3.6  999.9    34.8    17.5   27.9G 999.9  010000
870460  20130312    22.1 22    18.2 22  9999.9  0   905.4  8   11.1 22    4.4 22   12.9   18.5    28.0*   18.0    0.5G 999.9  010000
870460  20130313    20.7 20    14.2 20  9999.9  0   909.7  8   11.1 20    2.9 20    5.1  999.9    28.4    14.5    0.0G 999.9  010000
870460  20130314    19.3 22    16.9 22  9999.9  0   911.1  8    8.0 22    2.4 22    5.1  999.9    27.6    16.0*   5.1G 999.9  010000
870460  20130315    14.3 24    13.4 24  9999.9  0   914.9  8    4.3 24    3.9 24    6.2  999.9    22.8    13.0    9.9G 999.9  010000
870460  20130316    15.3 22    12.5 22  9999.9  0   917.7  8    8.4 22    1.0 22    4.1  999.9    19.0*   12.5    3.0G 999.9  010000
870460  20130317    16.3 17    14.2 17  9999.9  0   916.4  8    8.5 17    1.5 17    3.6  999.9    19.5    13.9    0.0G 999.9  010000
870460  20130318    15.4 21    13.4 21  9999.9  0   915.2  8    8.4 21    1.6 21    4.1  999.9    19.2    13.5    6.1G 999.9  010000
870460  20130319    15.7 16    13.7 16  9999.9  0   912.1  8    8.5 16    2.8 16    4.6  999.9    21.8*   13.0    6.1G 999.9  010000
870460  20130320    18.7 21    13.4 21  9999.9  0   909.8  8   11.7 21    1.8 21    5.1  999.9    26.0*   14.8    0.0G 999.9  000000
870460  20130321    19.8 23    13.7 23  9999.9  0   909.8  8   11.6 23    2.0 23    4.1  999.9    28.0*   12.0    0.0I 999.9  000000
870460  20130322    19.4 22    13.8 22  9999.9  0   912.2  8   11.4 22    3.2 22    6.2  999.9    28.1    14.0    0.0I 999.9  000000
870460  20130323    22.4 22    14.9 22  9999.9  0   911.8  8   11.9 22    2.3 22    4.1  999.9    27.4    16.3  999.9  999.9  010000
870460  20130324    20.3 22    15.8 22  9999.9  0   910.1  8   11.7 22    2.1 22    5.1  999.9    28.2    15.0    0.0G 999.9  010000
870460  20130325    21.7 19    14.9 19  9999.9  0   909.2  8   11.6 19    2.0 19    4.1  999.9    28.0*   13.0    0.0I 999.9  000000
870460  20130326    20.8 21    16.0 21  9999.9  0   915.9  8   11.1 21    1.8 21    4.1  999.9    29.4    16.7    5.1G 999.9  010000
870460  20130327    20.8 23    14.9 23  9999.9  0   915.8  8   11.3 23    1.5 23    3.6  999.9    27.0*   14.6    0.0G 999.9  000000
870460  20130328    21.7 23    14.3 23  9999.9  0   914.6  8   11.6 23    2.5 23    6.7  999.9    28.0*   16.0    0.0I 999.9  000000
870460  20130329    22.3 21    14.4 21  9999.9  0   913.0  8   11.7 21    2.4 21    6.2  999.9    28.4    17.6    0.0I 999.9  000000
870460  20130330    21.7 20    13.8 20  9999.9  0   910.5  8   12.6 20    2.3 20    5.1  999.9    30.0*   13.7    0.0I 999.9  000000
870460  20130331    22.3 23    13.6 23  9999.9  0   907.4  8   11.9 22    2.4 23    4.1  999.9    32.0*   14.2    0.0I 999.9  000000
870460  20130401    23.9 16    15.0 16  9999.9  0   907.9  8   11.1 16    5.1 16    8.2  999.9    31.8    17.5    0.0I 999.9  000000
870460  20130402    20.2 20    14.6 20  9999.9  0   910.4  8   11.3 20    3.7 20    6.2  999.9    28.6    16.0    0.0G 999.9  010000
870460  20130403    17.3 18    12.5 18  9999.9  0   913.6  8    9.8 18    3.2 18    6.2  999.9    23.5    13.6    3.0G 999.9  010000
870460  20130404    17.1 22    13.0 22  9999.9  0   910.2  8   11.7 22    2.1 22    4.1  999.9    22.0*   11.5    0.0G 999.9  010000
870460  20130405    18.2 22    10.3 22  9999.9  0   908.6  8   11.6 22    2.9 22    5.7  999.9    28.0*    8.7    0.0I 999.9  000000
870460  20130406    19.1 18     9.8 18  9999.9  0   906.7  7   12.1 18    2.7 18    4.6  999.9    31.0*   10.0    0.0I 999.9  000000
870460  20130407    20.1 16    13.5 16  9999.9  0   911.9  8   13.0 16    2.7 16    4.1  999.9    31.0    13.0    0.0I 999.9  000000
870460  20130408    20.7 22    13.7 22  9999.9  0   913.4  8   11.1 22    1.1 22    3.1  999.9    26.5    17.1    0.0I 999.9  000000
870460  20130409    20.2 23    13.4 23  9999.9  0   912.3  8   10.8 23    2.2 23    6.2  999.9    26.4*   14.7    0.0I 999.9  000000
870460  20130410    20.3 20    14.1 20  9999.9  0   907.1  8   11.3 20    2.5 20    5.7  999.9    27.8*   15.0    0.0I 999.9  000000
870460  20130411    23.4 23    14.7 23  9999.9  0   903.0  8   12.1 22    2.7 23    4.6  999.9    32.0*   16.0    0.0I 999.9  000000
870460  20130412    18.6 17    13.1 17  9999.9  0   908.7  8   11.3 17    5.3 17   11.3   13.9    31.7    16.8    0.3G 999.9  010000
870460  20130413    17.6 18    12.4 18  9999.9  0   915.6  8   11.3 18    2.1 18    5.1  999.9    22.0*   12.4    0.0G 999.9  000000
870460  20130414    17.3 22    11.9 22  9999.9  0   913.6  8   10.9 22    1.5 22    4.1  999.9    22.8    13.4    0.0I 999.9  000000
870460  20130415    19.8 17    10.9 17  9999.9  0   915.3  8   11.7 17    2.3 17    3.6  999.9    27.0*   10.0*   0.0I 999.9  000000
870460  20130416    19.0 22    10.8 22  9999.9  0   914.5  8   11.7 22    2.4 22    4.1  999.9    28.0*   11.6    0.0I 999.9  000000
870460  20130417    19.2 23    10.0 23  9999.9  0   914.3  8   11.6 23    2.6 23    6.2  999.9    28.2*   12.0    0.0I 999.9  000000
870460  20130418    19.4 24     9.3 24  9999.9  0   913.3  8   11.9 24    3.2 24    4.6  999.9    28.7    12.0*   0.0I 999.9  000000
870460  20130419    20.6 21     9.8 21  9999.9  0   913.0  8   12.2 21    2.4 21    5.1  999.9    28.8    11.6    0.0I 999.9  000000
870460  20130420    20.1 21    10.1 21  9999.9  0   913.5  8   11.6 21    2.6 21    6.2  999.9    29.0*   11.8    0.0I 999.9  000000
870460  20130421    20.2 21     9.9 21  9999.9  0   913.7  8   11.9 21    2.2 21    4.1  999.9    29.8    11.7    0.0I 999.9  000000
870460  20130422    21.8 17    10.0 17  9999.9  0   914.3  8   11.7 17    3.9 17    7.7  999.9    29.4    12.2    0.0I 999.9  000000
870460  20130423    21.1 23     9.3 23  9999.9  0   914.8  8   11.1 23    3.1 23    4.6  999.9    29.5    11.2    0.0I 999.9  000000
870460  20130424    21.0 22     9.3 22  9999.9  0   913.5  8   11.3 22    3.0 22    5.1  999.9    29.6    12.4    0.0I 999.9  000000
870460  20130425    20.9 21    10.1 21  9999.9  0   910.4  8   11.6 21    3.2 21    5.1  999.9    29.5    12.0    0.0I 999.9  000000
870460  20130426    21.6 21    11.6 21  9999.9  0   908.4  8   11.9 21    3.4 21    6.7   11.8    29.8    14.2    0.0I 999.9  000000
870460  20130427    21.1 21    12.4 21  9999.9  0   905.3  8   11.4 21    2.4 21    5.7  999.9    30.0*   14.8    0.0I 999.9  000000
870460  20130428    23.6 24    15.0 24  9999.9  0   908.4  8   11.3 24    1.9 24    4.1  999.9    30.4    16.2    0.0I 999.9  000000
870460  20130429    21.7 22    14.9 22  9999.9  0   909.8  8   11.4 20    1.5 22    4.1  999.9    29.6    15.2    0.0I 999.9  000000
870460  20130430    20.7 24    16.7 24  9999.9  0   909.5  8   10.5 24    1.5 24    3.6  999.9    27.4    17.8    0.8G 999.9  010000
870460  20130501    21.5 23    17.3 23  9999.9  0   907.9  8   11.1 23    1.5 23    3.1  999.9    26.0    16.9    0.0G 999.9  000000
870460  20130502    24.8 19    17.3 19  9999.9  0   905.3  8   11.3 19    2.8 19    6.2  999.9    31.0*   18.7    0.0I 999.9  000000
870460  20130503    23.7 23    17.0 23  9999.9  0   906.2  8   11.3 23    2.7 23    5.1  999.9    31.1    18.0    0.0I 999.9  000000
870460  20130504    21.6 23    15.8 23  9999.9  0   910.4  8   11.9 23    3.0 23    6.2  999.9    29.4    19.6    0.0I 999.9  000000
870460  20130505    20.4 21    13.4 21  9999.9  0   916.8  8   11.6 21    2.0 21    5.1  999.9    25.0*   13.5    2.0G 999.9  010000
870460  20130506    18.2 24    11.9 24  9999.9  0   913.8  8   11.9 24    1.5 24    3.1  999.9    25.8    10.2    0.0G 999.9  000000
870460  20130507    18.8 24    10.2 24  9999.9  0   918.6  8   11.9 24    3.1 24    4.6  999.9    26.0*   11.8    0.0I 999.9  000000
870460  20130508    17.9 23     8.6 23  9999.9  0   912.4  8   11.1 23    3.0 23    5.1  999.9    26.5    10.4    0.0I 999.9  000000
870460  20130509    18.2 23     9.3 23  9999.9  0   908.3  8   11.7 23    2.8 23    4.1  999.9    27.0*   10.2    0.0I 999.9  000000
870460  20130510    17.0 17    10.2 17  9999.9  0   906.1  8   12.1 17    3.0 17    5.1  999.9    27.8    11.5    0.0I 999.9  000000
870460  20130511    18.7 17    12.4 17  9999.9  0   908.9  8   11.1 17    3.4 17    5.1  999.9    28.0    12.1    0.0I 999.9  000000
870460  20130512    19.4 20    12.9 19  9999.9  0   910.7  8   11.4 18    2.1 20    4.1  999.9    27.6    13.0    0.0I 999.9  000000
870460  20130513    18.1 18    13.5 18  9999.9  0   909.7  8   10.9 18    1.9 18    4.1  999.9    24.5    13.0*   0.0I 999.9  000000
870460  20130514    18.1 22    14.1 22  9999.9  0   908.9  8   10.6 22    1.8 22    4.1  999.9    24.1    13.2    0.0I 999.9  000000
870460  20130515    16.4 15    12.5 15  9999.9  0   909.7  8   11.3 15    3.2 15    9.3  999.9    23.6    11.0*   0.0I 999.9  000000
870460  20130516     9.5 20     6.6 20  9999.9  0   919.8  8    6.9 20    2.4 20    8.7  999.9    24.4     8.0*   0.0G 999.9  010000
870460  20130517    10.4 17     6.2 17  9999.9  0   916.9  8    8.2 17    1.0 17    4.1  999.9    13.0*    8.4    0.0G 999.9  000000
870460  20130518    10.8 23     6.8 23  9999.9  0   913.6  8   10.8 23    0.9 23    3.1  999.9    15.0*    8.0    0.0I 999.9  000000
870460  20130519    15.2 18     6.8 18  9999.9  0   915.5  8   11.4 18    2.0 18    4.1  999.9    20.0*    9.0    0.0I 999.9  000000
870460  20130520    12.9 22     6.4 22  9999.9  0   916.0  8   11.4 22    2.1 22    3.1  999.9    20.8     6.7    0.0I 999.9  000000
870460  20130521    12.4 23     7.6 23  9999.9  0   910.8  8   10.9 23    2.7 23    5.1  999.9    20.8     7.4    0.0I 999.9  000000
870460  20130522    16.3 18     8.8 18  9999.9  0   914.5  8   10.9 18    2.0 18    4.1  999.9    21.0*    9.4    0.0G 999.9  010000
870460  20130523    13.4 20     9.3 20  9999.9  0   914.7  8   10.9 20    0.8 20    2.6  999.9    21.2     9.1    0.0I 999.9  000000
870460  20130524    13.9 23     6.6 23  9999.9  0   916.2  8   11.7 23    2.4 23    3.6  999.9    24.0*    6.4    0.0I 999.9  000000
870460  20130525    13.7 22     6.8 22  9999.9  0   914.3  8   11.1 21    2.7 22    5.1  999.9    24.4     6.4    0.0I 999.9  000000
870460  20130526    14.4 24     8.2 24  9999.9  0   908.7  8   10.9 24    1.3 24    3.1  999.9    23.0*    6.5    0.0I 999.9  000000
870460  20130527    14.6 23     8.0 23  9999.9  0   907.0  8   11.3 23    2.4 23    4.1  999.9    25.0*    6.5    0.0I 999.9  000000
870460  20130528    18.6 22     5.2 22  9999.9  0   899.9  8   10.1 19    1.9 22    4.1  999.9    33.0*    8.0    0.0I 999.9  000000
870460  20130529    17.1 22     3.8 22  9999.9  0   903.5  8   10.6 22    5.0 22    9.8   13.9    33.6    11.0*   0.0I 999.9  000000
870460  20130530    16.1 17     8.4 17  9999.9  0   913.4  8   10.5 17    2.4 17    6.2    9.8    22.6    11.5    0.0I 999.9  000000
870460  20130531    14.7 22     8.4 22  9999.9  0   906.6  8   11.1 22    2.1 22    4.1  999.9    23.0*    8.5    0.0I 999.9  000000
870460  20130601    16.8 20     6.8 20  9999.9  0   907.7  8   11.4 20    2.7 20    5.1  999.9    26.6*    9.5    0.0I 999.9  000000
870460  20130602    17.6 20     8.0 20  9999.9  0   913.2  8   11.1 20    2.6 20    6.2  999.9    26.6     8.0    0.0I 999.9  000000
870460  20130603    18.8 18     9.7 18  9999.9  0   916.5  8   11.1 18    3.6 18    5.7  999.9    25.8    11.4    0.0I 999.9  000000
870460  20130604    16.8 18     9.9 18  9999.9  0   913.7  8   10.6 18    1.6 18    3.1  999.9    24.6    12.0    0.0I 999.9  000000
870460  20130605    17.3 21     9.3 21  9999.9  0   911.0  8   11.7 21    2.5 21    4.1  999.9    26.0*    9.5    0.0I 999.9  000000
870460  20130606    17.8 22     8.4 22  9999.9  0   915.3  8   10.8 22    3.0 22    5.7  999.9    26.8    11.7    0.0I 999.9  000000
870460  20130607    16.7 22     8.8 22  9999.9  0   912.5  8   11.3 22    2.1 22    5.1  999.9    25.0     8.2    0.0I 999.9  000000
870460  20130608    20.0 11    11.0 11  9999.9  0   914.0  4    9.8 11    1.9 11    3.6  999.9    25.0    12.0    0.0I 999.9  000000
870460  20130609    18.2 21    11.0 21  9999.9  0   911.3  8   10.9 21    2.1 21    4.1  999.9    26.0*   10.8    0.0I 999.9  000000
870460  20130610    19.8 18    12.8 18  9999.9  0   913.3  8   10.6 18    2.0 18    4.1  999.9    26.0    12.8    0.0I 999.9  000000
870460  20130611    18.2 24    14.6 24  9999.9  0   914.6  8   10.8 24    0.9 24    3.6  999.9    26.2    14.4    0.0B 999.9  010000
870460  20130612    19.0 21    14.6 21  9999.9  0   914.5  8    8.2 21    1.9 21    5.1  999.9    25.0*   14.0    0.0G 999.9  000000
870460  20130613    17.6 21    13.9 21  9999.9  0   912.9  8    8.9 21    2.0 21    3.1  999.9    25.4    13.0    0.0I 999.9  100000
870460  20130614    20.6 15    13.2 15  9999.9  0   911.6  6   10.9 13    3.3 12    9.3  999.9    27.2*   12.6  999.9  999.9  010000
870460  20130615    16.8 20    13.2 20  9999.9  0   912.7  8   10.5 20    2.9 20    7.7  999.9    28.0    11.0    5.1G 999.9  010010
870460  20130616    15.7 23    11.5 23  9999.9  0   908.7  8   10.8 21    2.4 23    8.7   11.8    23.0*   10.0    0.0G 999.9  000000
870460  20130617    13.7 16    11.0 16  9999.9  0   912.5  8    6.3 16    2.3 16    7.7  999.9    23.4    11.4    3.0G 999.9  110000
870460  20130618    14.8 23    11.3 23  9999.9  0   908.3  8    7.7 23    0.8 23    3.1  999.9    20.0*   11.4    0.3G 999.9  110000
870460  20130619    12.1 22     8.4 22  9999.9  0   914.4  8    9.5 22    4.1 22    9.3  999.9    20.4     8.8*   0.0G 999.9  010000
870460  20130620     7.2 24     4.8 24  9999.9  0   915.4  8    8.2 24    2.0 24    5.1  999.9    13.2     5.0*   2.0G 999.9  010000
870460  20130621     8.4 21     4.9 21  9999.9  0   912.6  7   10.1 18    1.2 21    4.1  999.9    19.2*    3.7    0.3G 999.9  100000
870460  20130622    11.2 24     1.1 24  9999.9  0   908.3  8   11.6 24    2.7 24    6.2  999.9    21.0     2.8    0.0G 999.9  000000
870460  20130623    10.5 22     3.7 22  9999.9  0   912.1  8   11.7 22    2.5 22    5.1  999.9    21.5     3.0    0.0I 999.9  000000
870460  20130624    10.4 22     6.9 22  9999.9  0   914.2  8   10.6 22    1.1 22    4.1  999.9    19.0     5.0    0.0I 999.9  000000
870460  20130625    10.9 24     7.1 24  9999.9  0   913.6  8   10.3 24    0.9 24    4.1  999.9    13.0*    9.4    0.0I 999.9  000000
870460  20130626    11.1 23     4.8 23  9999.9  0   913.3  8   11.7 23    2.2 23    4.1  999.9    19.2*    4.0    0.0I 999.9  000000
870460  20130627    10.7 23     4.8 23  9999.9  0   910.9  8   11.4 23    2.4 23    4.1  999.9    20.2     3.2    0.0I 999.9  000000
870460  20130628    17.0 23     5.6 23  9999.9  0   904.7  8   11.3 23    2.1 23    5.1  999.9    32.0*    5.2    0.0I 999.9  000000
870460  20130629    18.4 16     1.5 16  9999.9  0   910.4  8   11.9 16    3.7 16    5.1  999.9    32.8     8.2    0.0I 999.9  000000
870460  20130630    14.3 18     4.9 18  9999.9  0   913.1  8   11.3 18    2.3 18    4.1  999.9    23.7     6.0*   0.0I 999.9  000000
870460  20130701    12.4 24     5.7 24  9999.9  0   916.6  8   11.7 24    3.1 24    6.2  999.9    22.2     5.0    0.0I 999.9  000000
870460  20130702    12.1 22     5.7 22  9999.9  0   912.8  8   11.4 22    1.9 22    4.6  999.9    22.0*    5.0    0.0I 999.9  000000
870460  20130703    14.9 21     5.9 21  9999.9  0   905.4  8   11.4 21    2.8 21    4.6  999.9    24.6*    5.3    0.0I 999.9  000000
870460  20130704    15.6 22     6.5 22  9999.9  0   906.9  8   10.8 22    2.5 22    4.1  999.9    26.0*    6.3    0.0I 999.9  000000
870460  20130705    17.4 23    10.7 23  9999.9  0   909.5  8   10.9 16    2.5 23    4.6  999.9    25.8    10.1    0.0I 999.9  000000
870460  20130706    17.2 24    11.4 24  9999.9  0   908.6  8   10.6 24    3.6 24    5.1  999.9    24.8    11.8    0.0I 999.9  000000
870460  20130707    13.8 19     7.6 19  9999.9  0   914.9  8   10.9 19    3.1 19    6.2  999.9    24.2    12.0*   0.0I 999.9  000000
870460  20130708    10.7 17     5.6 17  9999.9  0   920.0  8   10.6 17    2.8 17    5.7    7.2    14.2     9.0    0.0I 999.9  000000
870460  20130709    11.7 22     7.8 22  9999.9  0   912.8  8    8.2 22    0.9 22    3.1  999.9    17.4*    8.4    0.0I 999.9  000000
870460  20130710    12.4 24     8.6 24  9999.9  0   910.1  8   10.0 24    2.3 24    6.7  999.9    19.0*    7.0    0.0I 999.9  000000
870460  20130711    16.1 24    10.5 24  9999.9  0   908.1  8   11.3 24    3.0 24    5.1  999.9    25.0*    8.4    0.0I 999.9  000000
870460  20130712    17.5 23     9.9 23  9999.9  0   914.5  8   11.6 23    3.7 21    7.7    9.3    25.2    11.6    0.0I 999.9  000000
870460  20130713    17.2 21    11.7 21  9999.9  0   913.2  8   10.6 21    1.3 16    4.1  999.9    23.0*   12.1    0.0I 999.9  000000
870460  20130714    15.9 20     9.2 20  9999.9  0   912.4  8   10.8 20    2.3 19    3.1  999.9    24.0*    7.4    0.0I 999.9  000000
870460  20130715    15.8 19    10.4 19  9999.9  0   916.9  8   11.1 19    2.0 11    4.6  999.9    24.8    10.0    0.0I 999.9  000000
870460  20130716    13.9 24     9.6 24  9999.9  0   914.7  8   10.3 24    1.8 24    6.2  999.9    21.0*    6.8    0.0I 999.9  000000
870460  20130717    12.8 16     8.2 16  9999.9  0   910.2  8    9.3 15    2.0 11    3.6  999.9    24.4*    6.5    0.0I 999.9  000000
870460  20130718    16.4 19     6.2 19  9999.9  0   906.3  7    6.9 19    7.1 19   12.9   21.1    25.0     9.0    0.0I 999.9  000000
870460  20130719    11.2 20     0.3 20  9999.9  0   913.7  8    4.2 20    3.7 20    7.2  999.9    25.6     8.6    0.0I 999.9  000000
870460  20130720     8.2 20     0.6 20  9999.9  0   906.3  7    5.5 20    2.2 20    5.1  999.9    16.0*    0.8    0.0I 999.9  000000
870460  20130721     7.1 21    -3.8 21  9999.9  0   913.4  8    6.4 20    3.3 21    5.1  999.9    16.4     3.5    0.0I 999.9  000000
870460  20130722     4.3 19    -4.5 19  9999.9  0   920.6  8    9.7 19    3.2 19    7.2  999.9     8.2     1.5    0.0B 999.9  001000
870460  20130723     3.2 20    -5.8 20  9999.9  0   922.5  4    9.8 20    2.0 20    3.6  999.9    13.0*   -5.0*   0.0I 999.9  000000
870460  20130724     7.5 19    -6.0 18  9999.9  0   921.9  6   10.9 19    2.7 19    5.1  999.9    17.0*   -3.0    0.0I 999.9  000000
870460  20130725     8.3 22    -5.9 22  9999.9  0   919.1  7   10.6 22    3.1 22    5.1  999.9    17.2    -1.0*   0.0I 999.9  000000
870460  20130726    10.2 21    -4.4 21  9999.9  0   915.2  8   11.3 21    2.4 21    4.1  999.9    19.0*    0.2    0.0I 999.9  000000
870460  20130727    14.1 23    -3.4 23  9999.9  0   913.7  7    9.8 23    3.6 23   17.5  999.9    27.0*    5.4    0.0I 999.9  000000
870460  20130728    15.3 24     0.2 24  9999.9  0   915.4  8   10.5 24    2.7 24    4.6  999.9    26.9     7.8    0.0I 999.9  000000
870460  20130729    17.3 21     4.3 21  9999.9  0   914.4  8    9.8 19    2.4 21    4.1  999.9    27.0*    9.2    0.0I 999.9  000000
870460  20130730    18.3 17     7.1 17  9999.9  0   910.7  7   10.9 17    3.5 17    7.7  999.9    27.0*   11.4    0.0I 999.9  000000
870460  20130731    21.0 24     8.8 24  9999.9  0   906.3  8   10.5 24    3.6 24    6.2  999.9    31.0*   12.0    0.0I 999.9  000000
870460  20130801    17.6 21     8.3 21  9999.9  0   908.9  7    8.4 17    3.3 21    7.7   12.4    23.0*   12.5    0.0I 999.9  000000
870460  20130802    15.1 24     6.9 24  9999.9  0   914.3  8   10.8 19    2.3 24    5.1  999.9    23.3     9.0    0.0I 999.9  000000
870460  20130803    15.3 24     7.2 24  9999.9  0   911.5  8    9.8 18    1.7 24    5.1  999.9    22.0*    8.8    0.0I 999.9  000000
870460  20130804    16.1 24     4.5 24  9999.9  0   913.9  8   10.0  8    3.2 24    5.1  999.9    24.4*    7.6    0.0I 999.9  000000
870460  20130805    13.6 14     4.4 14  9999.9  0   911.3  8   11.7  8    2.1 14    4.1  999.9    26.9*    7.0    0.0I 999.9  000000
870460  20130806    17.4  8     6.1  8  9999.9  0   912.8  8   10.9  8    2.4  8    4.1  999.9    27.9     9.5    0.0I 999.9  000000
870460  20130807    22.8 12     9.9 12  9999.9  0   903.4  8   12.7  8    2.9 12    5.1  999.9    32.0*   10.5    0.0I 999.9  000000
870460  20130808    16.9 23     4.3 23  9999.9  0   905.0  8    5.6 17    6.7 23   11.8   15.4    32.4    13.0    0.0I 999.9  000000
870460  20130809     9.2 21    -5.3 21  9999.9  0   919.4  8    6.8 15    5.8 21   10.3   16.0    20.6     5.0*   0.0I 999.9  000000
870460  20130810     9.4 16    -5.1 16  9999.9  0   921.7  7   11.3  7    2.6 16    4.1  999.9    16.0*   -2.4    0.0I 999.9  000000
870460  20130811    11.1 22    -4.1 22  9999.9  0   910.5  8   10.9  8    2.4 22    4.6  999.9    23.0*    0.5    0.0I 999.9  000000
870460  20130812    14.6 24    -4.0 24  9999.9  0   906.5  8   12.6  8    3.8 24    8.2  999.9    24.0*    5.6    0.0I 999.9  000000
870460  20130813    10.7 23    -2.6 23  9999.9  0   917.2  9    8.9 10    5.7 23   10.3   14.4    16.2*    8.0*   0.0I 999.9  000000
870460  20130814     8.5 18    -1.1 18  9999.9  0   926.2  8   10.6  9    2.4 18    4.1  999.9    15.0*    0.0*   0.0I 999.9  000000
870460  20130815     8.5 22    -2.1 22  9999.9  0   918.8  8   10.5  8    2.8 22    5.7  999.9    18.0*    1.0*   0.0I 999.9  000000
870460  20130816    12.6 21    -3.0 21  9999.9  0   915.1  8   12.1  8    4.0 21    8.2   12.4    24.0*    3.0*   0.0I 999.9  000000
870460  20130817    13.2 24    -2.7 24  9999.9  0   919.7  8    9.2 10    3.2 24    5.7  999.9    21.0*    5.5*   0.0I 999.9  000000
870460  20130818    13.3 23    -2.4 23  9999.9  0   914.4  8    9.5  9    2.1 23    4.6  999.9    22.0*    4.0*   0.0I 999.9  000000
870460  20130819    17.2 21     1.7 21  9999.9  0   910.1  8   10.3  8    2.7 21    5.7  999.9    28.0*    7.9*   0.0I 999.9  000000
870460  20130820    21.2 21     5.7 21  9999.9  0   908.8  8   11.6  8    3.2 21    4.6  999.9    30.0*   12.0*   0.0I 999.9  000000
870460  20130821    22.6 22     6.7 22  9999.9  0   905.9  8   12.6  8    3.3 22    5.1  999.9    32.0*   14.0*   0.0I 999.9  000000
870460  20130822    19.6 23     7.8 23  9999.9  0   906.9  7    6.9 13    5.6 23   14.4   15.4    33.6    14.0*   0.0I 999.9  000000
870460  20130823    10.9 21    -3.5 20  9999.9  0   914.9  8    7.2 12    3.9 21    8.2  999.9    13.0*    9.6*   0.0I 999.9  000000
870460  20130824     7.7 22    -6.2 22  9999.9  0   917.5  8    9.7  9    3.1 22    5.1  999.9    12.0*    2.0*   0.0I 999.9  000000
870460  20130825     7.8 23    -7.5 23  9999.9  0   921.4  8   10.6  8    4.6 23    9.3  999.9    14.0*    1.0*   0.0I 999.9  000000
870460  20130826     9.3 24    -5.6 24  9999.9  0   923.6  7   13.8  8    3.3 24    6.2  999.9    16.0*    1.0*   0.0I 999.9  000000
870460  20130827    10.5 22    -2.8 22  9999.9  0   921.8  8   10.9  8    2.3 22    4.1  999.9    20.0*    1.0*   0.0I 999.9  000000
870460  20130828    13.2 20    -1.9 20  9999.9  0   919.7  8   10.9  8    2.4 20    4.1  999.9    25.0*    4.0*   0.0I 999.9  000000
870460  20130829    16.3 22     0.8 22  9999.9  0   915.5  8    9.7  9    2.8 22    5.1  999.9    26.0*    7.0*   0.0I 999.9  000000
870460  20130830    21.1 12     2.6 12  9999.9  0   908.5  8    6.3 12    2.5 11    5.1  999.9    31.0*    9.7*   0.0I 999.9  000000
870460  20130831    24.9 17     3.6 17  9999.9  0   906.6  8    6.9 16    3.0 17    4.6  999.9    35.0*   11.0*   0.0I 999.9  000000
870460  20130901    23.6 22     5.9 22  9999.9  0   908.9  8    7.4 21    2.7 21    4.6  999.9    32.4*   14.9*   0.0I 999.9  000000
870460  20130902    24.8 21     4.1 21  9999.9  0   907.4  8    8.7 13    3.7 21    6.2  999.9    34.0*   15.0*   0.0I 999.9  000000
870460  20130903    21.3 21     5.9 21  9999.9  0   913.2  8    5.8 21    5.7 21    8.8    9.3    26.2*   17.0*   0.0I 999.9  000000
870460  20130904    16.7 18     5.2 18  9999.9  0   917.6  8    7.7 12    2.8 18    5.1  999.9    23.0*   12.0    0.0I 999.9  000000
870460  20130905    19.7 22     7.4 22  9999.9  0   911.7  8    7.2 17    3.4 22    5.7  999.9    29.0*   10.0*   0.0I 999.9  000000
870460  20130906    24.2 22     9.7 22  9999.9  0   910.2  8    6.6 20    4.1 22    7.2   11.8    34.4*   16.0*   0.0I 999.9  000000
870460  20130907    25.5 22    10.7 22  9999.9  0   907.4  8    5.0 14    2.4 22    4.1  999.9    34.4*   17.5    0.0I 999.9  000000
870460  20130908    26.9 24     8.7 24  9999.9  0   911.7  8    6.8 12    3.0 24    5.1  999.9    36.0*   19.0*   0.0I 999.9  000000
870460  20130909    26.9 20    11.5 20  9999.9  0   913.2  8    5.8 20    4.1 20    8.2   14.4    35.0*   15.0*   0.0I 999.9  000000
870460  20130910    26.9 21    10.9 21  9999.9  0   909.3  8    5.6 13    3.6 21    6.2    9.3    33.0*   17.0*   0.0I 999.9  000000
870460  20130911    26.9 22    11.3 22  9999.9  0   905.2  7    5.6 20    3.2 22    8.2   17.0    34.0*   17.0*   0.0I 999.9  000000
870460  20130912    26.4 22    12.3 22  9999.9  0   903.4  8    5.0 22    2.7 22    5.1  999.9    34.4*   17.0*   0.0I 999.9  000000
870460  20130913    18.4 21    10.7 21  9999.9  0   910.4  8    5.5 21    6.0 21   10.3   14.9    30.0*   11.0*   0.0G 999.9  010000
870460  20130914    11.9 24     6.7 24  9999.9  0   913.5  8    9.7 24    2.2 24    4.1  999.9    14.0*   10.0*   0.3G 999.9  010000
870460  20130915    10.8 23     7.2 23  9999.9  0   912.4  8    9.3 22    3.7 23    6.2  999.9    14.0*    8.7*   0.3G 999.9  010000
870460  20130916     9.6 24     6.2 24  9999.9  0   912.0  8    8.9 24    3.1 24    6.2  999.9    13.0*    7.9*   0.0G 999.9  010000
870460  20130917     7.8 21     3.4 21  9999.9  0   916.9  8   10.1 21    3.3 21    6.7  999.9    13.8     6.5*   0.0G 999.9  010000
870460  20130918     8.7 24     4.4 24  9999.9  0   916.7  8    9.7 24    1.1 24    3.1  999.9    12.0*    6.0*   0.3G 999.9  010000
870460  20130919    12.9 22     4.3 22  9999.9  0   915.4  8   12.6 10    3.1 22    5.1  999.9    21.0*    4.9*   0.0G 999.9  000000
870460  20130920    16.4 24     5.6 24  9999.9  0   906.1  8   12.1  8    1.9 24    4.6  999.9    29.0*    7.0*   0.0I 999.9  000000
870460  20130921    20.1 22     6.8 22  9999.9  0   904.3  8   14.6  8    3.0 22    5.7  999.9    30.4*   12.0*   0.0I 999.9  000000
870460  20130922    14.1 21     3.3 21  9999.9  0   913.2  7   10.0 10    7.1 21   11.3   16.0    24.4*    9.0*   0.0I 999.9  000000
870460  20130923    11.6 24    -0.4 24  9999.9  0   922.7  8   11.1 18    3.1 24    5.1  999.9    14.0*    9.8*   0.0I 999.9  000000
870460  20130924    12.2 24    -0.3 24  9999.9  0   922.7  8   13.2 12    3.0 24    5.7  999.9    20.0*    2.2    0.0I 999.9  000000
870460  20130925    14.0 22    -0.2 22  9999.9  0   917.1  8   11.3  8    2.9 22    5.7  999.9    20.0     2.5    0.0I 999.9  000000
870460  20130926    15.7 23     1.0 23  9999.9  0   911.0  8    5.8 18    2.6 23    5.1  999.9    24.0*    5.5    0.0I 999.9  000000
870460  20130927    20.0 21     2.9 21  9999.9  0   908.0  8    6.9 20    2.3 21    5.1  999.9    29.2*    9.5    0.0I 999.9  000000
870460  20130928    21.7 18     4.2 18  9999.9  0   909.7  8    9.3 15    3.3 18    6.2  999.9    30.2    11.5    0.0I 999.9  000000
870460  20130929    15.4 21     0.9 21  9999.9  0   914.4  8   10.5 16    4.8 21    9.3   12.4    28.6    10.4    0.0I 999.9  000000
870460  20130930    13.9 22    -0.8 22  9999.9  0   915.5  8   10.5  8    2.3 22    5.1  999.9    21.4*    4.4    0.0I 999.9  000000
870460  20131001    15.9 21    -0.3 21  9999.9  0   912.5  8    9.5 11    2.9 21    5.7  999.9    24.0*    5.5    0.0I 999.9  000000
870460  20131002    19.2 17     1.8 17  9999.9  0   910.6  8    4.5 17    2.9 17    5.1  999.9    25.0*    6.4    0.0I 999.9  000000
870460  20131003    19.7 24     2.6 24  9999.9  0   909.3  8    5.3 24    3.9 24   10.3   14.4    30.0*    9.6    0.0I 999.9  000000
870460  20131004    18.0 19     1.5 19  9999.9  0   918.4  7   10.3 14    4.4 19    7.7   12.4    23.4    14.0    0.0I 999.9  000000
870460  20131005    17.3 22     4.1 22  9999.9  0   915.6  8   11.1 11    2.7 22    5.1  999.9    26.0*    8.0    0.0I 999.9  000000
870460  20131006    20.3 22     4.2 22  9999.9  0   915.2  8    8.7 10    2.1 22    5.1    9.3    27.8     9.5    0.0I 999.9  000000
870460  20131007    21.2 23     4.8 23  9999.9  0   915.0  8    5.6 23    3.6 23    6.2   13.9    28.0*   14.0    0.0I 999.9  000000
870460  20131008    22.6 19     6.4 19  9999.9  0   911.5  8    5.3 19    3.5 19    7.7  999.9    30.4*   14.0*   0.0I 999.9  000000
870460  20131009    26.6 24     8.9 24  9999.9  0   906.5  4    5.3 16    2.8 24    7.2   15.4    35.0*   18.0*   0.0I 999.9  000000
870460  20131010    24.6 22    11.9 22  9999.9  0   909.4  8    5.1 21    4.2 22    8.2   12.9    29.0*   20.0*   0.0I 999.9  000000
870460  20131011    21.0 24    16.2 23  9999.9  0   910.9  8    7.2 18    2.0 24    4.6  999.9    24.1*   18.0* 999.9  999.9  010000
870460  20131012    22.8 18    16.6 18  9999.9  0   909.6  6   10.3 18    3.4 18    8.2  999.9    29.0*   18.9* 999.9  999.9  010010
870460  20131013    20.2 23    16.3 23  9999.9  0   910.4  5   10.3 23    2.7 23    7.7   12.9    24.0*   17.0*   2.0G 999.9  010000
870460  20131014    22.3 22    16.2 22  9999.9  0   912.1  8    9.8 22    2.4 22    6.2  999.9    29.0*   19.0*   0.0G 999.9  010010
870460  20131015    18.7 24    16.5 24  9999.9  0   914.3  8    9.2 23    1.3 24    4.6  999.9    22.0*   16.0    4.1G 999.9  010010
870460  20131016    19.6 19    14.4 19  9999.9  0   913.0  7    9.2 15    2.6 19    5.7  999.9    30.0*   13.0    5.1G 999.9  100000
870460  20131017    21.6 21    14.5 21  9999.9  0   912.4  7   10.5 21    2.0 21    6.2  999.9    29.8    14.5    4.1G 999.9  010000
870460  20131018    24.8 21    13.7 21  9999.9  0   911.5  8   11.1 19    3.0 21    5.7  999.9    32.0*   15.8    0.0G 999.9  000000
870460  20131019    25.7 23    13.8 23  9999.9  0   906.5  8   12.1 15    3.1 23    6.2   10.3    33.2*   16.2    0.0I 999.9  000000
870460  20131020    29.2 22    14.8 22  9999.9  0   899.0  8   11.6 13    3.3 22    7.2   15.4    38.0*   18.0    0.0I 999.9  000000
870460  20131021    24.6 21     4.8 21  9999.9  0   908.9  7    7.9 18    5.6 21   11.3   17.0    32.0    19.5    0.0I 999.9  000000
870460  20131022    23.7 21     8.4 21  9999.9  0   907.4  8   11.7 11    2.9 21    5.1  999.9    30.0*   16.5    0.0I 999.9  000000
870460  20131023    26.1 24    11.3 24  9999.9  0   902.4  7   12.6 13    2.7 24    5.1  999.9    36.0*   17.0*   0.0I 999.9  000000
870460  20131024    21.3 22    11.9 22  9999.9  0   912.5  8    8.0 22    5.1 22   10.3   15.4    36.7    15.0*   0.0B 999.9  010000
870460  20131025    17.6 20    12.4 20  9999.9  0   914.2  8   11.1 18    3.0 20    6.7  999.9    24.0*   13.0    3.0G 999.9  010000
870460  20131026    21.7 22    13.5 22  9999.9  0   909.9  7   10.6 18    1.9 22    5.1  999.9    30.0*   15.8    0.0G 999.9  000000
870460  20131027    23.7 20    13.9 20  9999.9  0   913.8  8   12.4 17    2.1 20    5.1  999.9    30.4    18.0    0.0I 999.9  000000
870460  20131028    23.0 22    13.7 22  9999.9  0   911.2  8   11.4 22    2.6 22    5.1  999.9    29.2    17.5    0.0I 999.9  000000
870460  20131029    25.9 22    14.8 22  9999.9  0   906.5  8   11.1 17    2.7 22    8.2  999.9    34.0*   16.0    0.0I 999.9  000000
870460  20131030    29.5 18    16.2 18  9999.9  0   905.5  8   12.7 15    3.3 18    6.7  999.9    36.0*   22.5    0.0I 999.9  000000
870460  20131031    31.2 17    17.1 17  9999.9  0   901.9  7   11.1 17    4.0 17    7.2   10.3    36.3    24.0  999.9  999.9  010010
870460  20131101    25.2 22    17.6 22  9999.9  0   901.8  8   10.3 20    4.8 22   14.4   17.5    37.2    18.0*   0.0G 999.9  010010
870460  20131102    19.1 22    12.3 22  9999.9  0   913.0  8   10.6 22    5.1 22   10.3  999.9    33.0    16.0   23.9G 999.9  010010
870460  20131103    21.6 20    10.7 20  9999.9  0   916.0  8   11.3 15    2.3 20    6.2  999.9    29.0*   12.9    0.0G 999.9  000000
870460  20131104    24.1 17    10.4 17  9999.9  0   913.3  8   12.9 14    2.7 17    5.7  999.9    30.0*   15.0    0.0I 999.9  000000
870460  20131105    23.1 18    11.0 18  9999.9  0   912.6  7   13.2  9    2.7 18    5.1  999.9    32.0*   14.6    0.0I 999.9  000000
870460  20131106    26.0 17     8.0 17  9999.9  0   910.0  8   14.6  8    4.1 17    6.2  999.9    32.0    15.5    0.0I 999.9  000000
870460  20131107    26.7 19     8.3 19  9999.9  0   907.7  6   11.9  8    3.1 19    5.1  999.9    34.0*   16.5    0.0I 999.9  000000
870460  20131108    27.8 24     9.8 24  9999.9  0   905.7  7   13.5 10    3.5 24    7.2   11.8    36.0*   17.6    0.0I 999.9  000000
870460  20131109    29.3 21    12.3 21  9999.9  0   899.9  8   13.7 12    3.6 21    6.2  999.9    37.0*   18.6    0.0I 999.9  000000
870460  20131110    26.4 22    15.2 22  9999.9  0   898.8  8   10.1 15    4.1 22   10.3  999.9    37.3    21.0*   0.0I 999.9  000000
870460  20131111    20.9 20     9.1 20  9999.9  0   908.8  8   10.9 20    4.4 20   10.3   14.9    31.2    14.0    0.0I 999.9  000000
870460  20131112    22.5 24     8.2 24  9999.9  0   911.0  8   13.0 13    3.0 24    6.7   12.4    32.0*   13.0    0.0I 999.9  000000
870460  20131113    25.9 22     7.3 22  9999.9  0   909.3  8   11.6 13    3.7 22    7.2   12.4    33.0*   15.0    0.0I 999.9  000000
