875480  20130101    16.3  8     5.7  8  1018.3  8  1008.8  8   10.8  8    4.9  8    5.7  999.9    28.4    10.0    0.0I 999.9  000000
875480  20130102    16.2  8     7.8  8  1020.2  8  1010.5  8   11.7  8    2.8  8    5.7  999.9    24.4*    6.2    0.0I 999.9  000000
875480  20130103    20.2  8    11.5  8  1015.9  8  1006.4  8   13.5  8    6.7  8    9.8  999.9    28.0*   11.4    0.0I 999.9  000000
875480  20130104    22.7  9    16.9  9  1012.0  8  1002.6  8   10.3  9    5.4  9    8.2  999.9    31.0*   16.5  999.9  999.9  010010
875480  20130105    22.1  8    18.6  8  1008.0  8   998.7  8   11.6  8    3.4  8    6.2  999.9    31.6    18.7   15.0G 999.9  000000
875480  20130106    23.5  8    18.2  8  1006.4  8   997.0  8    9.5  8    3.1  8    5.7  999.9    30.0*   16.2    0.0G 999.9  100000
875480  20130107    24.4  8    18.6  8  1002.4  8   993.2  8   11.7  8    3.3  8    4.1  999.9    30.3    18.5    0.0I 999.9  000000
875480  20130108    22.1  8    15.2  8  1008.2  8   998.9  8   11.9  8    3.0  8    5.1  999.9    30.4    16.4    0.0I 999.9  000000
875480  20130109    22.8  8    15.2  8  1015.0  8  1005.5  8   11.3  8    1.5  8    2.6  999.9    30.4*   14.4    0.0I 999.9  000000
875480  20130110    25.7  8    18.4  8  1015.9  8  1006.5  8   12.6  8    4.5  8    7.2  999.9    32.5*   17.5    0.0I 999.9  000000
875480  20130111    25.2  8    16.3  8  1014.5  8  1005.2  8   13.5  8    6.4  8    8.2  999.9    33.2    17.6    0.0I 999.9  000000
875480  20130112    23.9  8    15.4  8  1010.8  8  1001.5  8   13.2  8    5.4  8    8.2  999.9    32.6    16.5    0.0I 999.9  000000
875480  20130113    24.0  8    15.6  8  1014.1  8  1004.7  8   13.5  8    3.3  8    6.2  999.9    30.8    15.5    0.0I 999.9  000000
875480  20130114    24.7  8    16.0  8  1014.9  8  1005.6  8   12.1  8    2.1  8    6.2  999.9    31.5    16.8    0.0I 999.9  000000
875480  20130115    25.2  8    16.8  8  1011.5  8  1002.2  8   14.0  8    4.0  8    6.2  999.9    32.3    16.0    0.0I 999.9  000000
875480  20130116    23.8  8    18.1  8  1006.9  8   997.6  8   12.1  8    3.5  8    4.6  999.9    32.2    18.7    0.0I 999.9  000000
875480  20130117    23.0  8    18.6  8  1011.3  8  1001.9  8   11.4  8    4.4  8    5.7  999.9    30.0    18.5   13.0G 999.9  010010
875480  20130118    22.9  8    18.7  8  1015.6  8  1006.2  8    8.5  8    3.2  8    4.1  999.9    29.9    18.5    0.0G 999.9  000000
875480  20130119    20.8  8    15.0  8  1018.4  8  1008.9  8   12.1  8    5.3  8    7.2  999.9    27.0    15.8    0.0I 999.9  000000
875480  20130120    20.9  8    14.1  8  1021.3  8  1011.8  8   12.7  8    4.6  8    6.2  999.9    26.0*   14.2    0.0I 999.9  000000
875480  20130121    21.5  8    14.2  8  1019.8  8  1010.2  8   13.5  8    4.6  8    7.7  999.9    28.5*   13.6    0.0I 999.9  000000
875480  20130122    22.8  8    16.1  8  1016.4  8  1007.0  8   11.4  8    4.4  8    6.2  999.9    29.2*   16.0    0.0I 999.9  000000
875480  20130123    25.2  8    18.0  8  1010.5  8  1001.2  8   11.3  8    3.4  8    4.6  999.9    32.4*   17.0  999.9  999.9  010000
875480  20130124    26.6  8    19.4  8  1001.9  8   992.7  8   11.7  8    4.3  8   12.3  999.9    36.6*   17.4    0.0G 999.9  000000
875480  20130125    18.9  8     9.7  8  1011.3  8  1001.8  8   10.9  8    5.4  8    8.2  999.9    23.7*   13.5    0.0I 999.9  000000
875480  20130126    17.6  8     6.8  8  1015.4  8  1005.8  8   14.0  8    2.5  8    5.1  999.9    26.7*    6.5    0.0I 999.9  000000
875480  20130127    21.5  8    14.0  8  1011.8  8  1002.4  8   12.4  8    4.0  8   10.3  999.9    31.8*   12.0    0.0I 999.9  000000
875480  20130128    24.9  8    17.1  8  1013.0  8  1003.7  8   10.9  8    2.6  8    3.6  999.9    32.8    16.0    0.0I 999.9  000000
875480  20130129    24.2  8    18.6  8  1013.8  8  1004.4  8    9.8  8    2.0  8    5.7  999.9    33.8    18.0    0.0A 999.9  000000
875480  20130130    25.2  8    17.8  8  1011.2  8  1001.8  8   11.6  8    2.3  8    8.2  999.9    33.4*   17.0    0.0G 999.9  000000
875480  20130131    25.1  8    18.4  8  1009.6  8  1000.3  8   13.2  8    3.5  8    6.2  999.9    34.0    20.0    0.0I 999.9  000000
875480  20130201    26.1  8    20.7  8  1005.2  8   996.0  8   10.8  8    3.3  8    5.1  999.9    35.6*   17.5    0.0I 999.9  000000
875480  20130202    25.7  8    17.3  8  1009.3  8  1000.0  8   10.8  8    4.0  8    6.2  999.9    36.4    18.0    0.0I 999.9  000000
875480  20130203    21.3  8    10.7  8  1017.8  8  1008.3  8   13.0  8    4.2  8    6.7  999.9    30.2    12.4    0.0I 999.9  000000
875480  20130204    19.4  8    10.2  8  1014.0  8  1004.4  8   11.6  8    5.5  8    9.8  999.9    28.0*   10.8    0.0I 999.9  000000
875480  20130205    21.8  8    12.2  8  1014.1  8  1004.6  8   14.3  8    4.1  8    6.7  999.9    30.0*   11.0    0.0I 999.9  000000
875480  20130206    22.5  8    13.9  8  1015.7  8  1006.3  8   12.4  8    4.6  8    6.7  999.9    30.8    12.5    0.0I 999.9  000000
875480  20130207    22.7  8    14.1  8  1016.1  8  1006.7  8   10.9  8    3.0  8    5.7  999.9    31.0    13.0    0.0I 999.9  000000
875480  20130208    24.3  8    16.1  8  1012.4  8  1003.0  8   12.1  8    3.8  8    6.7  999.9    32.0*   16.5    0.0I 999.9  000000
875480  20130209    24.6  7    16.7  7  1010.0  7  1000.7  7   11.6  7    4.8  7    7.2  999.9    33.2*   17.8    0.0I 999.9  000000
875480  20130210    26.7  8    19.1  8  1007.2  8   998.0  8   14.6  8    2.4  8    3.6  999.9    34.0    18.7    0.0I 999.9  000000
875480  20130211    25.6  8    17.4  8  1006.8  8   997.5  8   12.1  8    2.8  8    4.6  999.9    34.3    17.6   10.9G 999.9  010010
875480  20130212    24.8  8    19.2  8  1003.6  8   994.4  8   10.9  8    2.3  8    5.1  999.9    34.0    17.5    0.0G 999.9  010000
875480  20130213    23.2  8    18.7  8  1006.9  8   997.5  8   10.9  8    2.9  8    6.2  999.9    33.0    17.2    0.0G 999.9  000000
875480  20130214    23.2  7    16.8  7  1009.7  7  1000.4  7    9.8  7    1.9  7    3.6  999.9    31.2*   17.2    0.0I 999.9  000000
875480  20130215    25.1  8    17.7  8  1010.4  8  1001.1  8   13.2  8    2.8  8    7.2  999.9    33.6*   16.5    0.0I 999.9  000000
875480  20130216    23.6  8    18.6  8  1004.9  8   995.6  8   10.5  8    5.5  8    8.7  999.9    34.4    17.5  999.9  999.9  010010
875480  20130217    21.8  8    16.2  8  1005.8  8   996.4  8   10.8  8    3.7  8    6.2  999.9    32.4    18.0    3.0G 999.9  000000
875480  20130218    18.7  7     9.2  7  1016.7  7  1007.2  7   10.0  7    3.4  7    5.7  999.9    25.8    11.6    0.0G 999.9  000000
875480  20130219    17.6  8    10.5  8  1019.5  8  1009.9  8   10.9  8    3.8  8    6.2  999.9    25.4    13.0    0.0G 999.9  010000
875480  20130220    18.0  8    13.9  8  1017.3  8  1007.7  8   11.6  8    3.1  8    5.1  999.9    23.0    13.0    0.0B 999.9  010000
875480  20130221    20.3  8    15.4  8  1014.7  8  1005.1  8   10.3  8    2.9  8    5.1  999.9    25.8*   14.0  119.9G 999.9  010010
875480  20130222    20.4  8    15.3  8  1016.9  8  1007.3  8   10.9  8    4.9  8    8.7  999.9    27.2*   12.5    0.0G 999.9  000000
875480  20130223    21.7  8    18.4  8  1010.7  8  1001.2  8   10.9  8    6.8  8    9.3  999.9    28.0    18.4    0.0I 999.9  000000
875480  20130224    22.9  8    17.2  8  1007.0  8   997.7  8    9.8  8    3.4  8    6.2  999.9    27.6*   17.5   25.9G 999.9  010010
875480  20130225    18.6  8    10.1  8  1013.8  8  1004.2  8   13.5  8    5.1  8    7.2  999.9    28.8    12.5    0.0G 999.9  000000
875480  20130226    16.1  8     7.1  8  1016.7  8  1007.0  8   11.6  8    2.6  8    4.6  999.9    23.1*    6.5    0.0I 999.9  000000
875480  20130227    17.2  8    10.2  8  1015.9  8  1006.2  8   11.7  8    3.0  8    7.2  999.9    25.4*    8.0    0.0I 999.9  000000
875480  20130228    19.7  8    12.6  8  1013.5  8  1003.9  8   11.3  8    6.5  8   11.3  999.9    27.2*   12.2    0.0I 999.9  000000
875480  20130301    20.9  8    15.3  8  1007.7  8   998.3  8   10.3  8    6.5  8   11.3  999.9    27.6    15.6    0.0I 999.9  000000
875480  20130302    20.8  8    16.7  8  1002.6  7   993.2  7    8.5  8    6.5  8   10.3  999.9    27.6    16.0   23.9G 999.9  010010
875480  20130303    17.9  8    12.3  8  1014.9  8  1005.3  8   11.4  8    4.6  8    6.7  999.9    25.2    13.5    0.0G 999.9  010000
875480  20130304    16.9  8     9.2  8  1018.5  8  1008.8  8   10.9  8    2.9  8    4.1  999.9    23.4     7.2    0.0I 999.9  000000
875480  20130305    17.0  8    10.9  8  1014.0  8  1004.4  8   12.6  8    1.5  8    4.1  999.9    24.6*    7.0    0.0I 999.9  000000
875480  20130306    20.3  8    13.6  8  1007.8  8   998.2  8   11.1  8    3.6  8    6.2  999.9    29.6*   12.2    0.0I 999.9  000000
875480  20130307    21.2  8    11.2  8  1011.5  8  1002.0  8   13.2  8    4.1  8    5.7  999.9    30.6    14.2    0.0I 999.9  000000
875480  20130308    20.9  8    15.9  8  1012.3  8  1002.9  8    9.8  8    4.9  8    7.2  999.9    28.8    14.0    0.0I 999.9  000000
875480  20130309    22.9  9    18.5  9  1007.6  8   998.2  8    9.0  9    3.9  9    7.7   22.1    31.0*   14.5  999.9  999.9  010010
875480  20130310    20.4  7    13.2  7  1008.1  7   998.7  7   12.7  7    4.1  7    6.2  999.9    31.2    13.4   59.9G 999.9  000000
875480  20130311    15.1  7    11.1  7  1007.9  7   998.4  7   11.6  7    1.0  7    1.5  999.9    24.7     8.6    0.0G 999.9  000000
875480  20130312    17.2  8    11.3  8  1010.6  8  1001.1  8   11.4  8    3.6  8    5.7  999.9    22.8    13.2    0.5G 999.9  000000
875480  20130313    14.5  8     9.8  8  1016.8  8  1007.1  8    9.8  8    3.6  8    5.7  999.9    23.6    12.0    1.0G 999.9  010000
875480  20130314    12.4  8     7.1  8  1021.6  8  1011.8  8   10.0  8    2.1  8    3.6  999.9    18.2*    5.0    0.0G 999.9  000000
875480  20130315    13.2  8     7.6  8  1023.3  8  1013.5  8   11.9  8    3.3  8    5.1  999.9    19.4     8.4    0.0G 999.9  000000
875480  20130316    12.0  8     5.8  8  1025.7  8  1015.8  8    9.8  8    2.5  8    5.1  999.9    19.4*    3.8    0.0I 999.9  100000
875480  20130317    13.7  8     7.5  8  1026.5  8  1016.6  8   13.2  8    3.8  8    7.7  999.9    20.6     6.2    0.0I 999.9  000000
875480  20130318    16.1  8     9.4  8  1023.8  8  1014.1  8   10.3  8    4.3  8    7.2  999.9    21.4*   10.0    0.0I 999.9  000000
875480  20130319    16.9  8    11.9  8  1019.2  8  1009.5  8    9.8  8    4.1  8    7.2  999.9    23.0    10.0    0.0I 999.9  000000
875480  20130320    19.4  8    15.8  8  1012.1  8  1002.6  8    8.5  8    2.8  8    5.7  999.9    24.8*   12.9    0.0G 999.9  110000
875480  20130321    19.6  8    14.3  8  1010.6  8  1001.1  8    9.7  8    3.8  8    7.2  999.9    26.4*   13.8    0.0I 999.9  100000
875480  20130322    18.2  8     7.8  8  1015.6  8  1006.1  8   11.7  8    1.8  8    2.6  999.9    26.7     9.0    0.0I 999.9  000000
875480  20130323    19.3  8    14.3  8  1016.4  8  1006.9  8   10.5  8    2.6  8    4.6  999.9    26.7    14.5    2.0A 999.9  010010
875480  20130324    19.4  8    15.0  8  1012.7  8  1003.1  8    9.8  8    5.1  8   11.3  999.9    28.2*   12.8    0.0I 999.9  000000
875480  20130325    19.2  9    13.8  9  1011.5  8  1002.0  8    9.7  9    3.0  9    5.1  999.9    29.6    13.8   24.9G 999.9  010010
875480  20130326    18.2  8     9.2  8  1018.9  8  1009.2  8   12.4  8    2.8  8    3.6  999.9    25.6    10.3    0.0G 999.9  000000
875480  20130327    17.8  7     9.4  7  1020.0  7  1010.3  7   12.4  7    2.9  7    5.1  999.9    25.0     7.8    0.0I 999.9  000000
875480  20130328    17.2  8     9.6  8  1019.7  8  1010.0  8   11.7  8    3.6  8    5.7  999.9    26.3     7.6    0.0I 999.9  000000
875480  20130329    18.3  8    11.5  8  1017.1  8  1007.5  8   11.7  8    5.1  8   10.3  999.9    27.4*    8.9    0.0I 999.9  000000
875480  20130330    20.1  8    13.7  8  1013.5  8  1004.0  8   13.2  8    3.8  8    5.7  999.9    28.2    10.4    0.0I 999.9  000000
875480  20130331    19.2  8    16.7  8  1014.1  8  1004.7  8    9.3  8    4.7  8    7.7  999.9    28.6    16.4   10.9G 999.9  010010
875480  20130401    17.9  7    16.9  7  1015.3  7  1005.7  7    7.1  7    3.7  7    7.2  999.9    21.8    16.9*   0.0G 999.9  010010
875480  20130402    17.8  8    16.2  8  1014.9  8  1005.3  8    9.5  8    2.6  8    3.6  999.9    20.6*   15.0   10.9G 999.9  110000
875480  20130403    16.8  8    14.9  8  1015.1  8  1005.4  8    9.8  8    3.7  8    4.6  999.9    21.2    14.6    0.0G 999.9  010000
875480  20130404    16.0  8    12.1  8  1010.2  8  1000.6  8   10.6  8    3.4  8    8.7  999.9    22.4*    8.2    0.0G 999.9  100000
875480  20130405    17.7  8    11.3  8  1006.1  8   996.5  8   12.1  8    3.5  8    7.2  999.9    25.0*    9.0    0.0I 999.9  000000
875480  20130406    15.5  8     7.6  8  1009.3  8   999.8  8   12.1  8    3.6  8    7.7  999.9    26.5     9.0    0.0I 999.9  000000
875480  20130407    11.7  8     4.6  8  1017.5  8  1007.6  8   11.1  8    1.3  8    2.1  999.9    21.2*    2.3    0.0I 999.9  000000
875480  20130408    14.8  8     6.6  8  1018.1  8  1008.4  8   10.9  8    1.5  8    3.1  999.9    25.0*    6.0    0.0I 999.9  000000
875480  20130409    16.0  8     7.2  8  1017.2  8  1007.6  8   11.6  8    4.3  8    8.2  999.9    26.2     7.5    0.0I 999.9  000000
875480  20130410    16.4  8    10.4  8  1013.8  8  1004.2  8   11.3  8    6.8  8   11.3  999.9    25.5    12.0    0.0I 999.9  000000
875480  20130411    16.8  9    15.4  9  1008.4  8   998.9  8    9.0  9    4.6  9    9.3  999.9    23.2    14.0   15.0G 999.9  010010
875480  20130412    15.5  8     8.9  8  1013.7  8  1004.0  8   10.8  8    5.1  8    6.2  999.9    19.5    12.0    0.0G 999.9  000000
875480  20130413    10.4  8     2.3  8  1019.1  8  1009.3  8   11.4  8    2.5  8    4.6  999.9    19.0     2.0    0.0I 999.9  000000
875480  20130414    15.6  8     6.2  8  1014.3  8  1004.5  8   10.9  8    3.9  8   10.3  999.9    25.0*    7.2    0.0I 999.9  000000
875480  20130415    18.7  8    11.0  8  1014.6  8  1005.1  8   10.1  8    2.4  8    4.6  999.9    27.0*    9.8    0.0I 999.9  000000
875480  20130416    17.2  8    11.0  8  1018.4  8  1008.8  8   12.1  8    3.3  8    5.7  999.9    27.2     9.8    0.0I 999.9  000000
875480  20130417    17.1  8    11.2  8  1017.4  8  1007.7  8   10.6  8    3.8  8    6.7  999.9    26.8*    7.0    0.0I 999.9  000000
875480  20130418    18.8  8    12.3  8  1015.7  8  1006.1  8   10.6  8    3.3  8    5.7  999.9    29.0*   10.0    0.0I 999.9  000000
875480  20130419    18.8  8     9.7  8  1016.0  8  1006.4  8   10.5  8    2.9  8    5.1  999.9    29.4     9.3    0.0I 999.9  000000
875480  20130420    18.0  8    10.0  8  1017.8  8  1008.1  8   11.4  8    4.3  8    8.2  999.9    30.4     9.4    0.0I 999.9  000000
875480  20130421    19.4  8    11.6  8  1018.3  8  1008.7  8   11.7  8    4.3  8    6.7  999.9    28.5     9.5    0.0I 999.9  000000
875480  20130422    19.2  8    11.7  8  1018.7  8  1009.2  8   11.7  8    4.2  8    6.2  999.9    28.4    10.2    0.0I 999.9  000000
875480  20130423    19.1  8    13.1  8  1019.3  8  1009.7  8   10.3  8    3.3  8    4.6  999.9    28.4    12.0    0.0I 999.9  000000
875480  20130424    19.8  8    13.7  8  1017.4  8  1007.9  8    9.7  8    4.3  8    6.7  999.9    27.6*   12.0    0.0I 999.9  000000
875480  20130425    19.3  8    13.3  8  1014.6  8  1005.1  8    9.8  8    3.8  8    6.2  999.9    28.4*   11.0    0.0I 999.9  000000
875480  20130426    19.3  8    12.7  8  1013.7  8  1004.2  8   11.3  8    3.4  8    5.7  999.9    28.9    11.6    0.0I 999.9  000000
875480  20130427    17.2  8    14.3  8  1012.3  8  1002.8  8    9.8  8    5.0  8    9.8  999.9    27.8    14.5    9.9A 999.9  010000
875480  20130428    16.4  8    14.4  8  1010.8  8  1001.2  8    7.1  8    3.0  8    4.6  999.9    18.4*   13.6   24.9G 999.9  010010
875480  20130429    15.3  9    12.9  9  1012.4  8  1002.7  8    8.2  9    2.8  9    4.1  999.9    20.4*   11.8    0.0G 999.9  100000
875480  20130430    15.3  8    12.2  8  1015.0  8  1005.3  8    6.8  8    2.4  8    6.2  999.9    22.5*    8.5    0.0I 999.9  100000
875480  20130501    17.4  8    14.6  8  1012.5  8  1002.9  8   10.3  8    5.1  8    7.2  999.9    23.2    12.4    0.0I 999.9  000000
875480  20130502    18.9  8    17.3  8  1011.3  8  1001.7  8    7.2  8    3.4  8    6.2  999.9    21.9    15.2    0.0I 999.9  100000
875480  20130503    16.4  8    15.3  8  1010.6  8  1001.1  8    6.9  8    4.7  8    7.7  999.9    21.2    13.0   79.0G 999.9  110010
875480  20130504    12.8 10    10.9 10  1015.5  8  1005.8  8    6.8 10    2.0 10    3.6  999.9    18.8*    9.0   10.9G 999.9  100000
875480  20130505    14.5  8    10.3  8  1019.0  8  1009.3  8    9.7  8    1.9  8    4.6  999.9    21.2*    7.3    0.0G 999.9  000000
875480  20130506    14.4  8     9.4  8  1015.2  8  1005.4  8   11.7  8    3.6  8    8.2  999.9    22.0     7.6    0.0I 999.9  000000
875480  20130507    11.1  8     3.0  8  1021.5  8  1011.6  8   11.4  8    3.4  8    6.7  999.9    21.8     1.0    0.0I 999.9  000000
875480  20130508    13.1  8     5.4  8  1013.0  8  1003.2  8   10.6  8    3.8  8    6.2  999.9    25.0*    4.4    0.0I 999.9  000000
875480  20130509    16.1  8    11.6  8  1012.9  8  1003.3  8   10.5  8    3.3  8    5.7  999.9    25.6     7.2    0.0I 999.9  000000
875480  20130510    17.6  8    13.2  8  1009.7  8  1000.1  8    9.8  8    4.5  8    8.2  999.9    24.9    10.5    0.0I 999.9  000000
875480  20130511    18.2  9    11.3  9  1013.3  8  1003.7  8   11.1  9    4.0  9    7.2  999.9    24.5    12.5    0.0I 999.9  000000
875480  20130512    12.6  8     7.0  8  1015.7  8  1006.0  8   10.3  8    1.8  8    3.6  999.9    21.2     3.2    0.0I 999.9  000000
875480  20130513    13.3  8     9.7  8  1014.6  8  1004.9  8    9.2  8    1.0  8    2.1  999.9    21.6     7.1    0.0I 999.9  000000
875480  20130514    14.6  9    11.3  9  1012.6  8  1003.0  8    9.5  9    2.1  9    4.1  999.9    21.4     9.3    0.0G 999.9  010010
875480  20130515     8.0  8     0.9  8  1018.5  8  1008.6  8   10.1  8    5.3  8    7.7  999.9    19.6     2.6   17.0G 999.9  010000
875480  20130516     6.3  8    -0.6  8  1024.1  8  1014.1  8   10.5  8    2.6  8    4.1  999.9    12.2*   -0.5    0.0G 999.9  000000
875480  20130517     6.6  8     0.6  8  1024.6  8  1014.5  8   11.9  8    2.5  8    5.1  999.9    15.2*   -1.3    0.0I 999.9  000000
875480  20130518     7.6  7     4.9  7  1023.4  7  1013.4  7    8.4  7    3.6  7    5.1  999.9    16.0     1.8    0.0G 999.9  010000
875480  20130519     9.5  9     8.4  9  1023.0  8  1013.1  8    6.9  9    1.9  9    4.6  999.9    11.8*    7.8   18.0G 999.9  110000
875480  20130520    10.8  8     7.6  8  1021.8  8  1011.8  8    7.6  8    1.5  8    2.6  999.9    14.4*    2.7    0.0G 999.9  100000
875480  20130521     9.3  8     6.8  8  1018.7  8  1008.8  8    6.6  8    1.3  8    2.6  999.9    15.2     1.7    0.0I 999.9  100000
875480  20130522     8.4  8     6.4  8  1020.5  8  1010.6  8    4.5  8    1.1  8    2.1  999.9    16.0     0.0    0.0I 999.9  100000
875480  20130523     9.0  8     6.1  8  1019.7  8  1009.7  8    3.5  8    1.6  8    4.1  999.9    17.4     1.5    0.0I 999.9  100000
875480  20130524    10.1  8     6.8  8  1019.1  8  1009.2  8    9.2  8    2.3  8    4.6  999.9    18.4*    3.2    0.0I 999.9  000000
875480  20130525    11.7  8     9.1  8  1018.5  7  1008.7  7    7.6  8    4.4  8    6.7  999.9    20.0*    5.5    0.0I 999.9  100000
875480  20130526    12.8  8     9.7  8  1013.6  8  1003.8  8    6.8  8    3.9  8    6.2  999.9    20.6     7.2    0.0I 999.9  100000
875480  20130527    11.8  8     8.9  8  1009.9  8  1000.2  8    8.5  8    4.1  8    8.2  999.9    21.0     3.7    0.0I 999.9  100000
875480  20130528    16.2  8    13.6  8  1000.3  8   990.7  8    9.8  8    4.4  8    6.2  999.9    20.6*    8.0    1.0G 999.9  000010
875480  20130529    12.9  8     7.0  8  1006.3  8   996.7  8   10.3  8    4.0  8   10.3  999.9    20.8     6.5    0.0G 999.9  000000
875480  20130530    11.3  8     3.2  8  1011.3  8  1001.5  8   11.7  8    4.2  8    5.1  999.9    19.2*    1.5    0.0I 999.9  000000
875480  20130531    14.6  8     5.8  8  1005.8  8   996.1  8   10.8  8    6.7  8   12.9  999.9    20.4     6.4    0.0I 999.9  000000
875480  20130601    10.6  8     5.4  8  1009.7  8  1000.0  8   11.4  8    2.6  8    8.2  999.9    21.9*    2.8    0.0I 999.9  000000
875480  20130602    11.9  8     2.9  8  1015.8  8  1006.1  8   11.7  8    3.7  8    5.1  999.9    22.8     4.6    0.0I 999.9  000000
875480  20130603    10.7  8     4.0  8  1018.4  8  1008.5  8   10.8  8    3.4  8    5.1  999.9    20.6*    3.8    0.0I 999.9  000000
875480  20130604    13.4  8     6.2  8  1013.8  8  1004.0  8   10.8  8    3.4  8    5.1  999.9    21.0     7.0    0.0I 999.9  000000
875480  20130605    12.1  8     6.3  8  1010.7  8  1001.0  8    9.8  8    2.9  8    7.2  999.9    22.2     5.7    0.0I 999.9  000000
875480  20130606     9.6  8     3.1  8  1020.0  8  1010.2  8   11.3  8    3.0  8    4.6  999.9    23.1     3.0    0.0I 999.9  000000
875480  20130607     8.5  8     4.7  8  1017.4  8  1007.4  8   11.7  8    3.9  8    6.7  999.9    15.4     3.0    0.0I 999.9  000000
875480  20130608     9.8  7     2.1  7  1024.3  7  1014.3  7   10.0  7    4.3  7    8.2  999.9    17.6     4.0    0.0I 999.9  000000
875480  20130609    12.2  8     9.3  8  1018.5  8  1008.7  8    9.8  8    3.0  8    4.6  999.9    17.2     4.6    8.9G 999.9  010000
875480  20130610    11.9  8    10.8  8  1017.3  8  1007.5  8    2.7  8    2.1  8    3.6  999.9    17.0     8.2    0.0G 999.9  100000
875480  20130611    13.2  8    12.3  8  1018.2  8  1008.5  8    2.7  8    3.3  8    6.2  999.9    18.3     8.0    0.0I 999.9  100000
875480  20130612    16.8  8    13.8  8  1015.8  8  1006.0  8    6.9  8    3.3  8    5.7  999.9    25.3*   10.0    0.0I 999.9  000000
875480  20130613    17.8  8    15.1  8  1013.9  8  1004.3  8    7.6  8    2.8  8    5.7  999.9    25.4    11.0    0.0I 999.9  100000
875480  20130614    12.1  8     6.5  8  1021.6  8  1011.8  8   11.3  8    4.8  8    7.7  999.9    25.2     9.0    0.0I 999.9  000000
875480  20130615     8.5  8     5.1  8  1019.2  8  1009.2  8   10.5  8    6.1  8   10.8  999.9    14.4*    4.3    0.0I 999.9  000000
875480  20130616    11.1  8     8.3  8  1015.2  8  1005.4  8    8.4  8    4.7  8    7.7  999.9    16.0     4.9    8.9G 999.9  010000
875480  20130617     5.6  8     2.2  8  1019.6  8  1009.6  8   10.9  8    2.1  8    5.1  999.9    13.1*   -1.5    0.0G 999.9  000000
875480  20130618     8.9  8     3.9  8  1015.4  8  1005.5  8   10.3  8    3.9  8    6.2  999.9    14.0*   -0.3    0.0I 999.9  000000
875480  20130619     4.8  8    -4.1  8  1025.4  8  1015.3  8   10.5  8    2.1  8    4.1  999.9    14.8    -1.6    0.0I 999.9  000000
875480  20130620     3.6  8    -3.2  8  1025.2  8  1015.0  8   10.8  8    2.1  8    4.6  999.9    13.3*   -3.6    0.0I 999.9  000000
875480  20130621     3.4  7    -2.5  7  1014.8  7  1004.7  7   11.4  7    2.3  7    5.1  999.9    16.3*   -4.0    0.0I 999.9  000000
875480  20130622     9.1  8     2.3  8  1012.6  8  1002.7  8   12.1  8    3.6  8    5.1  999.9    16.5    -1.6    0.0I 999.9  000000
875480  20130623     6.2  8     2.6  8  1022.1  8  1012.0  8    9.7  8    1.7  8    2.6  999.9    12.8     1.0    0.0I 999.9  000000
875480  20130624     6.7  8     2.8  8  1023.4  8  1013.3  8   10.5  8    2.6  8    6.2  999.9    14.0*    0.6    0.0I 999.9  000000
875480  20130625     5.6  8     2.7  8  1018.8  8  1008.7  8    6.3  8    1.4  8    3.1  999.9    15.0    -2.3    0.0I 999.9  100000
875480  20130626     7.5  8     3.4  8  1015.9  8  1006.0  8    8.9  8    3.3  8    5.1  999.9    18.6*   -1.5    0.0I 999.9  000000
875480  20130627     9.1  8     5.3  8  1013.8  8  1003.9  8    9.7  8    5.6  8   10.8  999.9    19.0     1.2    0.0I 999.9  000000
875480  20130628    11.3  8     8.6  8  1009.2  8   999.5  8    9.7  8    3.9  8    5.1  999.9    17.4*    4.4    0.0I 999.9  000000
875480  20130629    11.3  8     4.0  8  1013.9  8  1004.1  8    8.9  8    2.8  8    5.7  999.9    18.0     2.3    0.0I 999.9  000000
875480  20130630     8.1  8     1.6  8  1020.2  8  1010.2  8   10.9  8    2.7  8    6.7  999.9    17.5     2.6    0.0G 999.9  010000
875480  20130701    10.9  8     4.5  8  1021.8  8  1011.9  8   10.1  8    2.8  8    4.1  999.9    18.9*    3.8    0.0I 999.9  000000
875480  20130702    11.0  8     4.0  8  1014.3  8  1004.5  8   11.7  8    7.1  8   15.9  999.9    20.0*    4.6    0.0I 999.9  000000
875480  20130703    12.7  8     7.3  8  1008.9  8   999.2  8   11.1  8    7.1  8   11.8  999.9    23.0*    4.6    0.0I 999.9  000000
875480  20130704    17.0  8    14.8  8  1012.0  8  1002.4  8    9.2  8    3.1  8    6.2  999.9    23.4     7.8    0.0I 999.9  000000
875480  20130705    14.3  8    13.6  8  1013.4  8  1003.7  8    2.3  8    4.0  8    7.2  999.9    21.2    12.2    0.0I 999.9  100000
875480  20130706    12.6  8    10.7  8  1014.0  8  1004.3  8    6.8  8    4.6  8    6.7  999.9    16.0    10.2*   0.0G 999.9  110000
875480  20130707     8.1  8     4.3  8  1025.5  8  1015.5  8   10.9  8    2.5  8    3.1  999.9    12.4     4.0    0.0G 999.9  000000
875480  20130708     4.6  8     0.7  8  1030.1  8  1019.9  8    5.6  8    2.9  8    6.7  999.9    12.6*   -2.0    0.0I 999.9  100000
875480  20130709     7.7  9     5.0  9  1021.1  8  1011.1  8    8.5  9    5.4  9    7.7  999.9    13.4    -2.0   11.9A 999.9  010010
875480  20130710    10.9  9    10.4  9  1016.3  8  1006.8  8    3.1  9    2.9  9    5.1  999.9    14.2*    7.6    0.3A 999.9  110000
875480  20130711    12.9 12    12.4 12  1014.3 12  1004.6 12    2.6 12    3.1 12    4.6  999.9    14.4     9.6    9.9G 999.9  110000
875480  20130712    10.7 12     9.4 12  1020.9 12  1011.1 12    6.3 12    2.6 12    5.1  999.9    13.8     8.2   18.0G 999.9  110000
875480  20130713    10.1  8     8.0  8  1016.7  8  1006.9  8    5.1  8    4.2  8    6.2  999.9    16.2*    5.2    0.0G 999.9  100000
875480  20130714    10.2  8     4.8  8  1018.0  8  1008.2  8   10.3  8    4.3  8    6.2  999.9    17.3     5.6    0.0B 999.9  010000
875480  20130715     7.1  8     1.1  8  1020.9  8  1010.9  8   12.4  8    2.5  8    5.1  999.9    17.3*   -0.8    0.0G 999.9  000000
875480  20130716    12.0  8     5.9  8  1014.7  8  1004.9  8   12.1  8    3.0  8    4.6  999.9    21.5*    1.0    0.0I 999.9  000000
875480  20130717    12.3  8     7.3  8  1009.3  8   999.6  8    9.7  8    2.4  8    5.7  999.9    23.3     3.5    0.0I 999.9  000000
875480  20130718     9.9  9     3.1  9  1015.5  8  1005.7  8   10.9  9    5.7  9    9.3   19.5    23.6     4.4    0.0G 999.9  010000
875480  20130719     4.4  8    -0.2  8  1024.4  8  1014.3  8   10.1  8    1.8  8    3.1  999.9     9.8    -0.3    0.0I 999.9  000000
875480  20130720     4.9  8    -0.2  8  1011.0  8  1001.0  8   11.4  8    5.5  8   10.8  999.9    10.6     0.0    0.0I 999.9  000000
875480  20130721     3.3  9    -1.1  9  1015.8  8  1005.8  8   10.8  9    6.8  9   11.8  999.9    11.4    -1.0    0.0B 999.9  010000
875480  20130722     4.4  8     0.8  8  1022.5  8  1012.3  8   10.9  8    6.5  8    7.7  999.9     7.3     0.0    0.0G 999.9  000000
875480  20130723     2.7  8    -3.2  8  1025.0  8  1014.9  8   12.1  8    3.1  8    6.7  999.9     8.8*   -6.0    0.0I 999.9  000000
875480  20130724     3.9  8    -1.2  8  1025.9  8  1015.8  8   10.5  8    1.8  8    3.1  999.9    11.9*   -5.3    0.0I 999.9  000000
875480  20130725     5.8  8    -1.4  8  1023.4  8  1013.2  8   11.4  8    6.0  8   11.3  999.9    16.6*   -2.2    0.0I 999.9  000000
875480  20130726     8.1  8     1.3  8  1021.7  8  1011.7  8   10.8  8    7.5  8   11.3  999.9    18.2     0.6    0.0I 999.9  000000
875480  20130727    10.6  8     4.8  8  1020.6  8  1010.6  8    8.4  8    2.7  8    5.7  999.9    19.0*    3.2    0.0I 999.9  000000
875480  20130728     9.9  8     5.4  8  1021.1  8  1011.2  8    7.9  8    1.8  8    3.1  999.9    20.4     1.3    0.0I 999.9  100000
875480  20130729    12.0  8     7.0  8  1021.1  8  1011.2  8    7.2  8    2.6  8    3.6  999.9    21.2*    3.2    0.0I 999.9  000000
875480  20130730    13.3  8     9.4  8  1017.1  8  1007.3  8    9.0  8    4.7  8    7.7  999.9    21.6     6.9    0.0I 999.9  000000
875480  20130731    15.7  8    12.4  8  1011.3  8  1001.7  8    7.9  8    4.3  8    6.7  999.9    21.6    11.0    0.0I 999.9  000000
875480  20130801    10.9  8     8.3  8  1015.7  8  1005.9  8    9.3  8    4.6  8    5.7  999.9    17.4     8.6    0.0G 999.9  000000
875480  20130802     8.0  8     4.6  8  1020.2  8  1010.3  8    7.4  8    2.4  8    3.6  999.9    13.0*    1.4    0.0I 999.9  000000
875480  20130803     5.8  8     3.3  8  1017.4  8  1007.4  8    7.9  8    3.3  8    7.2  999.9    14.0    -0.2    0.0I 999.9  100000
875480  20130804     8.6  8     4.0  8  1017.8  8  1007.8  8    7.4  8    2.9  8    5.1  999.9    18.3*   -1.3    0.0I 999.9  100000
875480  20130805    12.6  8     3.2  8  1013.2  8  1003.5  8   10.1  8    6.7  8   10.3  999.9    21.4*    0.1    0.0I 999.9  000000
875480  20130806     9.8  8    -0.9  8  1017.5  8  1007.7  8   10.5  8    4.3  8   10.3  999.9    21.5    -0.3    0.0I 999.9  000000
875480  20130807    12.6  8     4.3  8  1004.5  8   994.8  8    9.8  8    6.9  8    9.8  999.9    21.0     2.2    0.0I 999.9  000000
875480  20130808    12.0  8    -0.9  8  1012.6  8  1002.9  8   10.9  8    5.8  8    7.7  999.9    20.0     8.6    0.0I 999.9  000000
875480  20130809     7.6  8    -2.9  8  1025.6  8  1015.5  8   11.1  8    2.8  8    3.6  999.9    14.8*   -1.5    0.0I 999.9  000000
875480  20130810     6.0  8    -4.3  8  1024.8  8  1014.8  8   11.7  8    3.2  8    6.2  999.9    16.6*   -3.2    0.0I 999.9  000000
875480  20130811     8.9  8    -0.8  8  1013.5  8  1003.6  8    9.7  8    5.2  8    7.7  999.9    17.4    -0.3    0.0I 999.9  000000
875480  20130812     9.2  8     4.4  8  1013.2  8  1003.4  8   10.0  8    4.3  8    8.2  999.9    17.8     5.0    0.0I 999.9  000000
875480  20130813     5.2  8    -1.2  8  1026.7  8  1016.6  8   10.8  8    3.2  8    4.6  999.9    14.2    -1.6    0.0I 999.9  000000
875480  20130814     4.4  8    -3.9  8  1031.2  8  1020.9  8   10.9  8    4.8  8   10.3  999.9    14.0*   -4.2    0.0I 999.9  000000
875480  20130815     7.6  8    -2.5  8  1021.1  8  1011.1  8   10.9  8    9.8  8   14.9  999.9    16.4*    1.5    0.0I 999.9  000000
875480  20130816     9.6  7    -1.6  7  1022.0  7  1012.0  7    9.8  7    4.1  7    6.2  999.9    17.2    -0.5    0.0I 999.9  000000
875480  20130817     8.1  8    -3.0  8  1027.2  8  1017.2  8   10.5  8    5.6  8    9.8  999.9    17.6    -1.5    0.0I 999.9  000000
875480  20130818    10.3  8     2.7  8  1020.4  8  1010.4  8   10.8  8    6.8  8    9.8  999.9    20.2*    1.6    0.0I 999.9  000000
875480  20130819    14.2  8     7.7  8  1014.4  8  1004.6  8   10.5  8    4.6  8    8.2  999.9    25.6*    5.3    0.0I 999.9  000000
875480  20130820    17.3  8    10.0  8  1014.0  8  1004.3  8    9.7  8    4.4  8    7.7  999.9    26.0     8.8    0.0I 999.9  000000
875480  20130821    16.9  8    12.5  8  1008.0  8   998.4  8    6.9  8    2.2  8    3.1  999.9    26.8     8.4    0.0I 999.9  100010
875480  20130822     9.6  8    -1.8  8  1015.3  8  1005.6  8    9.8  8    8.0  8   10.3  999.9    23.6     4.0    0.0I 999.9  000000
875480  20130823     4.4  7    -6.0  7  1025.4  7  1015.3  7   10.9  7    3.1  7    5.1  999.9     9.2*   -2.3    0.0I 999.9  000000
875480  20130824     5.3  8    -2.8  8  1030.1  8  1019.9  8   12.4  8    2.9  8    4.1  999.9    12.4*   -0.4    0.0I 999.9  000000
875480  20130825     6.1  8    -3.6  8  1033.5  8  1023.4  8   12.7  8    4.2  8    5.1  999.9    12.8     0.5    0.0I 999.9  000000
875480  20130826     3.9  8    -4.9  8  1034.6  8  1024.4  8   11.4  8    2.9  8    3.6  999.9    11.0    -2.8    0.0I 999.9  000000
875480  20130827     5.3  8    -5.3  8  1025.9  8  1015.7  8   10.0  8    5.2  8   10.8  999.9    17.4*   -4.5    0.0I 999.9  000000
875480  20130828    14.4  8     0.6  8  1019.0  8  1009.2  8   10.6  8    5.5  8    8.8  999.9    27.6*    1.2    0.0I 999.9  000000
875480  20130829    16.2  8     0.8  8  1014.3  8  1004.7  8   11.3  8    6.6  8   11.3  999.9    29.3*    4.0    0.0I 999.9  000000
875480  20130830    16.8  8     3.2  8  1011.1  8  1001.5  8   10.3  8    6.2  8    9.3  999.9    29.6     6.5    0.0I 999.9  000000
875480  20130831    16.7  8     6.3  8  1010.4  8  1000.9  8    9.8  8    2.8  8    4.1  999.9    29.2     7.6    0.0I 999.9  000000
875480  20130901    16.7  8     7.8  8  1010.7  8  1001.1  8    9.5  8    2.4  8    4.6  999.9    28.4     5.0    0.0I 999.9  000000
875480  20130902    16.5  8     7.1  8  1012.4  8  1002.8  8    9.8  8    6.3  8    9.8  999.9    28.4    11.0    0.0I 999.9  000000
875480  20130903    11.4  8     2.5  8  1023.4  8  1013.6  8   11.7  8    4.0  8    5.1  999.9    20.2     5.0    0.0I 999.9  000000
875480  20130904     9.4  7     1.5  7  1024.6  7  1014.6  7   10.8  7    5.5  7   10.3  999.9    16.6*    3.8    0.0I 999.9  000000
875480  20130905    13.9  8     3.6  8  1017.5  8  1007.7  8   11.1  8    7.6  8    9.8  999.9    19.2*    7.7    0.0I 999.9  000000
875480  20130906    16.0  8     7.7  8  1015.2  8  1005.5  8   10.0  8    4.6  8    8.2  999.9    27.0*    7.8    0.0I 999.9  000000
875480  20130907    18.6  8    15.0  8  1008.8  8   999.4  8    9.5  8    6.2  8   11.3  999.9    28.4    11.0    2.0G 999.9  010010
875480  20130908    16.6  8    10.8  8  1014.2  8  1004.5  8    6.1  8    2.6  8    5.1  999.9    25.4*    7.5    3.0G 999.9  100000
875480  20130909    19.8  8    13.3  8  1011.3  8  1001.9  8   12.4  8    6.3  8   10.8  999.9    31.0*   11.7    0.0G 999.9  000000
875480  20130910    27.6  8    16.4  8  1004.3  8   995.0  8   11.9  8   10.5  8   12.9  999.9    36.9*   16.4    0.0I 999.9  000000
875480  20130911    20.8  8    12.3  8  1005.0  8   995.7  8   10.8  8    7.1  8    8.8  999.9    37.0    13.5    0.0I 999.9  000000
875480  20130912    14.1  8    12.5  8  1005.8  8   996.3  8    6.0  8    5.7  8    7.2  999.9    27.4    11.2    0.3G 999.9  010000
875480  20130913    10.4  8     7.1  8  1019.3  8  1009.5  8    7.9  8    6.4  8    8.2  999.9    14.8     7.6    2.0G 999.9  010000
875480  20130914     7.6  8     2.6  8  1024.1  8  1014.1  8   10.9  8    6.2  8    7.2  999.9    12.4     4.3    0.0G 999.9  000000
875480  20130915     7.8  8     2.1  8  1022.6  8  1012.5  8   11.6  8    6.4  8    7.7  999.9    12.1     4.0    0.0I 999.9  000000
875480  20130916     7.8  8     5.9  8  1019.5  8  1009.5  8    8.2  8    5.4  8    7.2  999.9    11.8     5.0    2.0G 999.9  010000
875480  20130917     7.6  8     1.6  8  1020.6  8  1010.6  8   10.9  8    4.5  8    7.7  999.9    13.2*    3.4    2.0G 999.9  000000
875480  20130918     8.6  8    -3.2  8  1018.9  8  1008.9  8   14.3  8    5.7  8   11.8  999.9    18.6*    0.4    0.3G 999.9  000000
875480  20130919    11.9  8    -2.3  8  1019.4  8  1009.5  8   12.1  8    4.4  8    8.7  999.9    23.2*    0.5    0.0G 999.9  000000
875480  20130920    13.8  8     2.8  8  1011.8  8  1002.1  8   10.0  8    5.2  8    7.2  999.9    23.8     6.5    0.0I 999.9  000000
875480  20130921    11.2  7     2.8  7  1013.8  7  1004.1  7   10.1  7    2.9  7    3.6  999.9    23.0     6.4    0.3A 999.9  010000
875480  20130922     8.9  8     1.7  8  1023.5  8  1013.5  8   10.0  8    3.6  8    7.7  999.9    15.2*    2.8    0.0A 999.9  000000
875480  20130923     8.3  8     2.3  8  1029.9  8  1019.9  8   10.3  8    2.1  8    4.6  999.9    15.8    -0.4  999.9  999.9  010000
875480  20130924     8.4  8     2.0  8  1031.1  8  1021.0  8    7.9  8    1.9  8    3.6  999.9    16.0*   -2.0    0.0G 999.9  100000
875480  20130925     9.9  8     1.8  8  1027.0  8  1017.1  8   10.0  8    5.5  8    8.2  999.9    17.5     2.5    0.0G 999.9  000000
875480  20130926    12.7  8     4.9  8  1020.3  8  1010.4  8   12.1  8    7.7  8   10.8  999.9    19.4*    5.6    0.0I 999.9  000000
875480  20130927    13.9  8     6.2  8  1018.2  8  1008.4  8   10.8  8    4.4  8    7.2  999.9    22.1*    6.4    0.0I 999.9  000000
875480  20130928    12.4  8     9.5  8  1017.8  8  1008.1  8    8.7  8    4.9  8    6.7  999.9    22.8     8.9*   0.3G 999.9  010000
875480  20130929     7.5  8     3.9  8  1019.8  8  1009.8  8   10.0  8    6.5  8   10.3  999.9    14.4     1.8    9.9G 999.9  000000
875480  20130930    11.3  7     6.6  7  1016.4  7  1006.6  7    9.8  7    4.5  7    7.2  999.9    15.9*    3.6    0.0G 999.9  010000
875480  20131001    12.2  8     7.7  8  1016.3  8  1006.5  8   10.8  8    4.3  8    5.1  999.9    16.6     8.4    0.0G 999.9  000000
875480  20131002    12.3  8     9.0  8  1018.2  8  1008.4  8    8.2  8    3.6  8    6.2  999.9    19.2*    7.8    0.0I 999.9  100000
875480  20131003    12.7  8     9.8  8  1018.6  8  1008.8  8    9.5  8    3.7  8    5.1  999.9    20.6     9.0    0.0H 999.9  010010
875480  20131004    14.2  8     9.9  8  1021.8  8  1011.9  8   10.0  8    4.3  8    6.2  999.9    19.8*    9.0   26.9G 999.9  010000
875480  20131005    14.0  8     7.2  8  1021.9  8  1012.1  8   10.0  8    3.8  8    5.7  999.9    21.4*    5.0    0.0G 999.9  000000
875480  20131006    15.5  8     7.1  8  1022.8  8  1013.0  8   12.1  8    4.9  8    6.7  999.9    24.4*    5.0    0.0I 999.9  000000
875480  20131007    17.1  8     7.3  8  1023.1  8  1013.4  8   10.9  8    6.5  8    9.3  999.9    25.0     9.0    0.0I 999.9  000000
875480  20131008    17.9  8     8.2  8  1018.1  8  1008.5  8   12.9  8    7.6  8   13.9  999.9    26.6*    9.8    0.0I 999.9  000000
875480  20131009    19.7  9    13.1  9  1012.3  8  1002.8  8   10.5  9    6.2  9    8.2   14.9    27.4    14.4  999.9  999.9  010010
875480  20131010    17.4  8    14.9  8  1017.2  8  1007.6  8    5.5  8    3.7  8    6.2  999.9    26.0    10.6    5.1G 999.9  100000
875480  20131011    17.8  8    13.3  8  1018.7  8  1009.0  8   11.1  8    6.3  8    9.8  999.9    24.3    10.5    0.0G 999.9  000000
875480  20131012    17.1  7    12.7  7  1018.4  7  1008.7  7   10.0  7    6.5  7    9.3  999.9    24.1    13.6    0.0I 999.9  000000
875480  20131013    18.4  8    15.3  8  1015.7  8  1006.1  8    9.5  8    3.6  8    5.1  999.9    23.2*   14.6  999.9  999.9  010000
875480  20131014    19.2  8    14.4  8  1016.2  8  1006.7  8   10.0  8    2.6  8    7.2  999.9    26.0*   11.5    8.9G 999.9  000010
875480  20131015    21.0  8    13.9  8  1017.4  8  1007.8  8   10.9  8    3.5  8    7.2  999.9    29.2*   12.0    0.0G 999.9  000000
875480  20131016    21.9  8    14.3  8  1016.2  8  1006.8  8   11.1  8    4.9  8    6.7  999.9    30.9    13.9    0.0G 999.9  010010
875480  20131017    20.7  8    15.4  8  1015.4  8  1005.9  8    9.8  8    2.9  8    4.1  999.9    30.4    16.7    0.0G 999.9  010000
875480  20131018    19.6  9    12.8  9  1012.9  8  1003.4  8   10.5  9    1.3  8    3.6  999.9    28.0*   11.0    0.0I 999.9  100000
875480  20131019    22.3  8    12.6  8  1008.0  8   998.5  8   10.3  8    5.1  8    9.8  999.9    32.0*   12.0    0.0I 999.9  000000
875480  20131020    21.8  8    12.7  8  1000.9  8   991.6  8    9.7  8    7.2  8   13.9  999.9    32.4    17.5    5.1G 999.9  010010
875480  20131021    15.9  8     7.4  8  1013.2  8  1003.6  8   12.4  8    4.0  8    7.7  999.9    32.2    10.2    0.0G 999.9  000000
875480  20131022    15.2  8     7.6  8  1012.1  8  1002.4  8   10.9  8    6.9  8   11.8  999.9    24.9*    7.2    0.0I 999.9  000000
875480  20131023    17.5  8    12.1  8  1009.3  8   999.8  8   11.4  8    5.9  8    7.7  999.9    25.6    15.0    1.0A 999.9  010010
875480  20131024    13.8  8     5.0  8  1023.5  8  1013.7  8   10.9  8    5.3  8    8.2  999.9    19.3     8.0    0.0I 999.9  000000
875480  20131025    10.0  8     6.1  8  1023.7  8  1013.8  8    9.5  8    4.6  8    9.3  999.9    18.8     4.8    0.0B 999.9  010000
875480  20131026    16.3  8     8.9  8  1015.2  8  1005.4  8    9.8  8    2.9  8    5.1  999.9    26.7*    8.5    0.0G 999.9  000000
875480  20131027    18.5  8     4.8  8  1018.6  8  1009.0  8   11.6  8    3.9  8    6.7  999.9    27.3    11.2    0.0I 999.9  000000
875480  20131028    17.7  8     5.3  8  1017.0  8  1007.3  8   13.2  8    7.8  8   11.3  999.9    26.6*    9.3    0.0I 999.9  000000
875480  20131029    20.5  8     7.4  8  1013.1  8  1003.6  8   10.9  8    5.8  8   11.3  999.9    27.6    14.0    0.0I 999.9  000000
875480  20131030    19.7  8     8.7  8  1012.8  8  1003.3  8   10.0  8    6.3  8    9.8  999.9    27.8    10.5    0.0I 999.9  000000
875480  20131031    19.0  8    13.6  8  1009.1  8   999.7  8    9.5  8    7.5  8   10.3  999.9    28.2    15.0    0.0G 999.9  010010
875480  20131101    18.9  8    17.5  8  1009.2  8   999.6  8    7.9  8    4.6  8    7.2  999.9    22.0    15.5   54.1G 999.9  010010
875480  20131102    17.6  8    11.7  8  1014.1  8  1004.4  8   12.9  8    5.1  8    6.7  999.9    22.4*   12.6   15.0G 999.9  000000
875480  20131103    18.4  8    10.2  8  1017.5  8  1007.8  8   11.4  8    2.8  8    4.6  999.9    25.2*    9.0    0.0G 999.9  000000
875480  20131104    18.7  8    12.9  8  1017.8  8  1008.2  8   11.9  8    3.2  8    5.1  999.9    26.6    12.0    0.0I 999.9  000000
875480  20131105    18.9  8    11.8  8  1018.4  8  1008.8  8   10.9  8    6.3  8    9.3  999.9    26.8*   11.5    0.0I 999.9  000000
875480  20131106    20.4  8    11.3  8  1014.5  8  1005.0  8   13.5  8    8.9  8   13.4  999.9    28.5*   12.5    0.0I 999.9  000000
875480  20131107    18.1  8    13.3  8  1013.6  8  1004.0  8   10.5  8    5.3  8    8.2  999.9    29.0    13.5    7.9G 999.9  010010
875480  20131108    16.9  8    13.6  8  1012.6  8  1003.0  8    7.6  8    3.0  8    5.1  999.9    23.0*   10.2    2.0G 999.9  100000
875480  20131109    19.2  8    15.9  8  1008.6  8   999.1  8    9.8  8    4.6  8    7.7  999.9    23.9*   13.5    0.0G 999.9  000000
875480  20131110    19.3  9    17.4  9  1005.6  8   996.2  8    6.9  9    4.7  9    7.2  999.9    24.6    17.0    0.0G 999.9  010000
875480  20131111    18.8  8    12.4  8  1006.7  8   997.2  8   10.3  8    4.3  8    5.1  999.9    25.4*   14.0    0.0G 999.9  000000
875480  20131112    20.1  8     7.1  8  1009.2  8   999.7  8   14.6  8    3.3  8    6.7  999.9    26.3*   12.5    0.0I 999.9  000000
875480  20131113    21.1  8     9.1  8  1013.8  8  1004.3  8   11.1  8    8.7  8   15.4  999.9    30.2*   12.0    0.0I 999.9  000000
