870070  20130101    12.8  8     0.7  8  9999.9  0   673.7  8   20.9  8    3.3  8    6.7  999.9    22.5     6.7    0.0B 999.9  010000
870070  20130102    11.8  8     4.0  8  9999.9  0   674.4  8   18.2  8    2.6  8    4.1  999.9    19.8     6.9    3.0G 999.9  010000
870070  20130103    14.4  8     2.1  8  9999.9  0   674.0  8   22.9  8    1.2  8    2.6  999.9    23.3*    7.3    1.0G 999.9  010010
870070  20130104    17.3  8     0.4  8  9999.9  0   674.0  8   24.9  8    1.3  8    4.1  999.9    24.9     9.5    0.0G 999.9  000000
870070  20130105    17.6  8    -4.2  8  9999.9  0   673.5  8   25.9  8    3.4  8   19.0  999.9    27.0     9.8    0.0G 999.9  010010
870070  20130106    15.6  8     3.7  8  9999.9  0   671.5  8   23.2  8    2.4  8    4.1  999.9    25.9    10.5    0.0A 999.9  000000
870070  20130107    14.3  8    -4.0  8  9999.9  0   670.5  8   23.8  8    1.9  8    6.7  999.9    22.4     8.8    0.0G 999.9  000000
870070  20130108    15.3  8    -5.3  8  9999.9  0   672.9  8   24.9  8    1.2  8    4.1  999.9    23.3     7.6    0.0I 999.9  000000
870070  20130109    13.2  8     4.1  8  9999.9  0   675.3  8   17.7  8    3.0  8    6.7  999.9    24.2     8.9  999.9  999.9  010010
870070  20130110    12.7  8     7.0  8  9999.9  0   676.8  8   22.5  8    1.5  8    4.1  999.9    21.5     8.8   11.9G 999.9  000000
870070  20130111    13.7  8     3.0  8  9999.9  0   675.1  8   24.9  8    1.4  8    2.6  999.9    20.0     7.8    0.8G 999.9  000000
870070  20130112    13.0  8     4.2  8  9999.9  0   672.8  8   23.8  8    2.1  8    4.1  999.9    21.8     7.3    0.0G 999.9  000000
870070  20130113    11.9  8     6.4  8  9999.9  0   674.5  8   14.3  8    2.2  8    6.7  999.9    22.5     7.4    8.9G 999.9  010000
870070  20130114    11.6  8     7.1  8  9999.9  0   675.0  8    9.7  8    1.1  8    4.1  999.9    20.2     7.2   16.0G 999.9  010000
870070  20130115    10.9  8     6.4  8  9999.9  0   673.9  8   13.2  8    2.3  8    4.1  999.9    17.5     6.9    7.9G 999.9  010000
870070  20130116    12.4  8     6.1  8  9999.9  0   672.2  8   24.9  8    1.2  8    2.6  999.9    18.4*    8.0    0.0G 999.9  000000
870070  20130117    11.8  8     5.4  8  9999.9  0   673.7  8   17.5  8    2.2  8    4.1  999.9    20.7     8.0    0.0G 999.9  010000
870070  20130118    10.8  8     6.9  8  9999.9  0   675.5  8    7.6  8    2.3  8    4.1  999.9    17.2     7.6   21.1G 999.9  010000
870070  20130119     9.2  8     7.2  8  9999.9  0   675.5  8    8.4  8    1.4  8    2.6  999.9    14.7     6.8   16.0G 999.9  010000
870070  20130120     8.6  8     5.2  8  9999.9  0   675.1  8    6.9  8    1.3  8    2.6  999.9    13.1     5.7   14.0G 999.9  010000
870070  20130121     9.2  7     4.7  7  9999.9  0   674.1  7   15.9  7    2.4  7    4.1  999.9    16.2*    4.0   24.9G 999.9  010000
870070  20130122     9.8  8     4.3  8  9999.9  0   675.1  8   20.9  8    2.5  8    6.7  999.9    17.6*    2.5   11.9G 999.9  010010
870070  20130123    12.3  8     5.9  8  9999.9  0   675.3  8   18.7  8    2.3  8    6.7  999.9    18.6     6.7    0.0G 999.9  000010
870070  20130124    10.4  8     3.1  8  9999.9  0   675.0  8   18.0  8    1.6  8    2.6  999.9    19.5     5.4   11.9G 999.9  010000
870070  20130125    13.4  8    -3.1  8  9999.9  0   673.6  8   24.9  8    2.3  8    4.1  999.9    19.9     4.8    0.0G 999.9  000000
870070  20130126    11.7  8     5.6  8  9999.9  0   674.5  8   22.7  8    2.9  8    6.7  999.9    20.7     7.9    0.0I 999.9  000010
870070  20130127    11.2  8     3.8  8  9999.9  0   675.2  8   22.5  8    0.5  8    1.0  999.9    19.5*    4.4   21.1G 999.9  000000
870070  20130128    12.6  8     4.2  8  9999.9  0   676.1  8   24.9  8    2.3  8    6.7  999.9    21.5     5.8    0.0G 999.9  000000
870070  20130129    11.7  8     3.7  8  9999.9  0   677.3  8   19.0  8    3.4  8    6.7  999.9    22.5     6.5    4.1G 999.9  010010
870070  20130130    10.5  8     4.2  8  9999.9  0   676.6  8   15.8  8    1.5  8    2.6  999.9    19.3     5.4   13.0G 999.9  010000
870070  20130131    10.3  7     4.8  7  9999.9  0   674.3  7   19.5  7    1.7  7    2.6  999.9    18.8*    5.3   14.0G 999.9  010000
870070  20130203    12.6  8     5.8  8  9999.9  0   676.7  8   20.0  8    1.6  8    4.1  999.9    21.2     7.0    9.9G 999.9  000000
870070  20130204    12.7  8     4.6  8  9999.9  0   675.0  8   18.8  8    1.0  8    2.6  999.9    20.4*    5.4    0.0G 999.9  000000
870070  20130205    13.2  8     4.7  8  9999.9  0   674.4  8   22.7  8    1.8  8    2.6  999.9    21.5     8.2    0.0I 999.9  000000
870070  20130206    11.1  6     6.2  6  9999.9  0   675.1  6   15.0  6    1.3  6    4.1  999.9    19.5     7.1    6.1G 999.9  010000
870070  20130207     9.6  8     6.3  8  9999.9  0   674.8  8   11.7  8    1.7  8    2.6  999.9    15.6     7.4    8.9G 999.9  010000
870070  20130208     9.9  8     5.3  8  9999.9  0   673.8  8   10.3  8    0.5  8    2.6  999.9    15.8*    6.6    8.9G 999.9  110110
870070  20130209    10.9  7     5.3  7  9999.9  0   672.8  7   12.7  7    1.6  7    4.1  999.9    18.5     5.9    7.1G 999.9  000000
870070  20130210    12.2  8     4.0  8  9999.9  0   672.2  8   19.3  8    1.8  8    4.1  999.9    18.9     7.5   14.0G 999.9  010000
870070  20130211    11.3  8     4.6  8  9999.9  0   672.1  8   17.7  8    2.2  8    4.1  999.9    20.0     6.3    0.0G 999.9  000010
870070  20130212     9.9  8     4.2  8  9999.9  0   671.8  8   13.5  8    1.0  8    2.6  999.9    17.2     3.8    3.0G 999.9  100000
870070  20130213    12.7  8     3.7  8  9999.9  0   671.8  8   23.0  8    1.4  8    4.1  999.9    19.5     5.8    0.0G 999.9  100010
870070  20130214    11.3  8     5.3  8  9999.9  0   673.7  8   13.8  8    1.5  8    6.7  999.9    21.0     6.3    7.9G 999.9  010010
870070  20130215    11.3  8     5.7  8  9999.9  0   674.3  8   14.0  8    1.9  8    4.1  999.9    19.0     7.0    5.1G 999.9  010010
870070  20130216    12.8  7     5.6  7  9999.9  0   672.4  7   17.2  7    0.8  7    2.6  999.9    20.0*    5.2    8.9G 999.9  100000
870070  20130217    14.5  8     5.6  8  9999.9  0   672.1  8   23.8  8    1.3  8    2.6  999.9    21.2     7.3    0.0G 999.9  000000
870070  20130218    14.1  6     6.6  6  9999.9  0   673.3  6   10.9  6    1.1  6    2.6  999.9    22.8     9.3    0.0I 999.9  000010
870070  20130219    12.1  8     6.5  8  9999.9  0   673.1  8   16.9  8    1.3  8    2.6  999.9    18.2*    8.4    3.0G 999.9  000000
870070  20130220    14.6  8     8.1  8  9999.9  0   672.1  8   23.3  8    1.3  8    4.1  999.9    20.0     8.5    0.0G 999.9  000000
870070  20130221    13.3  8     7.8  8  9999.9  0   673.4  8   12.9  8    3.3  8    9.3  999.9    21.9     7.1    8.9G 999.9  010010
870070  20130222    14.0  8     7.3  8  9999.9  0   675.1  8   20.0  8    2.2  8    4.1  999.9    20.7*    8.2    0.0G 999.9  000000
870070  20130223    15.4  8     4.6  8  9999.9  0   674.5  8   20.0  8    1.4  8    2.6  999.9    21.8*    9.5    0.0I 999.9  000000
870070  20130224    16.4  8     4.3  8  9999.9  0   672.6  8   20.0  8    1.1  8    2.6  999.9    23.1*    8.2    0.0I 999.9  000000
870070  20130225    14.5  8     7.4  8  9999.9  0   672.6  8   21.4  8    1.4  8    6.7  999.9    24.8     8.7    0.0I 999.9  000000
870070  20130226    13.8  8     7.2  8  9999.9  0   672.9  8   20.9  8    1.8  8    4.1  999.9    21.3     8.8    0.0I 999.9  000000
870070  20130227    12.5  8     6.2  8  9999.9  0   674.3  8   16.1  8    2.1  8    4.1  999.9    21.5     6.9    3.0G 999.9  010010
870070  20130228    12.3  8     6.3  8  9999.9  0   674.7  8   26.7  8    2.3  8    9.3  999.9    22.0     6.3    5.1G 999.9  000000
870070  20130301    14.3  8     4.1  8  9999.9  0   673.4  8   22.0  8    1.1  8    2.6  999.9    21.4*    6.7    0.0G 999.9  000000
870070  20130302    15.6  7    -0.3  7  9999.9  0   672.7  7   27.4  7    0.7  7    2.6  999.9    23.4*    6.3    0.0I 999.9  000000
870070  20130303    15.4  8     6.3  8  9999.9  0   674.9  8   18.5  8    3.0  8    6.7  999.9    25.0     9.0    0.0I 999.9  000000
870070  20130304    16.7  8     6.8  8  9999.9  0   673.7  8   17.5  8    2.6  8    4.1  999.9    23.6    11.5    0.0I 999.9  000000
870070  20130305    15.5  8     5.6  8  9999.9  0   673.0  8   20.0  8    2.0  8    6.7  999.9    24.6     7.6    0.0G 999.9  000000
870070  20130306    15.7  8     3.8  8  9999.9  0   672.2  8   17.7  8    0.8  8    2.6  999.9    24.5     7.9    2.0G 999.9  000010
870070  20130307    16.8  8     5.2  8  9999.9  0   672.6  8   21.9  8    2.6  8    4.1  999.9    25.4     8.3    0.0G 999.9  000000
870070  20130308    15.6  8     4.7  8  9999.9  0   674.7  8   15.6  8    3.2  8   12.3  999.9    25.2    10.8    0.0I 999.9  000000
870070  20130309    12.4  8     6.7  8  9999.9  0   675.2  8   15.8  8    1.4  8    2.6  999.9    21.8     7.8   24.9G 999.9  010010
870070  20130310    13.3  8     6.3  8  9999.9  0   674.2  8   16.9  8    2.5  8    4.1  999.9    19.6*    8.0    2.0G 999.9  010010
870070  20130311    13.9  7     6.4  7  9999.9  0   671.9  7   14.6  7    2.0  7    2.6  999.9    21.4*    9.7    4.1G 999.9  010000
870070  20130312    14.1  8    -4.5  8  9999.9  0   671.2  8   26.2  8    2.8  8    6.7  999.9    22.5     5.7    0.0G 999.9  000000
870070  20130313    13.6  8     0.9  8  9999.9  0   671.5  8   20.0  8    2.6  8    4.1  999.9    22.1     6.2    0.0I 999.9  000000
870070  20130314    13.7  8     3.9  8  9999.9  0   671.8  8   20.1  8    1.2  8    2.6  999.9    21.3     8.2    0.0I 999.9  000000
870070  20130315    13.0  8     5.2  8  9999.9  0   672.4  8   24.9  8    4.1  8    6.7  999.9    21.0     8.2    0.0I 999.9  000000
870070  20130316    13.4  8     6.6  8  9999.9  0   673.7  8   24.9  8    2.0  8    4.1  999.9    20.9*    7.9    0.0I 999.9  000000
870070  20130317    13.6  8     6.6  8  9999.9  0   674.1  8   16.3  8    1.3  8    2.6  999.9    21.9     8.0    0.0G 999.9  010000
870070  20130318    14.3  8     4.4  8  9999.9  0   672.7  8   29.1  8    2.3  8    4.1  999.9    22.6     8.3    0.0I 999.9  000000
870070  20130319    14.0  8    -3.4  8  9999.9  0   670.6  8   20.6  8    2.9  8    6.7  999.9    22.8     7.7    0.0I 999.9  000000
870070  20130320    12.8  7   -16.2  7  9999.9  0   671.0  7   22.9  7    3.5  7    6.7  999.9    23.1     2.0    0.0I 999.9  000000
870070  20130321    11.7  8    -4.2  8  9999.9  0   671.8  8   24.9  8    2.1  8    6.7  999.9    21.0     2.3    0.0I 999.9  000000
870070  20130322    11.5  8     0.9  8  9999.9  0   673.3  8   23.8  8    2.6  8    6.7  999.9    20.4     6.0    0.0I 999.9  000000
870070  20130323    12.7  8    -0.5  8  9999.9  0   672.9  8   20.0  8    2.2  8    6.7  999.9    21.5     7.3    0.0I 999.9  000000
870070  20130324    12.4  8     2.4  8  9999.9  0   671.8  8   27.8  8    2.0  8    4.1  999.9    22.4     7.6    0.0I 999.9  000000
870070  20130325    10.9  8    -0.8  8  9999.9  0   671.7  8   17.5  8    2.4  8    6.7  999.9    20.5     4.9    0.0I 999.9  000000
870070  20130326     9.7  8     0.8  8  9999.9  0   675.6  8   22.4  8    2.3  8    6.7  999.9    19.0     2.8    0.0I 999.9  000010
870070  20130327     9.6  8     1.5  8  9999.9  0   675.8  8   21.9  8    0.9  8    2.6  999.9    17.2     3.2    0.0I 999.9  000000
870070  20130328     9.8  8     1.1  8  9999.9  0   675.2  8   22.5  8    2.1  8    4.1  999.9    19.0     4.0    3.0G 999.9  010000
870070  20130329    11.4  8     1.5  8  9999.9  0   673.9  8   20.0  8    2.5  8    6.7  999.9    19.0*    4.3    0.0G 999.9  000010
870070  20130330    11.7  8    -1.7  8  9999.9  0   674.0  8   26.6  8    1.3  8    6.7  999.9    20.0     5.5    0.0I 999.9  000000
870070  20130331    12.2  8    -2.8  8  9999.9  0   672.8  8   36.2  8    2.3  8    6.7  999.9    20.6*    3.8    0.0I 999.9  000000
870070  20130401    12.4  8    -9.2  8  9999.9  0   672.9  8   25.6  8    2.2  8    6.7  999.9    22.5     2.6    0.0I 999.9  000000
870070  20130402    12.3  8    -8.1  8  9999.9  0   673.1  8   21.2  8    2.0  8    6.7  999.9    22.7     1.0    0.0I 999.9  000000
870070  20130403    14.0  8    -3.8  8  9999.9  0   672.2  8   24.9  8    2.6  8    6.7  999.9    22.5     4.4    0.0I 999.9  000000
870070  20130404    11.4  8    -7.0  8  9999.9  0   671.6  8   16.9  8    1.9  8    4.1  999.9    22.8     3.2    0.0I 999.9  000000
870070  20130405    10.5  8   -27.5  8  9999.9  0   672.8  8   35.2  8    1.9  8    6.7  999.9    21.7    -2.5    0.0I 999.9  000000
870070  20130406    11.6  8   -18.1  8  9999.9  0   673.1  8   28.2  8    2.1  8    4.1  999.9    21.2    -0.3    0.0I 999.9  000000
870070  20130407    11.8  8    -9.6  7  9999.9  0   673.1  8   19.3  8    1.3  8    6.7  999.9    22.5     1.8    0.0I 999.9  000000
870070  20130408    12.4  8    -0.1  8  9999.9  0   673.0  8   29.9  8    2.0  8    6.7  999.9    22.1     6.5    0.0I 999.9  000000
870070  20130409    11.2  8    -2.8  8  9999.9  0   673.4  8   20.0  8    2.1  8    4.1  999.9    20.8     5.5    0.0I 999.9  000000
870070  20130410     9.6  8   -12.6  8  9999.9  0   672.2  8   22.5  8    0.4  8    1.0  999.9    20.5*   -1.7    0.0I 999.9  000000
870070  20130411    11.7  8   -20.8  8  9999.9  0   670.6  8   31.9  8    1.2  8    4.1  999.9    21.7    -1.6    0.0I 999.9  000000
870070  20130412    10.9  8   -17.7  8  9999.9  0   671.6  8   19.3  8    3.0  8    9.3  999.9    22.7     1.2    0.0I 999.9  000000
870070  20130413     8.9  8   -17.2  8  9999.9  0   673.8  8   18.2  8    1.0  8    2.6  999.9    19.3    -3.2    0.0I 999.9  000000
870070  20130414     9.7  8    -9.2  8  9999.9  0   673.5  8   24.0  8    0.7  8    2.6  999.9    19.3*   -2.0    0.0I 999.9  000000
870070  20130415    10.5  8   -10.1  8  9999.9  0   675.1  8   20.6  8    1.1  8    2.6  999.9    21.5     1.4    0.0I 999.9  000000
870070  20130416     9.4  8    -5.4  8  9999.9  0   676.1  8   22.5  8    1.1  8    2.6  999.9    19.7    -0.7    0.0I 999.9  000000
870070  20130417     9.4  8    -7.4  8  9999.9  0   675.7  8   28.8  8    1.0  8    4.1  999.9    18.7    -0.5    0.0I 999.9  000000
870070  20130418     9.2  8    -6.1  8  9999.9  0   675.4  8   16.6  8    0.8  8    2.6  999.9    18.7    -0.9    0.0I 999.9  000000
870070  20130419     9.8  8    -4.9  8  9999.9  0   675.2  8   18.2  8    0.7  8    2.6  999.9    19.5    -0.5    0.0I 999.9  000000
870070  20130420    10.1  8    -6.1  8  9999.9  0   675.9  8   29.9  8    0.9  8    2.6  999.9    19.3    -0.6    0.0I 999.9  000000
870070  20130421    10.2  8    -5.7  8  9999.9  0   675.9  8   24.9  8    0.7  8    2.6  999.9    20.1     0.1    0.0I 999.9  000000
870070  20130422     9.2  8    -5.4  8  9999.9  0   676.5  8   17.2  8    1.3  8    2.6  999.9    20.5    -1.8    0.0I 999.9  000000
870070  20130423     8.2  8   -10.0  8  9999.9  0   676.9  8   27.2  8    1.0  8    2.6  999.9    19.4    -3.0    0.0I 999.9  000000
870070  20130424     7.1  8   -10.8  8  9999.9  0   676.8  8   19.8  8    1.0  8    4.1  999.9    18.7    -5.0    0.0I 999.9  000000
870070  20130425     8.1  8   -10.9  8  9999.9  0   675.0  8   15.0  8    0.9  8    2.6  999.9    19.9*   -3.7    0.0I 999.9  000000
870070  20130426     9.6  8    -8.9  8  9999.9  0   673.6  8   21.2  8    0.8  8    2.6  999.9    21.7    -2.4    0.0I 999.9  000000
870070  20130427    11.3  8   -11.3  8  9999.9  0   672.2  8   16.3  8    2.3  8    4.1  999.9    22.5     1.2    0.0I 999.9  000000
870070  20130428     9.0  8    -9.1  8  9999.9  0   672.4  8   19.3  8    0.8  8    2.6  999.9    21.4    -2.3    0.0I 999.9  000000
870070  20130429    11.3  8    -2.4  8  9999.9  0   673.3  8   20.3  8    0.8  8    2.6  999.9    20.5     1.2    0.0I 999.9  000000
870070  20130430    12.8  8     4.7  6  9999.9  0   673.8  8   16.9  8    1.6  8    6.7  999.9    21.6     5.1    0.0I 999.9  000000
870070  20130501    12.3  8    -8.7  8  9999.9  0   674.3  8   16.4  8    1.2  8    4.1  999.9    22.5     2.8    0.0I 999.9  000000
870070  20130502    11.3  8    -5.2  8  9999.9  0   674.2  8   27.5  8    1.7  8    2.6  999.9    22.0     1.4    0.0I 999.9  000000
870070  20130503    10.0  8   -11.7  8  9999.9  0   674.3  8   22.5  8    1.1  8    2.6  999.9    21.2    -1.0    0.0I 999.9  000000
870070  20130504     9.9  8    -0.9  8  9999.9  0   673.5  8   21.2  8    0.7  8    2.6  999.9    20.7     0.9    0.0I 999.9  000000
870070  20130505    10.8  8    -8.7  8  9999.9  0   675.8  8   22.4  8    1.9  8    4.1  999.9    20.5     3.0    0.0I 999.9  000000
870070  20130506     7.6  8   -10.4  7  9999.9  0   676.8  8   17.2  8    0.9  8    2.6  999.9    18.4*   -3.8    0.0I 999.9  000000
870070  20130507     8.2  8    -7.6  8  9999.9  0   677.1  8   14.8  8    0.7  8    2.6  999.9    20.5    -1.0    0.0I 999.9  000000
870070  20130508     8.7  8    -3.2  8  9999.9  0   676.3  8   15.4  8    0.5  8    1.0  999.9    19.4*   -2.6    0.0I 999.9  000000
870070  20130509     9.4  8   -12.7  8  9999.9  0   674.9  8   17.2  8    0.8  8    2.6  999.9    21.1    -2.6    0.0I 999.9  000000
870070  20130510     8.9  8   -13.3  8  9999.9  0   673.9  8   19.5  8    0.8  8    2.6  999.9    21.8    -1.8    0.0I 999.9  000000
870070  20130511    10.6  7    -8.5  7  9999.9  0   673.1  7   28.8  7    2.1  7    6.7  999.9    18.2*   -0.2    0.0I 999.9  000000
870070  20130512     8.6  8    -9.3  8  9999.9  0   672.8  8   23.8  8    2.1  8    4.1  999.9    20.8    -1.7    0.0I 999.9  000000
870070  20130513     8.9  8    -4.8  8  9999.9  0   672.2  8   13.7  8    0.9  8    4.1  999.9    18.3     0.4    0.0I 999.9  000000
870070  20130514     8.5  8   -18.6  8  9999.9  0   672.4  8   21.9  8    1.9  8    4.1  999.9    19.9    -2.3    0.0I 999.9  000000
870070  20130515     8.7  8   -18.8  8  9999.9  0   672.4  8   15.9  8    1.4  8    2.6  999.9    20.3    -4.3    0.0I 999.9  000000
870070  20130516     8.3  8    -7.8  8  9999.9  0   674.0  8   13.8  8    1.8  8    4.1  999.9    21.0    -1.0    0.0I 999.9  000000
870070  20130517     9.4  8     3.5  8  9999.9  0   673.9  8   20.0  8    1.0  8    2.6  999.9    17.6     2.2    0.0I 999.9  000000
870070  20130518     9.6  8     0.5  8  9999.9  0   674.1  8   21.9  8    1.8  8    6.7  999.9    16.6     4.5    0.0I 999.9  000000
870070  20130519    10.1  8    -7.9  8  9999.9  0   675.5  8   16.6  8    1.3  8    2.6  999.9    17.4     2.7    0.0I 999.9  000000
870070  20130520    11.1  8    -5.8  8  9999.9  0   674.2  8   20.9  8    1.3  8    4.1  999.9    19.1*    0.7    0.0I 999.9  000000
870070  20130521    10.6  8    -6.3  8  9999.9  0   672.9  8   18.2  8    2.3  8    9.3  999.9    20.6     0.7    0.0I 999.9  000000
870070  20130522     9.5  8    -6.1  8  9999.9  0   672.2  8   20.8  8    1.0  8    2.6  999.9    20.2    -1.5    0.0I 999.9  000000
870070  20130523     8.9  8   -11.3  8  9999.9  0   671.9  8   18.0  8    0.8  8    2.6  999.9    19.5    -0.7    0.0I 999.9  000000
870070  20130524     7.7  8   -12.8  8  9999.9  0   674.2  8   18.2  8    2.5  8    4.1  999.9    17.6     0.5    0.0I 999.9  000000
870070  20130525     6.7  8    -9.8  8  9999.9  0   673.7  8   19.3  8    3.3  8   12.3  999.9    17.3*   -4.3    0.0I 999.9  000000
870070  20130526     8.8  8   -13.9  8  9999.9  0   672.2  8   20.6  8    2.8  8    6.7  999.9    18.6    -0.2    0.0I 999.9  000000
870070  20130527     6.9  8   -17.8  8  9999.9  0   672.3  8   17.7  8    2.2  8    6.7  999.9    17.6    -3.9    0.0I 999.9  000000
870070  20130528     6.0  8   -14.4  8  9999.9  0   671.6  8   17.5  8    2.0  8    2.6  999.9    17.2    -6.5    0.0I 999.9  000000
870070  20130529     6.1  8   -19.6  8  9999.9  0   671.6  8   21.6  8    1.7  8    2.6  999.9    15.5    -4.6    0.0I 999.9  000000
870070  20130530     3.4  7   -19.9  6  9999.9  0   673.0  7   19.5  7    1.4  7    2.6  999.9    14.6*   -7.5    0.0I 999.9  000000
870070  20130531     5.4  8   -20.4  8  9999.9  0   671.8  7   15.1  8    0.6  8    1.0  999.9    16.2    -5.4    0.0I 999.9  000000
870070  20130601     5.4  8   -25.3  8  9999.9  0   673.5  8   33.5  8    1.1  8    4.1  999.9    16.5    -7.4    0.0I 999.9  000000
870070  20130602     4.2  8   -22.1  8  9999.9  0   674.8  8   17.2  8    1.6  8    2.6  999.9    15.8    -6.3    0.0I 999.9  000000
870070  20130603     2.8  8   -19.7  8  9999.9  0   676.8  8   11.6  8    1.1  8    4.1  999.9    14.5    -8.3    0.0I 999.9  000000
870070  20130604     2.2  7   -17.3  7  9999.9  0   675.5  7   20.4  7    0.2  7    1.0  999.9    15.5*   -7.9    0.0I 999.9  000000
870070  20130605     4.3  8   -16.9  8  9999.9  0   674.2  8   17.4  8    0.6  8    2.6  999.9    17.3    -5.9    0.0I 999.9  000000
870070  20130606     4.6  8   -19.6  8  9999.9  0   675.4  8   14.8  8    0.8  8    2.6  999.9    17.7    -7.3    0.0I 999.9  000000
870070  20130607     5.0  8   -10.0  8  9999.9  0   675.6  8   16.3  8    0.6  8    1.0  999.9    16.4*   -5.7    0.0I 999.9  000000
870070  20130608     6.3  8    -8.2  8  9999.9  0   675.9  8   15.4  8    1.0  8    2.6  999.9    18.7    -2.6    0.0I 999.9  000000
870070  20130609     7.0  8    -1.3  8  9999.9  0   675.0  8   23.8  8    0.7  8    2.6  999.9    14.4    -1.5    0.0G 999.9  010000
870070  20130610     5.7  8    -7.6  8  9999.9  0   674.7  8   22.2  8    0.7  8    2.6  999.9    16.5    -4.4    0.0G 999.9  000000
870070  20130611     6.8  8   -10.8  8  9999.9  0   674.7  8   21.9  8    1.4  8    4.1  999.9    16.2    -3.0    0.0I 999.9  000000
870070  20130612     6.8  8    -3.3  8  9999.9  0   675.7  8   19.3  8    0.7  8    2.6  999.9    15.5    -1.4    0.0I 999.9  000000
870070  20130613     6.2  8    -1.5  8  9999.9  0   675.8  8   22.0  8    1.4  8    4.1  999.9    15.1     0.3    0.0I 999.9  000000
870070  20130614     5.2  8    -1.1  8  9999.9  0   674.8  8   16.9  8    2.5  8    6.7  999.9    13.6    -0.9    0.3G 999.9  110000
870070  20130615     6.5  8   -11.9  8  9999.9  0   672.0  8   16.6  8    4.1  8    9.3  999.9    14.0    -0.2    0.0G 999.9  000000
870070  20130616     2.2  7   -21.3  7  9999.9  0   673.2  7   30.7  7    0.7  7    4.1  999.9    13.8*   -7.8    0.0I 999.9  000000
870070  20130617     3.9  8   -23.3  8  9999.9  0   672.2  8   20.0  8    1.0  8    4.1  999.9    16.3    -7.1    0.0I 999.9  000000
870070  20130618     4.8  8   -24.2  8  9999.9  0   671.1  8   14.5  8    1.5  8    4.1  999.9    17.7    -7.6    0.0I 999.9  000000
870070  20130619     6.1  8   -18.4  8  9999.9  0   670.8  8   15.8  8    3.4  8   12.3  999.9    16.2    -5.6    0.0I 999.9  000000
870070  20130620     8.4  8   -10.2  8  9999.9  0   669.0  8   14.2  8    7.7  8   22.6  999.9    14.2     0.9    0.0I 999.9  000000
870070  20130621     4.7  7   -19.8  7  9999.9  0   670.0  7   17.2  7    4.1  7    6.7  999.9    14.5    -4.2    0.0I 999.9  000000
870070  20130622     4.8  8   -25.3  7  9999.9  0   671.4  8   17.2  8    2.3  8    6.7  999.9    15.3    -7.3    0.0I 999.9  000000
870070  20130623     5.3  8   -19.7  8  9999.9  0   672.1  8   16.7  8    3.1  8   12.3  999.9    14.7    -5.3    0.0I 999.9  000000
870070  20130624     5.3  8    -5.4  8  9999.9  0   672.5  8   13.4  8    2.1  8    6.7  999.9    13.6    -3.7    0.0I 999.9  000000
870070  20130625     5.9  8    -3.9  8  9999.9  0   672.0  8   23.8  8    3.3  8    6.7  999.9    14.0    -2.8    0.0I 999.9  000000
870070  20130626     4.3  8   -13.2  8  9999.9  0   672.5  8   18.2  8    2.3  8    4.1  999.9    12.4    -5.0    0.0I 999.9  000000
870070  20130627     5.1  8   -14.4  8  9999.9  0   674.0  8   17.7  8    1.4  8    4.1  999.9    13.9*   -6.1    0.0I 999.9  000000
870070  20130628     4.9  8   -18.7  8  9999.9  0   674.5  8   18.0  8    1.2  8    2.6  999.9    16.4*   -7.9    0.0I 999.9  000000
870070  20130629     5.5  8   -21.9  8  9999.9  0   674.0  8   20.0  8    1.8  8    4.1  999.9    17.7    -7.6    0.0I 999.9  000000
870070  20130630     5.7  8   -20.3  8  9999.9  0   673.0  8   15.0  8    0.6  8    2.6  999.9    17.4    -7.2    0.0I 999.9  000000
870070  20130701     4.2  8   -23.6  8  9999.9  0   674.7  8   23.2  8    1.9  8    4.1  999.9    17.0    -6.5    0.0I 999.9  000000
870070  20130702     1.6  7   -26.2  7  9999.9  0   674.7  7   21.2  7    0.4  7    1.0  999.9    13.1*  -11.5    0.0I 999.9  000000
870070  20130703     2.7  8   -27.7  8  9999.9  0   671.5  8   14.3  8    2.7  8    6.7  999.9    14.5   -10.2    0.0I 999.9  000000
870070  20130704     4.6  8   -27.4  8  9999.9  0   672.4  8   18.2  8    1.8  8    2.6  999.9    15.8    -6.8    0.0I 999.9  000000
870070  20130705     5.4  8   -14.9  8  9999.9  0   673.9  8   21.2  8    1.3  8    4.1  999.9    16.1*   -6.4    0.0I 999.9  000000
870070  20130706     8.1  6   -11.8  6  9999.9  0   674.5  6   24.9  6    1.3  6    2.6  999.9    18.5    -3.4    0.0I 999.9  000000
870070  20130707     6.7  8   -11.2  8  9999.9  0   674.0  8   18.5  8    1.6  8    2.6  999.9    17.9*   -5.4    0.0I 999.9  000000
870070  20130708     9.0  8    -7.2  8  9999.9  0   675.1  8   20.0  8    1.5  8    2.6  999.9    19.7    -2.6    0.0I 999.9  000000
870070  20130709     9.9  8    -2.6  8  9999.9  0   674.8  8   19.3  8    2.8  8    9.3  999.9    18.2    -0.4    0.0I 999.9  000000
870070  20130710     7.8  8   -12.6  8  9999.9  0   675.1  8   18.8  8    0.8  8    2.6  999.9    19.5    -3.7    0.0I 999.9  000000
870070  20130711     6.5  8   -13.4  8  9999.9  0   674.0  8   14.5  8    0.5  8    1.0  999.9    18.3    -3.6    0.0I 999.9  000000
870070  20130712     5.4  8   -13.6  8  9999.9  0   673.3  8   20.4  8    1.3  8    4.1  999.9    19.6    -6.5    0.0I 999.9  000000
870070  20130713     5.2  8   -10.7  8  9999.9  0   673.2  8   15.3  8    0.9  8    2.6  999.9    16.6    -4.8    0.0I 999.9  100000
870070  20130714     3.2  8   -25.3  8  9999.9  0   675.2  8   23.8  8    1.1  8    2.6  999.9    14.9*   -8.9    0.0I 999.9  000000
870070  20130715     3.5  8   -22.3  8  9999.9  0   675.3  8   17.5  8    0.5  8    1.0  999.9    16.1    -8.8    0.0I 999.9  000000
870070  20130716     4.4  8   -20.5  8  9999.9  0   674.7  8   21.1  8    0.8  8    2.6  999.9    17.2    -7.2    0.0I 999.9  000000
870070  20130717     6.5  8   -17.2  8  9999.9  0   674.2  8   27.2  8    0.7  8    2.6  999.9    17.6    -5.3    0.0I 999.9  000000
870070  20130718     8.8  8   -13.1  8  9999.9  0   673.6  8   23.0  8    2.4  8    4.1  999.9    17.9    -2.3    0.0I 999.9  000000
870070  20130719     8.2  8    -9.3  8  9999.9  0   671.8  8   18.2  8    2.3  8    6.7  999.9    18.0    -0.9    0.0I 999.9  000000
870070  20130720     7.3  8    -5.2  8  9999.9  0   669.4  8   18.8  8    4.9  8   12.3  999.9    16.1     0.7    0.0I 999.9  000000
870070  20130721     5.3  8    -6.9  8  9999.9  0   669.6  8   18.8  8    5.3  8   15.4  999.9    12.8    -2.4    0.0I 999.9  000000
870070  20130722     7.2  8   -13.8  8  9999.9  0   668.0  8   15.4  8    5.7  8   12.3  999.9    15.4*    1.0    0.0I 999.9  000000
870070  20130723     4.3  8   -20.3  8  9999.9  0   670.3  8   18.8  8    1.6  8    4.1  999.9    16.2   -11.2    0.0I 999.9  000000
870070  20130724     3.6  8   -27.6  8  9999.9  0   672.7  8   16.6  8    1.3  8    2.6  999.9    15.4   -10.0    0.0I 999.9  000000
870070  20130725     1.6  7   -21.7  7  9999.9  0   675.7  7   15.6  7    0.9  7    2.6  999.9    12.6*   -9.7    0.0I 999.9  000000
870070  20130726     5.4  8   -14.9  8  9999.9  0   674.7  8   17.7  8    0.6  8    2.6  999.9    18.4*   -7.2    0.0I 999.9  000000
870070  20130727     9.4  8    -1.1  8  9999.9  0   675.6  8   15.0  8    1.3  8    2.6  999.9    19.9    -1.8    0.0I 999.9  000000
870070  20130728     9.3  8    -5.9  8  9999.9  0   676.0  8   21.4  8    0.7  8    2.6  999.9    19.8    -2.0    0.0I 999.9  000000
870070  20130729     8.7  8   -13.0  8  9999.9  0   676.6  8   17.9  8    1.0  8    4.1  999.9    20.2    -2.6    0.0I 999.9  000000
870070  20130730     8.4  8   -15.3  8  9999.9  0   675.6  8   24.9  8    1.0  8    2.6  999.9    20.3    -4.0    0.0I 999.9  000000
870070  20130731     9.8  8   -15.1  8  9999.9  0   674.1  8   17.1  8    0.9  8    2.6  999.9    21.0    -2.3    0.0I 999.9  000000
870070  20130802     7.4  4   -15.4  4  9999.9  0   673.2  4   18.8  4    1.1  4    2.6  999.9    20.0    -2.3    0.0I 999.9  000000
870070  20130803     5.7  4   -26.2  4  9999.9  0   672.6  4    9.0  4    3.8  4   12.4  999.9    16.7    -7.0    0.0I 999.9  000000
870070  20130804     3.3  4   -37.1  4  9999.9  0   676.2  4   17.5  4    0.8  4    1.0  999.9    17.4    -9.2    0.0I 999.9  000000
870070  20130805     3.9  4   -24.8  4  9999.9  0   674.2  4   14.3  4    0.8  4    1.0  999.9    16.8    -8.6    0.0I 999.9  000000
870070  20130806     4.9  4   -22.4  4  9999.9  0   674.3  4   14.8  4    0.9  4    2.6  999.9    18.5    -6.9    0.0I 999.9  000000
870070  20130807     5.9  4   -30.7  4  9999.9  0   672.4  4   13.0  4    1.0  4    1.0  999.9    19.8    -7.1    0.0I 999.9  000000
870070  20130808     5.6  4   -28.4  4  9999.9  0   670.9  4   12.7  4    1.3  4    4.1  999.9    20.6    -7.2    0.0I 999.9  000000
870070  20130809     8.7  4   -28.3  4  9999.9  0   670.2  4   17.2  4    3.6  4    9.3  999.9    18.8    -4.3    0.0I 999.9  000000
870070  20130810     3.8  4   -26.1  4  9999.9  0   673.3  4   19.5  4    2.2  4    6.7  999.9    18.0    -8.8    0.0I 999.9  000000
870070  20130811     3.8  4   -26.1  4  9999.9  0   673.4  4   12.6  4    0.5  4    1.0  999.9    16.3    -7.8    0.0I 999.9  000000
870070  20130812     7.0  4   -24.4  4  9999.9  0   671.6  4   15.0  4    0.8  4    1.0  999.9    18.6    -4.5    0.0I 999.9  000000
870070  20130813     5.1  5   -27.0  5  9999.9  0   670.5  5   17.4  5    0.8  5    1.0  999.9    20.0    -7.0    0.0I 999.9  000000
870070  20130814     5.3  6   -11.6  6  9999.9  0   674.1  6   18.0  6    0.9  6    2.6  999.9    19.8    -8.7    0.0I 999.9  000000
870070  20130815     3.7  4   -11.0  4  9999.9  0   674.3  4   20.3  4    0.5  4    1.0  999.9    15.7*   -8.1    0.0I 999.9  000000
870070  20130816     7.0  5   -15.6  5  9999.9  0   674.0  5   15.9  5    1.2  5    4.1  999.9    18.0    -5.6    0.0I 999.9  000000
870070  20130817     5.5  4   -14.7  4  9999.9  0   673.8  4   20.0  4    0.4  4    1.0  999.9    18.2*   -8.3    0.0I 999.9  000000
870070  20130818     6.7  4   -13.0  4  9999.9  0   673.3  4   15.0  4    0.8  4    1.0  999.9    19.5    -6.4    0.0I 999.9  000000
870070  20130819     7.8  4   -16.4  4  9999.9  0   673.1  4   16.3  4    1.0  4    1.0  999.9    20.8    -6.4    0.0I 999.9  000000
870070  20130820     8.3  4   -14.6  4  9999.9  0   672.5  4   16.3  4    1.5  4    2.6  999.9    22.8    -4.6    0.0I 999.9  000000
870070  20130821     9.8  4   -12.8  4  9999.9  0   672.0  4   21.7  4    0.9  4    2.6  999.9    23.0    -2.4    0.0I 999.9  000000
870070  20130822     9.6  4   -13.8  4  9999.9  0   671.4  4   18.0  4    1.5  4    2.6  999.9    22.2    -2.1    0.0I 999.9  000000
870070  20130823     9.9  4    -2.8  4  9999.9  0   669.7  4   17.1  4    4.1  4   12.4  999.9    20.4    -0.1    0.0I 999.9  000000
870070  20130824     9.6  4    -2.9  4  9999.9  0   669.6  4   17.5  4    2.9  4    9.3  999.9    18.5     3.2    0.0I 999.9  000000
870070  20130825     5.2  4    -1.9  4  9999.9  0   670.8  4   14.8  4    6.5  4   15.4  999.9    14.9     2.5    0.0I 999.9  000000
870070  20130826     6.2  4   -13.5  4  9999.9  0   671.4  4   10.3  4    9.4  4   15.4  999.9    15.3    -6.5    0.0I 999.9  000000
870070  20130827     3.1  4   -22.1  4  9999.9  0   675.1  4   21.7  4    0.9  4    2.6  999.9    14.8    -8.6    0.0I 999.9  000000
870070  20130828     4.9  4   -12.6  4  9999.9  0   676.7  4   17.5  4    1.3  4    2.6  999.9    15.9    -5.7    0.0I 999.9  000000
870070  20130829     5.9  4   -10.5  4  9999.9  0   676.3  4   23.8  4    1.9  4    4.1  999.9    15.8    -4.8    0.0I 999.9  000000
870070  20130830     8.1  4    -1.4  4  9999.9  0   674.5  4   20.0  4    2.8  4    9.3  999.9    16.5     0.2    0.0G 999.9  000000
870070  20130831     7.2  4   -11.8  4  9999.9  0   674.0  4   15.3  4    1.1  4    2.6  999.9    17.0    -4.3    0.0I 999.9  000000
870070  20130901     7.2  4   -15.7  4  9999.9  0   673.1  4   17.5  4    1.4  4    2.6  999.9    18.4    -2.4    0.0I 999.9  000000
870070  20130902     7.7  4   -11.9  4  9999.9  0   673.2  4   13.7  4    3.2  4    6.7  999.9    17.6    -3.6    0.0I 999.9  000000
870070  20130903     6.7  4    -8.9  4  9999.9  0   673.2  4   12.6  4    0.9  4    2.6  999.9    16.5    -4.5    0.0I 999.9  000000
870070  20130904     9.0  4    -2.9  4  9999.9  0   674.8  4    9.2  4    1.5  4    2.6  999.9    18.5    -1.6    0.0I 999.9  000000
870070  20130905    10.1  4   -10.2  4  9999.9  0   675.3  4   17.5  4    1.4  4    2.6  999.9    19.5    -0.4    0.0I 999.9  000000
870070  20130906     9.8  4   -13.4  4  9999.9  0   675.0  4   15.0  4    2.6  4    2.6  999.9    20.2    -3.8    0.0I 999.9  000000
870070  20130908    11.8  4    -1.0  4  9999.9  0   676.0  4   10.0  4    1.5  4    2.6  999.9    21.7     1.8    0.0I 999.9  000000
870070  20130909     9.3  4    -1.3  4  9999.9  0   677.8  4   10.0  4    1.9  4    4.1  999.9    19.5    -0.5    0.0I 999.9  000000
870070  20130910     7.9  4   -11.3  4  9999.9  0   676.0  4   18.8  4    1.5  4    2.6  999.9    19.8*   -5.7    0.0I 999.9  000000
870070  20130911    10.4  4    -3.0  4  9999.9  0   672.9  4   21.2  4    1.8  4    4.1  999.9    20.7    -0.4    0.0I 999.9  000000
870070  20130914    10.0  4    -2.7  4  9999.9  0   670.2  4   11.3  4    3.5  4    9.3  999.9    17.6*    3.0    2.0G 999.9  000000
870070  20130915     9.8  4   -31.8  4  9999.9  0   670.2  4   17.7  4    2.6  4    6.7  999.9    19.8     0.4    0.0G 999.9  000000
870070  20130917    10.8  4   -24.3  4  9999.9  0   669.1  4   22.5  4    5.3  4    9.3  999.9    20.0     1.7    0.0I 999.9  000000
870070  20130918     9.8  4   -25.5  4  9999.9  0   670.4  4   22.5  4    2.8  4    6.7  999.9    20.5    -1.5    0.0I 999.9  000000
870070  20130919     8.3  4   -25.2  4  9999.9  0   672.2  4   20.0  4    2.2  4    6.7  999.9    20.5    -5.7    0.0I 999.9  000000
870070  20130922    10.4  4   -23.6  4  9999.9  0   670.5  4   18.8  4    5.4  4   15.4  999.9    20.2    -1.7    0.0I 999.9  000000
870070  20130923    11.3  4  9999.9  0  9999.9  0   671.2  4   16.7  4    5.0  4   15.4  999.9    22.5    -2.8    0.0I 999.9  000000
870070  20130924    12.9  4   -20.0  4  9999.9  0   672.1  4   13.0  4    5.3  4    9.3  999.9    23.0    -1.1    0.0I 999.9  000000
870070  20130925    13.4  4   -19.6  4  9999.9  0   671.9  4   15.0  4    2.3  4    4.1  999.9    24.3     2.5    0.0I 999.9  000000
870070  20130926    15.0  6   -13.9  6  9999.9  0   671.7  5   17.5  6    2.6  6    4.1  999.9    24.2     2.2    0.0I 999.9  000000
870070  20130927    15.0  4    -5.8  4  9999.9  0   670.6  4   14.8  4    4.0  4   12.4  999.9    24.2     4.0    0.0I 999.9  000000
870070  20130928    10.7  4   -13.5  4  9999.9  0   672.5  4   20.0  4    2.2  4    6.7  999.9    22.1     0.6    0.0I 999.9  000000
870070  20130929    10.6  4    -7.1  4  9999.9  0   672.5  4    7.1  4    4.0  4   12.4  999.9    21.1    -0.2    0.0I 999.9  100000
870070  20130930    10.7  4   -19.5  4  9999.9  0   671.5  4   17.5  4    3.9  4    9.3  999.9    21.3     0.4    0.0I 999.9  000000
870070  20131001    11.4  4   -15.3  4  9999.9  0   670.2  4   24.9  4    2.6  4    4.1  999.9    21.0     0.0    0.0I 999.9  000000
870070  20131002    10.2  4   -17.3  4  9999.9  0   670.8  4   24.9  4    2.9  4    6.7  999.9    21.0    -2.0    0.0I 999.9  000000
870070  20131003    12.2  5   -15.3  5  9999.9  0   671.5  5   29.0  5    4.7  5    9.3  999.9    20.5    -1.5    0.0I 999.9  000000
870070  20131004    10.7  4    -0.1  4  9999.9  0   672.9  4   11.4  4    2.7  4    4.1  999.9    20.2     1.3    0.0I 999.9  000000
870070  20131005     9.9  4     2.1  4  9999.9  0   672.7  4   22.5  4    2.9  4    6.7  999.9    21.1     3.3    0.0I 999.9  000000
870070  20131007     8.2  4     2.1  4  9999.9  0   673.6  4   20.0  4    3.5  4    9.3  999.9    20.7     3.0    0.0I 999.9  000000
870070  20131008     8.8  4     3.8  4  9999.9  0   674.2  4   15.0  4    2.6  4    6.7  999.9    19.5    -0.5    0.0I 999.9  000000
870070  20131009    11.5  4     4.7  4  9999.9  0   672.5  4   20.0  4    2.6  4    6.7  999.9    20.9*    0.6    0.0I 999.9  000000
870070  20131010    13.2  4     6.8  4  9999.9  0   672.5  4   15.6  4    2.6  4    6.7  999.9    22.7     5.6    0.0I 999.9  000000
870070  20131011    13.6  4     7.2  4  9999.9  0   671.5  4    8.0  4    2.9  4    4.1  999.9    23.2     7.3    0.0I 999.9  000000
870070  20131013    11.9  4     4.8  4  9999.9  0   672.6  4   14.3  4    2.7  4    6.7  999.9    21.9     3.9    0.0I 999.9  000000
870070  20131014    13.5  4     8.3  4  9999.9  0   672.2  4   17.7  4    2.6  4    4.1  999.9    22.0     8.8    0.0I 999.9  000000
870070  20131015     9.7  4     7.9  4  9999.9  0   673.2  4   15.4  4    2.2  4    2.6  999.9    18.7     6.0    0.3G 999.9  000000
870070  20131016    10.3  4     3.8  4  9999.9  0   673.3  4   23.0  4    1.5  4    4.1  999.9    17.8     4.1    0.0G 999.9  000000
870070  20131017    11.7  4     5.5  4  9999.9  0   672.6  4   26.2  4    1.8  4    2.6  999.9    20.1     3.1    0.0I 999.9  000000
870070  20131018    11.6  4     4.8  4  9999.9  0   673.3  4   20.4  4    1.8  4    4.1  999.9    21.7     2.6    0.0I 999.9  000000
870070  20131020    14.8  4     5.8  4  9999.9  0   669.9  4   21.2  4    1.4  4    2.6  999.9    24.3*    3.6    0.0I 999.9  000000
870070  20131021    14.3  4    -1.7  4  9999.9  0   671.3  4   20.4  4    2.2  4    4.1  999.9    26.9     0.4    0.0I 999.9  000000
870070  20131022    13.6  4     3.1  4  9999.9  0   671.0  4   14.5  4    2.3  4    6.7  999.9    24.7     7.2    0.0I 999.9  000000
870070  20131023    16.7  4   -15.1  4  9999.9  0   670.5  4   23.0  4    2.0  4    2.6  999.9    25.7     6.8    0.0I 999.9  000000
870070  20131024    14.0  4     0.5  4  9999.9  0   672.4  4   14.8  4    2.6  4    4.1  999.9    25.1     6.9    0.0I 999.9  000000
870070  20131025    11.2  4     7.1  4  9999.9  0   673.5  4   20.8  4    2.6  4    2.6  999.9    18.3*    7.2    4.1G 999.9  000010
870070  20131026    12.3  4  9999.9  0  9999.9  0   673.8  4   16.7  4    1.1  4    2.6  999.9    21.2*    3.1    8.9G 999.9  010010
870070  20131027    13.8  4     1.1  4  9999.9  0   673.2  4   20.0  4    1.8  4    2.6  999.9    22.4     6.2    0.0G 999.9  000000
870070  20131028    12.8  4     5.7  4  9999.9  0   673.0  4   16.3  4    0.9  4    2.6  999.9    21.5     7.8    0.0A 999.9  000010
870070  20131029    14.1  4     1.1  4  9999.9  0   672.5  4   13.7  4    2.3  4    4.1  999.9    22.6     6.5    1.0G 999.9  000000
870070  20131030    14.4  4     3.5  4  9999.9  0   671.7  4   21.2  4    1.9  4    4.1  999.9    23.5     5.7    0.0G 999.9  000000
870070  20131101    14.1  5    -0.9  5  9999.9  0   669.0  5   20.0  5    3.1  5    6.7  999.9    22.4*    7.3    0.0I 999.9  000000
870070  20131102    14.9  7    -0.8  7  9999.9  0   670.7  7   16.6  7    3.5  7    6.7  999.9    24.3     8.0    0.0I 999.9  000000
870070  20131103    11.7  8     5.4  8  9999.9  0   673.1  8   17.7  8    3.1  8    6.7  999.9    23.5     6.7    0.0I 999.9  000000
870070  20131104    11.0  8     0.5  8  9999.9  0   673.4  8   14.6  8    1.4  8    4.1  999.9    19.8*    3.6    0.0I 999.9  000000
870070  20131105    11.9  7    -0.3  7  9999.9  0   673.8  7   24.9  7    2.4  7    4.1  999.9    21.7     4.1    0.0I 999.9  000000
870070  20131106    12.4  4    -0.3  4  9999.9  0   673.4  4   20.0  4    2.3  4    4.1  999.9    22.0*    3.0    0.0I 999.9  000000
870070  20131107    14.8  4     2.4  4  9999.9  0   672.3  4   20.4  4    1.0  4    1.0  999.9    23.4     2.8    0.3G 999.9  000000
870070  20131108    14.3  4     3.9  4  9999.9  0   672.0  4   16.3  4    1.9  4    4.1  999.9    25.0     5.5    6.1G 999.9  010010
870070  20131109    16.4  4    -1.0  4  9999.9  0   669.3  4   25.4  4    4.0  4    6.7  999.9    26.2*    6.3    0.0G 999.9  000000
870070  20131110    16.8  4    -7.0  4  9999.9  0   668.1  4   15.0  4    2.8  4    6.7  999.9    27.0     6.2    0.0I 999.9  000000
870070  20131111    14.8  4   -19.3  4  9999.9  0   669.5  4   22.5  4    2.9  4    4.1  999.9    26.8     2.5    0.0I 999.9  000000
870070  20131112    12.9  4    -9.7  4  9999.9  0   671.9  4   20.0  4    1.9  4    4.1  999.9    25.3     0.3    0.0I 999.9  000000
870070  20131113    12.2  4     2.3  4  9999.9  0   673.4  4   20.4  4    3.0  4    6.7  999.9    22.2     4.8    0.0I 999.9  000000
