874180  20130101    20.9 24     5.2 24  1017.0  8   938.6  8   11.6 24    3.0 24    7.2  999.9    28.7    14.2    0.0I 999.9  000000
874180  20130102    22.1 23     7.6 23  1011.7  8   933.5  8   11.7 23    2.1 23    4.1  999.9    30.4*   14.2    0.0I 999.9  000000
874180  20130103    25.4 22    10.0 22  1006.1  8   929.1  8   11.7 22    1.5 22    3.6  999.9    33.0*   16.1    0.0I 999.9  000000
874180  20130104    26.6 24    12.1 24  1006.2  8   929.6  8   12.4 24    3.8 24    7.2  999.9    34.5    20.2    0.5G 999.9  000010
874180  20130105    27.3 23    12.5 23  1005.7  7   929.2  7   12.4 22    2.2 23    5.1  999.9    32.5*   21.7    0.0G 999.9  000010
874180  20130106    28.4 24    12.1 24  1002.3  8   926.3  8   12.1 24    2.3 24    4.1  999.9    36.0*   20.4    0.3G 999.9  010010
874180  20130107    28.9 22    15.0 22   997.4  8   922.1  8   11.7 22    2.8 22    5.7  999.9    36.7    20.2    0.0G 999.9  000000
874180  20130108    28.4 24    13.2 24  1003.0  8   927.4  8   12.1 24    4.5 24    6.7  999.9    36.0    22.9    0.0I 999.9  000000
874180  20130109    27.8 23    15.5 23  1010.2  8   933.5  8   12.1 23    2.1 23    5.1  999.9    35.0*   19.9    0.0I 999.9  000000
874180  20130110    30.2 24    17.4 24  1007.1  7   931.3  7   11.4 24    1.7 24    5.1   10.8    37.3*   22.3    0.0I 999.9  000000
874180  20130111    31.3 24    17.0 24  1002.6  7   927.5  7   11.7 24    2.3 24    5.1  999.9    37.2*   24.7    0.0I 999.9  000000
874180  20130112    28.2 24    18.7 24  1004.1  7   928.2  7   11.3 24    2.0 24   10.3   27.8    37.8    18.0   22.1G 999.9  010010
874180  20130113    28.4 24    17.8 23  1007.6  7   931.0  8   12.2 24    2.0 22    3.6  999.9    35.5    22.7    0.0G 999.9  000000
874180  20130114    26.7 23    18.1 23  1009.5  8   933.0  8   12.2 23    2.3 23    9.3   15.9    35.1    20.4    2.0G 999.9  010010
874180  20130115    28.9 24    19.1 24  1004.0  8   928.0  8   12.2 24    1.9 23    4.1  999.9    35.0*   23.6    0.0G 999.9  000000
874180  20130116    25.7 22    18.0 22  1005.0  8   928.6  8   12.6 22    2.7 22   10.3  999.9    35.5    19.7    0.0I 999.9  000000
874180  20130117    24.5 20    17.4 20  1012.2  4   934.8  4   11.4 20    1.5 20    3.1  999.9    32.8    18.5   16.0G 999.9  010010
874180  20130118    26.5 23    15.4 23  1011.4  8   934.4  8   12.2 23    1.5 23    2.6  999.9    32.5    21.5    0.0G 999.9  000000
874180  20130119    25.4 24    15.2 24  1012.7  8   935.6  8   12.2 24    2.2 24    4.6  999.9    32.5    22.0*   0.0G 999.9  010000
874180  20130120    22.0 24    15.1 24  1015.7  8   937.5  8   12.6 24    2.2 23    6.2  999.9    30.2    17.0    0.5G 999.9  010000
874180  20130121    22.9 24    16.6 24  1012.5  8   934.5  8   12.6 24    2.3 24    6.2  999.9    26.0    18.4    2.0G 999.9  010000
874180  20130122    24.7 23    15.9 23  1010.6  8   933.1  8   12.6 23    0.9 23    3.6  999.9    31.0*   19.0    0.0G 999.9  000010
874180  20130123    26.7 24    13.1 24  1009.3  7   932.4  7   11.7 24    1.7 24    3.6  999.9    35.0*   17.8    0.0I 999.9  000000
874180  20130124    28.8 23    11.2 23  1002.7  8   926.9  8   12.6 23    2.0 23    5.1  999.9    35.5    20.0    0.0I 999.9  000010
874180  20130125    22.9 24     9.2 24  1010.5  8   933.4  8   11.7 24    3.1 24    8.2   16.5    35.0    16.3    0.3G 999.9  010010
874180  20130126    24.6 24    11.2 24  1009.2  8   931.8  8   11.7 24    1.4 24    4.1  999.9    32.0*   15.5    0.0G 999.9  000000
874180  20130127    26.0 24    12.6 24  1006.5  8   929.9  8   12.1 24    2.1 24    6.2  999.9    33.0    20.0    0.0I 999.9  000010
874180  20130128    24.8 24    12.6 24  1010.9  8   933.6  8   12.6 24    2.0 24    5.1  999.9    31.6    18.5    0.0G 999.9  010010
874180  20130129    23.9 24    12.7 24  1012.3  8   934.7  8   12.1 24    1.9 23    3.6  999.9    31.0    19.0*   0.0I 999.9  000000
874180  20130130    26.4 24    15.2 24  1008.0  8   931.2  8   12.1 23    1.7 24    5.7  999.9    32.0*   20.2    0.0B 999.9  010010
874180  20130131    24.8 24    16.9 24  1005.5  8   928.7  8   12.4 24    2.5 24    4.6  999.9    33.0*   18.4    2.0G 999.9  010010
874180  20130201    28.1 24    17.3 24  1001.9  8   925.9  8   11.9 24    2.2 24    7.2  999.9    35.0*   20.2    0.0G 999.9  000000
874180  20130202    26.2 24     9.4 24  1010.4  7   933.7  8   11.7 24    2.7 24    6.7   12.3    35.7    21.0* 126.0E 999.9  000000
874180  20130203    25.1 23     8.5 23  1013.0  7   935.6  8   11.7 23    1.7 23    4.6  999.9    33.0*   16.9    0.0I 999.9  000000
874180  20130204    26.9 23    13.3 23  1006.1  7   929.6  7   11.7 23    1.4 23    4.1  999.9    36.0*   19.0    0.0I 999.9  000000
874180  20130205    29.1 23    14.5 23  1004.5  7   928.7  7   12.1 23    1.6 22    4.1  999.9    37.0*   20.9    0.0I 999.9  000000
874180  20130206    29.6 23    14.2 23  1006.9  7   931.0  7   12.1 23    2.1 23    3.6  999.9    37.6    24.1    0.0I 999.9  000000
874180  20130207    28.8 24    15.9 24  1007.5  7   931.4  7   12.2 24    1.9 24    5.1  999.9    35.9    21.2    7.9G 999.9  010010
874180  20130208    28.6 24    13.5 24  1004.3  8   928.6  8   12.1 24    1.9 24    3.6  999.9    36.0    23.7    0.0G 999.9  010000
874180  20130209    27.2 24    14.4 24  1004.0  7   927.8  7   11.7 24    2.3 24    4.1  999.9    34.0    21.1    0.0G 999.9  010010
874180  20130210    24.4 24    14.7 24  1005.5  8   928.8  8   12.2 24    2.0 24    5.1    9.3    35.0    18.1    3.0G 999.9  010010
874180  20130211    26.4 24    12.9 24  1006.6  8   929.8  8   12.2 24    2.0 24    4.6  999.9    33.0*   19.7    0.0G 999.9  000010
874180  20130212    27.4 24    12.0 24  1000.3  8   924.4  8   11.7 24    2.0 24    5.1  999.9    33.6    20.7    0.0I 999.9  000000
874180  20130213    27.5 24    11.6 24  1002.7  8   926.8  8   12.4 24    3.4 24    5.1  999.9    34.5    22.5    0.0I 999.9  000010
874180  20130214    27.2 24    11.4 24  1006.6  8   930.1  8   12.1 24    2.2 24    5.7  999.9    32.5*   22.0*   0.0I 999.9  000000
874180  20130215    27.8 24    13.1 24  1004.6  8   928.5  8   12.1 23    1.6 23    5.1  999.9    35.0*   19.8  999.9  999.9  010010
874180  20130216    25.9 23    14.2 23  1000.9  8   924.6  8   12.1 23    2.7 23    5.1  999.9    35.5    14.8    0.5G 999.9  000010
874180  20130217    22.3 24     6.7 24  1007.0  7   929.8  7   11.7 24    3.8 24    6.2  999.9    33.5    18.0*   0.0G 999.9  000000
874180  20130218    18.5 24     1.1 24  1016.9  8   937.5  8   11.7 24    1.5 24    5.7  999.9    23.1*   13.4    0.0I 999.9  000000
874180  20130219    20.0 24     3.7 24  1013.5  8   934.6  8   11.6 24    1.6 24    3.6  999.9    27.0*   11.3    0.0I 999.9  000000
874180  20130220    21.4 24     9.4 24  1011.5  8   933.3  8   11.6 24    1.8 23    4.1  999.9    27.5    15.7    0.0I 999.9  000000
874180  20130221    23.7 24    11.2 24  1011.1  8   933.3  8   11.6 24    1.9 24    4.1  999.9    30.0*   17.0    0.0I 999.9  000000
874180  20130222    25.5 24    12.6 24  1007.0  8   929.9  8   11.6 24    1.5 24    3.6  999.9    33.1*   18.1    0.0I 999.9  000000
874180  20130223    26.4 24    15.3 24  1003.1  8   926.6  8   12.1 24    1.6 24    4.1  999.9    33.9    18.4    0.0I 999.9  000000
874180  20130224    24.3 24     7.4 24  1008.5  8   931.5  8   12.1 24    3.2 24    6.7   12.3    33.4    19.7    0.0I 999.9  000000
874180  20130225    20.6 24     5.9 24  1014.1  8   935.6  8   11.7 24    2.1 24    4.1  999.9    27.0    14.7    0.0I 999.9  000000
874180  20130226    21.8 23     6.1 23  1012.5  8   934.0  8   11.7 23    1.4 23    3.6  999.9    28.1*   13.5    0.0I 999.9  000000
874180  20130227    23.5 24     9.5 24  1007.3  8   929.7  8   11.4 24    1.4 24    3.6  999.9    33.0*   15.4    0.0I 999.9  000000
874180  20130228    26.3 24    13.2 24  1002.0  8   925.5  8   11.7 24    1.4 24    3.6  999.9    34.0*   18.2    0.0I 999.9  000000
874180  20130301    24.3 24    14.1 23   999.0  8   922.8  8   11.7 24    3.6 24    6.7   11.3    34.4    20.8    0.0I 999.9  000000
874180  20130302    20.2 24     4.2 24  1011.7  8   933.2  8   12.1 24    2.8 24    5.7    9.8    26.0    11.9    0.0I 999.9  000000
874180  20130303    18.9 24     7.2 24  1017.1  8   937.9  8   12.2 24    1.8 24    3.6  999.9    25.9    13.0    0.0I 999.9  000000
874180  20130304    21.2 23     6.1 23  1015.0  8   936.2  8   12.1 23    1.7 23    3.6  999.9    27.0*   13.5    0.0I 999.9  000000
874180  20130305    21.9 23     8.2 23  1008.5  8   930.6  8   11.7 23    1.5 23    5.1  999.9    31.2*   12.6    0.0I 999.9  000000
874180  20130306    24.4 24    10.0 24  1002.6  8   925.7  8   11.6 24    1.5 24    3.6  999.9    32.0    16.8    0.0I 999.9  000000
874180  20130307    23.1 24     5.2 24  1007.0  8   929.8  8   11.6 24    4.1 24    6.7   10.8    32.1    16.7    0.0I 999.9  000000
874180  20130308    23.7 23     9.5 23  1007.5  8   930.1  8   12.1 23    0.9 23    3.6  999.9    30.3*   17.2    0.0I 999.9  000000
874180  20130309    25.6 23    13.7 23  1004.1  8   927.3  8   11.4 23    1.6 23    3.6  999.9    33.0*   18.4    0.0I 999.9  000000
874180  20130310    25.2 24    11.7 24  1007.3  8   930.5  8   12.1 24    2.6 23    5.1  999.9    33.0    20.5    0.3G 999.9  010000
874180  20130311    22.8 24     9.2 24  1004.1  7   926.6  7   11.1 24    1.7 24    4.6  999.9    30.0*   15.4    0.0G 999.9  000000
874180  20130312    23.3 24     5.6 24  1007.7  8   930.4  8   12.1 24    2.3 24    5.7  999.9    30.2    16.2  999.9  999.9  010010
874180  20130313    18.1 24     5.8 24  1013.2  8   934.7  8   12.2 24    4.1 24    7.2  999.9    28.5    13.0*   0.0I 999.9  000000
874180  20130314    10.7 23     7.8 23  1020.3  8   938.9  8   10.9 23    3.0 23    4.1  999.9    24.2     8.9    0.8G 999.9  010000
874180  20130315    10.8 24     8.7 24  1022.7  8   940.9  8    9.8 24    1.7 24    4.1  999.9    13.0     9.0    0.0G 999.9  010000
874180  20130316    12.7 24     9.8 24  1021.2  8   939.8  8    7.4 24    0.8 24    2.6  999.9    16.0*   11.0*   0.3G 999.9  000000
874180  20130317    16.4 24    11.9 24  1019.2  8   938.8  8   11.6 24    1.1 24    3.6  999.9    21.4*   11.3    0.0G 999.9  000000
874180  20130318    18.2 24    11.0 24  1016.0  8   936.6  8   12.6 24    1.4 24    3.1  999.9    21.6    12.8    0.0I 999.9  000000
874180  20130319    19.2 24    11.3 24  1013.6  8   934.5  8   11.6 24    1.1 24    3.6  999.9    24.0*   15.0    0.0G 999.9  010000
874180  20130320    19.7 24    10.3 24  1009.2  8   930.5  8   11.4 24    1.0 24    3.6  999.9    28.0*   13.0    1.0G 999.9  000000
874180  20130321    19.4 24     8.7 24  1011.6  8   933.0  8   11.7 24    2.1 24    5.7   10.8    28.4    14.6    0.0G 999.9  000000
874180  20130322    20.8 24     7.0 24  1012.4  7   933.8  7   11.4 24    1.3 24    3.1  999.9    26.0*   14.0    0.0I 999.9  000000
874180  20130323    22.6 24    10.4 24  1012.1  8   934.0  8   11.9 24    1.1 24    3.1  999.9    29.6*   15.8    0.0I 999.9  000000
874180  20130324    22.7 24    12.8 24  1007.7  8   930.1  8   12.4 23    2.5 24    6.2   10.3    30.0    17.6    0.0G 999.9  010010
874180  20130325    20.7 24     8.1 24  1012.4  8   934.3  8   11.9 24    3.0 24    7.7  999.9    28.6    17.4    0.8G 999.9  000000
874180  20130326    19.1 24     6.4 24  1017.7  8   938.1  8   11.7 24    0.9 24    3.1  999.9    27.8*   10.6    0.0G 999.9  000000
874180  20130327    22.6 24    10.3 24  1014.2  8   935.8  8   11.4 24    1.1 24    3.6  999.9    30.1*   15.0    0.0I 999.9  000000
874180  20130328    22.5 23    10.6 23  1012.8  8   934.8  8   11.9 23    1.0 23    2.6  999.9    30.8    14.4    0.0I 999.9  000000
874180  20130329    22.9 24    10.4 24  1009.5  8   931.8  8   11.7 24    1.3 24    3.1  999.9    31.0*   15.5    0.0I 999.9  000000
874180  20130330    22.7 24    11.2 24  1007.4  8   929.8  8   11.9 24    1.1 24    3.6  999.9    31.1    16.2    0.0I 999.9  000000
874180  20130331    16.7 23    13.1 23  1013.7  8   934.7  8   10.6 23    3.3 23    9.3   14.4    29.7    14.0*  13.0G 999.9  010010
874180  20130401    14.4 24     9.6 24  1017.9  8   937.6  8   12.1 24    2.2 24    4.1  999.9    17.0    11.5    3.0G 999.9  010000
874180  20130402    13.5 24    10.5 24  1019.0  8   938.2  8   10.8 24    1.1 24    3.6  999.9    17.5    10.0*   1.0G 999.9  010000
874180  20130403    13.9 24     9.7 24  1019.4  7   938.4  7   10.1 24    0.6 24    1.5  999.9    20.0*   10.0*   0.0G 999.9  000000
874180  20130404    16.1 24     8.1 24  1011.5  8   931.5  8   11.6 24    0.7 24    2.6  999.9    25.0*    8.5    0.0I 999.9  000000
874180  20130405    18.2 24     8.7 24  1005.7  8   927.0  8   11.6 24    1.5 24    4.6  999.9    26.0*   10.0    0.0I 999.9  000000
874180  20130406    18.1 24     5.3 24  1010.3  8   931.6  8   11.6 24    3.3 24    7.2  999.9    26.5    13.8    0.0I 999.9  000000
874180  20130407    16.7 24     4.2 24  1015.1  8   935.3  8   11.6 24    1.3 24    3.6  999.9    24.0*   10.3    0.0I 999.9  000000
874180  20130408    17.7 23     5.9 23  1014.8  8   935.2  8   11.6 23    1.1 23    3.1  999.9    26.0*    9.8    0.0I 999.9  000000
874180  20130409    19.8 24     9.8 24  1008.8  8   930.3  8   11.7 24    0.9 24    4.1  999.9    26.5    12.5    0.0I 999.9  000000
874180  20130410    20.5 23    10.3 23  1005.7  7   927.6  7   11.6 23    1.8 23    5.1  999.9    26.5    15.0    0.0I 999.9  000000
874180  20130411    17.2 24     8.2 24  1007.8  8   929.1  8   11.7 24    2.3 24    6.7  999.9    26.0    13.5    0.0I 999.9  000000
874180  20130412    13.4 24    -0.2 24  1018.7  8   938.1  8   11.7 24    2.5 24    6.2  999.9    21.6    10.7    0.0I 999.9  000000
874180  20130413    12.4 24     1.6 24  1019.0  8   937.6  8   10.9 24    0.6 24    3.1  999.9    20.4*    5.2    0.0I 999.9  000000
874180  20130414    16.1 24     4.6 24  1015.4  8   935.3  8   11.6 24    0.7 24    2.1  999.9    25.0*    7.9    0.0I 999.9  000000
874180  20130415    18.2 23     7.2 23  1015.3  7   935.8  7   11.7 23    0.9 23    2.6  999.9    27.0*    9.9    0.0I 999.9  000000
874180  20130416    20.3 24     8.7 24  1012.9  8   934.1  8   11.1 24    1.1 24    2.6  999.9    29.0*   12.1    0.0I 999.9  000000
874180  20130417    21.0 24     9.3 24  1012.0  9   933.4  9   11.7 24    0.9 24    2.6  999.9    30.0*   11.9    0.0I 999.9  000000
874180  20130418    21.2 22     9.6 22  1010.5  8   932.3  8   11.7 22    1.0 22    3.1  999.9    30.0    12.3    0.0I 999.9  000000
874180  20130419    21.1 23     9.8 23  1010.6  8   932.4  8   11.6 23    1.0 23    3.1  999.9    29.7    13.0    0.0I 999.9  000000
874180  20130420    21.2 24     9.7 24  1010.0  9   931.9  9   11.7 24    0.8 24    2.6  999.9    29.2    13.0    0.0I 999.9  000000
874180  20130421    20.9 24    10.1 24  1011.1  8   932.8  8   11.3 24    0.9 24    2.6  999.9    29.0    12.0    0.0I 999.9  000000
874180  20130422    20.7 24    11.2 24  1011.9  8   933.5  8   11.4 24    1.2 24    4.1  999.9    28.6    13.0*  93.0E 999.9  000000
874180  20130423    21.8 24    11.9 24  1013.7  8   935.3  8   11.6 24    1.1 24    2.6  999.9    28.0    12.9    0.0I 999.9  000000
874180  20130424    21.1 24    12.4 24  1011.3  9   933.1  9   10.6 24    0.7 24    3.1  999.9    28.0*   13.0    0.0I 999.9  000000
874180  20130425    21.7 23    12.2 23  1008.7  7   930.8  7   11.3 23    0.9 23    3.1  999.9    28.4*   13.1    0.0I 999.9  000000
874180  20130426    21.2 24    11.3 24  1006.1  7   928.5  7   11.4 24    3.0 24    5.7  999.9    28.7    15.6    0.0I 999.9  000010
874180  20130427    15.7 24     6.2 24  1012.4  8   932.9  8   11.9 24    2.5 24    4.6  999.9    24.0     8.5    0.0I 999.9  000000
874180  20130428    14.7 24     7.2 24  1014.3  8   934.0  8   10.8 24    0.6 24    2.1  999.9    21.2*    6.4    0.0I 999.9  000000
874180  20130429    15.3 24     6.2 24  1013.3  8   933.2  8   11.4 24    1.1 24   12.3  999.9    23.0*    7.8    0.0I 999.9  000000
874180  20130430    16.5 24     8.1 24  1010.9  8   931.4  8   11.3 24    0.8 24    3.1  999.9    24.0*    8.8    0.0I 999.9  000000
874180  20130501    17.4 24     9.3 24  1007.4  8   928.4  8   11.4 24    0.7 24    2.6  999.9    24.3     9.7    0.0I 999.9  000000
874180  20130502    18.4 24    12.2 24  1009.4  8   930.8  8   12.2 24    2.8 24    5.1  999.9    25.4    10.6    0.0I 999.9  000000
874180  20130503    15.1 24    11.1 24  1012.0  8   932.3  8   10.6 24    0.7 24    2.1  999.9    21.1     9.6    0.0I 999.9  000000
874180  20130504    14.6 24     7.9 24  1015.3  8   935.0  8   11.6 24    0.6 24    3.1  999.9    22.0*    7.2    0.0I 999.9  000000
874180  20130505    16.1 24     8.3 24  1019.5  7   939.4  8   11.6 24    0.9 24    3.6  999.9    23.1*    7.6    0.0I 999.9  000000
874180  20130506    16.8 22     5.1 22  1016.8  8   936.8  8   11.1 22    2.4 22    8.2   14.9    23.8     7.7    0.0I 999.9  000000
874180  20130507    14.6 24     2.5 24  1020.2  7   939.8  7   11.6 24    0.4 24    2.1  999.9    23.5     8.0*   0.0I 999.9  000000
874180  20130508    14.9 24     4.7 24  1010.7  8   930.9  8   11.6 24    0.9 24    2.1  999.9    24.0*    6.6    0.0I 999.9  000000
874180  20130509    16.8 24     6.8 24  1009.3  8   930.2  8   10.8 24    0.4 24    2.1  999.9    25.0*    8.8    0.0I 999.9  000000
874180  20130510    17.8 23     7.5 23  1006.3  8   927.4  8   11.6 23    1.2 23    9.3    9.8    25.0     9.8    0.0I 999.9  000000
874180  20130511    17.6 24     4.9 24  1015.2  8   936.0  8   11.1 24    1.8 24    4.1  999.9    25.0    11.0    0.0I 999.9  000000
874180  20130512    14.6 24     2.9 24  1014.5  8   934.3  8   11.7 24    1.3 23    3.6  999.9    21.0     7.9    0.0I 999.9  000000
874180  20130513    13.4 23     3.8 23  1013.9  8   933.5  8   11.7 23    0.4 23    2.1  999.9    21.1     7.0    0.0I 999.9  000000
874180  20130514    11.7 24     3.4 24  1013.3  8   932.7  8   11.9 20    1.7 24    5.1  999.9    20.0     7.0    0.0I 999.9  000000
874180  20130515    10.2 23    -4.3 23  1022.2  8   940.3  8   12.1 23    2.4 23    4.6  999.9    16.0     3.0    0.0I 999.9  000000
874180  20130516     7.8 24    -3.0 24  1024.7  7   941.8  7   10.8 24    0.4 24    1.5  999.9    15.3     0.2    0.0I 999.9  000000
874180  20130517     8.1 24    -1.8 24  1019.6  8   937.2  8   11.7 24    0.8 24    2.6  999.9    16.0*    0.2    0.0I 999.9  000000
874180  20130518    10.4 24     5.7 24  1017.7  7   936.1  7    9.2 24    0.8 24    2.6  999.9    16.0     2.6    2.0G 999.9  010000
874180  20130519    12.3 24     7.0 24  1022.1  8   940.5  8   11.9 24    0.8 24    2.6  999.9    18.0*    7.7    0.8G 999.9  010000
874180  20130520    11.2 24     5.7 24  1018.2  8   936.8  8   10.5 24    0.7 24    3.6  999.9    18.0     5.2    0.0G 999.9  000000
874180  20130521    11.9 24     5.1 24  1015.4  8   934.4  8   10.8 24    1.1 24    4.1  999.9    18.2*    3.7    0.0I 999.9  000000
874180  20130522    11.6 24     4.8 24  1020.0  8   938.5  8   11.4 24    0.7 24    2.6  999.9    19.0     3.8    0.0I 999.9  000000
874180  20130523    11.7 23     4.8 23  1017.1  8   935.8  8   11.3 23    0.5 23    2.1  999.9    20.0*    5.0    0.0I 999.9  000000
874180  20130524    12.5 22     3.8 22  1019.6  8   938.5  8   11.7 22    0.9 22    2.6  999.9    21.0*    4.8    0.0I 999.9  000000
874180  20130525    12.2 24     4.4 24  1015.4  7   934.5  7    9.8 24    0.5 24    2.1  999.9    21.3     4.1    0.0I 999.9  000000
874180  20130526    13.3 24     3.0 24  1010.5  8   930.1  8   11.6 24    0.5 24    2.6  999.9    24.0*    4.7    0.0I 999.9  000000
874180  20130527    12.3 24     4.1 24  1004.5  8   924.6  8   10.9 24    1.6 24    5.1  999.9    23.7     5.7    0.0I 999.9  000000
874180  20130528    14.5 24     2.2 23  1000.1 10   920.9 10   12.4 24    2.2 24    6.7   13.4    21.0*    6.4    0.0I 999.9  000000
874180  20130529    11.4 24     1.3 24  1011.5  8   930.8  8   11.1 24    1.4 23    5.1  999.9    22.0     2.9    0.0I 999.9  000000
874180  20130530    11.4 24     1.3 24  1012.7  8   931.7  8   11.4 24    0.6 24    2.6  999.9    19.0*    3.8    0.0I 999.9  000000
874180  20130531    16.4 24    -2.8 24  1002.7  8   923.5  8   10.9 24    2.5 20    6.7  999.9    24.0*    5.5    0.0I 999.9  000000
874180  20130601    14.4 24    -1.6 24  1008.4  8   928.9  8   10.6 24    1.2 24    3.6  999.9    24.5     4.5    0.0I 999.9  000000
874180  20130602    14.7 24    -0.8 24  1016.1  8   935.9  8   11.4 24    0.9 24    3.1  999.9    23.0     8.1    0.0I 999.9  000000
874180  20130603    13.3 24    -0.1 24  1018.0  9   937.2  9   11.6 24    0.5 24    2.6  999.9    21.2*    6.1    0.0I 999.9  000000
874180  20130604    13.7 24     0.9 24  1015.5  8   934.9  8   11.4 24    0.6 24    2.1  999.9    24.0*    4.6    0.0I 999.9  000000
874180  20130605    14.4 24     1.2 24  1012.5  8   932.4  8    9.8 24    1.9 24    9.3   14.9    24.1     5.8    0.0I 999.9  000000
874180  20130606    12.9 23    -3.5 23  1018.8  8   937.9  8   11.7 23    0.5 23    2.1  999.9    23.5     6.5    0.0I 999.9  000000
874180  20130607    12.5 24    -2.9 24  1015.3  8   934.3  8    8.9 24    2.4 23    9.3   15.4    23.6*    3.2    0.0I 999.9  000000
874180  20130608    11.9 23    -1.2 23  1020.3  9   939.1  9   11.9 23    0.8 23    2.1  999.9    24.0     4.2    0.0I 999.9  000000
874180  20130609    12.1 24     0.0 24  1016.8  8   935.7  8   11.6 24    0.6 24    2.1  999.9    19.0*    3.5    0.0I 999.9  000000
874180  20130610    11.7 24     0.4 24  1017.2  8   935.9  8   11.6 24    0.4 24    2.1  999.9    21.0*    3.5    0.0I 999.9  000000
874180  20130611    12.7 24     0.5 24  1016.1  8   935.2  8   10.3 24    0.5 24    2.1  999.9    21.0*    4.6    0.0I 999.9  000000
874180  20130612    14.5 23     1.2 23  1015.5  8   935.0  8   11.7 23    0.4 23    1.5  999.9    24.0*    6.2    0.0I 999.9  000000
874180  20130613    14.9 21     1.1 21  1014.6  8   934.5  8   11.9 21    0.9 21    2.1  999.9    24.0     7.6    0.0I 999.9  000000
874180  20130614    15.2 24     4.8 24  1017.9  8   937.8  8   11.4 24    1.3 22    4.1  999.9    24.5     9.8    0.0I 999.9  000000
874180  20130615    11.4 23     5.6 23  1013.4  7   932.5  7   11.4 23    0.3 23    1.0  999.9    19.0     5.0    0.0I 999.9  000000
874180  20130616    11.1 24     0.4 24  1016.3  8   935.2  8   12.2 24    2.3 24    6.7   11.8    18.8     5.5    0.0I 999.9  000000
874180  20130617     7.4 23    -5.9 22  1017.4  8   935.2  8   11.6 21    0.5 22    2.6  999.9    14.0*    0.7    0.0I 999.9  000000
874180  20130618     6.8 24    -3.5 24  1015.0  8   932.5  8   11.9 23    1.5 24    5.1  999.9    15.0*   -0.3    0.0I 999.9  000000
874180  20130619     6.1 24   -11.8 23  1024.6  8   941.5  8   11.9 24    1.4 24    4.6  999.9    15.5     0.7    0.0I 999.9  000000
874180  20130620     3.9 24    -7.4 24  1023.3  9   939.4  9   11.7 24    0.6 23    2.6  999.9    12.0*   -2.8    0.0I 999.9  000000
874180  20130621     5.8 21    -7.3 21  1015.0  7   931.9  7   11.4 21    0.4 21    2.6  999.9    16.4*   -1.9    0.0I 999.9  000000
874180  20130622    11.9 24    -4.0 24  1013.0  8   932.0  8   12.1 24    3.3 24    6.7  999.9    20.0    -0.7    0.0I 999.9  000000
874180  20130623    10.3 23     0.3 23  1019.1  8   937.5  8   12.2 23    0.7 23    2.1  999.9    14.4     7.8    0.0I 999.9  000000
874180  20130624     7.7 24    -0.7 24  1020.5  8   938.0  8   11.3 24    0.6 24    2.1  999.9    14.0*    2.0    0.0I 999.9  000000
874180  20130625     7.9 23    -1.3 23  1017.9  8   935.6  8   11.1 23    0.6 22    3.1  999.9    16.2*    0.4    0.0I 999.9  000000
874180  20130626     7.9 24    -1.2 24  1015.1  8   933.2  8   11.7 24    0.4 24    2.1  999.9    17.0     1.2    0.0I 999.9  000000
874180  20130627     8.7 23     0.0 22  1008.4  8   927.1  8    9.7 23    1.3 23    6.2   18.5    16.3     2.2    0.0I 999.9  000000
874180  20130628    13.1 24     1.0 24  1008.3  8   927.8  8   12.1 24    2.4 24    5.1  999.9    19.0*    3.4    0.0I 999.9  000000
874180  20130629    10.2 24    -1.5 24  1014.1  8   933.0  8   11.6 24    0.8 24    3.1  999.9    19.5     1.5    0.0I 999.9  000000
874180  20130630     8.2 24    -2.4 24  1018.7  8   936.7  8   11.1 24    0.8 24    2.6  999.9    17.0    -0.3    0.0I 999.9  000000
874180  20130701     6.6 24    -1.8 24  1021.6  7   938.7  7   11.3 24    0.6 24    2.6  999.9    13.0*    0.7    0.0I 999.9  000000
874180  20130702     7.3 24    -2.2 24  1010.6  8   928.7  8    9.0 24    0.2 24    1.0  999.9    14.2*    0.9    0.0I 999.9  000000
874180  20130703     9.6 24     0.5 24  1006.3  8   925.2  8   10.3 24    1.0 24    4.1  999.9    18.0*    2.2    0.0I 999.9  000000
874180  20130704    11.6 24     0.8 24  1015.5  7   934.5  7   12.1 24    2.5 24    4.6  999.9    18.0     4.4    0.0I 999.9  000000
874180  20130705     9.8 24     0.5 24  1014.2  8   932.8  8   12.2 24    0.9 24    3.6  999.9    13.0*    6.9    0.0I 999.9  000000
874180  20130706     7.4 24    -0.6 24  1020.2  8   937.8  8   11.3 24    0.9 23    3.1  999.9    13.5     2.0    0.0I 999.9  000000
874180  20130707     6.8 23     1.5 23  1026.0  8   942.9  8   12.4 22    1.6 23    3.1  999.9    11.4     3.6    0.0I 999.9  000000
874180  20130708     6.2 23     0.6 23  1025.0  8   941.6  8   12.4 23    0.9 23    2.6  999.9     9.0*    4.0    0.0I 999.9  000000
874180  20130709     8.2 24     1.0 24  1015.8  7   933.6  7   11.9 24    0.9 23    2.6  999.9    14.0*    2.0*   0.0I 999.9  000000
874180  20130710     8.6 24     1.6 24  1013.4  8   931.5  8   10.9 24    1.1 24    2.1  999.9    16.0*    1.8    0.0I 999.9  000000
874180  20130711     9.9 23     2.4 23  1015.9  9   934.2  9   10.8 23    0.8 23    3.1  999.9    18.0*    1.9    0.0I 999.9  000000
874180  20130712    10.1 24     2.3 24  1021.4 10   939.6 10   11.7 23    0.6 24    2.1  999.9    18.5     2.2    0.0I 999.9  000000
874180  20130713    10.6 24     1.6 24  1015.3  8   933.8  8   11.4 24    1.0 24    4.1  999.9    19.0*    2.2    0.0I 999.9  000000
874180  20130714    11.7 24    -2.2 24  1019.6  8   938.2  8   11.6 24    1.6 24    4.1  999.9    20.0     3.0    0.0I 999.9  000000
874180  20130715    10.1 23    -2.2 23  1020.6  8   938.5  8   11.7 23    0.7 23    2.6  999.9    19.0*    1.5    0.0I 999.9  000000
874180  20130716    11.8 24    -0.4 24  1015.6  9   934.5  9   10.5 24    0.5 24    3.6  999.9    23.0*    1.7    0.0I 999.9  000000
874180  20130717    12.4 24    -2.9 24  1010.3  8   930.0  8   11.6 24    1.0 24    5.7  999.9    23.6     3.7    0.0I 999.9  000000
874180  20130718     8.2 22    -3.4 22  1019.6  8   938.0  8   11.1 22    2.9 22    8.7   13.9    22.5     3.7    0.0I 999.9  000000
874180  20130719     3.8 24    -2.9 24  1023.9  8   940.0  8   12.2 24    2.3 24    4.1  999.9     7.5*    1.7    0.0I 999.9  000000
874180  20130720     2.6 24    -6.5 24  1015.0  8   931.2  8   10.1 24    1.9 24    8.2   12.9    11.0*   -4.0    0.0I 999.9  000000
874180  20130721     2.0 24    -5.6 24  1027.4  8   942.9  8    9.8 24    1.2 24    5.1  999.9    11.0    -3.3    3.0G   2.0  001000
874180  20130722     1.8 24    -6.4 24  1030.8  8   945.6  8   12.2 24    0.6 24    2.1  999.9     7.0    -2.6    0.0G 999.9  000000
874180  20130723     3.2 24    -5.8 24  1027.3  8   942.5  8   11.6 24    0.9 24    2.6  999.9    13.0*   -5.8    0.0I 999.9  000000
874180  20130724     5.3 24    -6.6 24  1026.5  7   942.5  7   10.5 24    0.8 24    4.6  999.9    15.0*   -3.2    0.0I 999.9  000000
874180  20130725     6.3 24    -6.3 24  1018.8  8   935.9  8   11.6 24    0.7 22    2.1  999.9    15.6*   -1.6    0.0I 999.9  000000
874180  20130726     8.4 24    -5.2 24  1013.4  8   931.6  8   10.6 24    0.8 23    3.1  999.9    16.0    -1.4    0.0I 999.9  000000
874180  20130727    12.0 23    -3.7 23  1020.6  8   939.0  8   11.7 23    2.0 23    4.1  999.9    17.0*    1.8    0.0I 999.9  000000
874180  20130728    10.1 24    -1.1 24  1019.4  8   937.6  8   11.6 24    0.4 24    2.6  999.9    18.0     2.7    0.0I 999.9  000000
874180  20130729    12.2 23    -0.8 23  1017.3  8   936.0  8   11.3 23    0.7 23    3.1  999.9    20.0*    3.2    0.0I 999.9  000000
874180  20130730    14.6 24     1.0 24  1011.1  8   931.0  8   10.9 24    1.0 24    4.1  999.9    22.0*    4.4    0.0I 999.9  000000
874180  20130731    14.2 24     0.1 24  1015.5  8   935.2  8   11.6 24    3.4 24    7.2  999.9    22.5     7.3    0.0I 999.9  000000
874180  20130801    10.6 23    -2.9 23  1017.8  7   936.4  7   15.0  7    1.4 23    4.1  999.9    16.0*    5.6    0.0I 999.9  000000
874180  20130802    10.7 24    -3.2 23  1019.2  8   937.6  8   13.5 10    0.8 24    3.1  999.9    18.0*    0.7    0.0I 999.9  000000
874180  20130803    10.2 24    -3.6 24  1012.2  8   930.9  8   12.6 12    0.9 23    4.1  999.9    19.0*   -0.3    0.0I 999.9  000000
874180  20130804    11.2 24    -3.1 24  1015.2  7   934.0  7   13.7  9    0.8 24    3.1  999.9    19.7     2.9    0.0I 999.9  000000
874180  20130805    12.7 23    -0.7 23  1012.3  8   931.6  8   15.0  8    1.1 23    2.6  999.9    22.0*    2.5    0.0I 999.9  000000
874180  20130806    12.7 23    -1.2 23  1012.2  8   931.8  8   15.0  8    1.1 23    5.1  999.9    22.7     2.5    0.0I 999.9  000000
874180  20130807    16.4 21    -2.3 20  1000.4  8   921.6  8    8.7 17    3.7 21    6.7   17.5    24.0     5.0    0.0G 999.9  000000
874180  20130808     9.4 23    -0.1 23  1016.5  8   935.4  8   12.1 19    1.0 23    2.6  999.9    21.8     7.7    0.5G 999.9  010000
874180  20130809     8.7 23    -7.4 23  1028.0  8   945.0  8   13.0 13    2.0 23    5.1  999.9    14.0*   -1.1    0.0G 999.9  000000
874180  20130810     6.8 22    -6.1 21  1021.6  7   938.6  7   13.5  9    1.3 22    3.1  999.9    16.0*   -1.8    0.0I 999.9  000000
874180  20130811    10.8 23    -4.6 23  1011.9  8   930.3  8   15.0  8    1.2 23    4.6  999.9    21.0*   -0.8    0.0I 999.9  000000
874180  20130812     8.3 24     1.0 24  1016.8  8   935.3  8    9.8 24    2.2 24    6.2   10.8    21.5     3.0    0.8A 999.9  010000
874180  20130813     6.1 23     2.2 23  1029.1  9   945.2  9   11.4 17    1.6 22    3.6  999.9    12.0*    0.5    4.1G 999.9  010000
874180  20130814     7.3 23     0.6 23  1027.4  9   943.9  9   14.5 10    1.2 22    5.1  999.9    17.0*   -0.3    0.0G 999.9  000000
874180  20130815     9.1 24    -0.1 24  1016.8  8   934.8  8   15.0  8    0.7 24    2.6  999.9    17.5    -0.3    0.0I 999.9  000000
874180  20130816    12.7 20    -6.1 20  1023.7  7   941.9  7   13.5  9    2.0 20    4.6  999.9    17.2     3.8    0.0I 999.9  000000
874180  20130817     9.7 24    -8.1 24  1021.1  9   939.0  9   15.0  9    0.7 24    2.6  999.9    18.0    -0.5    0.0I 999.9  000000
874180  20130818    11.2 24    -5.8 24  1014.3  8   932.9  8   15.0  8    1.3 24    3.6  999.9    21.0*    1.7    0.0I 999.9  000000
874180  20130819    14.1 23    -2.9 23  1010.9  8   930.5  8   15.0  8    0.7 23    3.1  999.9    24.0*   -2.3    0.0I 999.9  000000
874180  20130820    15.4 24    -3.3 24  1011.6  8   932.0  8   10.9 14    2.2 24    6.2  999.9    24.8     6.0    0.0I 999.9  000000
874180  20130821    15.1 23    -1.0 23  1010.4  9   930.3  9   15.0  9    1.0 23    3.1  999.9    22.0*    6.5    0.0I 999.9  000000
874180  20130822     8.3 24    -9.2 24  1020.3  9   938.6  9   12.1 11    2.5 24   10.3   13.4    22.5     2.3    0.0I 999.9  000000
874180  20130823     5.6 23   -10.2 23  1022.5  7   939.2  7   15.0  7    1.1 23    3.1  999.9    11.0*    0.5    0.0I 999.9  000000
874180  20130824     5.1 24    -9.9 24  1027.0  8   943.3  8   13.4 12    4.3 24    6.2  999.9    11.4     0.0    0.0I 999.9  000000
874180  20130825     3.9 23    -3.9 23  1032.0  8   947.4  8   11.7 23    1.9 23    4.6  999.9     9.4     0.6    0.0I 999.9  000000
874180  20130826     5.7 24    -5.3 24  1030.9  9   946.7  9   13.5 13    1.2 23    3.6  999.9    13.2*   -1.6    0.0I 999.9  000000
874180  20130827     9.7 24    -5.9 24  1023.4  8   940.7  8   14.3  8    1.1 24    3.6  999.9    21.0*   -0.1    0.0I 999.9  000000
874180  20130828    14.3 24    -4.4 24  1018.8  8   937.8  8   15.0  8    0.9 24    2.6  999.9    25.0*    2.9    0.0I 999.9  000000
874180  20130829    16.6 24    -2.3 24  1011.5  8   931.8  8   10.3 12    0.7 24    2.1  999.9    27.4*    4.5    0.0I 999.9  000000
874180  20130830    17.8 24    -2.2 24  1007.7  8   928.8  8    9.2 15    0.9 24    3.1  999.9    28.0     8.0    0.0I 999.9  000000
874180  20130831    19.9 24    -2.8 24  1008.1  8   929.8  8   15.0  8    1.8 24    3.6  999.9    28.0     9.5    0.0I 999.9  000000
874180  20130901    18.3 24    -1.3 24  1011.0  8   932.2  8   15.0  8    2.3 24    4.1  999.9    26.5    11.7    0.0I 999.9  000000
874180  20130902    15.3 24     1.2 24  1014.1  8   934.4  8   15.0  8    3.1 24    5.1  999.9    23.7     9.8    0.0I 999.9  000000
874180  20130903    13.1 24     0.5 24  1022.1  8   941.1  8   12.4 17    2.5 24    6.2  999.9    20.0    10.0*   0.0I 999.9  000000
874180  20130904    12.3 22     1.3 22  1015.9  8   934.8  8   10.9 13    1.1 22    4.1  999.9    21.0*    4.9    0.0I 999.9  000000
874180  20130905    16.3 23     2.6 23  1010.8  8   930.9  8   15.0  8    2.0 23    5.1  999.9    24.0*    7.3    0.0I 999.9  000000
874180  20130906    18.2 24     2.4 24  1010.2  8   931.0  8   13.2 11    1.6 24    3.6  999.9    27.0*    8.4    0.0I 999.9  000000
874180  20130907    20.5 23     4.6 23  1008.1  8   929.8  8   15.0  8    1.9 23    4.6  999.9    29.0*   10.0    0.0I 999.9  000000
874180  20130908    22.1 24     4.2 24  1012.0  8   933.8  8   14.0 10    2.6 22    5.1  999.9    29.5    15.0    0.0I 999.9  000000
874180  20130909    21.5 24     5.1 24  1006.5  7   927.8  8   14.5  9    0.9 24    3.6  999.9    32.4*   12.7    0.0I 999.9  000000
874180  20130910    24.2 23     3.8 23  1000.6  8   923.7  8   12.2 12    2.1 23    5.7  999.9    33.1    14.1    0.0I 999.9  000000
874180  20130911    19.6 24     1.3 24  1008.0  8   930.2  8   12.2 16    4.4 24    8.2  999.9    33.8    13.4    0.0I 999.9  000000
874180  20130912    11.9 24     0.4 24  1012.6  9   932.6  9   13.0 15    3.2 24    6.2  999.9    22.3     8.8    0.0I 999.9  000000
874180  20130913     8.9 23    -2.4 23  1023.0  7   940.6  7   11.6 22    1.2 22    4.1  999.9    11.0     7.0*   0.0I 999.9  000000
874180  20130914     7.6 24    -2.3 24  1021.3  7   938.7  7   11.4 24    2.6 24    5.1  999.9    10.5     5.7    0.0I 999.9  000000
874180  20130915     5.1 24    -0.6 24  1023.5  8   940.0  8   11.6 24    4.1 24    6.2  999.9     9.3     2.7    0.0G 999.9  010000
874180  20130916     4.7 24    -0.3 24  1024.7  7   940.9  7   10.9 23    1.0 24    4.1  999.9     8.7     2.0    0.0G 999.9  010000
874180  20130917     6.4 22    -5.3 21  1024.2  8   940.8  8   12.9 14    1.3 22    5.1  999.9    13.0*   -1.6    0.0I 999.9  000000
874180  20130918     9.2 24    -6.4 24  1019.7  8   937.2  7   15.0  8    1.5 24    5.1  999.9    18.0*   -0.1    0.0I 999.9  000000
874180  20130919    11.4 24    -4.3 24  1013.7  7   932.6  7   14.3  7    0.8 24    2.6  999.9    19.4*    2.3    0.0I 999.9  000000
874180  20130920    13.6 24    -1.8 24  1009.2  8   929.2  8   15.0  8    1.6 24    6.2  999.9    20.0     7.5    0.0I 999.9  000000
874180  20130921     8.0 24    -1.1 24  1015.8  7   934.6  7    9.2 17    3.6 23    6.2  999.9    20.1     2.0*   0.5G 999.9  010000
874180  20130922     7.0 23    -5.8 23  1026.2  7   942.2  8   11.3 15    1.2 23    7.2  999.9    15.0*   -1.3    5.1G 999.9  000000
874180  20130923     9.3 24    -0.8 24  1031.7  8   948.8  8   12.1 19    2.4 24    5.1  999.9    16.0     2.6    0.0G 999.9  000000
874180  20130924    10.8 23    -2.4 23  1025.9  8   943.4  8   15.0  8    1.2 23    4.1  999.9    19.0*    2.4    0.0I 999.9  000000
874180  20130925    12.6 23    -2.9 23  1016.2  8   935.3  8   15.0  8    1.2 23    4.1  999.9    21.0*    4.4    0.0I 999.9  000000
874180  20130926    14.7 24    -1.6 24  1010.8  8   930.7  8   12.4 12    1.0 24    3.6  999.9    23.0*    5.0    0.0I 999.9  000000
874180  20130927    15.4 24    -3.8 24  1013.2  7   933.4  7   12.1  9    5.0 24   15.4  999.9    23.5     8.0*   0.0I 999.9  000000
874180  20130928     6.4 24    -3.3 24  1026.5  8   943.7  8   10.0 23    4.6 24    7.7   12.9    19.5     3.2    0.0I 999.9  000000
874180  20130929     8.8 23    -5.0 23  1024.9  8   942.0  8   12.9 14    1.2 23    4.1  999.9    16.4*   -0.1    0.0I 999.9  000000
874180  20130930    11.4 23     0.6 23  1022.4  8   940.6  8   12.1 19    1.5 23    3.6   10.3    17.0     5.3    0.0I 999.9  000000
874180  20131001    12.8 24     1.2 24  1015.7  9   934.7  9   14.2 11    1.2 24    3.6  999.9    20.0*    5.2    0.0I 999.9  000000
874180  20131002    14.3 23     2.4 23  1011.8  8   931.6  8   15.0  8    1.8 23    3.6  999.9    20.5     7.1    0.0I 999.9  000000
874180  20131003    13.9 22     2.7 22  1018.5  8   938.0  8   11.1 21    2.7 22    6.2  999.9    20.5    10.0*   0.0G 999.9  010000
874180  20131004    14.1 24     0.8 24  1021.5  9   939.3  9   15.0  9    2.6 24    7.7   12.4    23.0*    5.8    0.0G 999.9  000000
874180  20131005    16.9 24     0.8 24  1015.3  8   935.5  8   15.0  8    1.9 24    6.7  999.9    25.0*    8.0    0.0I 999.9  000000
874180  20131006    19.7 24     2.2 24  1016.0  8   936.8  8   14.0 10    1.8 24    5.7  999.9    28.0*   10.9    0.0I 999.9  000000
874180  20131007    20.6 24     4.1 24  1013.1  8   934.6  8   12.6 16    2.5 24    7.7  999.9    27.7    16.2    0.0I 999.9  000000
874180  20131008    20.9 24     3.2 24  1007.4  8   929.2  8   14.5  9    1.5 24    5.7  999.9    32.0*    9.9    0.0I 999.9  000000
874180  20131009    20.4 24    -2.7 24  1009.2  7   931.4  7   15.0  7    2.9 24    6.2  999.9    32.5    15.0*   0.0I 999.9  000000
874180  20131010    18.4 24    -5.1 24  1014.0  9   934.7  9   14.5 10    0.8 23    2.6  999.9    27.4*    7.2    0.0I 999.9  000000
874180  20131011    19.9 24     1.1 24  1012.1  7   933.5  7   13.4  9    4.0 24    7.7   13.4    28.0    14.7    0.0I 999.9  000000
874180  20131012    16.0 22     8.9 22  1014.8  7   935.3  7   11.6 21    2.4 22    5.7  999.9    25.5    13.0*   0.0I 999.9  000000
874180  20131013    18.7 24    10.4 24  1012.0  8   932.8  8    9.8 21    1.4 24    3.1  999.9    25.4*   12.7    0.0I 999.9  000000
874180  20131014    21.6 24    10.7 24  1012.7  8   934.2  8   12.2 18    1.4 24    4.1  999.9    29.2*   14.7    0.0I 999.9  000000
874180  20131015    22.3 24    10.8 24  1011.7  9   933.7  9   12.1 21    1.9 24    4.1  999.9    29.5    17.9    0.0I 999.9  000000
874180  20131016    21.6 24    11.2 24  1011.6  8   933.5  8   12.4 17    2.1 24    5.1  999.9    27.0*   16.7    0.0G 999.9  010000
874180  20131017    22.1 24     9.6 24  1013.6  8   935.3  8   12.4 17    1.6 24    4.1  999.9    28.0*   16.4    0.0I 999.9  000000
874180  20131018    24.3 23     7.7 23  1008.4  8   930.8  8   15.0  8    2.1 23    5.7  999.9    33.0*   15.2    0.0I 999.9  000000
874180  20131019    25.1 22     6.3 22  1001.7  7   925.2  7   13.8  9    2.3 22    5.7  999.9    36.0*   14.8    0.0I 999.9  000000
874180  20131020    25.6 24   -18.4 23   996.6  7   921.0  7    8.5 17    6.1 24   10.3   22.1    36.0    19.1    0.0I 999.9  000000
874180  20131021    19.5 24    -1.9 24  1011.4  8   933.0  8   15.0  8    3.1 22    4.6  999.9    28.9    15.0*   0.0I 999.9  000000
874180  20131022    20.2 24     1.1 24  1003.5  8   925.3  8   13.7  9    1.9 24    3.6  999.9    28.2*   11.7    0.0I 999.9  000000
874180  20131023    19.3 24    -7.3 23  1008.8  8   930.7  8   15.0  8    4.5 24    7.7   13.9    28.8    13.7    0.0I 999.9  000000
874180  20131024    15.6 24    -4.0 24  1021.0  8   940.6  8   15.0  8    1.9 24    3.6  999.9    21.0     7.7    0.0I 999.9  000000
874180  20131025    18.8 24     0.1 24  1012.0  9   932.8  9   15.0  9    1.5 24    4.6  999.9    26.2*    7.7    0.0I 999.9  000000
874180  20131026    22.1 24     3.8 24  1010.9  8   932.8  8   13.2 12    1.8 24    4.1  999.9    28.2*   15.6    0.0I 999.9  000000
874180  20131027    23.6 24     0.5 24  1011.7  8   933.9  8   15.0  8    3.4 24    8.2   13.4    29.4    19.2    0.0I 999.9  000000
874180  20131028    24.2 24     3.2 24  1004.5  8   927.3  8   15.0  8    2.2 24    4.1  999.9    32.0*   16.7    0.0I 999.9  000000
874180  20131029    25.2 23     3.3 23  1006.2  8   929.4  8   12.9 11    3.4 23    6.7  999.9    32.5    19.7    0.0I 999.9  000000
874180  20131030    24.8 24     7.9 24  1003.0  8   926.2  8   13.4 12    1.3 24    3.6  999.9    31.0*   16.7    0.0I 999.9  000000
874180  20131031    22.8 24    12.9 24   999.2  8   922.5  8   12.2 18    4.1 24   10.3   12.9    31.2    16.0    0.0I 999.9  000000
874180  20131101    19.2 24     3.6 24  1013.0  8   934.4  8   11.9 21    4.2 24    7.7   11.8    29.8    16.4    0.0I 999.9  000000
874180  20131102    20.9 24     2.5 24  1016.1  8   937.1  8   13.0 13    2.6 24    4.1  999.9    26.0*   15.7    0.0I 999.9  000000
874180  20131103    22.6 24     2.1 24  1014.3  7   935.7  7   15.0  7    2.7 24    7.2   13.9    32.0*   12.7    0.0I 999.9  000000
874180  20131104    24.7 23     2.2 23  1007.8  8   930.8  8   14.2  9    2.3 23    5.1  999.9    33.2*   12.7    0.0I 999.9  000000
874180  20131105    25.7 24     5.5 24  1008.3  8   931.4  8   15.0  8    2.0 24    4.1  999.9    34.0    16.2    0.0I 999.9  000000
874180  20131106    27.4 24     3.4 23  1000.6  8   924.5  8   12.7 11    2.3 24    8.2  999.9    38.0*   16.7    0.0I 999.9  000000
874180  20131107    23.5 23     2.6 23  1008.2  8   931.3  8   14.0  9    2.7 23    7.2  999.9    38.6    16.3    0.0I 999.9  000000
874180  20131108    22.7 24     3.4 24  1006.6  8   929.1  8   12.4 15    2.6 24    6.7  999.9    28.7    14.9    0.0I 999.9  000000
874180  20131109    19.7 24     6.7 24  1002.4  8   924.9  8   10.3 16    5.1 24    9.3   14.9    28.6    14.0*   0.0I 999.9  000000
874180  20131110    14.2 24     6.1 24  1012.1  9   932.2  9   11.4 24    4.5 24    7.2   15.4    24.0    10.0*   7.9G 999.9  010000
874180  20131111    19.6 24     4.8 24  1010.4  7   931.1  7   13.4  9    2.8 24    6.7  999.9    27.0*   11.0*   0.0G 999.9  000000
874180  20131112    22.6 24     6.4 24  1006.6  8   928.9  8   15.0  8    1.7 24    4.6  999.9    30.0*   14.1    0.0I 999.9  000000
874180  20131113    24.2 24     7.1 24  1003.8  8   926.8  8   15.0  8    2.3 24    5.1  999.9    31.0*   14.1    0.0I 999.9  000000
