870160  20130102    21.5  4    18.1  4  1015.9  4   975.3  4    9.5  4    1.8  4    2.1  999.9    25.2*   19.2    2.0G 999.9  000000
870160  20130103    23.5  4    19.0  4  1011.8  4   971.6  4   10.0  4    1.5  4    3.1  999.9    28.8*   20.0    0.0G 999.9  000000
870160  20130104    27.4  4    21.4  4  1006.1  4   966.6  4   12.6  4    1.5  4    3.1  999.9    33.8*   21.4    0.0I 999.9  000000
870160  20130106    26.8  4    21.5  4  1001.1  4   962.0  4   10.8  4    3.4  4    6.2  999.9    37.2    19.9   47.0G 999.9  000000
870160  20130107    25.3  4    22.7  4  1000.5  4   961.0  4    8.0  4    3.1  4    5.1  999.9    32.2*   22.1   10.9G 999.9  010010
870160  20130108    29.0  4    24.0  4  1001.9  4   962.6  4   12.6  4    1.3  4    3.1  999.9    34.8*   23.4    0.0G 999.9  000000
870160  20130109    25.8  4    22.1  4  1007.5  4   968.0  4    8.7  4    2.6  4    6.2  999.9    35.5    19.8   30.0G 999.9  010010
870160  20130110    27.8  4    22.6  4  1011.7  4   971.9  4   10.0  4    2.4  4    3.1  999.9    33.0*   20.2    0.0G 999.9  000000
870160  20130111    28.2  4    22.4  4  1007.3  4   968.0  4   10.0  4    2.6  4    3.1  999.9    34.6    21.4    0.0I 999.9  000000
870160  20130112    28.4  4    21.3  4  1004.0  4   964.8  4   12.6  4    3.1  4    5.1  999.9    35.2    24.0    0.0I 999.9  000000
870160  20130113    28.6  4    22.5  4  1006.0  4   966.5  4   10.5  4    1.6  4    2.1  999.9    33.5    23.7    0.5G 999.9  000000
870160  20130115    27.8  4    20.4  4  1006.0  4   966.7  4   10.0  4    3.3  4    4.1  999.9    34.2    23.0    0.0G 999.9  000000
870160  20130116    28.7  4    21.8  4  1001.5  4   962.4  4   10.0  4    0.8  4    2.1  999.9    35.2*   24.2    0.0I 999.9  000000
870160  20130117    26.2  4    22.0  4  1005.8  4   966.2  4    8.0  4    1.3  4    3.1  999.9    36.5    20.5   23.9G 999.9  010010
870160  20130118    24.1  4    22.3  4  1012.0  4   971.9  4    7.6  4    1.6  4    2.1  999.9    31.9    22.4    1.0G 999.9  010000
870160  20130119    23.8  4    21.8  4  1011.0  4   972.0  4    6.9  4    1.3  4    3.1  999.9    25.4    21.0    2.0G 999.9  010000
870160  20130120    23.6  4    20.1  4  1013.8  4   973.6  4   10.9  4    1.3  4    3.1  999.9    29.0*   20.6    7.9G 999.9  010000
870160  20130122    25.8  4    20.6  4  1011.2  4   971.2  4   10.0  4    1.5  4    3.1  999.9    31.6*   21.0    0.0I 999.9  000000
870160  20130123    27.9  4    22.5  4  1007.5  4   968.3  4   10.0  4    2.1  4    3.1  999.9    34.2*   22.2    0.0I 999.9  000000
870160  20130124    28.8  4    20.3  4  1003.2  4   964.1  4   10.9  4    1.0  4    2.1  999.9    35.0*   22.6    0.0I 999.9  000000
870160  20130125    26.9  4    22.1  4  1002.9  4   963.3  4   10.9  4    0.8  4    3.1  999.9    36.5    21.0    0.0I 999.9  000000
870160  20130126    24.5  4    19.7  4  1012.0  4   971.9  4    9.5  4    1.8  4    2.1  999.9    31.7    19.7    2.0G 999.9  010000
870160  20130127    27.0  4    21.9  4  1008.4  4   968.6  4    9.5  4    1.3  4    3.1  999.9    33.0*   21.0    0.0G 999.9  000000
870160  20130128    28.2  4    21.7  4  1007.7  4   968.3  4   10.0  4    2.1  4    2.1  999.9    35.0*   22.2    0.0I 999.9  000000
870160  20130130    28.7  4    21.2  4  1005.4  4   966.1  4   10.0  4    2.3  4    5.1  999.9    36.5    22.1    0.0I 999.9  000000
870160  20130131    27.8  4    21.8  4  9999.9  0   963.9  4   10.5  4    2.3  4    4.1  999.9    35.4*   21.0    8.9G 999.9  000000
870160  20130201    30.4  4    21.4  4  1001.1  4   962.2  4   10.0  4    2.4  4    3.1  999.9    38.2*   23.6    0.0G 999.9  000000
870160  20130203    26.5  4    21.0  4  9999.9  0   971.7  4    7.2  4    2.8  4    5.1  999.9    41.2    22.3   10.9G 999.9  010010
870160  20130204    26.7  4    21.5  4  1007.8  4   968.0  4   10.0  4    2.3  4    4.1  999.9    33.4*   19.5    0.0G 999.9  000000
870160  20130206    26.7  4    22.6  4  1007.9  4   968.5  4    8.0  4    2.3  4    4.1  999.9    35.2    22.0   17.0G 999.9  010010
870160  20130208    26.7  4    19.8  4  1005.8  4   966.7  4   10.0  4    1.3  4    3.1  999.9    34.0*   18.2    0.0I 999.9  000000
870160  20130209    27.7  4    20.5  4  1004.3  4   964.8  4   10.0  4    1.8  4    3.1  999.9    36.2*   20.0    0.0I 999.9  000000
870160  20130210    28.2  4    18.2  4  1000.7  4   961.7  4   10.0  4    2.1  4    5.1  999.9    37.5    21.8    0.0I 999.9  000000
870160  20130211    26.9  4    18.4  4  1005.1  4   965.8  4   10.0  4    1.8  4    2.1  999.9    37.4    22.0    0.0I 999.9  000000
870160  20130213    29.3  4    20.5  4  1000.7  4   961.7  4   10.0  4    1.0  4    2.1  999.9    37.4*   22.2    0.0I 999.9  000000
870160  20130215    28.5  4    20.7  4  1004.6  4   967.0  4   10.0  4    1.0  4    2.1  999.9    35.4    24.3    0.0I 999.9  000000
870160  20130217    31.3  4    22.0  4   997.1  4   958.5  4   10.0  4  999.9  0  999.9  999.9    39.0    23.8    0.0I 999.9  000000
870160  20130218    25.5  4    21.0  4  1005.7  4   966.3  4    4.5  4    2.6  4    5.1  999.9    40.6    21.4   10.9G 999.9  010010
870160  20130219    19.8  4    17.3  4  1012.4  4   971.7  4    8.0  4    2.6  4    3.1  999.9    22.4    17.0    5.1G 999.9  010000
870160  20130220    19.1  4    17.5  4  1012.3  4   971.5  4    5.0  4    1.7  4    4.1  999.9    23.5    18.0*   0.0G 999.9  010000
870160  20130221    21.6  4    20.6  4  1012.1  4   971.6  4    9.5  4    0.0  4  999.9  999.9    26.1*   18.0    2.0G 999.9  010000
870160  20130222    23.8  4    19.8  4  1012.4  4   972.1  4   10.0  4    2.6  4    4.1  999.9    29.2*   19.8    0.0G 999.9  000000
870160  20130223    26.8  4  9999.9  0  1006.0  4   966.5  4   10.0  4    1.0  4    4.1  999.9    34.9*   21.2    0.0I 999.9  000000
870160  20130224    29.5  4    23.2  4  1001.1  4   962.1  4   10.0  4    2.3  4    3.1  999.9    37.0*   23.4    0.0I 999.9  000000
870160  20130225    26.9  4    22.2  4  1003.8  4   964.6  4    7.7  4    3.3  4    5.1  999.9    38.2    22.8    8.9G 999.9  010010
870160  20130226    20.5  4    17.8  4  1014.3  4   973.7  4    6.8  4    2.3  4    4.1  999.9    25.0    18.6    7.1G 999.9  010000
870160  20130227    22.1  4    17.9  4  1013.0  4   972.6  4    9.5  4    2.1  4    4.1  999.9    27.4*   19.2    0.0G 999.9  010000
870160  20130301    26.9  4    22.0  4  1001.0  4   962.1  4   10.0  4    2.1  4    3.1  999.9    35.0*   20.8    0.0I 999.9  000000
870160  20130302    28.8  4    23.0  4   998.4  4   959.3  4   12.6  4    3.1  4    6.2  999.9    36.9    20.0    0.0I 999.9  000000
870160  20130303    24.7  4    15.5  4  1011.1  4   971.3  4   10.0  4    1.0  4    4.1  999.9    35.5    21.8    0.0I 999.9  000000
870160  20130305    22.9  4    17.2  4  1011.9  4   971.7  4   10.0  4    1.3  4    3.1  999.9    28.0*   18.8    0.0I 999.9  000000
870160  20130308    27.9  4    23.0  4  1004.7  4   965.4  4   10.0  4    2.1  4    3.1  999.9    34.2    23.4    0.0I 999.9  000000
870160  20130309    29.4  4    23.8  4  1002.8  4   963.6  4   10.0  4    3.6  4    5.1  999.9    35.9*   25.2    0.0I 999.9  000000
870160  20130310    29.8  4    21.2  4  1000.7  4   961.8  4   10.0  4    2.8  4    5.1  999.9    38.5*   23.0    0.0I 999.9  000000
870160  20130312    25.3  4    22.5  4  1002.7  4   962.8  4    6.0  4    2.3  4    4.1  999.9    29.9*   21.8    4.1G 999.9  010000
870160  20130314    21.9  4    19.3  4  1009.8  4   969.7  4    8.0  4    2.3  4    4.1  999.9    26.7    18.8    0.3G 999.9  010000
870160  20130315    18.7  4    17.2  4  9999.9  0   974.6  4    4.5  4    2.3  4    6.2  999.9    23.6    16.8   15.0G 999.9  010000
870160  20130316    18.0  4    15.5  4  1018.8  4   977.7  4    6.0  4    2.3  4    4.1  999.9    22.4*   15.7    5.1G 999.9  010000
870160  20130317    19.5  4    17.1  4  9999.9  0   976.2  4    9.5  4    1.5  4    3.1  999.9    23.0    17.0    0.0G 999.9  000000
870160  20130318    18.1  4    16.1  4  1016.0  4   975.2  4    6.4  4    2.1  4    3.1  999.9    21.4    15.5    5.1G 999.9  010000
870160  20130319    18.7  4    16.3  4  1013.6  4   972.7  4    8.2  4    1.5  4    3.1  999.9    22.4*   16.2    2.0G 999.9  010000
870160  20130320    20.9  4    16.7  4  1009.9  4   969.4  4   10.0  4    1.8  4    4.1  999.9    26.1*   17.3    0.0G 999.9  000000
870160  20130321    21.8  4    17.2  4  1008.8  4   968.5  4   10.0  4    2.6  4    4.1  999.9    29.8*   15.0    0.0I 999.9  000000
870160  20130322    22.9  4    18.1  4  1013.5  4   971.5  4   10.0  4    1.5  4    4.1  999.9    30.6    16.8    0.0I 999.9  000000
870160  20130323    24.2  4    19.6  4  1011.0  4   970.9  4   10.0  4    2.8  4    5.1  999.9    31.1    19.8    0.0I 999.9  000000
870160  20130324    23.2  4    19.1  4  1010.2  4   970.1  4   10.0  4    0.8  4    3.1  999.9    26.8*   19.2    0.0A 999.9  000000
870160  20130326    24.3  4    19.8  4  1013.9  4   973.8  4   10.0  4    2.3  4    4.1  999.9    27.4*   20.8    0.0I 999.9  000000
870160  20130327    23.3  4    18.2  4  1015.4  4   975.1  4   10.0  4    1.8  4    3.1  999.9    30.0*   19.6    0.0I 999.9  000000
870160  20130328    24.1  4    17.3  4  1014.2  4   974.0  4   10.0  4    1.3  4    3.1  999.9    31.0    20.0    0.0I 999.9  000000
870160  20130329    24.7  4    19.0  4  1012.2  4   972.1  4    9.0  4    2.3  4    4.1  999.9    30.4*   19.6    0.0I 999.9  000000
870160  20130401    26.1  4    22.0  4  1004.9  4   965.2  4  999.9  0  999.9  0  999.9  999.9    33.6    19.8    0.0I 999.9  000000
870160  20130402    22.6  4    18.0  4  1009.5  4   969.5  4    9.5  4    2.4  4    3.1  999.9    31.8    20.2*   0.0G 999.9  010000
870160  20130403    20.7  4    17.3  4  1014.0  4   973.4  4    7.7  4    1.3  4    3.1  999.9    23.7*   18.0    0.8G 999.9  010000
870160  20130404    19.3  4    15.8  4  1011.0  4   970.3  4    8.5  4    2.6  4    4.1  999.9    24.0    15.3    0.0G 999.9  010000
870160  20130405    21.0  4    17.3  4  1008.9  4   968.5  4    9.0  4    2.6  4    3.1  999.9    29.8*   15.8    0.0I 999.9  100000
870160  20130406    22.3  4    16.9  4  1005.2  4   965.2  4   11.4  4    2.1  4    6.2  999.9    31.2    15.0    0.0I 999.9  000000
870160  20130407    23.6  4    19.4  4  1010.6  4   970.4  4   10.0  4    1.8  4    4.1  999.9    32.6    17.3    0.0I 999.9  000000
870160  20130408    22.8  4    17.5  4  1013.0  4   972.7  4   10.0  4    2.6  4    3.1  999.9    26.7    20.6    0.0I 999.9  000000
870160  20130409    23.3  4    16.8  4  1012.6  4   972.4  4   10.0  4    2.6  4    4.1  999.9    29.2*   18.6    0.0I 999.9  000000
870160  20130410    24.5  4    19.1  4  1006.1  4   966.2  4   10.0  4    2.8  4    4.1  999.9    30.2    20.6    0.0I 999.9  000000
870160  20130411    26.4  4    20.5  4  1000.8  4   961.3  4   10.9  4    1.6  4    2.1  999.9    33.0*   20.0    0.0I 999.9  000000
870160  20130413    20.1  4    15.3  4  1017.1  4   976.4  4   10.0  4    2.6  4    4.1  999.9    23.0*   18.2    0.0I 999.9  000000
870160  20130415    21.7  4    15.6  4  1015.4  4   974.9  4   10.0  4    2.3  4    4.1  999.9    29.2*   14.0    0.0I 999.9  000000
870160  20130416    21.6  4    15.1  4  9999.9  0  9999.9  0   10.0  4    2.8  4    4.1  999.9    30.8*   15.2    0.0I 999.9  000000
870160  20130417    21.8  4    15.1  4  1014.2  4   973.8  4    9.5  4    2.4  4    3.1  999.9    32.0    14.3    0.0I 999.9  000000
870160  20130418    21.4  4    14.3  4  1013.5  4   972.9  4   11.4  4    2.8  4    5.1  999.9    31.6    13.6    0.0I 999.9  000000
870160  20130419    21.7  4    14.7  4  1012.3  4   971.9  4   10.0  4    1.3  4    3.1  999.9    32.3    14.0    0.0I 999.9  000000
870160  20130420    22.3  4    14.8  4  1013.0  4   972.7  4   10.0  4    2.8  4    3.1  999.9    32.7    13.4    0.0I 999.9  000000
870160  20130421    22.1  4    15.1  4  1013.4  4   972.9  4   10.5  4    3.1  4    3.1  999.9    32.2    14.8    0.0I 999.9  000000
870160  20130423    22.3  4    14.3  4  1014.5  4   974.2  4   10.0  4    2.6  4    4.1  999.9    33.4    13.2    0.0I 999.9  000000
870160  20130424    22.2  4    13.3  4  1013.4  4   972.9  4   12.6  4    2.1  4    3.1  999.9    33.2    13.8    0.0I 999.9  000000
870160  20130425    22.2  4    14.5  4  1010.0  4   969.7  4   10.0  4    1.8  4    3.1  999.9    32.4    14.0    0.0I 999.9  000000
870160  20130426    23.0  4    15.7  4  1007.6  4   967.7  4   10.0  4    1.3  4    2.1  999.9    33.3    15.5    0.0I 999.9  000000
870160  20130427    22.6  4    15.7  4  1004.0  4   964.1  4   12.6  4    1.5  4    3.1  999.9    34.0    15.2    0.0I 999.9  000000
870160  20130428    24.5  4    18.3  4  1007.3  4   967.4  4   10.8  4    2.1  4    3.1  999.9    31.8    16.8    0.0I 999.9  000000
870160  20130429    24.4  4    18.5  4  1008.6  4   968.7  4   10.0  4    1.0  4    2.1  999.9    31.4    21.0    0.0I 999.9  000000
870160  20130430    23.9  4    20.4  4  1008.6  4   968.7  4    9.5  4    3.6  4    5.1  999.9    28.6    18.0    0.0A 999.9  000000
870160  20130501    25.0  4    20.3  4  1006.4  4   966.6  4   10.0  4    1.6  4    2.1  999.9    31.8*   21.4    0.0I 999.9  000000
870160  20130502    26.4  4    20.8  4  1002.8  4   963.3  4   10.0  4    0.8  4    3.1  999.9    33.0    22.5    0.0I 999.9  000000
870160  20130503    26.2  4    20.8  4  1003.7  4   964.2  4   10.0  4    1.5  4    4.1  999.9    33.4    21.8    0.0I 999.9  000000
870160  20130504    23.8  4    20.8  4  1008.8  4   968.9  4    8.0  4    2.3  4    4.1  999.9    31.5    22.4    5.1G 999.9  010000
870160  20130505    22.6  4    17.4  4  1015.8  4   975.4  4    9.0  4    2.1  4    4.1  999.9    27.8*   19.3    0.0G 999.9  010000
870160  20130506    21.7  4    15.6  4  1014.1  4   973.6  4   10.0  4    1.8  4    2.1  999.9    29.8*   15.3    0.0I 999.9  000000
870160  20130507    21.8  4    13.5  4  1018.2  4   977.7  4   10.0  4    0.5  4    2.1  999.9    30.5    13.9    0.0I 999.9  000000
870160  20130508    20.3  4    12.4  4  1013.4  4   973.9  4   10.0  4    2.8  4    5.1  999.9    30.0    12.4    0.0I 999.9  000000
870160  20130509    19.4  4    12.1  4  1008.3  4   968.0  4    9.5  4    1.6  4    2.1  999.9    30.6    12.2    0.0I 999.9  000000
870160  20130510    19.8  4    13.4  4  1005.6  4   965.2  4    8.5  4    1.5  4    4.1  999.9    29.0*   13.4    0.0I 999.9  000000
870160  20130511    21.8  4    15.0  4  1007.2  4   966.9  4   10.0  4    3.6  4    5.1  999.9    30.0    15.6    0.0I 999.9  000000
870160  20130512    22.9  4    17.2  4  1010.0  4   969.9  4   10.0  4    1.6  4    2.1  999.9    30.8    17.8    0.0I 999.9  000000
870160  20130513    21.8  4    17.1  4  1009.0  4   968.6  4    8.5  4    1.5  4    4.1  999.9    26.4    18.7    0.0G 999.9  010000
870160  20130515    22.0  4    18.4  4  1008.3  4   968.0  4   10.0  4    2.8  4   10.3  999.9    24.8*   19.8    0.0I 999.9  000000
870160  20130516    12.6  4     7.3  4  1023.5  4   981.9  4    4.2  4  999.9  0  999.9  999.9    27.8     9.0    0.0G 999.9  010000
870160  20130517    14.2  4     6.9  4  1021.0  4   979.1  4    9.5  4    3.1  4    3.1  999.9    16.8     9.0    0.0G 999.9  000000
870160  20130518    14.2  4     8.8  4  1016.8  4   975.3  4   10.0  4    1.0  4    2.1  999.9    16.6    11.8    0.0I 999.9  000000
870160  20130519    15.6  4    10.5  4  1017.4  4   976.0  4   10.0  4    2.8  4    4.1  999.9    19.7*   12.0    0.0I 999.9  000000
870160  20130520    15.6  4    10.8  4  1016.9  4   977.5  4   10.0  4    2.3  4    5.1  999.9    21.8    11.2    0.0I 999.9  000000
870160  20130521    15.2  4    11.3  4  1012.6  4   971.5  4   10.0  4    1.0  4    2.1  999.9    22.6    10.0    0.0I 999.9  000000
870160  20130522    17.1  4    13.4  4  1017.0  4   975.8  4   10.0  4    1.0  4    2.1  999.9    21.4    13.0    0.0I 999.9  000000
870160  20130523    16.3  4    12.6  4  1017.2  4   975.8  4   10.0  4    2.8  4    3.1  999.9    20.6*   13.7    0.0I 999.9  000000
870160  20130524    14.8  4    10.8  4  1018.5  4   977.1  4   10.0  4    1.0  4    2.1  999.9    22.5*    9.7    0.0I 999.9  000000
870160  20130525    15.5  4    11.1  4  1017.2  4   975.8  4    8.5  4    1.3  4    3.1  999.9    24.9     8.5    0.0I 999.9  000000
870160  20130526    16.0  4    11.1  4  1010.1  4   969.1  4   10.0  4    1.5  4    3.1  999.9    25.4    10.8    0.0I 999.9  000000
870160  20130527    14.8  4    10.2  4  9999.9  0  9999.9  0   11.3  4    1.5  4    3.1  999.9    26.0*    6.1*   0.0I 999.9  000000
870160  20130528    18.9  4    13.4  4   999.2  4   958.9  4    7.6  4    1.0  4    4.1  999.9    30.4*    9.8    0.0I 999.9  100000
870160  20130529    19.2  4    12.4  4  1000.8  4   960.6  4   10.0  4    3.9  4    8.2  999.9    32.5    12.6    0.0I 999.9  000000
870160  20130530    19.6  4    12.7  4  1015.3  4   974.5  4   10.0  4    1.5  4    3.1  999.9    28.0    14.8    0.0I 999.9  000000
870160  20130531    19.8  4    13.5  4  1007.8  4   967.4  4   10.0  4    2.6  4    4.1  999.9    26.6*   14.8    0.0I 999.9  000000
870160  20130601    18.7  4    12.4  4  1007.4  4   966.9  4    9.0  4    2.6  4    4.1  999.9    28.2*   11.0    0.0I 999.9  000000
870160  20130602    18.9  4    13.1  4  1013.3  4   972.5  4   10.0  4    1.3  4    2.1  999.9    28.8    12.5    0.0I 999.9  000000
870160  20130603    19.1  4  9999.9  0  1017.1  4   976.1  4   10.0  4    2.1  4    4.1  999.9    29.1    12.6    0.0I 999.9  000000
870160  20130604    19.0  4    13.1  4  1014.4  4   973.6  4    9.0  4    2.3  4    4.1  999.9    28.5    11.9    0.0I 999.9  000000
870160  20130605    20.3  4    14.0  4  1011.4  4   970.7  4   10.0  4    0.5  4    2.1  999.9    29.5*   13.0    0.0I 999.9  000000
870160  20130606    19.2  4    13.4  4  1014.0  4   973.2  4    8.5  4    1.0  4    2.1  999.9    29.5    13.4    0.0I 999.9  000000
870160  20130607    18.4  4    12.2  4  1013.4  4   972.6  4   10.0  4    1.0  4    2.1  999.9    29.0    11.0    0.0I 999.9  000000
870160  20130608    21.3  4    14.6  4  1014.8  4   975.1  4   10.0  4  999.9  0  999.9  999.9    26.7*   18.9    0.0I 999.9  000000
870160  20130610    21.8  4    15.7  4  1013.0  4   972.6  4   10.0  4    1.8  4    3.1  999.9    29.5    16.8    0.0I 999.9  000000
870160  20130611    21.2  4    18.1  4  1015.0  4   974.5  4    9.5  4    1.3  4    2.1  999.9    27.4    19.6    0.0G 999.9  010000
870160  20130612    20.8  4    18.7  4  9999.9  0  9999.9  0    9.0  4    0.8  4    3.1  999.9    25.0*   19.2*   0.0A 999.9  000000
870160  20130613    21.2  4    18.2  4  1013.3  4   972.8  4   10.0  4    1.8  4    4.1  999.9    27.0    18.0    0.0I 999.9  000000
870160  20130614    22.6  4    18.7  4  1010.5  4   971.6  4    9.5  4    1.8  4    2.1  999.9    29.8*   17.5    0.0I 999.9  000000
870160  20130615    18.4  4    16.5  4  1014.2  4   973.5  4    7.6  4    2.8  4    5.1  999.9    30.5    17.4*  34.0G 999.9  010010
870160  20130616    16.4  4    14.9  4  1009.8  4   968.9  4    5.1  4    1.5  4    3.1  999.9    21.2    13.6    0.0G 999.9  100000
870160  20130617    15.8  4    14.8  4  1015.5  4   974.1  4    5.3  4    1.3  4    2.1  999.9    20.3    14.0    2.0G 999.9  010000
870160  20130618    15.0  4  9999.9  0  1010.5  4   969.2  4    3.7  4    2.8  4    4.1  999.9    18.2*   13.0    5.1G 999.9  010000
870160  20130619    15.8  4    13.4  4  1015.5  4   974.3  4    9.5  4    1.0  4    2.1  999.9    19.2    14.2    0.5G 999.9  000000
870160  20130621    10.9  4     7.4  4  1016.9  4   974.5  4    6.4  4    3.1  4    5.1  999.9    19.8*    6.2    0.0G 999.9  010000
870160  20130622    11.4  4     7.7  4  1010.6  4   969.0  4   10.0  4    2.2  4    4.1  999.9    22.1     6.3    0.0I 999.9  000000
870160  20130623    10.7  4     8.4  4  1015.4  4   973.4  4    7.7  4    2.4  4    3.1  999.9    19.2     7.0    0.0I 999.9  100000
870160  20130624    13.5  4     9.1  4  1016.8  4   975.0  4   10.0  4    2.1  4    3.1  999.9    18.8     7.4    0.0I 999.9  000000
870160  20130625    14.1  4     9.8  4  1016.3  4   974.8  4   10.0  4    2.3  4    3.1  999.9    17.5    11.0    0.0I 999.9  000000
870160  20130626    15.0  4     9.8  4  1016.0  4   974.6  4   10.0  4    2.6  4    3.1  999.9    21.0*   11.0    0.0I 999.9  000000
870160  20130627    13.4  4    10.1  4  1013.6  4   972.1  4   10.0  4    2.8  4    5.1  999.9    22.4*    7.4    0.0I 999.9  000000
870160  20130628    14.8  4    11.0  4  1006.1  4   965.0  4    8.5  4    1.8  4    4.1  999.9    23.3     8.8    0.0I 999.9  000000
870160  20130629    16.3  4    10.3  4  1010.5  4   969.7  4    7.7  4    2.6  4    4.1  999.9    25.0*    9.6    0.0I 999.9  000000
870160  20130630    14.2  4     9.7  4  1013.6  4   973.1  4    8.0  4    0.8  4    2.1  999.9    26.0     8.1    0.0I 999.9  000000
870160  20130701    13.8  4     9.4  4  1019.4  4   977.7  4    8.0  4    2.3  4    3.1  999.9    22.2     7.6    0.0I 999.9  000000
870160  20130702    14.2  4     9.1  4  1015.9  4   974.4  4    9.5  4    1.6  4    2.1  999.9    24.0     8.0    0.0I 999.9  000000
870160  20130703    14.7  4     9.0  4  1006.3  4   965.4  4   10.0  4    1.0  4    3.1  999.9    25.4     6.5    0.0I 999.9  000000
870160  20130704    16.2  4    11.2  4  1007.3  4   966.2  4   10.0  4    2.3  4    3.1  999.9    27.0*    9.2    0.0I 999.9  000000
870160  20130705    20.4  4    14.8  4  1009.7  4   969.1  4   10.0  4    1.3  4    2.1  999.9    27.8    11.4    0.0I 999.9  000000
870160  20130707    17.0  4    10.5  4  1016.3  4   975.4  4    9.5  4    2.6  4    5.1  999.9    24.8    15.6*   0.0I 999.9  000000
870160  20130708    11.6  4     9.4  4  9999.9  0  9999.9  0    5.8  4    2.1  4    2.1  999.9    15.8    10.0*   0.0B 999.9  010000
870160  20130709    13.2  4    10.0  4  1016.4  4   974.6  4   10.0  4    0.0  4  999.9  999.9    15.6*   10.0    0.0I 999.9  000000
870160  20130711    16.7  4    13.2  4  1008.3  4   967.3  4    8.5  4    1.8  4    3.1  999.9    26.4*   11.6    0.0I 999.9  000000
870160  20130712    18.6  4    15.1  4  1015.2  4   974.4  4    6.8  4    3.1  4    4.1  999.9    27.0    12.4    2.0G 999.9  010000
870160  20130714    16.7  4  9999.9  0  9999.9  0  9999.9  0    7.6  4    2.1  4    4.1  999.9    25.1*   12.0*   0.0I 999.9  000000
870160  20130715    18.1  4    14.3  4  1018.4  4   977.5  4    7.6  4    2.1  4    3.1  999.9    26.6    12.0    2.0G 999.9  010000
870160  20130716    16.8  4    13.9  4  1017.2  4   975.9  4    6.3  4    1.3  4    5.1  999.9    21.8*   13.1    0.0G 999.9  100000
870160  20130717    16.9  4    13.8  4  1011.6  4   970.5  4    7.6  4    1.0  4    2.1  999.9    25.4*   12.1    0.0I 999.9  100000
870160  20130718    18.9  4    13.0  4  1005.2  4   964.6  4    9.0  4    4.1  4   10.3  999.9    28.4*   12.0    0.0I 999.9  000000
870160  20130719    15.2  4     3.8  4  1016.6  4   975.5  4    4.5  4    4.1  4    5.1  999.9    29.7    11.8    0.0I 999.9  000000
870160  20130720    11.8  4     4.1  4  1009.8  4   968.1  4    8.2  4    1.8  4    4.1  999.9    18.6*    4.8    0.0I 999.9  000000
870160  20130721     9.4  4     3.1  4  1016.6  4   974.6  4   10.0  4    2.8  4    4.1  999.9    19.3     6.2    0.0I 999.9  000000
870160  20130722     8.1  4    -0.9  4  1026.8  4   983.9  4   10.0  4    1.8  4    3.1  999.9    10.8     6.4    0.0I 999.9  000000
870160  20130723     5.7  4    -1.2  4  1027.8  4   984.5  4   10.0  4    2.6  4    3.1  999.9    15.2*   -1.3    0.0I 999.9  000000
870160  20130724    12.7  4    -2.3  4  1028.1  4   985.0  4   10.0  4    1.5  4    3.1  999.9    23.4*    0.2    0.0I 999.9  000000
870160  20130725     9.0  4    -1.9  4  1024.1  4   981.4  4   10.0  4    2.4  4    3.1  999.9    20.8*    0.2    0.0I 999.9  000000
870160  20130726    10.7  4    -0.2  4  1018.2  4   976.0  4   10.0  4    1.8  4    4.1  999.9    21.6     1.8    0.0I 999.9  000000
870160  20130727    13.7  4     1.8  4  1015.5  4   973.8  4   10.0  4    2.1  4    2.1  999.9    25.6*    4.6    0.0I 999.9  000000
870160  20130728    15.4  4     5.8  4  1016.5  4   975.0  4   10.0  4    2.1  4    3.1  999.9    27.8*    7.3    0.0I 999.9  000000
870160  20130729    18.7  4     8.0  4  1014.5  4   973.5  4   10.0  4    2.4  4    3.1  999.9    29.9*    8.8    0.0I 999.9  000000
870160  20130730    20.3  4    10.7  4  1010.7  4   970.0  4   10.0  4    3.3  4    4.1  999.9    30.8*   12.8    0.0I 999.9  000000
870160  20130731    21.1  4    12.2  4  1004.5  4   964.0  4   10.0  4    1.8  4    3.1  999.9    33.6    13.3    0.0I 999.9  000000
870160  20130802    18.8  4     9.0  4  1012.5  4   974.3  4   10.0  4    2.4  4    3.1  999.9    26.6    16.5    0.0I 999.9  000000
870160  20130803    18.8  4     9.4  4  1013.2  4   972.3  4   10.0  4    2.8  4    5.1  999.9    24.8*   15.0    0.0I 999.9  000000
870160  20130804    17.9  4     8.1  4  1013.5  4   972.7  4   10.0  4    2.6  4    3.1  999.9    26.9*   10.2    0.0I 999.9  000000
870160  20130805    17.3  4     9.1  4  1011.6  4   970.8  4    8.5  4    3.1  4    4.1  999.9    27.6*    8.0    0.0I 999.9  000000
870160  20130806    19.6  4    11.7  4  9999.9  0   971.6  4    9.0  4    2.8  4    5.1  999.9    29.4*   12.0    0.0I 999.9  000000
870160  20130807    21.2  4    13.4  4  1002.6  4   962.5  4   10.0  4    1.8  4    2.1  999.9    30.9    14.3    0.0I 999.9  000000
870160  20130808    18.3  4     9.1  4  1001.5  4   961.3  4    6.4  4    2.3  4    5.1  999.9    30.0    14.4    0.0I 999.9  000000
870160  20130809    15.4  4    -2.1  4  1020.0  4   978.6  4    5.5  4    4.6  4    6.2  999.9    23.9    12.8    0.0I 999.9  000000
870160  20130810    10.2  4    -2.9  4  1027.5  4   984.9  4    8.0  4    2.8  4    7.2  999.9    19.1*    2.0    0.0I 999.9  000000
870160  20130811    11.2  4    -0.4  4  1015.2  4   973.2  4    9.5  4    1.5  4    3.1  999.9    23.0*    1.9    0.0I 999.9  000000
870160  20130812    16.4  5     1.0  5  1007.0  5   965.8  5    6.3  5    1.6  5    3.1  999.9    26.4*    5.0    0.0I 999.9  000000
870160  20130813    13.4  5     2.6  5  1016.9  5   975.5  5    8.4  5    2.9  5   10.3  999.9    27.3     9.8    0.0I 999.9  000000
870160  20130814    10.7  5     1.1  5  1031.7  5   988.9  5    7.6  5    2.3  5    4.1  999.9    16.8*    2.0    0.0I 999.9  000000
870160  20130815     9.8  4    -0.3  4  1024.2  4   981.6  4   10.0  4    2.4  4    3.1  999.9    20.6*    1.0    0.0I 999.9  000000
870160  20130816    12.2  5    -2.7  5  1018.0  5   976.0  5   10.0  5    1.4  5    2.1  999.9    24.2*    3.0    0.0I 999.9  000000
870160  20130817    13.6  4    -2.8  4  1022.1  4   980.0  4    8.7  4    2.8  4    4.1  999.9    24.9     3.5    0.0I 999.9  000000
870160  20130818    13.4  4  9999.9  0  1016.6  4   975.0  4    5.0  4    1.3  4    3.1  999.9    25.2*    4.3    0.0I 999.9  000000
870160  20130819    16.4  4     3.2  4  1011.0  4   969.7  4    7.2  4    1.3  4    3.1  999.9    29.7*    7.0    0.0I 999.9  000000
870160  20130820    20.4  4     6.1  4  1007.5  4   967.1  4    4.5  4    2.3  4    4.1  999.9    32.2*   10.8    0.0I 999.9  000000
870160  20130821    22.0  4     8.3  4  1003.4  4   963.5  4    4.0  4    2.8  4    4.1  999.9    34.6*   10.5*   0.0I 999.9  000000
870160  20130822    21.8  4     9.6  4  1004.4  4   964.3  4    5.8  4    4.0  4   12.9  999.9    35.5    16.0    0.0I 999.9  000000
870160  20130824    11.3  4    -2.5  4  1021.2  4   979.1  4    7.6  4    2.1  4    4.1  999.9    16.0*    5.8    0.0I 999.9  000000
870160  20130825    11.1  4    -2.8  4  1025.4  4   983.1  4    8.0  4    3.6  4    4.1  999.9    16.8*    6.0    0.0I 999.9  000000
870160  20130826    10.9  4    -5.3  4  1028.5  4   986.1  4    4.0  4    2.1  4    4.1  999.9    17.8*    1.5   17.8G 999.9  000000
870160  20130827    10.2  4    -2.0  4  1026.9  4   984.3  4    5.3  4    1.0  4    2.1  999.9    21.4*    2.5    0.0G 999.9  000000
870160  20130828    13.2  4    -0.1  4  1023.0  4   980.7  4    5.0  4    2.6  4    4.1  999.9    24.8*    2.5    0.0I 999.9  000000
870160  20130829    16.0  4     1.9  4  1017.5  4   975.9  4    4.0  4    1.8  4    2.1  999.9    29.0*    7.5    0.0I 999.9  000000
870160  20130830    18.3  4     1.5  4  1008.7  4   967.9  4    4.2  4    1.8  4    4.1  999.9    31.2     9.0    0.0I 999.9  000000
870160  20130901    23.6  4     4.3  4  1005.9  4   965.9  4    1.9  4    1.5  4    6.2  999.9    36.4*   13.5    0.0I 999.9  000000
870160  20130902    23.4  4     7.7  4  1004.5  4   964.6  4    3.7  4    1.3  4    2.1  999.9    36.4    14.4    0.0I 999.9  000000
870160  20130903    22.2  4     9.2  4  1010.1  4   970.0  4    2.7  4    2.7  4   10.8  999.9    36.4    17.2    0.0I 999.9  000000
870160  20130904    19.9  4     6.6  4  1019.7  4   978.8  4    4.2  4    2.6  4    5.1  999.9    26.4*   15.8    0.0G 999.9  000000
870160  20130905    20.0  4     9.5  4  1011.6  4   970.8  4    4.8  4    2.3  4    4.1  999.9    31.4*   12.0    0.0I 999.9  000000
870160  20130906    24.8  4    12.7  4  1007.7  4   967.8  4    3.5  4    1.6  4    2.1  999.9    35.1*   15.4    0.0I 999.9  000000
870160  20130907    25.9  4    12.7  4  1003.8  4   964.2  4    3.5  4    3.3  4    4.1  999.9    37.5*   16.7    0.0I 999.9  000000
870160  20130908    28.8  4    12.0  4  1007.2  4   967.7  4    4.0  4    1.3  4    3.1  999.9    38.5*   19.1    0.0I 999.9  000000
870160  20130909    28.6  4    14.1  4  1010.4  4   971.0  4    4.2  4    2.3  4    5.1  999.9    38.6    20.0    0.0I 999.9  000000
870160  20130910    27.6  4    12.6  4  1006.5  4   967.2  4    2.7  4    1.5  4    3.1  999.9    38.4*   17.0    0.0I 999.9  000000
870160  20130911    28.9  4    12.3  4  1001.6  4   962.5  4    1.1  4    2.3  4    5.1  999.9    39.5    18.4    0.0I 999.9  000000
870160  20130912    27.9  4    15.0  4   999.3  4   960.3  4    1.3  4    0.8  4    3.1  999.9    38.3    19.5    0.0I 999.9  000000
870160  20130913    24.8  4    12.5  4  1006.7  4   967.2  4    2.7  4    4.5  4   10.8  999.9    37.5    20.3    0.0I 999.9  000000
870160  20130914    17.8  4     7.3  4  1014.5  4  9999.9  0    8.7  4    2.6  4    5.1  999.9    22.3    14.9    0.0A 999.9  000000
870160  20130915    15.0  4     8.3  4  1014.3  4   973.1  4   10.0  4    3.9  4    5.1  999.9    19.2    12.6    0.0I 999.9  000000
870160  20130916    14.7  4     7.8  4  1014.2  4   972.7  4   10.0  4    1.6  4    2.1  999.9    16.8*   12.8    0.0I 999.9  000000
870160  20130918    13.7  4     5.2  4  1019.8  4   978.0  4   10.0  4    2.1  4    2.1  999.9    18.0*   11.5    0.0I 999.9  000000
870160  20130919    16.2  4     6.7  4  1018.2  4   976.5  4   10.0  4    3.1  4    4.1  999.9    25.0*   11.0    0.0I 999.9  000000
870160  20130920    18.8  4     7.2  4  1006.3  4   965.8  4   10.0  4    1.0  4    2.1  999.9    28.7*   10.6    0.0I 999.9  000000
870160  20130922    20.2  4     4.0  4  1012.2  4   971.9  4    6.3  4    4.6  4    9.3  999.9    33.0    14.5    0.0I 999.9  000000
870160  20130923    15.1  4     2.5  4  1025.7  4   984.0  4   10.0  4    2.1  4    4.1  999.9    19.8    13.0    0.0I 999.9  000000
870160  20130924    15.3  4     1.9  4  1026.5  4   984.5  4    7.6  4    1.8  4    3.1  999.9    23.2*    0.0    0.0I 999.9  000000
870160  20130925    15.1  4     1.4  4  1020.4  4   978.8  4    5.0  4    2.1  4    4.1  999.9    24.0     5.8    0.0I 999.9  000000
870160  20130927    20.9  4     4.5  4  1006.6  4   966.3  4    3.5  4    2.6  4    4.1  999.9    32.2*   11.3    0.0I 999.9  000000
870160  20130928    22.5  4     6.9  4  1008.4  4   968.3  4    3.2  4    2.4  4    3.1  999.9    32.7    13.2    0.0I 999.9  000000
870160  20130929    20.0  4     4.0  4  1015.2  4   974.7  4    3.5  4    3.6  4    5.1  999.9    32.4    15.8    0.0I 999.9  000000
870160  20131001    17.0  4     3.8  4  1013.7  4   972.6  4    2.3  4    2.1  4    3.1  999.9    27.0*    8.8    0.0I 999.9  000000
870160  20131002    18.2  4     5.3  4  1011.5  4   970.6  4    1.9  4    1.3  4    2.1  999.9    29.0*    9.2    0.0I 999.9  000000
870160  20131003    21.2  4     8.7  4  1008.1  4   967.7  4    2.3  4    2.6  4    4.1  999.9    32.6*   12.2    0.0I 999.9  000000
870160  20131004    23.5  4     8.3  4  1017.2  4   977.0  4    3.5  4    3.6  4    8.2  999.9    33.4    16.6    0.0I 999.9  000000
870160  20131005    20.4  4    10.5  4  1017.2  4   976.2  4    8.0  4    3.1  4    5.1  999.9    29.8*   14.8    0.0I 999.9  000000
870160  20131006    23.9  4     6.0  4  1014.7  4   974.4  4    6.3  4    1.0  4    2.1  999.9    30.8    18.0    0.0I 999.9  000000
870160  20131007    24.8  4     9.3  4  1014.6  4   974.6  4    4.0  4    3.6  4    6.2  999.9    31.8*   17.4    0.0I 999.9  000000
870160  20131008    23.9  4    10.5  4  1010.4  4   970.4  4    1.1  4    1.5  4    3.1  999.9    33.4*   15.2    0.0I 999.9  000000
870160  20131009    28.8  4    10.6  4  1003.3  4   964.0  4    2.1  4    3.3  4    5.1  999.9    36.8*   19.0    0.0I 999.9  000000
870160  20131011    21.2  4    20.1  4  1011.1  4   970.8  4    4.7  4    2.3  4    4.1  999.9    28.5    20.2    7.1G 999.9  010000
870160  20131013    21.6  4    19.4  4  1010.7  4   970.2  4    7.6  4    1.8  4    3.1  999.9    23.5*   20.1    0.8G 999.9  000000
870160  20131014    21.8  4    20.1  4  1011.4  4   971.1  4    6.8  4    1.0  4    2.1  999.9    24.4    20.4    7.9G 999.9  010010
870160  20131015    21.4  4    19.7  4  1014.1  4   973.6  4    8.0  4    3.1  4    5.1  999.9    24.6    19.8   17.0G 999.9  000000
870160  20131017    23.6  4    18.5  4  1011.4  4   971.2  4   10.0  4    2.1  4    4.1  999.9    30.2    20.0    0.0I 999.9  000000
870160  20131018    25.1  4    17.2  4  1010.7  4   970.7  4   10.0  4    2.8  4    5.1  999.9    33.2*   20.1    0.0I 999.9  000000
870160  20131020    29.8  4    18.1  4   995.0  4   956.2  4   10.0  4    2.1  4    4.1  999.9    37.5    21.8    0.0I 999.9  000000
870160  20131021    28.3  4    14.3  4  1001.3  4   962.3  4    6.8  4    3.9  4    8.2  999.9    38.5    25.2    0.0I 999.9  000000
870160  20131023    26.6  4    15.2  4   999.1  4   959.8  4   10.0  4    2.1  4    4.1  999.9    35.0*   18.8    0.0I 999.9  000000
870160  20131024    26.2  4    16.0  4  1007.6  4   968.2  4    6.8  4    2.3  4    4.1  999.9    37.2    23.8    0.0I 999.9  000000
870160  20131025    19.3  4    15.4  4  1015.8  4   974.8  4    9.5  4    2.3  4    4.1  999.9    26.2    16.0    0.0G 999.9  010000
870160  20131026    22.3  4    16.8  4  1009.0  4   968.7  4   10.0  4    1.0  4    2.1  999.9    28.2*   17.7    0.0G 999.9  000000
870160  20131027    25.0  4    17.5  4  1013.2  4   973.2  4   10.0  4    2.3  4    4.1  999.9    30.0*   19.8    0.0I 999.9  000000
870160  20131028    26.4  4    16.8  4  1010.5  4   970.6  4   10.0  4    2.1  4    4.1  999.9    32.0    21.9    0.0I 999.9  000000
870160  20131029    27.8  4    18.5  4  1004.1  4   964.6  4   15.0  4    1.8  4    4.1  999.9    34.4*   23.4    0.0I 999.9  000000
870160  20131030    30.3  4    19.6  4  1002.4  4   963.3  4   10.5  4    2.1  4    2.1  999.9    38.2*   22.8    0.0I 999.9  000000
870160  20131101    32.1  4    19.8  4   995.3  4   957.1  4   10.9  4    2.3  4    7.2  999.9    41.6    25.1    0.0I 999.9  000000
870160  20131102    20.6  4    17.5  4  1011.4  4   971.3  4    8.2  4    4.6  4    7.2  999.9    35.3    18.2   39.9G 999.9  010010
870160  20131103    23.9  4    17.2  4  9999.9  0   975.7  4   10.9  4    0.5  4    2.1  999.9    29.4*   20.5    0.0G 999.9  000000
870160  20131104    23.8  4    16.1  4  1012.8  4   972.7  4   12.1  4    1.8  4    4.1  999.9    31.0*   17.4    0.0I 999.9  000000
870160  20131105    24.0  4    15.6  4  1011.8  4   971.6  4   10.9  4    1.3  4    3.1  999.9    32.0    16.2    0.0I 999.9  000000
870160  20131106    25.7  4    15.2  4  1009.1  4   969.3  4   10.0  4    1.5  4    3.1  999.9    34.2*   16.8    0.0I 999.9  000000
870160  20131107    27.9  4    11.8  4  1004.5  4   965.1  4   10.9  4    1.5  4    3.1  999.9    35.6    18.9    0.0I 999.9  000000
870160  20131108    28.8  4    15.2  4  1002.0  4   962.8  4   10.5  4    2.3  4    3.1  999.9    36.9    20.6    0.0I 999.9  000000
870160  20131110    30.2  4    18.8  4   993.8  4   955.2  4   10.0  4    2.6  4    8.2  999.9    39.0    25.0    0.0I 999.9  000000
870160  20131111    20.4  4    15.1  4  1008.7  4   968.6  4    6.9  4    3.9  4    5.1  999.9    35.5    16.1    1.0G 999.9  010000
870160  20131112    24.3  4    11.8  4  1010.4  4   970.0  4   10.0  4    4.1  4    6.2  999.9    34.2*   14.8    0.0G 999.9  000000
870160  20131113    26.1  4    12.1  4  1007.6  4   967.9  4   10.0  4    1.0  4    2.1  999.9    37.2*   15.8    0.0I 999.9  000000
