873490  20130101    19.8  8     6.9  8  1019.9  8   980.9  8   20.0  8    4.4  8    6.2  999.9    31.5    13.0    0.0I 999.9  000000
873490  20130102    18.6  8     6.1  8  1019.7  8   980.2  8   20.0  8    3.7  8    7.2  999.9    26.3*    9.3    0.0I 999.9  000000
873490  20130103    22.0  8    10.6  8  1014.5  8   975.7  8   20.0  8    4.9  8    7.7  999.9    29.4*   14.8    0.0I 999.9  000000
873490  20130104    23.2  8    14.6  8  1011.0  8   972.6  8   17.1  8    3.6  8    6.2  999.9    30.5    17.1  999.9  999.9  010010
873490  20130105    21.8  8    17.8  8  1010.1  8   971.6  8   16.1  8    2.6  8    5.1  999.9    32.7    18.6   27.9G 999.9  010010
873490  20130106    22.7  8    18.2  8  1008.4  8   969.9  8   16.9  8    4.4  8    9.3  999.9    27.6    18.4   33.0G 999.9  000010
873490  20130107    24.2  8    19.4  8  1002.7  8   964.6  8   12.4  8    3.1  8    4.6  999.9    32.1*   18.3    0.0G 999.9  100000
873490  20130108    22.8  8    19.2  8  1009.7  8   971.5  8   16.3  8    2.3  8    3.6  999.9    32.3    18.7    0.0I 999.9  000010
873490  20130109    22.4  8    17.3  8  1016.4  8   977.5  8   14.3  8    1.7  8    2.1  999.9    29.7*   17.0    3.0G 999.9  000000
873490  20130110    26.5  8    20.3  8  1015.8  8   977.5  8   20.0  8    3.1  8    6.7  999.9    32.8*   20.0    0.0G 999.9  000000
873490  20130111    27.2  7    17.9  7  1012.5  7   974.4  7   18.5  7    4.8  7    6.2  999.9    33.2    20.4    0.0I 999.9  000000
873490  20130112    25.7  8    16.1  8  1009.5  8   971.4  8   14.8  8    4.6  8    7.2  999.9    32.9    19.4    0.0I 999.9  000000
873490  20130113    25.3  8    16.2  8  1012.9  8   974.7  8   17.5  8    2.1  8    4.1  999.9    33.2    17.8    0.0I 999.9  000000
873490  20130114    24.2  8    17.5  8  1014.5  8   976.1  8   16.4  8    2.4  8    3.6  999.9    32.1    19.5    0.0G 999.9  010010
873490  20130115    24.9  8    16.2  8  1011.0  8   972.7  8   20.0  8    2.2  8    4.1  999.9    32.0*   16.7    0.0G 999.9  000000
873490  20130116    25.5  8    17.1  8  1007.6  8   969.5  8   15.6  8    5.0  8    8.2  999.9    32.8    19.7    0.0I 999.9  000000
873490  20130117    24.4  8    17.8  8  1012.4  8   974.1  8   15.8  8    4.3  8    6.2  999.9    32.2    19.5    0.0I 999.9  000000
873490  20130118    24.1  8    15.8  8  1016.4  8   977.7  8   16.9  8    1.8  8    3.1  999.9    30.8*   16.2    0.0I 999.9  000000
873490  20130119    23.9  8    16.5  8  1017.6  8   979.0  8   20.0  8    2.1  8    4.1  999.9    31.5    16.7    0.0I 999.9  000000
873490  20130120    22.0  8    14.3  8  1020.4  8   981.5  8   20.0  8    2.4  8    3.6  999.9    30.0    15.5    0.0I 999.9  000000
873490  20130121    23.4  8    13.2  8  1018.6  8   979.8  8   16.9  8    2.6  8    4.1  999.9    28.7*   16.6    0.0I 999.9  000000
873490  20130122    24.8  8    13.6  8  1015.7  8   977.2  8   14.5  8    3.3  8    4.6  999.9    30.8*   18.5    0.0I 999.9  000000
873490  20130123    26.8  8    15.1  8  1010.9  8   972.8  8   17.1  8    2.1  8    3.6  999.9    34.4*   18.6    0.0I 999.9  000000
873490  20130124    29.3  8    15.2  8  1004.1  8   966.7  8   14.3  8    2.7  8    4.6  999.9    36.2*   22.5    0.0I 999.9  000000
873490  20130125    22.7  8    13.7  8  1012.8  8   974.5  8   14.3  8    5.9  8   10.3  999.9    37.8    18.5    0.0G 999.9  000010
873490  20130126    21.7  8    11.6  8  1015.6  8   976.7  8   17.5  8    3.0  8    5.7  999.9    30.3*   12.0    0.0I 999.9  000000
873490  20130127    26.1  8    13.3  8  1012.2  8   973.9  8   16.1  8    4.9  8    7.7  999.9    34.8*   18.2    0.0I 999.9  000000
873490  20130128    26.1  8    14.6  8  1014.2  8   976.1  8   16.3  8    3.1  8    4.6  999.9    35.2    20.7    0.0I 999.9  000000
873490  20130129    24.7  7    16.2  7  1015.1  7   976.7  7   13.8  7    3.1  7    4.6  999.9    31.8*   19.4    2.0G 999.9  010010
873490  20130130    25.8  8    16.7  8  1011.7  8   973.5  8   20.0  8    2.2  8    4.1  999.9    34.9*   17.3    0.0G 999.9  000000
873490  20130131    24.0  8    19.4  8  1009.9  8   971.8  8   12.6  8    4.9  8   10.8  999.9    35.5    17.6   31.0G 999.9  010010
873490  20130201    26.6  8    22.3  8  1005.9  8   967.9  8   11.9  8    3.1  8    5.1  999.9    33.8*   18.1    0.0G 999.9  010010
873490  20130202    24.1  8    18.0  8  1010.9  8   972.7  8   14.3  8    3.2  8    5.1  999.9    34.5    16.9   49.0G 999.9  010010
873490  20130203    22.3  8    15.8  8  1017.7  8   978.9  8   20.0  8    2.8  8    4.1  999.9    29.2    17.5    0.0G 999.9  000000
873490  20130204    22.3  8    15.2  8  1013.2  8   974.5  8   20.0  8    4.1  8    6.7  999.9    28.1*   15.6    0.0I 999.9  000000
873490  20130205    23.4  8    16.7  8  1013.0  8   974.4  8   12.2  8    2.1  8    3.1  999.9    28.6*   17.7    0.0I 999.9  000000
873490  20130206    23.6  7    16.7  7  1014.9  7   976.3  7   16.7  7    2.5  7    4.6  999.9    29.6    18.4    0.0I 999.9  000000
873490  20130207    23.0  8    15.4  8  1015.6  8   976.9  8   17.5  8    2.2  8    4.1  999.9    29.1    15.7    0.0I 999.9  000000
873490  20130208    23.6  8    16.1  8  1012.0  8   973.5  8   20.0  8    2.5  8    5.1  999.9    30.1*   15.5    0.0I 999.9  000000
873490  20130209    25.2  7    17.8  7  1009.3  7   971.1  7   20.0  7    3.3  7    6.2  999.9    31.8*   18.5    0.0I 999.9  000000
873490  20130210    22.9  8    18.0  8  1008.8  8   970.6  8   15.0  8    2.3  8    4.6  999.9    32.3    19.9    0.0I 999.9  000000
873490  20130211    23.9  8    17.6  8  1009.6  8   971.2  8   14.3  8    2.1  8    3.6  999.9    31.5*   16.7    0.0I 999.9  000000
873490  20130212    28.1  8    15.8  8  1004.4  8   966.7  8   20.0  8    3.6  8    6.2  999.9    35.1*   21.4    0.0I 999.9  000000
873490  20130213    22.9  8    17.6  8  1008.3  8   970.3  8   16.3  8    2.5  8    4.6  999.9    35.8    18.8  999.9  999.9  010000
873490  20130214    22.4  8    17.7  8  1011.7  8   973.0  8   15.4  8    2.6  8    5.7  999.9    29.9*   16.7    1.0G 999.9  010010
873490  20130215    25.2  8    18.6  8  1010.6  8   972.3  8   14.6  8    1.5  8    3.1  999.9    32.2*   19.0    0.0G 999.9  010010
873490  20130216    25.9  8    19.0  8  1004.4  8   966.5  8   13.8  8    3.3  8    5.7  999.9    33.6*   19.8    0.0G 999.9  000000
873490  20130217    22.0  8    17.4  8  1006.2  8   968.1  8   12.7  8    4.6  8    7.7  999.9    34.3    17.2   25.9G 999.9  010010
873490  20130218    16.9  8    10.4  8  1019.0  8   979.5  8   12.7  8    3.1  8    5.7  999.9    21.0    12.4    8.9G 999.9  010010
873490  20130219    14.6  8    11.9  8  1020.3  8   980.5  8    9.5  8    2.2  8    3.6  999.9    19.8    12.1    4.1G 999.9  010000
873490  20130220    16.0  8    14.2  8  1017.6  8   977.9  8   12.6  8    2.1  8    3.1  999.9    19.4*   13.2    0.5G 999.9  010000
873490  20130221    19.4  8    15.6  8  1016.6  8   977.4  8   14.3  8    1.9  8    3.6  999.9    24.0*   15.1    0.0G 999.9  000000
873490  20130222    20.5  8    16.7  8  1016.4  8   977.4  8   18.8  8    3.2  8    6.7  999.9    25.8*   14.7    0.0I 999.9  000000
873490  20130223    23.7  8    19.9  8  1009.6  8   971.1  8   20.0  8    4.3  8    7.7  999.9    28.8*   18.6    0.0I 999.9  000000
873490  20130224    23.9  8    17.8  8  1008.5  8   970.2  8   18.0  8    4.3  8    7.7  999.9    28.8    17.8    0.5G 999.9  010000
873490  20130225    18.5  8    11.9  8  1016.6  8   977.4  8   16.3  8    2.5  8    4.1  999.9    27.3    12.0    0.0G 999.9  000000
873490  20130226    17.8  8    11.5  8  1018.3  8   978.9  8   15.3  8    1.3  8    2.6  999.9    24.0    10.8    0.0I 999.9  000000
873490  20130227    19.7  8    12.3  8  1014.6  8   975.5  8   20.0  8    5.0  8   10.3  999.9    28.0*   12.4    0.0I 999.9  000000
873490  20130228    21.8  8    14.7  8  1010.6  8   971.9  8   20.0  8    4.7  8    8.2  999.9    28.9*   15.4    0.0I 999.9  000000
873490  20130301    22.8  8    15.3  8  1004.7  8   966.4  8   17.5  8    6.1  8   12.3  999.9    31.6*   16.3    0.0I 999.9  000000
873490  20130302    21.9  8    12.8  8  1008.0  8   969.6  8   18.8  8    6.2  8   12.3  999.9    32.5    16.6    5.1G 999.9  000000
873490  20130303    17.4  8    10.9  8  1018.7  8   979.3  8   18.8  8    2.0  8    4.1  999.9    26.6    13.5    0.0G 999.9  000000
873490  20130304    16.3  8    10.9  8  1020.2  8   980.5  8   17.5  8    1.8  8    4.1  999.9    23.0*    9.7    0.0I 999.9  000000
873490  20130305    19.0  8    11.4  8  1014.8  8   975.6  8   18.2  8    4.1  8    9.3  999.9    27.0*   10.8    0.0I 999.9  000000
873490  20130306    21.7  8    13.3  8  1008.0  8   969.4  8   16.3  8    2.8  8    4.1  999.9    30.7*   14.6    0.0I 999.9  000000
873490  20130307    22.1  8    15.3  8  1010.7  8   972.1  8   10.8  8    2.6  8    9.3  999.9    31.6    14.2    0.0I 999.9  000000
873490  20130308    23.2  8    17.8  8  1011.7  8   973.2  8   13.2  8    1.0  8    4.1  999.9    29.3*   17.4    0.0I 999.9  000000
873490  20130309    25.7  8    21.3  8  1007.6  8   969.5  8   13.4  8    1.1  8    2.6  999.9    33.4*   19.6    0.0I 999.9  100000
873490  20130310    22.9  7    15.8  7  1010.7  7   972.4  7   16.3  7    2.1  7    4.1  999.9    25.0*   19.9    3.0G 999.9  010010
873490  20130311    19.3  7    14.5  7  1008.7  7   969.9  7   20.0  7    2.4  7    6.7  999.9    25.8    13.4    0.0G 999.9  000000
873490  20130312    20.6  8    15.4  8  1010.2  8   971.5  8   13.2  8    1.4  8    4.1  999.9    27.6    16.5    0.0G 999.9  000000
873490  20130313    16.1  8    14.3  8  1016.2  8   976.9  8    9.0  8    1.0  8    2.6  999.9    26.6    13.0*   0.0G 999.9  010000
873490  20130314    13.2  8    12.3  8  1022.3  8   982.2  8   10.3  8    1.5  8    2.6  999.9    16.3    11.9   16.0G 999.9  010000
873490  20130315    14.1  8    11.2  8  1023.9  8   983.6  8   16.3  8    0.5  8    1.0  999.9    18.7*   10.8    1.0G 999.9  000000
873490  20130316    14.9  8    12.1  8  1025.5  8   985.4  8   12.7  8    1.4  8    2.6  999.9    18.9    12.3    0.0G 999.9  010000
873490  20130317    15.9  8    11.7  8  1025.3  8   985.4  8   18.2  8    0.9  8    2.6  999.9    18.6    13.0    0.0A 999.9  000000
873490  20130318    15.7  8     9.5  8  1023.2  8   983.2  8   12.9  8    1.4  8    4.1  999.9    21.6*    9.0    0.0G 999.9  000000
873490  20130319    17.3  8    11.7  8  1018.7  8   979.2  8   20.0  8    0.4  8    1.0  999.9    22.4    11.9    0.0I 999.9  000000
873490  20130320    17.7  8    12.4  8  1013.1  8   973.8  8   15.6  8    0.6  8    1.0  999.9    25.0*   10.4    0.0I 999.9  000000
873490  20130321    18.9  8    14.2  8  1013.4  8   974.3  8   16.3  8    2.2  8    6.7  999.9    26.1*   11.2    0.0I 999.9  000000
873490  20130322    20.2  8    14.7  8  1016.2  8   977.1  8   14.8  8    2.9  8    6.7  999.9    27.4*   11.8    0.0I 999.9  000000
873490  20130323    19.9  8    15.2  8  1016.9  8   977.9  8   16.1  8    3.3  8    6.7  999.9    28.9    15.5    7.9G 999.9  010010
873490  20130324    19.7  8    14.3  8  1013.3  8   974.2  8   15.3  8    1.5  8    6.7  999.9    26.5*   13.2    2.0G 999.9  000000
873490  20130325    19.8  8    13.2  8  1014.1  8   975.1  8   16.9  8    1.3  8    2.6  999.9    27.2    14.4    0.0G 999.9  000000
873490  20130326    18.0  8     8.4  8  1020.9  8   981.4  8   17.5  8    0.9  8    2.6  999.9    25.6     9.0    0.0G 999.9  000000
873490  20130327    18.6  8     9.6  8  1020.2  8   980.7  8   11.3  8    2.9  8    6.7  999.9    26.2*   11.5    0.0I 999.9  000000
873490  20130328    19.3  8    10.7  8  1019.3  8   980.0  8   14.8  8    2.3  8    6.7  999.9    27.1*   10.7    0.0I 999.9  000000
873490  20130329    19.2  8    11.3  8  1016.8  8   977.6  8   20.0  8    2.6  8    6.7  999.9    27.5    11.9    0.0I 999.9  000000
873490  20130330    21.9  8    13.3  8  1012.7  8   973.9  8   15.0  8    3.1  8    6.7  999.9    30.2*   14.6    0.0I 999.9  000000
873490  20130331    19.9  8    15.1  8  1012.8  8   974.0  8   15.0  8    3.7  8    6.7  999.9    30.3    14.2    0.0I 999.9  000000
873490  20130401    18.1  8    15.6  8  1015.7  8   976.5  8   12.2  8    2.9  8    6.7  999.9    25.1    14.4   23.1G 999.9  010010
873490  20130402    16.8  8    14.2  8  1017.3  8   977.8  8   13.5  8    2.1  8    4.1  999.9    22.2    13.3   11.9G 999.9  010010
873490  20130403    15.9  8    11.1  8  1019.0  8   979.2  8   20.0  8    1.8  8    2.6  999.9    22.0*    9.9    9.9G 999.9  000000
873490  20130404    18.1  8    11.6  8  1012.5  8   973.3  8   16.9  8    0.8  8    2.6  999.9    26.1*   11.3    0.0G 999.9  000000
873490  20130405    20.1  8    10.6  8  1008.7  8   969.9  8   16.3  8    1.4  8    4.1  999.9    28.8*   12.8    0.0I 999.9  000000
873490  20130406    18.4  8     8.6  8  1011.9  8   972.9  8   14.3  8    3.5  8    9.3  999.9    28.7    12.7    0.0I 999.9  000000
873490  20130407    14.9  8     6.8  8  1018.8  8   979.0  8   13.2  8    2.2  8    4.1  999.9    22.3*    6.7    0.0I 999.9  000000
873490  20130408    17.1  8     8.9  8  1019.0  8   979.3  8   20.0  8    0.9  8    2.6  999.9    24.7*    9.2    0.0I 999.9  000000
873490  20130409    17.7  8     8.7  8  1016.9  8   977.5  8   17.5  8    3.8  8    9.3  999.9    25.0    10.9    0.0I 999.9  000000
873490  20130410    17.7  8    13.9  8  1011.7  8   972.5  8   15.0  8    0.6  8    2.6  999.9    25.1    13.8    0.0I 999.9  000000
873490  20130411    17.1  8    15.9  8  1008.9  8   969.8  8    8.7  8    1.4  8    4.1  999.9    22.6    14.7    0.0G 999.9  010010
873490  20130412    16.2  8     7.6  8  1017.6  8   977.9  8   14.3  8    2.7  8    6.7  999.9    19.2*   11.6   24.9G 999.9  010000
873490  20130413    12.4  8     4.2  8  1021.6  8   981.3  8   20.0  8    1.9  8    6.7  999.9    20.2*    4.0    0.0G 999.9  000000
873490  20130414    16.2  8     9.3  8  1017.3  8   977.5  8   18.8  8    1.0  8    2.6  999.9    27.4*    6.8    0.0I 999.9  000000
873490  20130415    19.7  8    11.0  8  1017.5  8   978.2  8   20.0  8    1.1  8    2.6  999.9    28.9*    9.7    0.0I 999.9  000000
873490  20130416    19.4  8    11.3  8  1017.4  8   978.2  8   14.3  8    1.3  8    4.1  999.9    29.2*   10.0    0.0I 999.9  000000
873490  20130417    21.0  8    11.8  8  1016.8  8   977.8  8   16.7  8    4.4  8   12.3  999.9    29.5    13.0    0.0I 999.9  000000
873490  20130418    20.9  8    12.6  8  1015.5  8   976.6  8   20.0  8    4.1  8    6.7  999.9    29.7    12.7    0.0I 999.9  000000
873490  20130419    20.1  8     8.6  8  1016.4  8   977.3  8   17.5  8    2.4  8    4.1  999.9    29.5    10.7    0.0I 999.9  000000
873490  20130420    18.4  8     9.4  8  1017.1  8   977.8  8   15.0  8    3.3  8    9.3  999.9    28.1     9.1    0.0I 999.9  000000
873490  20130421    20.5  8    12.6  8  1017.0  8   978.0  8   12.1  8    3.7  8    6.7  999.9    28.6    12.6    0.0I 999.9  000000
873490  20130422    20.5  8    13.7  8  1017.3  8   978.3  8   13.7  8    2.8  8    9.3  999.9    28.5    11.9    0.0I 999.9  000000
873490  20130423    20.1  8    14.7  8  1018.4  8   979.3  8    9.0  8    2.0  8    6.7  999.9    28.4*   13.0    0.0I 999.9  100000
873490  20130424    21.2  8    14.2  8  1016.8  8   977.8  8   13.2  8    2.8  8    9.3  999.9    29.0    14.2    0.0I 999.9  000000
873490  20130425    20.6  8    13.9  8  1014.1  8   975.2  8   11.9  8    1.3  8    4.1  999.9    29.2    13.2    0.0I 999.9  100000
873490  20130426    20.9  8    12.7  8  1012.1  8   973.3  8    8.2  8    1.6  8    4.1  999.9    29.7    14.5    0.0I 999.9  000000
873490  20130427    19.6  8    13.8  8  1011.0  8   972.3  8   14.2  8    2.6  8    4.1  999.9    29.1    12.1   10.9G 999.9  010000
873490  20130428    17.4  8    11.7  8  1014.2  8   974.7  8   15.0  8    1.7  8    2.6  999.9    23.7*   12.9    0.5G 999.9  000000
873490  20130429    17.5  8    11.6  8  1015.3  8   975.9  8   20.0  8    0.8  8    4.1  999.9    25.0*   10.3    0.0G 999.9  000000
873490  20130430    18.3  8    13.0  8  1015.3  8   976.1  8   20.0  8    1.5  8    4.1  999.9    25.0    12.5    0.0I 999.9  000000
873490  20130501    18.8  8    16.7  8  1011.4  8   972.4  8    8.9  8    0.6  8    1.0  999.9    23.4    15.8    0.0G 999.9  010000
873490  20130502    19.3  8    19.1  8  1010.4  8   971.5  8    1.9  8    0.8  8    2.6  999.9    20.9    17.6    0.0G 999.9  110000
873490  20130503    19.5  8    16.6  8  1010.8  8   971.8  8    6.3  8    1.5  8    2.6  999.9    23.2*   16.2   16.0G 999.9  110010
873490  20130504    16.4  8    13.4  8  1016.8  8   977.4  8   15.8  8    1.5  8    4.1  999.9    23.8    12.4    0.0G 999.9  000000
873490  20130505    16.8  8    12.8  8  1021.5  8   981.9  8   15.6  8    0.9  8    2.6  999.9    23.4*    9.8    0.0G 999.9  010000
873490  20130506    17.2  8    11.2  8  1017.2  8   977.7  8   15.4  8    2.3  8    4.1  999.9    24.9*    8.9    0.0I 999.9  000000
873490  20130507    13.2  8     1.5  8  1024.4  8   984.3  8   13.7  8    1.5  8    4.1  999.9    25.0     4.0    0.0I 999.9  000000
873490  20130508    15.9  7     5.1  7  1013.4  7   973.8  7   18.5  7    4.4  7    6.7  999.9    26.7*    7.0    0.0I 999.9  000000
873490  20130509    17.9  8    10.1  8  1011.5  8   972.4  8   20.0  8    2.2  8    4.1  999.9    28.9     8.2    0.0I 999.9  000000
873490  20130510    18.4  8    11.9  8  1009.0  8   969.9  8   16.3  8    1.8  8    4.1  999.9    28.4*   10.4    0.0I 999.9  000000
873490  20130511    19.1  8     8.2  8  1015.7  8   976.6  8   15.6  8    2.4  8    4.1  999.9    28.7    11.9    0.0I 999.9  000000
873490  20130512    13.7  8     5.7  8  1016.3  8   976.4  8   17.1  8    1.0  8    2.6  999.9    23.6*    5.8    0.0I 999.9  000000
873490  20130513    14.8  8     9.7  8  1015.1  8   975.4  8   14.6  8    1.3  8    4.1  999.9    23.7     8.1    0.0I 999.9  000000
873490  20130514    16.5  8    15.2  8  1013.3  8   973.9  8    5.6  8    2.3  8    3.6  999.9    23.3    10.2  999.9  999.9  110010
873490  20130515     9.1  8     4.1  8  1022.2  8   981.6  8   12.2  8    3.6  8    6.7  999.9    20.3     5.5    7.1G 999.9  010000
873490  20130516     6.4  8    -0.9  8  1027.8  8   986.4  8   16.3  8    1.4  8    4.1  999.9    14.1*   -6.8    0.0G 999.9  000000
873490  20130517     8.9  8    -1.5  8  1024.3  8   983.4  8   17.5  8    4.8  8    6.2  999.9    15.4*    1.8    0.0I 999.9  000000
873490  20130518    10.1  7     6.1  7  1022.2  7   981.6  7   14.5  7    2.7  7    4.6  999.9    16.3     5.8    7.1G 999.9  010010
873490  20130519     9.6  8     7.0  8  1023.7  8   982.9  8   10.8  8    1.9  8    4.1  999.9    15.2*    5.6    0.0G 999.9  100000
873490  20130520     9.8  8     6.1  8  1022.9  8   982.1  8    7.4  8    1.9  8    4.1  999.9    18.5*    2.4    0.0I 999.9  100000
873490  20130521     9.9  8     7.8  8  1018.7  8   978.3  8    8.9  8    3.1  8    5.1  999.9    18.9     4.4    0.0I 999.9  100000
873490  20130522     9.4  8     7.3  8  1022.1  8   981.3  8    5.6  8    1.0  8    2.6  999.9    15.6*    2.3    0.0I 999.9  100000
873490  20130523     9.9  8     5.5  8  1021.0  8   980.3  8   15.8  8    2.4  8    3.6  999.9    18.7*    1.4    0.0I 999.9  100000
873490  20130524    12.2  8     5.3  8  1021.5  8   981.1  8   12.1  8    1.2  8    2.1  999.9    23.1*    2.7    0.0I 999.9  000000
873490  20130525    12.3  8     5.4  8  1018.8  8   978.7  8   13.7  8    3.3  8    7.2  999.9    23.3     2.5    0.0I 999.9  000000
873490  20130526    12.9  8     6.9  8  1013.2  8   973.3  8   20.0  8    2.7  8    4.6  999.9    21.8     5.3    0.0I 999.9  000000
873490  20130527    12.6  8     7.8  8  1008.7  8   968.8  8   15.1  8    3.4  8   10.3  999.9    23.0*    4.0    0.0I 999.9  000000
873490  20130528    17.3  8     9.6  8  1000.2  8   961.2  8   11.3  8    2.9  8    5.1  999.9    24.4     5.2    0.0I 999.9  000000
873490  20130529    14.8  8     2.9  8  1010.9  8   971.4  8   14.3  8    2.8  8    5.1  999.9    24.3     8.1    0.0G 999.9  000000
873490  20130530    12.2  8     0.4  8  1015.5  8   975.4  8   17.9  8    2.6  8    5.1  999.9    23.7*    2.8    0.0I 999.9  000000
873490  20130531    17.0  8     3.2  8  1005.9  8   966.8  8   14.0  8    6.5  8   10.8  999.9    24.9*    5.5    0.0I 999.9  000000
873490  20130601    14.4  7     4.2  7  1012.3  7   972.7  7   13.7  7    2.2  7    4.6  999.9    24.8*    5.8    0.0I 999.9  000000
873490  20130602    12.7  8     0.5  8  1019.8  8   979.7  8   16.3  8    2.4  8    3.6  999.9    25.0     6.7    0.0I 999.9  000000
873490  20130603    10.9  8     0.1  8  1021.8  8   981.2  8   14.2  8    1.8  8    3.6  999.9    24.3*    1.7    0.0I 999.9  000000
873490  20130604    16.7  8     5.6  8  1016.2  8   976.5  8   14.3  8    3.5  8    4.6  999.9    26.3*    4.0    0.0I 999.9  000000
873490  20130605    14.7  8     4.9  8  1012.4  8   972.9  8   13.0  8    2.4  8    4.1  999.9    27.5     8.0    0.0I 999.9  000000
873490  20130606    11.4  8    -1.9  8  1022.3  8   982.0  8   15.1  8    3.0  8    4.1  999.9    24.5     2.2    0.0I 999.9  000000
873490  20130607    12.2  8    -1.5  8  1017.2  8   976.9  8   13.5  8    4.8  8    7.2  999.9    21.1*    4.1    0.0I 999.9  000000
873490  20130608    11.6  8     2.7  8  1024.5  8   984.1  8   12.2  8    3.1  8    4.6  999.9    22.4     3.7    0.0I 999.9  000000
873490  20130609    14.5  8     9.1  8  1018.3  8   978.2  8   15.0  8    1.5  8    2.6  999.9    19.8*    4.4    0.0I 999.9  000000
873490  20130610    14.0  8    10.0  8  1018.8  8   978.8  8   13.2  8    1.9  8    3.1  999.9    23.4*    6.5    0.0I 999.9  000000
873490  20130611    15.7  8    13.4  8  1018.3  8   978.6  8    4.8  8    2.9  8    5.7  999.9    24.6*    8.7    0.0I 999.9  100000
873490  20130612    18.8  8    13.8  8  1016.6  8   977.3  8   10.6  8    2.1  8    3.6  999.9    26.8*   10.8    0.0I 999.9  100000
873490  20130613    19.2  8    13.9  8  1015.1  8   976.0  8   15.8  8    1.6  8    3.6  999.9    27.5     9.2    0.0I 999.9  000000
873490  20130614    15.4  8    10.6  8  1020.1  8   980.5  8   12.6  8    3.1  8    6.2  999.9    28.4    10.2    0.0I 999.9  000000
873490  20130615    12.9  8     9.9  8  1018.4  8   978.2  8   15.9  8    3.7  8    7.7  999.9    18.6*    8.1    0.0G 999.9  010000
873490  20130616    12.9  8     8.6  8  1015.9  8   976.0  8    7.4  8    6.2  8   11.3  999.9    20.0    10.8    0.0B 999.9  010000
873490  20130617     7.7  8     0.8  8  1021.0  8   980.1  8   15.0  8    1.9  8    3.6  999.9    13.8     0.6    0.0G 999.9  000000
873490  20130618     9.6  8     4.1  8  1016.3  8   975.7  8   15.0  8    4.0  8    7.2  999.9    14.3     1.0    0.0I 999.9  000000
873490  20130619     6.3  8    -6.4  8  1027.5  8   986.3  8   16.9  8    2.5  8    3.6  999.9    15.8    -0.4    0.0I 999.9  000000
873490  20130620     6.4  8    -4.7  8  1026.0  8   984.7  8   13.7  8    1.8  8    3.6  999.9    11.1     0.4    0.0B 999.9  010000
873490  20130621     2.2  6    -3.1  6  1017.4  6   976.1  6   10.5  6    1.2  6    2.6  999.9    12.5*   -4.6    0.0I 999.9  000000
873490  20130622     8.6  7    -0.1  7  1014.0  7   973.5  7   18.8  7    3.0  7    6.2  999.9    18.7    -1.8    0.0I 999.9  000000
873490  20130623     8.2  8     2.0  8  1022.6  8   981.8  8   19.3  8    1.9  8    3.1  999.9    17.2     0.6    0.0I 999.9  000000
873490  20130624     7.3  8     2.4  8  1023.2  8   982.1  8   20.0  8    2.3  8    3.1  999.9    15.4    -0.1    0.0I 999.9  000000
873490  20130625     8.5  8     2.6  8  1019.8  8   979.0  8   14.0  8    1.6  8    2.1  999.9    18.7*   -0.1    0.0I 999.9  100000
873490  20130626    10.6  8     1.6  8  1017.4  8   977.0  8   13.5  8    3.7  8    6.2  999.9    21.5*   -0.5    0.0I 999.9  000000
873490  20130627    12.2  8     3.4  8  1012.3  8   972.3  8   13.7  8    7.2  8   11.3  999.9    21.6     1.0    0.0I 999.9  000000
873490  20130628    13.0  8     4.9  8  1008.6  8   968.9  8   14.0  8    2.8  8    7.2  999.9    22.3*    3.0    0.0I 999.9  000000
873490  20130629    12.1  8     0.8  8  1016.5  8   976.4  8   15.6  8    2.6  8    4.1  999.9    22.6     4.2    0.0I 999.9  000000
873490  20130630     9.9  8     4.3  8  1019.3  8   978.8  8   10.8  8    2.1  8    3.1  999.9    19.9     1.6    0.0I 999.9  000000
873490  20130701    11.3  8     5.2  8  1022.7  8   982.2  8   14.3  8    2.6  8    5.7  999.9    20.3*    2.3    0.0I 999.9  000000
873490  20130702    14.2  8    -2.0  8  1013.2  8   973.3  8   13.0  8    8.0  8   11.8  999.9    21.4*    3.3    0.0I 999.9  000000
873490  20130703    15.6  8     2.1  8  1007.3  8   968.0  8   14.0  8    6.4  8    8.2  999.9    23.5*    9.2    0.0I 999.9  000000
873490  20130704    15.1  8     6.4  8  1013.2  8   973.7  8   11.7  8    3.3  8    4.6  999.9    24.8    10.2    0.0I 999.9  000000
873490  20130705    12.7  8     9.0  8  1014.3  8   974.4  8    6.8  8    1.8  8    3.1  999.9    19.6     9.7    0.0E 999.9  010000
873490  20130706    11.4  6     7.9  6  1017.4  6   977.2  6   13.7  6    5.0  6    7.2  999.9    16.5     8.0    0.0G 999.9  110000
873490  20130707     8.8  8     4.3  8  1027.2  8   986.3  8   18.2  8    3.6  8    5.1  999.9    14.2     7.8*   0.0I 999.9  000000
873490  20130708     8.5  8     3.1  8  1030.2  8   989.0  8   20.0  8    2.8  8    5.7  999.9    12.2*    5.9    0.0I 999.9  000000
873490  20130709    11.7  8     5.1  8  1019.1  8   978.7  8   20.0  8    4.2  8    6.7  999.9    18.0*    6.4    0.0G 999.9  000000
873490  20130710    11.6  8     9.5  8  1015.8  8   975.6  8    6.0  8    3.1  8    7.7  999.9    18.5     7.4    0.0I 999.9  100000
873490  20130711    13.8  8    12.3  8  1015.1  8   975.3  8    6.9  8    2.6  8    5.1  999.9    18.4     8.8    0.0B 999.9  110000
873490  20130712     8.4 10     5.1 10  1023.3 10   982.6 10   14.5 10    2.5 10    5.7  999.9    16.8*    2.9    0.0G 999.9  000000
873490  20130713    10.1  8     5.2  8  1018.0  8   977.5  8   11.7  8    2.9  8    5.7  999.9    19.0*   -0.7    0.0I 999.9  000000
873490  20130714    12.3  8     1.7  8  1020.7  8   980.5  8    9.8  8    3.6  8    7.2  999.9    20.2     1.5    0.0I 999.9  000000
873490  20130715     8.6  8    -1.9  8  1023.3  8   982.4  8   10.8  8    1.5  8    3.1  999.9    19.6*   -0.7    0.0I 999.9  000000
873490  20130716    13.6  8     4.5  8  1016.5  8   976.4  8    9.8  8    2.5  8    5.7  999.9    26.9*    0.8    0.0I 999.9  000000
873490  20130717    15.5  8     7.1  8  1010.6  8   971.1  8   19.3  8    2.6  8    5.1  999.9    27.8     5.5    0.0I 999.9  000000
873490  20130718    10.3  8     3.8  8  1017.2  8   977.2  8   10.8  8    7.0  8   11.8  999.9    17.7*    6.7*   0.0I 999.9  000000
873490  20130719     5.6  8    -2.8  8  1026.2  8   984.8  8   18.8  8    2.8  8    4.6  999.9     8.6     2.8    0.0I 999.9  000000
873490  20130720     5.6  8    -4.3  8  1013.8  8   972.8  8   16.6  8    4.2  8    8.2  999.9    12.9*   -3.0    0.0I 999.9  000000
873490  20130721     5.5  8    -8.4  8  1023.3  7   982.0  7   13.7  8    6.2  8   10.3  999.9    13.5    -1.9    0.0I 999.9  000000
873490  20130722     4.6  8    -8.4  8  1029.4  8   987.7  8   19.0  8    5.5  8    7.7  999.9     9.7    -0.9    0.0I 999.9  000000
873490  20130723     1.9  8    -8.9  8  1028.3  8   986.4  8   13.2  8    1.5  8    2.1  999.9     9.7*   -5.9    0.0I 999.9  000000
873490  20130724     5.6  8    -4.6  8  1028.9  8   987.3  8   15.4  8    1.9  8    3.1  999.9    14.4*   -4.4    0.0I 999.9  000000
873490  20130725     9.5  8    -3.2  8  1022.5  8   981.5  8   11.3  8    4.7  8    6.2  999.9    20.4*   -1.4    0.0I 999.9  000000
873490  20130726     8.8  8    -4.2  8  1019.5  8   978.9  8    8.5  8    6.9  8    9.3  999.9    20.8     2.3    0.0I 999.9  000000
873490  20130727    10.9  8    -2.1  8  1021.2  8   980.5  8   11.9  8    3.2  8    5.1  999.9    20.9*    0.8    0.0I 999.9  000000
873490  20130728    10.9  8     0.4  8  1021.5  8   981.0  8   11.6  8    2.4  8    5.1  999.9    23.0*    0.7    0.0I 999.9  000000
873490  20130729    12.7  8     5.4  8  1020.6  8   980.4  8   15.0  8    2.1  8    4.6  999.9    23.5     2.5    0.0I 999.9  000000
873490  20130730    16.9  8     9.9  8  1014.5  8   975.0  8   13.5  8    3.4  8    8.2  999.9    26.0*    4.3    0.0I 999.9  000000
873490  20130731    14.9  8    10.1  8  1012.5  8   973.1  8    6.0  8    3.9  8    6.7  999.9    26.5     9.6    0.0I 999.9  000000
873490  20130801    10.7  7     4.9  7  1017.7  7   977.5  7   12.4  7    5.4  7    7.7  999.9    12.8     7.0    0.0I 999.9  000000
873490  20130802     9.8  8     2.4  8  1021.9  8   981.1  8   15.6  8    3.2  8    5.1  999.9    16.4*    1.2    0.0I 999.9  000000
873490  20130803     9.6  8     3.8  8  1016.9  8   976.5  8   13.2  8    4.7  8   10.8  999.9    17.0     3.0    0.0I 999.9  000000
873490  20130804    10.6  8     2.3  8  1019.6  8   979.0  8   13.2  8    3.0  8    7.2  999.9    20.8*    1.1    0.0I 999.9  000000
873490  20130805    15.6  8     1.7  8  1014.1  8   974.4  8   13.8  8    5.2  8    7.7  999.9    25.0*    4.0    0.0I 999.9  000000
873490  20130806    12.3  8     1.9  8  1018.4  8   978.3  8   10.3  8    3.9  8    8.8  999.9    27.8     3.2    0.0I 999.9  000000
873490  20130807    16.9  8     4.0  8  1003.3  8   964.2  8    6.6  8    6.2  8   10.3  999.9    22.4*    4.4    0.0I 999.9  000000
873490  20130808    11.8  8    -3.2  8  1016.7  8   976.8  8    6.8  8    4.8  8   10.8  999.9    24.3     8.7    0.0I 999.9  000000
873490  20130809    10.2  8    -9.0  8  1028.8  8   987.8  8   10.9  8    3.5  8    5.7  999.9    14.8*    6.2    0.0I 999.9  000000
873490  20130810     9.3  8    -7.9  8  1025.9  8   984.9  8   17.5  8    5.0  8    9.8  999.9    18.4*    0.8    0.0I 999.9  000000
873490  20130811    10.9  8    -5.9  8  1013.3  8   973.0  8   14.2  8    4.1  8    7.7  999.9    22.7*   -1.1    0.0I 999.9  000000
873490  20130812    11.3  8    -0.7  8  1016.7  8   976.5  8   13.5  8    5.1  8    7.2  999.9    23.7     3.4    0.0I 999.9  000000
873490  20130813     7.4  8    -0.7  8  1029.5  8   988.4  8   10.6  8    3.0  8    5.7  999.9    17.0     1.6    0.0G 999.9  010000
873490  20130814     5.1  8    -4.7  8  1033.7  8   991.8  8   15.0  8    3.6  8    7.2  999.9    15.2*   -5.3    0.0I 999.9  000000
873490  20130815    10.4  8    -8.6  8  1020.0  8   979.3  8   12.2  8    8.5  8   12.9  999.9    20.4*    0.4    0.0I 999.9  000000
873490  20130816    11.9  7   -10.8  7  1023.8  7   983.3  7   11.4  7    5.5  7    8.2  999.9    21.6     1.2    0.0I 999.9  000000
873490  20130817     8.2  7    -4.7  7  1027.1  7   986.1  7   13.4  7    3.5  7    7.2  999.9    18.8*   -1.8    0.0I 999.9  000000
873490  20130818    12.7  8    -1.2  8  1019.0  8   978.7  8   10.9  8    5.1  8    9.3  999.9    22.8*    1.3    0.0I 999.9  000000
873490  20130819    16.9  8     1.3  8  1012.8  8   973.4  8   12.9  8    3.9  8    5.7  999.9    27.4*    7.7    0.0I 999.9  000000
873490  20130820    16.1  8     4.2  8  1013.5  8   974.1  8   11.4  8    2.5  8    4.1  999.9    28.0     6.6    0.0I 999.9  000000
873490  20130821    17.9  8    10.3  8  1008.8  8   969.7  8    7.7  8    2.6  8    5.1  999.9    26.5     8.6    0.0I 999.9  000000
873490  20130822    12.0  8    -7.7  8  1018.1  8   978.3  8    6.0  8    5.5  8   11.8  999.9    27.0     6.6    0.0I 999.9  000000
873490  20130823     5.2  7    -9.3  7  1026.6  7   985.2  7   13.0  7    2.2  7    4.1  999.9    10.5*   -0.2    0.0I 999.9  000000
873490  20130824     6.0  8    -6.7  8  1030.1  8   988.5  8   15.4  8    2.2  8    3.1  999.9    11.0*    1.6    0.0I 999.9  000000
873490  20130825     5.6  8    -4.3  8  1033.5  8   991.7  8   15.0  8    2.3  8    3.6  999.9    13.1    -3.8    0.0I 999.9  000000
873490  20130826     6.4  8    -2.7  8  1034.2  8   992.5  8   15.0  8    2.3  8    4.1  999.9    13.2*   -2.2    0.0I 999.9  000000
873490  20130827    10.0  8    -4.3  8  1026.7  8   985.7  8   15.0  8    4.6  8    6.2  999.9    21.7*   -0.3    0.0I 999.9  000000
873490  20130828    15.4  8    -3.1  8  1020.9  8   980.9  8    8.2  8    3.0  8    7.2  999.9    28.6*    3.5    0.0I 999.9  000000
873490  20130829    17.3  7    -3.4  7  1014.9  7   975.6  7   10.0  7    5.3  7   10.3  999.9    30.6*    7.2    0.0I 999.9  000000
873490  20130830    20.1  8    -4.0  8  1009.7  8   970.9  8    8.5  8    5.7  8    9.3  999.9    31.8*    6.7    0.0I 999.9  000000
873490  20130831    20.6  8    -2.6  8  1009.0  8   970.2  8    9.5  8    3.6  8    5.1  999.9    32.5     5.8    0.0I 999.9  000000
873490  20130901    18.6  8     1.9  8  1011.7  8   972.7  8   14.3  8    2.7  8    3.6  999.9    32.0     6.2    0.0I 999.9  000000
873490  20130902    17.4  8     5.5  8  1012.3  8   973.2  8    8.9  8    2.9  8    4.6  999.9    28.7    11.4    0.0I 999.9  000000
873490  20130903    13.8  8     2.0  8  1024.1  8   984.1  8   14.2  8    4.3  8    6.2  999.9    24.5     6.5    0.0I 999.9  000000
873490  20130904    11.2  8    -1.6  8  1023.6  8   983.0  8   16.7  8    5.6  8    9.3  999.9    18.0*    5.1    0.0I 999.9  000000
873490  20130905    16.7  8     1.6  8  1014.8  8   975.2  8    8.0  8    4.6  8    7.2  999.9    27.3*    9.7    0.0I 999.9  000000
873490  20130906    19.3  8     8.7  8  1013.1  8   974.0  8    9.0  8    3.3  8    7.2  999.9    29.8*    8.9    0.0I 999.9  000000
873490  20130907    22.9  8    12.5  8  1007.3  8   968.9  8   13.7  8    2.7  8    4.6  999.9    31.4    14.4    0.0I 999.9  000000
873490  20130908    21.3  8    10.3  8  1016.1  8   977.2  8   15.6  8    3.8  8    6.2  999.9    30.5    13.4    0.0I 999.9  000000
873490  20130909    25.6  8     6.3  8  1010.1  8   971.8  8   13.0  8    7.3  8   12.4  999.9    37.0*   15.7    0.0I 999.9  000000
873490  20130910    30.1  8     6.1  8  1003.3  8   965.9  8    7.9  8    7.5  8   12.4  999.9    39.5*   21.1    0.0I 999.9  000000
873490  20130911    22.8  8     5.7  8  1005.7  8   967.7  8    9.0  8    4.9  8    6.7  999.9    30.9*   15.7    0.0I 999.9  000000
873490  20130912    16.1  7     6.8  7  1009.4  7   970.3  7   11.7  7    6.8  7    9.3  999.9    27.8    10.7    0.0I 999.9  000000
873490  20130913    11.2  8     3.1  8  1022.0  8   981.6  8    7.2  8    7.7  8    9.3  999.9    18.0     8.0    0.0I 999.9  000000
873490  20130914     9.6  8     3.7  8  1023.6  8   982.9  8   10.8  8    3.8  8    4.6  999.9    15.5     7.8    0.0I 999.9  000000
873490  20130915     9.7  8     3.7  8  1022.1  8   981.4  8   16.1  8    3.9  8    6.7  999.9    13.7*    6.7    0.0I 999.9  000000
873490  20130916     7.0  8    -0.8  8  1022.5  8   981.5  8   15.4  8    6.5  8    7.7  999.9    14.5     3.6    0.0I 999.9  000000
873490  20130917     8.1  8    -5.1  8  1024.5  8   983.3  8   17.5  8    3.6  8    5.1  999.9    14.4*    0.1    0.0I 999.9  000000
873490  20130918    11.0  8    -6.5  8  1021.7  8   981.1  8   20.0  8    2.2  8    3.1  999.9    19.9*    4.2    0.0I 999.9  000000
873490  20130919    14.3  8    -3.1  8  1018.7  8   978.7  8   12.1  8    5.3  8   11.3  999.9    21.9*    5.1    0.0I 999.9  000000
873490  20130920    14.7  7    -1.2  7  1010.2  7   970.6  7    9.8  7    3.4  7    4.1  999.9    25.4*    3.5    0.0I 999.9  000000
873490  20130921    12.1  8    -0.9  8  1014.9  8   975.1  8    7.6  8    6.4  8   10.3  999.9    25.8     8.3    0.0I 999.9  000000
873490  20130922    10.3  8    -2.1  8  1024.6  8   983.8  8   18.2  8    3.3  8    5.1  999.9    16.2*    4.0    0.3G 999.9  010000
873490  20130923     8.7  8    -3.2  8  1031.3  8   990.2  8   20.0  8    3.1  8    6.2  999.9    17.8    -0.1    0.0G 999.9  000000
873490  20130924     7.7  8    -5.0  8  1031.7  8   990.3  8   13.4  8    2.7  8    5.1  999.9    17.0*   -2.4    0.0I 999.9  000000
873490  20130925    10.7  8    -1.6  8  1024.9  8   984.2  8   16.3  8    5.4  8    8.8  999.9    17.6*    3.2    0.0I 999.9  000000
873490  20130926    13.9  8     2.8  8  1017.3  8   977.3  8   19.3  8    4.9  8    8.8  999.9    22.7*    6.5    0.0I 999.9  000000
873490  20130927    15.4  8     3.7  8  1015.2  8   975.5  8   12.7  8    2.8  8    5.7  999.9    24.9*    4.5    0.0I 999.9  000000
873490  20130928    11.4  8     3.1  8  1019.0  8   979.0  8   12.1  8    6.5  8    8.8  999.9    25.6     4.5    0.5G 999.9  010010
873490  20130929    11.1  8    -1.5  8  1023.4  8   982.7  8   15.0  8    3.8  8    7.2  999.9    18.0*    2.8    0.0G 999.9  000000
873490  20130930    13.1  8     1.4  8  1020.8  8   980.5  8   17.5  8    3.8  8    7.2  999.9    20.2*    5.1    0.0I 999.9  000000
873490  20131001    13.4  8     3.9  8  1018.3  8   978.3  8   20.0  8    2.3  8    3.6  999.9    21.6*    5.8    0.0I 999.9  000000
873490  20131002    14.9  8     4.0  8  1017.0  8   977.2  8   20.0  8    3.2  8    6.2  999.9    22.6*    4.4    0.0I 999.9  000000
873490  20131003    14.7  8     6.2  8  1018.0  8   978.3  8   16.3  8    4.3  8    8.8  999.9    23.6    10.7    2.0G 999.9  010000
873490  20131004    14.2  8     3.7  8  1024.0  8   983.8  8   20.0  8    3.8  8    6.2  999.9    21.4*    5.9    0.0G 999.9  000000
873490  20131005    15.8  8     4.7  8  1020.8  8   980.9  8   16.1  8    3.6  8    6.2  999.9    24.9*    6.0    0.0I 999.9  000000
873490  20131006    17.7  8     4.6  8  1021.3  8   981.6  8   17.5  8    3.3  8    6.2  999.9    26.4*    7.7    0.0I 999.9  000000
873490  20131007    17.8  8     4.6  8  1021.0  8   981.5  8   11.4  8    3.7  8    8.2  999.9    26.6     7.3    0.0I 999.9  000000
873490  20131008    20.6  8     5.8  8  1015.1  8   976.1  8    9.2  8    4.5  8    9.3  999.9    30.2*   10.7    0.0I 999.9  000000
873490  20131009    21.8  8     7.0  8  1011.2  8   972.6  8    7.6  8    5.7  8    9.8  999.9    31.3    15.8    0.0I 999.9  000000
873490  20131010    19.2  8     3.4  8  1016.5  8   977.4  8   18.8  8    3.0  8    4.6  999.9    25.9    11.6    0.0G 999.9  000010
873490  20131011    18.7  8    15.6  8  1015.9  8   976.8  8   20.0  8    3.1  8    6.7  999.9    26.7    15.2    0.0G 999.9  000000
873490  20131012    18.5  7    15.4  7  1016.4  7   977.1  7   16.1  7    4.1  7    6.2  999.9    22.2    15.6*  24.9B 999.9  010000
873490  20131013    19.9  8    14.6  8  1014.9  8   975.7  8   15.0  8    2.6  8    5.7  999.9    26.6*   12.8    0.0G 999.9  100000
873490  20131014    21.0  8    15.3  8  1016.1  8   977.1  8   15.0  8    3.4  8    6.2  999.9    28.0    14.0   16.0G 999.9  000010
873490  20131015    23.2  8    14.4  8  1016.3  8   977.6  8   15.9  8    3.6  8    8.2  999.9    29.6*   15.5    0.0G 999.9  000000
873490  20131016    21.2  8    12.7  8  1015.7  8   976.9  8   18.2  8    3.6  8    7.7  999.9    30.3    17.0  999.9  999.9  010010
873490  20131017    19.6  8    12.7  8  1016.1  8   976.9  8   20.0  8    2.6  8    3.6  999.9    27.9*   11.8    7.9G 999.9  000000
873490  20131018    22.1  8    13.0  8  1013.1  8   974.3  8   20.0  8    2.5  8    4.6  999.9    30.2*   14.0    0.0G 999.9  000000
873490  20131019    26.2  7    11.1  7  1006.1  7   967.9  7   13.5  7    5.6  7    9.8  999.9    34.1*   17.0    0.0I 999.9  000000
873490  20131020    25.9  8     7.7  8   999.0  8   961.4  8    8.7  8    7.4  8    9.3  999.9    34.7    20.6    0.0I 999.9  000000
873490  20131021    19.6  8     2.7  8  1014.2  8   975.3  8   10.3  8    3.6  8    6.2  999.9    28.8    12.3    0.0I 999.9  000000
873490  20131022    19.5  8     3.8  8  1009.3  8   970.4  8   18.2  8    5.5  8   10.3  999.9    29.5*   11.4    0.0I 999.9  000000
873490  20131023    21.8  8     7.7  8  1007.2  8   968.8  8   15.9  8    5.8  8    9.3  999.9    30.5    16.7    0.0I 999.9  000000
873490  20131024    17.9  6     2.7  6  1021.8  6   982.3  6   18.7  6    3.8  6    4.6  999.9    25.3    13.6*   0.0I 999.9  000000
873490  20131025    17.6  7     3.8  7  1020.0  7   980.4  7   15.8  7    3.3  7   17.5  999.9    22.4    12.9    0.0I 999.9  000000
873490  20131026    20.6  8     8.9  8  1014.6  8   975.5  8   16.9  8    2.9  8    4.6  999.9    28.5*   11.8    0.0I 999.9  000000
873490  20131027    22.7  8     8.8  8  1017.0  8   978.2  8   18.8  8    3.6  8    6.2  999.9    30.4*   13.3    0.0I 999.9  000000
873490  20131028    22.3  8     7.4  8  1013.2  8   974.6  8   12.6  8    6.2  8    9.8  999.9    30.9    12.1    0.0I 999.9  000000
873490  20131029    25.4  7    10.6  7  1008.7  7   970.4  7    8.5  7    4.6  7    6.2  999.9    33.7*   15.3    0.0I 999.9  000010
873490  20131030    24.5  8    14.3  8  1008.8  8   970.6  8   14.6  8    3.4  8    6.7  999.9    34.3    15.9    7.1G 999.9  010010
873490  20131031    21.1  7    16.7  7  1005.3  7   967.1  7   10.9  7    3.1  7    6.2  999.9    33.5    17.5    7.1G 999.9  010010
873490  20131101    17.7  8    16.2  8  1009.4  8   970.4  8    6.1  8    5.5  8    8.8  999.9    23.3    14.8   85.1G 999.9  010010
873490  20131102    19.6  8     8.2  8  1017.1  8   977.8  8   16.9  8    5.1  8    7.2  999.9    23.6*   14.5    0.0G 999.9  010000
873490  20131103    18.2  7     7.7  7  1018.7  7   979.3  7   20.0  7    1.9  7    2.6  999.9    27.0*   10.3    0.0I 999.9  000000
873490  20131104    20.8  8     8.7  8  1016.9  8   977.8  8   16.7  8    4.7  8    7.2  999.9    27.5    14.0    0.0I 999.9  000000
873490  20131105    20.8  8     9.9  8  1016.2  8   977.2  8   20.0  8    4.8  8    8.2  999.9    28.4*   11.8    0.0I 999.9  000000
873490  20131106    22.5  8    12.2  8  1011.5  8   972.9  8   14.8  8    6.5  8   10.8  999.9    30.6*   13.4    0.0I 999.9  000000
873490  20131107    20.6  8    12.6  8  1011.8  8   973.2  8   13.7  8    4.5  8    7.2  999.9    31.5    15.9    0.0I 999.9  000000
873490  20131108    17.6  8    15.5  8  1011.8  8   972.8  8   10.1  8    2.3  8    3.6  999.9    25.2    15.3    3.0G 999.9  010010
873490  20131109    18.1  8    17.6  8  1006.9  8   967.9  8    3.4  8    1.5  8    2.6  999.9    19.2*   15.5    3.0G 999.9  010000
873490  20131110    17.1  8    15.7  8  1006.0  8   967.0  8    8.7  8    4.4  8    7.7  999.9    19.9    13.6    5.1G 999.9  010010
873490  20131111    18.3  8    11.1  8  1010.8  8   971.5  8   13.7  8    4.1  8    6.2  999.9    25.0*   13.8    4.1G 999.9  010000
873490  20131112    21.2  8    11.0  8  1010.5  8   971.6  8   20.0  8    3.7  8    6.7  999.9    29.7*   11.4    0.0G 999.9  000000
873490  20131113    22.9  8    12.7  8  1010.6  8   972.2  8   20.0  8    5.8  8    8.8  999.9    30.4*   16.2    0.0I 999.9  000000
