871780  20130101    24.8 23    20.8 23  1013.9  7   999.6  7   12.6 23    3.2 23    6.2  999.9    30.0*   21.0*   5.1G 999.9  010010
871780  20130102    21.4 24    13.1 24  1017.3  7  1002.7  7   13.2 24    2.8 23    5.1  999.9    27.2*   15.3    0.0G 999.9  000000
871780  20130103    24.4 22    16.9 22  1015.2  8  1000.8  8   13.8 22    1.5 22    2.6  999.9    32.5*   17.4    0.0I 999.9  000000
871780  20130104    27.8 24    22.2 24  1013.4  8   999.1  8   13.4 24    1.8 24    5.1  999.9    34.0*   23.3    0.0I 999.9  000000
871780  20130105    26.2 20    22.4 20  1010.1  8   995.9  8   13.5 20    3.6 20    7.7  999.9    34.0    22.0* 999.9  999.9  010010
871780  20130106    24.4 24    21.7 24  1008.3  8   993.9  8   13.2 24    1.6 24    6.2  999.9    31.3    19.3   16.0G 999.9  010010
871780  20130107    24.5 22    21.8 22  1004.3  8   990.0  8   13.2 22    2.0 22    7.7  999.9    29.0    21.6   20.1G 999.9  010010
871780  20130108    26.7 24    22.4 24  1006.3  8   992.0  8   12.6 24    1.2 24    4.1  999.9    32.0*   22.2   35.1G 999.9  000000
871780  20130109    27.9 24    22.0 24  1011.1  8   996.9  8   13.7 24    2.5 24    4.1  999.9    33.0*   23.5    0.0G 999.9  000000
871780  20130110    28.2 24    18.7 24  1013.5  8   999.2  8   13.2 24    2.1 24    4.1  999.9    35.0*   21.9    0.0I 999.9  000000
871780  20130111    26.8 22    16.9 22  1012.3  8   998.0  8   13.8 22    2.5 22    4.1  999.9    35.2    19.8    0.0I 999.9  000000
871780  20130112    26.7 21    16.2 21  1009.6  8   995.3  8   14.0 21    1.4 21    3.1  999.9    33.3    20.0*   0.0I 999.9  000000
871780  20130113    27.5 24    17.6 24  1011.0  8   996.8  8   13.7 24    1.3 24    3.6  999.9    33.0*   21.7    0.0I 999.9  000000
871780  20130114    28.3 24    18.0 24  1011.0  8   996.8  8   13.5 24    1.4 24    4.1  999.9    34.0*   21.9    0.0I 999.9  000000
871780  20130115    27.2 20    20.0 20  1008.4  6   994.2  6   13.0 20    1.9 20    7.7  999.9    34.5    22.8  999.9  999.9  010010
871780  20130116    25.7 23    19.0 23  1006.9  8   992.6  8   13.5 23    1.2 23    2.6  999.9    34.0    19.9    4.1G 999.9  000000
871780  20130117    28.8 24    20.0 24  1008.1  6   994.0  6   12.7 24    1.6 24    3.6  999.9    35.0*   23.3    0.0G 999.9  000000
871780  20130118    28.2 24    19.7 24  1009.3  8   995.2  8   13.5 24    1.9 24    3.6  999.9    35.0    22.8    0.0I 999.9  000000
871780  20130119    26.9 24    16.9 24  1011.8  8   997.6  8   13.5 24    2.2 24    2.6  999.9    33.0    21.7    0.0I 999.9  000000
871780  20130120    26.3 24    16.1 24  1014.0  8   999.7  8   13.5 24    2.1 23    4.1  999.9    32.5    20.7    0.0I 999.9  000000
871780  20130121    26.2 24    16.9 24  1014.4  8  1000.0  8   13.5 24    1.9 24    4.1  999.9    33.0*   20.0    0.0I 999.9  000000
871780  20130122    26.4 24    18.5 24  1015.0  8  1000.7  8   13.4 24    1.6 24    5.1  999.9    33.5    23.3    0.3G 999.9  010000
871780  20130123    28.3 24    18.8 24  1012.4  7   998.1  7   12.6 24    2.5 24   15.4  999.9    35.0*   21.7    0.0G 999.9  000000
871780  20130124    29.4 23    19.7 23  1007.1  8   993.0  8   12.6 23    1.7 23    5.1  999.9    37.0*   24.0    0.0I 999.9  000000
871780  20130125    23.8 22    19.9 22  1008.5  6   994.2  6   12.4 22    4.5 22    9.3  999.9    27.3*   20.7   22.1G 999.9  010010
871780  20130126    22.1 24    11.4 24  1013.7  8   999.2  8   13.2 24    3.2 24    6.2  999.9    27.5    16.0*   0.0G 999.9  000000
871780  20130127    22.9 24    12.4 24  1013.9  8   999.4  8   13.2 24    2.4 24    4.1  999.9    30.4*   16.0*   0.0I 999.9  000000
871780  20130128    27.3 23    15.8 23  1013.2  6   998.8  6   12.1 23    1.4 22    2.6  999.9    35.0*   20.0*   0.0I 999.9  000000
871780  20130129    30.4 22    18.8 22  1012.1  7   997.9  7   13.4 22    2.2 21    4.1  999.9    37.0*   20.0    0.0I 999.9  000000
871780  20130130    30.7 24    20.2 24  1010.8  8   996.7  8   13.0 24    1.1 24    4.1  999.9    37.1    24.5    0.0I 999.9  000000
871780  20130131    30.9 24    21.2 24  1008.6  8   994.5  8   13.0 24    1.5 24    4.1  999.9    37.5*   24.6    0.0I 999.9  000000
871780  20130201    31.4 24    21.9 24  1007.4  8   993.4  8   13.2 24    1.6 24    2.6  999.9    38.0*   24.6    0.0I 999.9  000000
871780  20130202    29.4 21    22.8 21  1008.9  8   994.8  8   13.8 21    2.3 21    7.7  999.9    38.5    26.9  999.9  999.9  010010
871780  20130203    27.5 21    21.2 21  1010.7  8   996.4  8   14.2 21    2.2 21    6.2  999.9    35.5    23.0*   0.0I 999.9  000000
871780  20130204    25.1 24    15.8 24  1011.5  8   997.2  8   13.4 24    1.9 24    4.1  999.9    32.1    19.7    0.0I 999.9  000000
871780  20130205    25.3 24    13.3 24  1011.1  8   996.8  8   13.2 24    2.9 24   18.5  999.9    32.0*   18.9    0.0I 999.9  000000
871780  20130206    26.7 24    16.8 24  1010.2  8   995.9  8   13.7 24    3.1 24    5.7  999.9    34.0*   20.0*   0.0I 999.9  000000
871780  20130207    27.3 24    18.0 24  1010.9  8   996.7  8   13.5 24    2.7 24    5.1  999.9    35.0*   20.9    0.0I 999.9  000010
871780  20130208    25.8 24    18.2 24  1010.7  8   996.4  8   13.7 24    2.1 24    3.6  999.9    35.0    21.0* 999.9  999.9  010010
871780  20130209    26.4 24    19.5 23  1009.9  7   995.6  7   12.9 24    1.6 24    4.6  999.9    31.3*   22.3  999.9  999.9  010000
871780  20130210    26.6 24    19.7 24  1009.1  8   994.8  8   12.4 24    3.5 24   10.3  999.9    33.0    22.8    0.0G 999.9  000010
871780  20130211    25.4 24    20.9 24  1008.4  8   994.1  8   13.7 24    1.3 24    3.6  999.9    32.5    23.0*   1.0G 999.9  010000
871780  20130212    27.2 24    19.8 24  1007.2  8   993.0  8   13.7 24    2.4 24    5.1  999.9    32.3*   23.0    1.0G 999.9  000000
871780  20130213    27.4 23    21.6 23  1008.0  7   993.6  7   12.1 23    2.3 23    5.1  999.9    33.0*   23.9    0.0G 999.9  000000
871780  20130214    26.7 24    21.6 24  1009.2  8   994.9  8   13.8 24    2.4 24    5.1  999.9    35.5    22.9    0.0I 999.9  000000
871780  20130215    27.4 23    21.6 23  1009.4  8   995.2  8   13.7 23    1.5 23    3.1  999.9    33.2*   22.9    0.0I 999.9  000000
871780  20130216    29.1 24    22.0 24  1007.4  8   993.1  7   13.0 24    2.1 24    4.1  999.9    36.0*   24.0    0.0I 999.9  000000
871780  20130217    28.8 22    21.6 22  1006.0  7   991.9  7   13.4 22    4.2 22   15.4   20.6    37.0*   21.0* 999.9  999.9  010010
871780  20130218    23.9 24    20.9 24  1009.7  8   995.4  8   13.0 24    4.6 24    9.3  999.9    37.5    20.0    7.9G 999.9  010010
871780  20130219    25.4 24    21.6 24  1012.0  8   997.7  8   13.8 24    1.8 24    5.1  999.9    31.0*   21.3   10.9G 999.9  010000
871780  20130220    28.4 22    23.1 22  1010.8  8   996.6  8   14.2 22    3.4 22    6.2  999.9    33.1*   23.7    0.0G 999.9  000010
871780  20130221    26.0 22    22.1 22  1011.6  8   997.4  8   13.8 22    3.1 22    5.7  999.9    33.5    23.7    0.5G 999.9  010010
871780  20130222    25.6 23    18.5 23  1014.7  7  1000.3  7   13.5 23    1.9 23    3.1  999.9    33.0*   19.9    0.0G 999.9  000000
871780  20130223    27.3 24    18.6 24  1012.3  8   998.0  8   13.5 24    2.7 24    5.1  999.9    35.0*   20.7    0.0I 999.9  000000
871780  20130224    29.4 24    21.0 24  1008.6  8   994.5  8   13.5 24    3.8 24    9.3  999.9    35.0*   24.0    0.0I 999.9  000000
871780  20130225    25.6 23    21.6 23  1008.7  8   994.5  8   12.9 23    3.0 23    5.1  999.9    35.5    21.6   15.0G 999.9  010010
871780  20130226    23.0 24    15.1 24  1013.2  8   998.7  8   13.4 24    3.0 24    5.7  999.9    28.5*   17.4    4.1G 999.9  000000
871780  20130227    21.8 24    11.4 24  1015.6  8  1001.0  8   13.2 24    2.5 24    3.1  999.9    29.0*   14.8    0.0G 999.9  000000
871780  20130228    24.7 22    12.9 22  1013.0  7   998.6  7   13.0 22    2.2 22    2.6  999.9    34.0*   16.1    0.0I 999.9  000000
871780  20130301    28.4 24    17.8 24  1009.8  8   995.6  8   13.5 24    2.9 24    5.7  999.9    37.0*   20.6    0.0I 999.9  000000
871780  20130302    29.0 23    20.7 23  1008.4  8   994.4  8   12.6 23    3.9 23    5.1  999.9    36.6    24.0    0.0I 999.9  000000
871780  20130303    25.7 22    22.2 22  1010.9  8   996.6  8   11.9 22    1.4 22    3.1  999.9    33.5    22.0*   1.0G 999.9  010010
871780  20130304    21.6 24    18.2 24  1014.0  8   998.9  8   12.9 24    2.5 24    5.7  999.9    25.5    18.8   23.9G 999.9  010010
871780  20130305    20.8 24    14.4 24  1013.6  8   999.0  8   13.7 24    1.9 24    5.7  999.9    26.1*   15.7    0.0G 999.9  010010
871780  20130306    22.4 24    14.9 24  1011.3  7   996.9  8   12.2 24    1.0 24    2.1  999.9    30.0*   15.0*   0.0I 999.9  100000
871780  20130307    24.2 23    18.1 23  1011.6  7   997.1  7   13.2 23    2.1 23    3.6  999.9    30.5    18.0    2.0A 999.9  000000
871780  20130308    25.3 24    21.6 24  1012.1  8   997.5  8   13.7 24    2.8 24    5.1  999.9    30.0*   22.0*   0.0A 999.9  000000
871780  20130309    22.2 24    20.9 24  1011.4  8   996.9  8   11.6 24    2.8 24   11.3  999.9    30.4    20.4  118.1G 999.9  010010
871780  20130310    21.8 24    20.3 24  1008.6  8   994.2  8   11.7 24    1.9 24    3.6  999.9    24.0*   20.0*  46.0G 999.9  010010
871780  20130311    24.3 24    20.8 24  1007.9  7   993.5  7   13.2 24    1.1 23    2.6  999.9    31.0*   20.0    8.9G 999.9  000000
871780  20130312    22.3 24    20.8 24  1006.0  8   991.6  8    9.8 24    2.7 24    5.1  999.9    30.8    19.0*  22.1G 999.9  010010
871780  20130313    21.7 23    17.5 23  1009.9  8   995.3  8   14.2 23    3.0 23    4.6  999.9    27.0*   18.5*  49.0G 999.9  000000
871780  20130314    21.1 24    16.2 24  1013.8  8   999.3  8   13.7 24    2.6 24    4.1  999.9    27.5    10.4    0.0G 999.9  000000
871780  20130315    22.7 23    17.5 23  1014.8  7  1000.2  7   13.4 23    2.8 23    3.6  999.9    28.4*   18.0*   0.0I 999.9  000000
871780  20130316    21.8 24    17.3 24  1017.7  8  1003.1  8   14.0 24    4.0 24    5.1  999.9    28.5    18.8    0.0G 999.9  010000
871780  20130317    20.3 23    15.8 23  1018.3  8  1003.7  8   14.0 23    2.3 23    3.6  999.9    25.5    16.5    0.0I 999.9  000000
871780  20130318    21.9 24    16.5 24  1016.0  8  1001.3  8   13.5 24    3.0 24    5.1  999.9    28.0*   16.7  999.9  999.9  010010
871780  20130319    21.3 24    18.7 24  1014.3  8   999.8  8   12.4 24    2.9 24    4.1  999.9    28.3    19.2*   0.3G 999.9  010010
871780  20130320    21.0 24    19.3 24  1009.3  8   994.7  8   11.7 24    2.2 24    7.7  999.9    25.0*   17.5   58.9G 999.9  010010
871780  20130321    22.8 24    17.9 24  1011.0  8   996.5  8   14.0 24    2.7 24    5.1  999.9    27.0*   19.3   23.9G 999.9  000000
871780  20130322    22.9 24    16.5 24  1015.9  8  1001.4  8   13.5 24    2.3 24    5.1  999.9    29.0*   17.2    0.0G 999.9  000000
871780  20130323    22.9 24    14.4 24  1015.4  8  1000.9  8   13.2 24    2.4 24    5.1  999.9    29.0    16.2    0.0I 999.9  000000
871780  20130324    23.6 24    15.4 24  1011.3  8   996.9  8   13.8 24    3.3 24    7.7  999.9    29.5    19.4    0.0I 999.9  000000
871780  20130325    22.8 22    16.4 22  1010.9  8   996.4  8   13.7 22    1.9 22    3.1  999.9    29.0*   17.3    0.0I 999.9  000000
871780  20130326    24.2 24    15.3 24  1015.3  8  1000.8  8   13.5 24    2.4 24    5.1  999.9    29.4*   18.2    0.0I 999.9  000000
871780  20130327    21.8 24    13.1 24  1017.3  8  1002.7  8   13.5 24    2.0 24    5.1  999.9    29.7    15.5    0.0I 999.9  000000
871780  20130328    21.6 24    13.8 24  1017.8  8  1003.2  8   13.4 24    2.7 24    5.1  999.9    29.0*   15.4    0.0I 999.9  000000
871780  20130329    23.6 24    16.1 24  1016.6  8  1002.1  8   13.5 24    2.5 24    4.1  999.9    31.0*   17.8    0.0I 999.9  000000
871780  20130330    24.9 24    17.8 24  1015.6  8  1001.2  8   13.7 24    1.5 24    7.7  999.9    31.5    19.5    0.0I 999.9  000000
871780  20130331    25.9 24    18.4 24  1014.4  8  1000.0  8   13.4 24    1.0 24    2.6  999.9    33.0*   20.0    0.0I 999.9  000000
871780  20130401    24.4 22    20.4 22  1012.3  6   997.8  6   11.6 22    3.5 22   15.4   20.6    33.0    20.0*   5.1A 999.9  110010
871780  20130402    23.2 24    20.6 24  1011.7  8   997.3  8   13.0 24    2.0 24    5.1  999.9    31.0    19.2   63.0G 999.9  010010
871780  20130403    24.3 21    21.1 21  1012.5  8   998.1  8   14.2 21    1.1 21    3.1  999.9    30.0*   20.9    0.0G 999.9  000000
871780  20130404    22.6 24    21.1 24  1008.4  7   994.0  7   10.9 24    1.9 24    7.7  999.9    30.1    20.0*   7.9G 999.9  010010
871780  20130405    21.4 23    16.0 23  1010.1  8   995.5  8   14.0 23    2.0 23    3.1  999.9    26.0*   16.9   23.9G 999.9  010000
871780  20130406    22.1 24    15.8 24  1011.4  8   996.9  8   12.4 24    0.7 24    2.6  999.9    28.0*   16.0    0.0G 999.9  000000
871780  20130407    22.4 20    15.4 20  1014.0  7   999.5  7   13.4 20    2.0 20    4.1  999.9    28.5*   17.6    0.0I 999.9  000000
871780  20130408    22.8 24    15.3 24  1014.8  8  1000.3  8   13.2 24    1.5 24    4.1  999.9    31.2*   17.9    0.0I 999.9  000000
871780  20130409    22.3 24    15.5 24  1014.7  8  1000.2  8   12.7 24    2.3 24    4.1  999.9    31.2    15.6    0.0I 999.9  000000
871780  20130410    24.1 23    18.2 23  1012.0  7   997.6  7   13.0 23    2.4 23    3.1  999.9    31.8*   17.6    0.0I 999.9  000000
871780  20130411    26.3 24    20.7 24  1008.4  7   994.1  7   13.0 24    4.7 24    9.3  999.9    32.0    22.4    0.0I 999.9  000000
871780  20130412    21.8 17    19.0 17  1008.8  7   994.5  7   10.9 17    3.2 17    9.3  999.9    31.9    19.0*  71.9G 999.9  010010
871780  20130413    18.2 24    11.6 24  1016.9  8  1002.2  8   12.2 24    3.1 24    4.1  999.9    22.2*   13.8    7.1G 999.9  000000
871780  20130414    16.8 24     7.9 24  1018.6  8  1003.7  8   13.2 24    1.4 24    3.6  999.9    23.0*   10.6    0.0G 999.9  000000
871780  20130415    18.4 24    11.4 24  1018.8  8  1004.0  8   13.4 24    1.7 24    4.1  999.9    26.0*   12.0*   0.0I 999.9  000000
871780  20130416    20.8 24    13.9 24  1017.2  8  1002.5  8   13.2 24    0.9 24    3.1  999.9    27.0*   13.9    0.0I 999.9  000000
871780  20130417    18.9 24    10.4 24  1018.0  8  1003.3  8   13.2 24    1.8 24    2.6  999.9    27.0    12.8    0.0I 999.9  000000
871780  20130418    19.4 24    11.7 24  1017.2  8  1002.5  8   12.9 24    1.6 24    3.1  999.9    26.7*   12.5    0.0I 999.9  000000
871780  20130419    20.9 23    12.6 23  1017.8  8  1003.1  8   13.2 23    1.3 23    3.1  999.9    28.5*   12.8    0.0I 999.9  000000
871780  20130420    21.8 24    13.9 24  1017.6  8  1003.4  8   12.9 24    1.1 24    2.6  999.9    29.2*   14.5    0.0I 999.9  000000
871780  20130421    23.3 24    14.9 24  1018.0  8  1003.4  8   12.9 24    1.1 24    2.6  999.9    30.0*   15.8    0.0I 999.9  000000
871780  20130422    22.4 24    16.5 24  1019.5  7  1004.9  7   12.7 24    1.5 24    3.1  999.9    29.0*   16.4    0.0I 999.9  000000
871780  20130423    22.6 23    16.7 23  1020.2  8  1005.5  7   13.5 23    2.0 23    4.6  999.9    29.7    16.2    0.0I 999.9  000000
871780  20130424    22.5 24    15.7 24  1019.3  8  1004.7  8   13.2 24    1.3 24    3.6  999.9    29.2    16.5    0.0I 999.9  000000
871780  20130425    22.6 24    15.6 24  1017.3  8  1002.7  8   13.0 24    1.3 24    2.6  999.9    30.0*   16.3    0.0I 999.9  000000
871780  20130426    23.1 24    16.2 24  1015.5  8  1001.0  8   13.2 24    1.9 24    4.1  999.9    30.0    17.6    0.0I 999.9  000000
871780  20130427    25.2 24    18.7 24  1013.2  8   998.8  8   13.7 24    1.9 24    3.6  999.9    31.4*   19.7    0.0I 999.9  000000
871780  20130428    26.3 24    20.0 24  1012.9  8   998.6  8   12.6 24    2.3 24    6.2  999.9    32.3*   22.1    0.0I 999.9  000000
871780  20130429    22.3 24    20.1 24  1013.2  8   998.8  8   10.6 24    2.1 24    5.1  999.9    32.3    20.0   37.1G 999.9  010010
871780  20130430    21.9 24    19.7 24  1014.4  8   999.8  8   13.8 24    1.9 24    3.1  999.9    25.3*   19.1   43.9G 999.9  000010
871780  20130501    25.2 24    20.2 24  1013.5  8   999.1  8   13.2 24    1.4 24    3.1  999.9    32.0*   20.5    0.0G 999.9  000000
871780  20130502    26.1 24    20.1 24  1011.6  8   997.2  8   13.2 24    2.1 24    6.2  999.9    32.0*   21.0    0.0I 999.9  000000
871780  20130503    26.3 24    20.4 24  1008.9  7   994.6  7   13.0 24    2.4 24    6.2  999.9    32.4    22.3  999.9  999.9  010010
871780  20130504    21.3 24    18.9 24  1012.6  8   998.1  8   13.8 24    2.0 24    4.1  999.9    32.0    19.6    1.0G 999.9  010010
871780  20130505    19.7 22    14.7 22  1017.6  8  1003.0  8   14.0 22    2.8 22    6.2  999.9    23.0*   15.6    0.0G 999.9  000000
871780  20130506    17.5 24    11.4 24  1018.9  8  1004.1  8   12.1 24    1.5 24    2.1  999.9    23.5    11.4    0.0I 999.9  100000
871780  20130507    16.9 24     9.6 24  1021.3  8  1006.4  8   13.4 24    3.0 24    7.7  999.9    21.0*   13.3    0.0I 999.9  000000
871780  20130508    15.0 24     6.8 24  1020.1  8  1005.2  8   13.2 24    2.0 24    4.1  999.9    23.0*    9.0*   0.0I 999.9  000000
871780  20130509    17.7 22    10.7 22  1018.4  8  1003.5  8   13.5 22    1.7 22    3.1  999.9    26.2*   11.5    0.0I 999.9  000000
871780  20130510    19.9 24    10.8 24  1016.0  8  1001.3  8   13.2 24    1.8 24    4.1  999.9    28.3*   13.5    0.0I 999.9  000000
871780  20130511    21.9 24    13.3 24  1014.7  8  1000.1  8   12.4 24    1.9 24    4.1  999.9    30.0*   16.2    0.0I 999.9  000000
871780  20130512    20.4 24    17.2 24  1014.2  8   999.7  8   11.9 24    3.8 24   15.4  999.9    30.2    17.8   56.9G 999.9  010010
871780  20130513    20.4 24    17.9 24  1013.7  8   999.0  8   12.1 24    1.8 24    2.6  999.9    26.1*   17.2    0.0G 999.9  010000
871780  20130514    21.1 24    19.1 24  1013.2  8   998.7  8   13.7 24    1.8 24    3.6  999.9    26.4    19.1    0.5G 999.9  010000
871780  20130515    19.9 24    18.8 24  1011.0  8   996.5  8   12.2 24    2.6 24    6.2  999.9    22.5    15.0*  14.0G 999.9  010010
871780  20130516    11.8 24     4.6 24  1022.1  8  1007.0  8   13.0 24    4.6 24    7.7  999.9    21.6     6.8   18.0G 999.9  010000
871780  20130517    11.5 24     3.6 24  1023.8  8  1008.5  8   13.2 24    1.5 24    2.6  999.9    19.0*    6.0*   0.0G 999.9  000000
871780  20130518    14.3 24     9.8 24  1020.6  8  1005.5  8   13.4 24    2.0 24    3.1  999.9    24.7     7.7    0.0G 999.9  010000
871780  20130519    17.8 22    16.4 22  1018.6  7  1004.1  7   10.6 22    2.2 22    5.7  999.9    22.0*   14.9    9.9G 999.9  010000
871780  20130520    15.7 24    13.8 24  1019.3  7  1004.1  8   11.6 24    2.0 24    3.1  999.9    22.3    14.0*   0.0G 999.9  010000
871780  20130521    17.1 23    14.7 23  1016.3  7  1001.5  7   13.5 23    1.1 23    2.1  999.9    20.0*   15.0    0.0G 999.9  010000
871780  20130522    16.6 24    14.3 24  1016.7  8  1001.9  8   14.2 24    2.7 24    6.2  999.9    20.0    15.0*   0.0G 999.9  000000
871780  20130523    14.2 22    12.1 22  1017.8  8  1002.8  8   12.7 22    2.7 22    5.1  999.9    17.4    11.7    0.0I 999.9  000000
871780  20130524    16.1 23    13.1 23  1019.2  8  1004.2  8   14.2 23    2.2 23    3.1  999.9    19.9*   12.6    0.0I 999.9  000000
871780  20130525    14.9 24    12.7 24  1020.2  7  1005.2  7    7.9 24    1.0 24    2.6  999.9    20.1*   10.7    0.0I 999.9  100000
871780  20130526    18.1 24    14.2 24  1016.4  8  1001.6  8   13.5 24    1.6 24    3.1  999.9    24.0*   12.0    0.0I 999.9  000000
871780  20130527    20.9 24    16.1 24  1011.9  8   997.3  8   13.7 24    1.4 24    2.6  999.9    27.0*   15.9    0.0G 999.9  000000
871780  20130528    23.3 24    19.8 24  1004.0  8   989.6  8   13.8 24    2.5 24    5.1  999.9    29.0*   18.2  999.9  999.9  010010
871780  20130529    21.9 23    16.8 23  1003.6  7   989.3  7   13.5 23    3.9 23    6.2   15.4    27.0*   17.0*   0.0G 999.9  000000
871780  20130530    15.1 24     8.9 24  1017.1  8  1002.2  8   13.0 24    1.4 24    2.6  999.9    26.5    10.2    0.0I 999.9  000000
871780  20130531    15.1 23     9.6 23  1015.1  8  1000.2  8   13.4 23    1.6 23    3.1  999.9    22.6*   10.0*   0.0I 999.9  000000
871780  20130601    20.6 23    17.9 23  1011.0  7   996.4  7   14.2 23    1.9 23    3.1  999.9    24.4*   12.6   15.0C 999.9  010010
871780  20130602    20.1 22    16.2 22  1015.2  8  1000.6  8    9.3 22    1.0 22    2.6  999.9    24.4    17.0    0.0I 999.9  100000
871780  20130603    17.1 24    11.4 24  1020.7  8  1005.8  8   12.1 24    1.3 24    3.6  999.9    24.0*   10.7    0.0I 999.9  100000
871780  20130604    17.1 24    11.2 24  1019.5  8  1004.5  8   12.4 24    1.2 24    2.6  999.9    25.2*   10.1    0.0I 999.9  000000
871780  20130605    18.7 23    14.8 23  1017.1  7  1002.4  7   12.1 23    1.6 23    4.1  999.9    26.0*   12.5    0.0I 999.9  000000
871780  20130606    19.0 24    15.1 24  1017.8  8  1003.1  8   12.9 24    1.6 24    4.1  999.9    26.0    14.8    0.0I 999.9  000000
871780  20130607    18.0 24    13.0 24  1019.1  8  1004.3  8   11.1 24    1.4 24    2.6  999.9    27.0*   11.5    0.0I 999.9  100000
871780  20130608    20.1 24    16.2 24  1021.5  8  1006.8  8   11.3 24    1.1 23    3.1  999.9    26.8    14.5    0.0I 999.9  100000
871780  20130609    18.6 24    15.9 24  1018.5  8  1003.7  8   12.2 24    1.2 24    3.1  999.9    26.1    15.5    0.0B 999.9  010000
871780  20130610    19.2 24    16.7 24  1018.1  8  1003.4  8   10.8 24    1.9 24    3.1  999.9    24.0*   16.0   14.0G 999.9  010000
871780  20130611    19.7 24    16.3 24  1019.2  8  1004.5  8   10.1 24    1.0 24    2.6  999.9    26.3*   14.0    0.0G 999.9  100000
871780  20130612    19.6 24    15.6 24  1019.6  7  1004.9  7    8.4 24    0.8 24    1.5  999.9    27.0*   14.8    0.0I 999.9  100000
871780  20130613    18.8 24    13.4 24  1019.2  8  1004.5  8   13.2 24    1.4 24    3.1  999.9    27.1    13.0*   0.0I 999.9  000000
871780  20130614    16.7 24    13.5 24  1018.0  8  1003.2  8   12.7 24    1.6 24    3.6  999.9    25.1    14.6    0.0B 999.9  010000
871780  20130615    17.7 22    13.8 22  1016.7  8  1001.8  8   13.8 22    2.6 22    4.1  999.9    24.0*   14.4    1.0G 999.9  010000
871780  20130616    18.8 23    16.7 23  1012.9  8   998.2  8   11.1 23    1.6 23    3.1  999.9    23.9    15.3    0.5G 999.9  010000
871780  20130617    18.6 24    16.2 24  1015.8  8  1001.1  8   10.8 24    2.3 24    3.1  999.9    21.5*   16.9   15.0G 999.9  110000
871780  20130618    18.6 23    16.5 23  1014.4  7   999.7  8   12.1 23    2.1 23    3.1  999.9    22.7*   15.7    0.0G 999.9  010010
871780  20130619    16.6 24    14.2 24  1015.2  7  1000.5  7   13.8 24    5.3 24    7.7  999.9    23.0    15.0*  22.1B 999.9  010010
871780  20130620    13.8 24    11.4 24  1016.0  8  1001.1  8   13.4 24    4.5 24    6.2  999.9    16.8    12.0*   4.1A 999.9  010000
871780  20130621    12.9 21    11.9 21  1011.9  7   997.0  7    6.9 21    4.9 21    9.3  999.9    14.3    11.8   11.9G 999.9  010000
871780  20130622    12.5 24     8.5 24  1017.1  7  1002.1  7   13.5 24    3.1 24    6.7  999.9    16.0*    9.5    0.0G 999.9  000000
871780  20130623    12.1 24     8.6 24  1019.1  8  1004.0  8   12.9 24    1.3 24    2.6  999.9    17.2*    7.5    0.0I 999.9  000000
871780  20130624    14.8 24    13.6 24  1015.7  8  1000.7  8    7.4 24    2.2 24    4.1  999.9    17.3     8.9    4.1G 999.9  010000
871780  20130625    13.9 24    11.6 24  1017.0  8  1002.0  8   14.2 24    1.9 24    4.1  999.9    16.5    12.0    2.0G 999.9  000000
871780  20130626    13.8 24    10.3 24  1018.3  8  1003.3  8   13.7 24    1.6 24    4.1  999.9    19.0*   10.2    0.0G 999.9  000000
871780  20130627    14.8 24    12.1 24  1018.3  8  1003.3  8   12.9 24    1.4 24    2.6  999.9    20.0*   10.2    0.0B 999.9  010000
871780  20130628    19.8 24    17.5 24  1011.9  8   997.2  8   13.8 24    1.6 24    5.1  999.9    24.9*   13.1    0.0G 999.9  000000
871780  20130629    19.3 24    15.4 24  1011.1  8   996.5  8   14.0 24    3.3 24    6.2  999.9    25.0    16.0*   1.0G 999.9  010000
871780  20130630    15.4 23     9.6 23  1016.7  8  1001.8  8   13.4 23    2.1 23    4.1  999.9    21.0*   11.0    0.0G 999.9  000000
871780  20130701    14.3 24     5.5 24  1020.9  8  1005.9  8   13.2 24    2.7 24    7.7  999.9    22.0*    7.9    0.0I 999.9  000000
871780  20130702    14.9 24     7.2 24  1020.1  7  1005.1  7   12.9 24    1.6 24    3.1  999.9    24.0*    9.5    0.0I 999.9  000000
871780  20130703    17.8 24    13.1 24  1016.6  8  1001.8  8   13.2 24    2.1 24    3.6  999.9    25.0*   10.5    0.0I 999.9  000000
871780  20130704    21.2 24    18.4 24  1014.6  7  1000.0  7   11.9 24    4.0 24    7.7  999.9    26.0*   15.2   57.9G 999.9  010010
871780  20130705    23.9 24    17.9 24  1015.3  8  1000.8  8   13.5 24    3.0 24    6.2  999.9    27.0*   19.9    8.9G 999.9  000000
871780  20130706    23.9 24    18.0 24  1013.6  8   999.2  8   13.0 24    3.0 24    4.6  999.9    29.0*   20.0    0.0G 999.9  000000
871780  20130707    20.6 24    18.2 24  1015.0  8  1000.5  8   12.1 24    2.5 24    7.7  999.9    28.8    15.0*   5.1A 999.9  010010
871780  20130708    14.7 24    10.7 24  1023.2  8  1007.7  8   13.0 24    3.5 24    7.7  999.9    23.0    11.5   42.9G 999.9  010000
871780  20130709    17.1 24    14.6 24  1020.9  7  1006.0  7   11.9 24    1.2 24    2.6  999.9    24.0*   12.0    0.0G 999.9  000000
871780  20130710    21.4 24    17.3 24  1018.8  8  1004.4  8   12.9 24    1.6 24    4.1  999.9    26.5*   16.0    0.0I 999.9  000000
871780  20130711    21.6 24    16.9 24  1017.3  8  1002.7  8   13.2 24    1.5 24    3.6  999.9    27.7*   16.5    0.0I 999.9  000000
871780  20130712    21.3 24    16.9 24  1017.1  6  1002.6  6   12.2 24    0.6 24    2.6  999.9    27.0*   17.0  999.9  999.9  010000
871780  20130713    18.9 24    17.1 24  1016.9  8  1002.3  8   12.2 24    2.3 24    4.1  999.9    26.5    17.5    0.5G 999.9  010010
871780  20130714    19.2 21    16.6 21  1016.8  8  1002.0  8   13.2 21    0.7 21    2.6  999.9    23.0*   15.5   10.9G 999.9  000000
871780  20130715    17.8 20    11.4 20  1020.1  8  1005.3  8   13.5 20    2.2 20    4.1  999.9    23.0    13.2    0.0G 999.9  010000
871780  20130716    14.2 24     7.6 24  1020.9  7  1005.8  7   12.4 24    1.1 24    2.1  999.9    21.0*    7.5    0.0I 999.9  000000
871780  20130717    16.9 24    11.8 24  1016.4  8  1001.6  8   13.2 24    0.8 24    1.5  999.9    25.0*   10.2    0.0I 999.9  000000
871780  20130718    21.2 24    15.0 24  1009.7  8   995.2  8   12.2 24    3.5 24   10.3  999.9    28.1*   13.5    0.0I 999.9  000000
871780  20130719    12.6 24     6.2 24  1016.7  8  1001.8  8   13.5 24    4.5 24    7.7  999.9    28.3     8.9    0.0I 999.9  000000
871780  20130720    10.2 23     7.6 23  1011.5  8   996.4  8   12.1 23    2.1 23    4.1  999.9    14.0     7.7    1.0A 999.9  010000
871780  20130721     9.8 23     4.2 23  1016.4  7  1001.2  7   13.5 23    4.3 23    7.7  999.9    12.3*    6.6    0.0I 999.9  000000
871780  20130722     7.3 22    -1.7 22  1025.0  7  1009.6  7   13.4 22    3.8 22    5.7  999.9    11.0*    3.3    0.0I 999.9  000000
871780  20130723     7.0 23    -1.4 23  1028.2  7  1012.7  7   13.7 23    2.5 23    4.6  999.9    11.0*    1.3    0.0I 999.9  000000
871780  20130724     8.0 23     0.9 23  1029.0  7  1013.5  7   10.5 23    1.8 21    3.1  999.9    13.0*    2.7    0.0I 999.9  100000
871780  20130725     9.8 24     1.7 24  1028.9  8  1013.5  8   10.6 24    1.1 24    3.1  999.9    17.0*    3.1    0.0I 999.9  100000
871780  20130726    12.5 24     4.9 24  1027.1  8  1011.8  8   13.0 24    2.6 24    5.1  999.9    21.0*    4.0    0.0I 999.9  000000
871780  20130727    15.4 23     9.9 23  1022.5  8  1007.4  8   13.4 23    2.2 23    4.1  999.9    24.0*   10.2    0.0I 999.9  000000
871780  20130728    17.8 24    11.4 24  1020.6  6  1005.7  6   11.4 24    0.7 24    1.5  999.9    26.0*   11.0    0.0I 999.9  000000
871780  20130729    20.3 22    13.4 22  1019.9  8  1005.1  8   13.5 22    1.0 22    1.5  999.9    28.4*   13.0    0.0I 999.9  000000
871780  20130730    20.9 20    15.4 20  1019.0  8  1004.4  8   13.7 20    1.8 20    6.2  999.9    29.9*   15.4    0.0I 999.9  000000
871780  20130731    21.5 24    13.8 24  1014.7  8  1000.1  8   13.2 24    2.7 24    6.2  999.9    30.3    16.0*   0.0I 999.9  000000
871780  20130801    23.7 23    13.5 23  1011.9  6   997.1  7   16.7  9    3.4 23    9.3  999.9    31.1*   18.0*   0.0I 999.9  000000
871780  20130802    18.9 24    14.7 24  1013.2  8   998.6  8   10.1 17    3.3 24    5.1  999.9    31.5    14.0* 999.9  999.9  010000
871780  20130803    13.3 24    10.6 24  1016.9  8  1003.2  8   11.6 24    3.0 24    4.1  999.9    18.0    10.7    0.0G 999.9  010010
871780  20130804    14.3 23    10.3 23  1018.0  8  1003.0  8   10.8 16    2.5 23    4.1  999.9    19.0*    9.8    8.9G 999.9  010010
871780  20130805    13.3 16     9.0 16  1016.3  8  1001.4  8   19.3  8    1.1 16    3.6  999.9    23.5*   10.0    0.0G 999.9  000010
871780  20130806    20.6  8    15.9  8  1016.3  8  1001.6  8   18.8  8    2.6  8    5.1  999.9    26.1*   11.5    7.1G 999.9  010110
871780  20130807    24.4 11    16.2 11  1009.5  7   995.0  7   16.7  9    3.2 11    5.1  999.9    30.3*   18.0    0.0G 999.9  000000
871780  20130808    22.9 24    14.2 24  1005.1  8   990.8  8   19.3  8    4.5 24    7.7  999.9    30.5    16.0*   0.0I 999.9  000000
871780  20130809    12.7 24     8.2 24  1017.2  6  1002.3  6   12.1 22    5.3 24    9.3  999.9    16.0    10.0*   0.5A 999.9  010000
871780  20130810    10.6 24     3.2 24  1023.8  8  1008.5  8   13.8 21    5.7 24   10.3  999.9    14.0*    8.0*   5.1G 999.9  010000
871780  20130811    10.4 24     4.6 24  1021.0  8  1005.8  8   17.1 10    0.9 24    2.6  999.9    17.0*    4.0    0.0G 999.9  000000
871780  20130812    13.7 24     6.6 24  1014.0  7   998.9  7   20.0  7    1.9 24    3.1  999.9    21.0*    7.5    0.0I 999.9  000000
871780  20130813    13.6 24     8.2 24  1017.5  8  1002.6  8   11.6 21    4.1 24   10.8  999.9    16.3*   10.0*   0.0G 999.9  010000
871780  20130814     9.3 23     1.6 23  1030.3  9  1014.9  9   18.2 11    4.8 23   10.3  999.9    13.0*    5.0*   0.5G 999.9  000000
871780  20130815     9.3 23     1.1 23  1028.0  8  1012.5  8   17.5 10    2.3 23    5.1  999.9    18.0*    2.4*   0.0G 999.9  000000
871780  20130816    14.2 21     5.8 21  1023.7  8  1008.5  8   20.0  8    1.7 21    4.1  999.9    22.0*    7.0*   0.0I 999.9  000000
871780  20130817    15.7 24     5.9 24  1024.0  8  1008.9  8   17.7  9    2.3 24    5.1  999.9    24.0*    9.0*   0.0I 999.9  000000
871780  20130818    17.0 24     9.7 24  1021.3  8  1006.4  8   20.0  8    2.2 24    5.1  999.9    25.0*   11.9*   0.0I 999.9  000000
871780  20130819    19.7 22    12.2 22  1018.1  8  1003.4  8   20.0  8    2.1 22    3.6  999.9    27.0*   13.9*   0.0I 999.9  000000
871780  20130820    22.0 23    13.6 23  1015.9  8  1001.3  8   18.5  8    2.6 23    6.2  999.9    31.0*   16.4*   0.0I 999.9  000000
871780  20130821    23.8 22    13.9 22  1011.5  7   997.1  7   10.6 15    2.9 22    6.2  999.9    30.0*   19.9*   0.0I 999.9  000000
871780  20130822    22.7 23    13.5 23  1008.2  8   993.9  8   13.7 13    3.6 23    7.7  999.9    28.2*   14.0*   0.5A 999.9  010000
871780  20130823     9.0 23     4.8 23  1017.1  8  1002.1  8   11.9 22    6.3 23   10.3   15.4    13.0*    7.0*   2.0G 999.9  010010
871780  20130824     7.5 24     4.7 24  1021.0  8  1005.7  8   11.6 24    3.8 24    7.7  999.9     9.0*    6.0*  18.0G 999.9  010010
871780  20130825     9.1 24     7.8 24  1022.4  8  1007.0  8    8.4 24    3.9 24    5.1  999.9    11.0*    7.0*  41.9G 999.9  010000
871780  20130826     7.3 24     4.1 23  1024.9  8  1009.5  8    9.2 22    3.9 24    6.2  999.9     9.1*    5.6*  23.9G 999.9  010000
871780  20130827     7.1 24    -0.6 24  1028.2  8  1012.6  8   16.7 12    2.7 24    4.1  999.9    14.0*    2.0*   3.0G 999.9  000000
871780  20130828     9.9 24     2.4 24  1026.8  7  1012.2  7   12.1 10    1.3 24    4.1  999.9    18.0*    2.9*   0.0G 999.9  100000
871780  20130829    14.5 24     7.1 24  1022.8  7  1007.6  7   15.8  8    1.4 24    2.6  999.9    24.0*    7.0*   0.0I 999.9  000000
871780  20130830    18.9 24     9.5 24  1017.1  8  1002.3  8   14.2 13    2.0 24    4.1  999.9    28.2*   11.0*   0.0I 999.9  000000
871780  20130831    23.7 24    11.7 24  1011.5  8   997.0  8   18.8  8    2.3 24    6.2  999.9    33.0*   17.0*   0.0I 999.9  000000
871780  20130901    26.1 24    15.0 24  1008.6  8   994.4  8   20.0  8    2.1 24    4.1  999.9    33.0*   21.0*   0.0I 999.9  000000
871780  20130902    21.3 24    16.1 24  1009.4  6   995.0  6   10.9 13    3.2 24    9.3  999.9    25.0*   18.7*   4.1G 999.9  010010
871780  20130903    18.7 23    15.0 22  1014.0  8   999.3  8   12.7 16    1.2 23    4.1  999.9    24.0*   15.0*  18.0G 999.9  100000
871780  20130904    15.9 23     6.6 23  1021.9  8  1006.9  8   20.0  8    3.7 23    5.1  999.9    23.0*    9.9*   0.0G 999.9  000000
871780  20130905    18.5 24    11.3 24  1018.9  8  1004.0  8   16.4 11    2.8 24    6.2  999.9    29.0*   10.0*   0.0I 999.9  000000
871780  20130906    23.8 23    16.2 23  1017.0  8  1002.4  8   17.5  8    2.3 23    5.1  999.9    31.0*   18.0*   0.0I 999.9  000000
871780  20130907    25.4 18    16.4 18  1012.5  4   998.1  4   14.3  7    2.1 18    6.2  999.9    32.0*   18.0*   0.0I 999.9  000000
871780  20130908    23.5 24    17.2 24  1014.1  8   999.7  8   14.0 15    1.9 24    5.1  999.9    26.0*   20.9*   0.0I 999.9  000010
871780  20130909    23.3 23    16.6 23  1017.7  7  1003.1  7   17.7  9    1.5 23    3.1  999.9    32.0*   16.9*   0.0I 999.9  000000
871780  20130910    26.8 23    17.0 23  1016.0  8  1001.7  8   16.6 10    1.9 23    4.1  999.9    35.0*   21.0*   0.0I 999.9  000000
871780  20130911    27.2 23    15.2 23  1012.9  8   998.6  8   12.9 17    2.5 23    5.7  999.9    35.0*   20.0*   0.0I 999.9  000000
871780  20130912    27.2 24    13.4 24  1009.3  8   995.1  8   17.5 10    2.2 24    7.2  999.9    36.0*   20.0*   0.0I 999.9  000000
871780  20130913    26.6 24    14.5 24  1010.0  7   995.7  7    9.5 24    3.7 24    8.2  999.9    33.0*   21.0    0.0I 999.9  000000
871780  20130914    19.7 24    16.2 24  1013.1  8   998.5  8   10.0 15    3.3 24    6.2  999.9    25.0*   16.0*   0.0B 999.9  110000
871780  20130915    16.0 24    14.7 24  1013.7  8   998.9  8    8.9 24    2.7 24    6.2  999.9    20.0*   13.9*   2.0G 999.9  010010
871780  20130916    13.8 22    11.1 22  1012.6  7   997.7  7   12.2 21    4.2 22    9.8  999.9    16.0*   12.4*  14.0G 999.9  010000
871780  20130917    11.9 24     6.8 24  1017.7  8  1002.6  8   13.4 23    6.5 24    8.2  999.9    16.8    10.0*   0.0G 999.9  010000
871780  20130918    11.6 24     4.8 23  1023.2  8  1008.0  8   16.9 10    1.3 24    3.6  999.9    18.2*    5.9*   0.0G 999.9  000000
871780  20130919    14.9 24     4.6 24  1022.6  8  1006.9  8   16.7 12    1.6 24    4.1  999.9    22.3*    7.9*   0.0I 999.9  000000
871780  20130920    18.7 24    13.6 24  1011.8  8   997.2  8   13.0 20    1.7 24    3.1  999.9    22.0*   17.0*   0.3G 999.9  010010
871780  20130921    17.8 24    12.5 24  1008.1  7   993.4  7   11.6 18    4.9 24    7.7  999.9    21.0*   13.9*  13.0G 999.9  010010
871780  20130922    15.8 23    13.3 23  1011.4  8   996.6  8   11.4 21    3.0 23    7.7  999.9    18.0*   14.0*   3.0G 999.9  010010
871780  20130923    13.2 24    10.2 24  1021.9  8  1006.9  8   11.9 24    5.0 24    7.7  999.9    15.4*   11.0*   1.0G 999.9  010000
871780  20130924    11.2 24     3.0 24  1027.2  8  1011.9  8   16.7 12    4.6 23    7.7  999.9    16.0*    5.8    0.0G 999.9  000000
871780  20130925    13.5 24     6.5 24  1024.8  8  1009.6  8   14.3 16    2.9 24    5.1  999.9    22.0*    7.6    0.0I 999.9  000000
871780  20130926    17.9 24    10.2 24  1019.0  8  1004.1  8   18.0 10    2.7 24    4.1  999.9    27.0*   10.0*   0.0I 999.9  000000
871780  20130927    20.8 24    10.3 24  1014.3  8   999.8  8   20.0  8    2.2 24    5.1  999.9    27.0    14.9*   0.0I 999.9  000000
871780  20130928    20.5 22    16.1 22  1013.3  8   998.7  8   13.4 15    2.7 21    5.1  999.9    27.0    15.0    9.9G 999.9  010000
871780  20130929    21.0 24    15.7 24  1014.9  7  1000.3  7   14.3 14    1.5 24    3.6  999.9    27.0*   16.0*   0.0G 999.9  000000
871780  20130930    15.4 24    13.2 24  1014.8  8  1000.0  8   14.0 20    4.6 24    6.7  999.9    26.8    13.9*   0.8A 999.9  010000
871780  20131001    16.8 24    10.3 24  1016.1  8  1001.2  8   16.7 12    1.3 24    5.1  999.9    24.0*   11.0*   0.0I 999.9  000000
871780  20131002    19.7 24     9.5 24  1015.0  8  1000.3  8   20.0  8    2.3 24    4.1  999.9    27.0*   13.2    0.0I 999.9  000000
871780  20131003    23.0 24    12.3 23  1011.8  8   997.3  8   15.3 15    3.0 24    6.7  999.9    29.0*   16.3    0.0I 999.9  000000
871780  20131004    19.4 24    12.0 24  1016.1  8  1001.5  8   14.3 16    4.3 24    8.2  999.9    28.6    14.0*   0.0I 999.9  000000
871780  20131005    17.4 24     9.7 24  1019.3  7  1004.4  7   15.4 13    2.3 24    4.6  999.9    25.0*   11.0*   0.0I 999.9  000000
871780  20131006    18.3 22     8.7 22  1020.1  8  1005.3  8   20.0  8    4.0 22    7.7  999.9    25.3*   13.0*   0.0I 999.9  000000
871780  20131007    20.6 24     9.9 24  1020.1  7  1005.4  7   17.7  9    3.1 24    5.1  999.9    29.0*   13.0*   0.0I 999.9  000000
871780  20131008    22.9 24    11.5 24  1018.7  8  1004.1  8   18.8  8    3.2 24    6.2  999.9    29.3    18.0*   0.0I 999.9  000000
871780  20131009    23.7 24    14.2 24  1014.6  7  1000.1  7   20.0  7    3.0 24    7.7  999.9    32.0*   16.0*   0.0I 999.9  000000
871780  20131010    23.3 24    16.1 24  1014.7  8  1000.2  8   16.3 11    1.7 24    3.1  999.9    26.0*   21.0*   0.0I 999.9  000000
871780  20131011    22.8 24    17.3 24  1014.5  8   999.8  7   15.0 14    2.0 24    4.1  999.9    28.0*   20.0*   0.0G 999.9  010000
871780  20131012    20.1 22    17.7 22  1013.7  7   999.1  7   11.3 18    2.7 22    5.1  999.9    23.2*   18.0*  16.0A 999.9  010010
871780  20131013    21.7 24    17.9 24  1013.1  7   998.5  7    9.5 21    0.8 24    2.6  999.9    27.0*   17.0*   5.1A 999.9  100000
871780  20131014    23.7 22    17.8 22  1014.5  8  1000.1  8   17.2 11    1.4 22    4.1  999.9    29.0*   19.0*   0.0I 999.9  000000
871780  20131015    24.2 24    16.2 24  1016.4  8  1001.9  8   18.0 10    2.0 24    4.1  999.9    29.0*   19.3    0.0I 999.9  000000
871780  20131016    23.9 20    14.8 20  1014.1  8   999.7  8   16.7 12    2.3 20    6.0  999.9    30.0*   19.7*   0.0I 999.9  000000
871780  20131017    23.3 23    16.3 23  1012.0  7   997.5  7   14.3 14    0.9 23    2.6  999.9    30.0    17.5    0.0I 999.9  000000
871780  20131018    24.6 22    14.4 22  1010.9  8   996.6  8   16.1 13    2.4 22    5.1  999.9    30.0*   17.6    0.0I 999.9  000000
871780  20131019    23.8 24    13.9 24  1010.3  8   995.9  8   16.1 13    1.9 24    5.1  999.9    30.1    16.8    0.0I 999.9  000000
871780  20131020    26.3 24    15.2 24  1005.1  7   991.0  8   18.0 10    2.5 24    6.2  999.9    35.0*   18.0    0.0I 999.9  000000
871780  20131021    23.3 24    18.2 24  1005.1  8   990.9  8   12.1 17    3.2 24   12.4  999.9    35.0    19.0   31.0G 999.9  010010
871780  20131022    22.6 23    17.2 23  1011.2  8   996.6  8   15.6 12    2.5 23    5.1  999.9    30.0*   16.0*   7.9G 999.9  000000
871780  20131023    27.4 24    22.2 24  1006.7  7   992.4  7   13.8 18    2.4 24    7.2  999.9    33.0*   16.1    0.0G 999.9  010010
871780  20131024    22.3 24    20.3 24  1013.2  7   998.8  7   10.6 24    3.4 24    8.2  999.9    29.3    20.0   72.9G 999.9  010010
871780  20131025    22.5 22    18.4 22  1016.7  8  1002.0  8   14.0 20    2.5 22    4.1  999.9    29.0*   18.0    7.9G 999.9  010000
871780  20131026    24.6 23    21.0 23  1010.6  7   996.2  7   15.0 14    4.0 23   12.9  999.9    29.0*   21.0*   0.0I 999.9  000000
871780  20131027    21.7 24    14.4 24  1015.0  8  1000.5  8   17.2 11    3.3 24    7.7  999.9    28.8    16.7    0.0I 999.9  000000
871780  20131028    21.8 23    11.6 23  1015.7  7  1001.2  7   20.0  7    3.2 23    4.1  999.9    29.2*   14.2    0.0I 999.9  000000
871780  20131029    24.0 23    14.4 23  1011.2  7   996.8  7   14.6 15    2.1 23    5.1  999.9    33.0*   17.7    0.0I 999.9  000010
871780  20131030    26.4 21    18.8 20  1009.3  8   995.6  8   15.3 15    1.8 21    5.1  999.9    32.5    18.6    0.0I 999.9  000000
871780  20131031    29.4 17    19.8 17  1008.4  8   994.2  8   13.5 17    3.2 17    6.2  999.9    34.4*   22.4    0.0I 999.9  000000
871780  20131101    28.4 24    19.5 24  1008.5  7   994.5  7   17.7  9    3.7 24    6.2  999.9    34.0*   23.8    0.0I 999.9  000000
871780  20131102    25.1 24    21.4 24  1008.9  7   994.6  8   11.9 23    2.5 24    5.1  999.9    33.8    22.0*   5.1G 999.9  010010
871780  20131103    21.6 23    15.2 23  1014.1  8   999.6  8   13.4 21    4.7 23    6.2  999.9    26.0*   17.9*  40.9G 999.9  010000
871780  20131104    21.1 24    11.2 24  1015.4  7  1000.8  7   18.8  9    3.3 23    5.1  999.9    27.0*   14.3    0.0G 999.9  000000
871780  20131105    21.9 24    11.4 24  1015.1  7  1000.5  7   20.0  7    2.9 24    4.1  999.9    30.0*   14.6    0.0I 999.9  000000
871780  20131106    24.7 24    14.4 24  1014.8  7  1000.3  7   15.4 13    2.2 24    5.1  999.9    33.0*   18.0    0.0I 999.9  000000
871780  20131107    25.6 23    16.2 23  1014.6  8  1000.3  8   16.1 13    2.8 23    5.1  999.9    33.0    20.1    0.0I 999.9  000000
871780  20131108    26.3 24    17.1 24  1011.5  7   997.2  7   14.6 15    2.5 24   12.4  999.9    32.0*   20.8    0.0I 999.9  000000
871780  20131109    28.8 24    18.7 24  1005.4  8   991.3  8   14.2 17    2.8 24    7.7  999.9    36.0*   21.9    0.0I 999.9  000000
871780  20131110    30.8 24    20.7 24  1000.8  7   986.8  7   15.0 14    4.4 24    8.8  999.9    37.0*   24.7    0.0I 999.9  000000
871780  20131111    26.0 23    21.5 23  1001.5  6   987.5  6   12.2 18    5.9 23   15.0  999.9    31.5    20.0*   0.0G 999.9  010000
871780  20131112    22.2 21    14.4 21  1011.4  8   996.8  8   15.0 16    4.0 21   12.0  999.9    27.0*   15.6    3.0G 999.9  000000
871780  20131113    25.2 24    13.7 24  1015.8  8  1001.3  8   20.0  8    3.0 24    6.2  999.9    33.1*   17.1    0.0G 999.9  000000
