871550  20130101    23.4 10    19.5 10  1012.1  8  1006.0  8   12.1 10    2.3 10    4.6  999.9    34.4    21.0*  14.0G 999.9  010010
871550  20130102    21.8 14    13.0 14  1018.1  8  1011.9  8   12.1 14    2.4 14    4.6  999.9    26.0*   13.5    0.0G 999.9  000000
871550  20130103    22.4 20    15.7 20  1014.7  8  1008.6  8   11.7 20    2.4 20    4.1  999.9    30.0*   14.1    0.0I 999.9  000000
871550  20130104    27.1 18    22.4 17  1010.8  8  1004.8  8   11.1 18    2.5 18    4.6  999.9    33.7*   21.8    0.0I 999.9  000000
871550  20130105    27.9 23    22.9 23  1007.3  8  1001.4  8   11.4 23    4.4 22    9.3  999.9    37.0*   20.3*   0.3G 999.9  010010
871550  20130106    24.2 20    20.3 20  1007.0  8  1001.0  8   12.1 20    3.5 20    6.2  999.9    36.6    19.9   22.1G 999.9  010010
871550  20130107    25.3 23    22.8 23  1002.3  8   996.3  8    9.0 23    2.0 23    6.7  999.9    29.6    21.4   96.0G 999.9  010010
871550  20130108    26.3 20    23.0 20  1005.7  8   999.8  8   12.2 20    1.8 20    4.6  999.9    31.9*   21.6    7.1G 999.9  000000
871550  20130109    27.9 20    22.9 20  1011.0  8  1005.1  8   12.6 20    2.2 20    4.1  999.9    32.3    24.3    0.0G 999.9  000000
871550  20130110    27.7 16    22.2 16  1013.4  8  1007.5  8   12.2 16    2.4 16    4.1  999.9    33.0*   22.7*   0.0I 999.9  000000
871550  20130111    27.1 23    19.7 23  1011.6  8  1005.6  8   11.6 23    2.6 23    4.1  999.9    33.1    23.0    0.0I 999.9  000000
871550  20130112    27.0 24    19.5 24  1008.4  7  1002.4  7   11.9 24    2.3 24    4.1  999.9    32.4*   21.8    0.0I 999.9  000000
871550  20130113    27.8 23    19.9 23  1010.3  8  1004.4  8   11.4 23    1.6 23    3.6  999.9    33.6    21.0*   0.0I 999.9  000000
871550  20130114    26.8 15    21.5 15  1010.5  8  1004.6  8   11.3 15    0.8 15    2.6  999.9    33.6    22.2    0.0I 999.9  000000
871550  20130115    27.8  8    21.8  8  1008.0  8  1002.1  8   13.0  8    0.9  8    2.6  999.9    34.0    22.2    0.0I 999.9  000000
871550  20130116    29.3 13    19.9 13  1005.5  8   999.6  8   11.7 13    2.0 13    3.6  999.9    34.3*   22.1    0.0I 999.9  000000
871550  20130117    28.2 24    21.6 24  1007.5  8  1001.6  8   11.1 24    1.3 24    4.1  999.9    35.2    21.2    0.0I 999.9  000000
871550  20130118    27.2 22    21.5 22  1010.3  8  1004.3  8   12.1 22    1.5 22    3.1  999.9    34.7    22.9    0.0I 999.9  000000
871550  20130119    26.3 24    19.4 24  1012.5  7  1006.5  7   11.3 24    1.3 24    4.6  999.9    32.6*   19.0*   0.0I 999.9  000000
871550  20130120    25.6 23    19.2 23  1014.6  8  1008.6  8   11.9 22    2.4 23    5.1  999.9    33.2    19.9    0.0I 999.9  000000
871550  20130121    24.4 24    18.4 24  1014.7  8  1008.7  8   11.6 23    1.8 24    4.6  999.9    30.8    19.5    0.0I 999.9  000000
871550  20130122    27.0 24    20.7 24  1013.0  8  1007.0  8   10.8 24    2.0 24    5.1  999.9    33.0*   20.4    0.0I 999.9  000000
871550  20130123    28.7 23    19.8 23  1010.7  8  1004.8  8   11.4 23    2.0 23    3.6  999.9    37.0*   22.4    0.0I 999.9  000000
871550  20130124    29.4 23    20.4 23  1005.5  7   999.7  7   10.3 23    3.8 23   10.3   25.2    39.0*   23.5  999.9  999.9  010010
871550  20130125    23.3 22    20.5 22  1008.2  7  1002.2  7   10.8 22    3.3 22    8.2  999.9    28.2*   20.9   23.9G 999.9  010010
871550  20130126    21.7 23    14.3 23  1014.4  8  1008.2  8   12.1 23    1.9 23    5.1  999.9    28.8    14.8    0.0G 999.9  000000
871550  20130127    22.7 24    14.7 24  1014.0  8  1007.9  8   11.3 24    2.1 24    3.6  999.9    29.4*   15.0    0.0I 999.9  000000
871550  20130128    26.1 19    16.8 19  1012.9  8  1006.9  8   11.4 19    1.9 19    3.6  999.9    34.0*   15.3    0.0I 999.9  000000
871550  20130129    27.6 22    19.1 22  1011.5  8  1005.5  8   11.4 22    1.9 22    5.1  999.9    37.0*   18.5    0.0I 999.9  000000
871550  20130130    30.7 24    21.4 24  1009.3  8  1003.4  8   10.3 24    2.3 24    4.1  999.9    38.0    24.5    0.0I 999.9  000000
871550  20130131    31.1 24    20.3 24  1007.0  8  1001.1  8   11.4 24    2.4 24    5.7  999.9    38.0    24.7    0.0I 999.9  000000
871550  20130201    31.4 20    21.2 20  1005.2  8   999.4  8   10.8 20    3.2 20    7.2  999.9    39.2*   25.0*   0.0I 999.9  000000
871550  20130202    25.4 22    21.2 22  1008.5  8  1002.6  8   10.8 22    3.6 22   11.3   19.5    40.5    22.0* 999.9  999.9  010010
871550  20130203    25.8 22    20.9 22  1012.0  8  1006.0  8   11.9 20    2.2 22    4.1  999.9    33.0*   18.6    9.9G 999.9  000000
871550  20130204    24.6 24    17.3 24  1011.5  8  1005.4  8   11.7 24    1.8 24    4.1  999.9    33.0    16.0*   0.0G 999.9  000000
871550  20130205    25.4 24    14.7 24  1011.1  8  1005.1  8   11.3 24    2.5 24    3.6  999.9    32.0    18.4    0.0I 999.9  000000
871550  20130206    25.1 22    16.1 22  1011.4  8  1005.4  8   10.8 22    2.2 22    6.2  999.9    33.0    16.5    0.0I 999.9  000000
871550  20130207    26.1 20    18.2 20  1010.9  8  1004.9  8    9.5 20    1.8 20    4.1  999.9    33.0*   16.8    0.0I 999.9  000000
871550  20130208    27.1 21    18.7 21  1009.3  8  1003.3  8   11.3 21    1.9 21    4.6  999.9    35.4*   17.0    0.0I 999.9  000000
871550  20130209    28.1 24    17.7 24  1008.1  7  1002.1  7   11.1 24    2.0 24    4.6  999.9    35.4    19.9    0.0I 999.9  000000
871550  20130210    26.1 24    20.1 24  1006.5  8  1000.5  8    8.5 24    3.1 24   10.8  999.9    36.2    21.0*   0.0B 999.9  010010
871550  20130211    22.8 19    20.3 19  1007.5  8  1001.5  8   10.0 19    1.5 19    4.1  999.9    36.9    19.6   30.0G 999.9  010010
871550  20130212    27.7 22    20.7 22  1005.6  8   999.6  8   12.1 22    1.9 22    3.6  999.9    35.0*   20.8    0.0G 999.9  000000
871550  20130213    29.8 21    21.6 21  1005.5  8   999.6  8   12.2 21    2.2 21    3.6  999.9    35.0*   22.5    0.0I 999.9  000000
871550  20130214    26.9 23    23.3 23  1007.1  8  1001.2  8   10.0 23    2.6 23    8.2  999.9    35.6    23.8    0.0H 999.9  010010
871550  20130215    26.9 22    22.5 22  1008.8  8  1002.9  8   11.6 22    1.4 22    5.1  999.9    34.0*   21.0*  13.0G 999.9  000000
871550  20130216    29.7 24    22.6 24  1005.2  8   999.3  8   12.1 24    2.6 24    4.6  999.9    36.0*   23.4    0.0G 999.9  000000
871550  20130217    29.9 24    22.4 24  1003.1  8   997.2  8   12.6 24    4.7 24    7.7  999.9    39.2*   25.0*   0.0I 999.9  000000
871550  20130218    24.2 24    21.2 24  1009.2  8  1003.2  8   12.1 24    3.0 24    6.2  999.9    39.2    22.0*   0.8G 999.9  010010
871550  20130219    24.6 20    22.8 20  1011.2  8  1005.1  8    9.5 19    1.1 19    2.6  999.9    27.4    22.2    0.5G 999.9  010000
871550  20130220    23.8 24    22.0 24  1010.5  7  1004.5  7    9.8 24    2.5 24    5.1  999.9    28.0*   21.0*  52.1G 999.9  010010
871550  20130221    23.4 22    20.4 22  1012.7  7  1006.7  7   11.6 22    2.9 22    4.6  999.9    28.2    20.2    0.0G 999.9  010000
871550  20130222    24.0 24    18.9 24  1014.4  8  1008.4  8   11.4 24    1.1 24    3.6  999.9    31.0*   17.6    0.0G 999.9  000000
871550  20130223    26.5 24    19.5 24  1010.9  8  1004.9  8   11.6 24    2.2 24    3.6  999.9    34.0*   20.0*   0.0I 999.9  000000
871550  20130224    29.7 22    20.4 22  1005.6  8   999.7  8   11.6 22    3.9 22    7.2  999.9    38.0*   23.5    0.0I 999.9  000000
871550  20130225    24.9 19    20.9 19  1008.9  8  1003.0  8   10.6 19    2.3 19    4.6  999.9    38.2    22.0   31.0G 999.9  010010
871550  20130226    22.0 24    16.1 24  1014.3  8  1008.1  8   11.7 24    1.2 24    4.1  999.9    28.0    17.0    0.0G 999.9  000000
871550  20130227    21.3 24    13.9 24  1015.5  8  1009.3  8   10.8 24    1.8 24    5.1  999.9    27.6    15.2    0.0I 999.9  000000
871550  20130228    22.6 24    14.6 24  1012.6  8  1006.5  8   10.9 24    2.0 24    3.6  999.9    30.2*   13.6    0.0I 999.9  000000
871550  20130301    26.9 22    17.4 22  1006.9  8  1000.9  8   10.5 22    3.9 22    7.2  999.9    36.0*   18.0    0.0I 999.9  000000
871550  20130302    28.9 21    21.8 21  1004.7  8   998.8  8   10.0 20    5.2 21   11.3  999.9    36.6    24.0* 999.9  999.9  010010
871550  20130303    19.8 21    19.2 21  1011.8  4  1005.7  4    8.4 21    2.5 21    5.1  999.9    36.3    16.0*  48.0G 999.9  010010
871550  20130304    18.9 24    16.8 24  1015.7  8  1009.5  8   12.2 24    1.5 24    2.6  999.9    23.0*   15.9   34.0G 999.9  000000
871550  20130305    21.0 24    16.2 24  1014.2  8  1008.1  8   12.1 24    1.5 24    3.1  999.9    26.0*   16.0    0.0G 999.9  000000
871550  20130306    21.6 24    15.7 24  1010.0  8  1003.9  8   11.4 24    1.8 24    3.6  999.9    29.0*   14.8    0.0I 999.9  000000
871550  20130307    24.6 22    20.1 22  1009.7  7  1003.7  7   11.4 22    2.7 22    4.6  999.9    29.1    20.3    0.0B 999.9  010010
871550  20130308    27.1 23    23.3 23  1009.3  6  1003.3  6   11.7 23    3.2 23    6.7  999.9    32.0*   22.4    0.0G 999.9  010010
871550  20130309    24.3 22    21.6 22  1008.4  6  1002.4  6   10.8 22    4.7 22    7.7  999.9    32.9    22.0*  26.9G 999.9  010010
871550  20130310    21.8 21    20.3 21  1006.7  7  1000.7  7    9.2 20    2.6 20    7.2   15.4    27.5    20.0*  29.0G 999.9  010010
871550  20130311    23.6 23    21.3 23  1006.6  6  1000.5  6    6.9 23    1.2 23    2.6  999.9    29.0*   20.0*  21.1G 999.9  110000
871550  20130312    23.9 24    21.9 24  1004.4  7   998.4  7   10.0 24    2.8 24    5.7  999.9    30.5    20.8    2.0G 999.9  010010
871550  20130313    21.9 23    19.0 23  1010.7  7  1004.6  7   12.1 23    1.8 23    4.6  999.9    26.0*   18.5   25.9G 999.9  000000
871550  20130314    21.3 22    15.8 22  1014.6  8  1008.5  8   12.2 22    2.5 22    5.1  999.9    26.7    16.2    0.0G 999.9  000000
871550  20130315    20.8 22    15.7 22  1016.5  8  1010.4  8   12.4 19    2.7 22    4.6  999.9    26.0    16.8    0.0I 999.9  000000
871550  20130316    22.3 20    15.6 20  1019.1  7  1013.0  7   11.9 20    3.7 20    7.7  999.9    26.5    16.7    0.0I 999.9  000000
871550  20130317    20.1 23    14.8 23  1019.2  8  1013.1  8   11.9 23    3.4 23    6.7  999.9    26.6    17.8    0.0G 999.9  010000
871550  20130318    19.7 21    15.1 21  1017.1  8  1011.0  8   11.6 20    2.5 21    4.1  999.9    24.5    17.0    0.0I 999.9  000000
871550  20130319    20.0 17    19.0 17  1013.1  7  1006.9  7    5.8 17    2.0 17    6.2  999.9    24.9    18.4   57.9G 999.9  010010
871550  20130320    19.4 21    18.6 21  1009.0  8  1002.9  8    5.6 21    3.2 21    4.1  999.9    23.3*   17.9   34.0G 999.9  010010
871550  20130321    21.1 23    17.6 23  1011.2  8  1005.1  8   11.3 23    1.1 23    2.6  999.9    27.1*   14.5    0.5G 999.9  100000
871550  20130322    21.8 24    17.9 24  1015.5  8  1009.3  8    9.0 24    1.3 24    4.1  999.9    27.8    15.8    0.0G 999.9  100000
871550  20130323    22.8 23    16.3 23  1015.2  8  1009.0  8   11.7 23    2.0 23    4.6  999.9    28.8*   17.3    0.0I 999.9  000000
871550  20130324    22.9 24    18.2 24  1010.9  8  1004.8  8   10.8 24    1.4 24    3.6  999.9    29.0    17.7    0.0I 999.9  000000
871550  20130325    23.8 24    18.8 24  1010.1  7  1004.1  7   10.8 24    1.4 24    3.1  999.9    29.5    17.0    0.0I 999.9  000000
871550  20130326    23.4 23    18.2 23  1016.2  8  1010.1  8   11.3 23    1.6 23    3.1  999.9    30.0    17.6    0.0I 999.9  000000
871550  20130327    20.7 24    14.2 24  1017.8  8  1011.7  8   10.6 24    1.1 24    3.1  999.9    29.6    13.1    0.0I 999.9  000000
871550  20130328    21.7 18    14.4 18  1018.0  8  1011.9  8    9.7 18    1.9 18    3.6  999.9    27.7    13.7    0.0I 999.9  000000
871550  20130329    20.8 21    17.0 21  1015.9  8  1009.8  8   10.1 21    1.1 21    3.1  999.9    28.7*   15.5    0.0I 999.9  000000
871550  20130330    24.8 22    17.8 22  1013.3  8  1007.3  8   11.9 22    2.4 22    4.6  999.9    32.0*   18.9    0.0I 999.9  000000
871550  20130331    24.3 18    17.8 18  1011.6  8  1005.5  8   11.7 18    3.1 17    5.7  999.9    33.0*   19.5    0.0I 999.9  000000
871550  20130401    25.0 18    21.5 18  1009.6  7  1003.6  7   11.1 18    3.5 18    7.2  999.9    33.6    22.0*   4.1A 999.9  010010
871550  20130402    22.8 23    21.4 23  1010.8  8  1004.7  8   10.9 23    1.8 23    4.1  999.9    28.4    21.6    4.1C 999.9  010000
871550  20130403    22.6 17    20.4 17  1013.2  7  1007.2  7   12.1 16    2.2 17    4.1  999.9    26.3    20.6    0.0G 999.9  010000
871550  20130404    20.0 22    18.6 22  1009.6  8  1003.5  8   10.1 22    3.0 22    6.2  999.9    24.7    18.0   40.9G 999.9  010010
871550  20130405    20.5 24    16.2 24  1009.8  8  1003.7  8   10.6 24    1.5 24    3.1  999.9    28.0*   14.4    5.1G 999.9  000000
871550  20130406    21.5 24    16.6 24  1009.9  8  1003.8  8   11.7 24    1.4 24    2.6  999.9    28.4*   14.6    0.0G 999.9  000000
871550  20130407    21.1 21    17.0 21  1014.0  8  1007.8  8   11.9 21    1.5 21    2.6  999.9    28.4    16.3    0.0I 999.9  000000
871550  20130408    20.3 19    15.3 19  1015.8  8  1009.6  8   11.4 19    1.3 19    3.1  999.9    27.5    13.5    0.0I 999.9  000000
871550  20130409    19.9 22    15.3 22  1015.0  8  1008.8  8   11.1 22    1.6 22    4.1  999.9    27.6*   12.2    0.0I 999.9  000000
871550  20130410    23.4 24    19.0 24  1010.4  8  1004.3  8   10.9 24    2.3 24    3.6  999.9    31.0*   17.0*   0.0I 999.9  000000
871550  20130411    26.0 23    22.4 23  1004.8  8   998.9  8   10.9 23    4.1 22    9.3  999.9    32.0*   21.4  999.9  999.9  010010
871550  20130412    20.0 22    18.3 22  1009.4  8  1003.4  8   11.1 22    3.6 22    7.2  999.9    31.8    18.0*  49.0G 999.9  010010
871550  20130413    17.8 22    12.7 22  1018.5  8  1012.3  8   11.9 22    1.6 22    3.1  999.9    22.2    12.9    0.0G 999.9  000000
871550  20130414    15.9 24    10.0 24  1018.4  8  1012.2  8    9.7 24    1.0 24    4.1  999.9    24.0*    8.5    0.0I 999.9  000000
871550  20130415    18.1 24    11.9 24  1018.2  8  1012.0  8   10.5 23    0.5 23    2.6  999.9    27.8*    9.0*   0.0I 999.9  000000
871550  20130416    18.8 21    15.0 21  1017.2  8  1011.0  8    9.5 21    0.3 21    1.5  999.9    28.3*   12.7    0.0I 999.9  000000
871550  20130417    19.7 24    15.1 24  1017.4  8  1011.2  8    9.2 24    0.6 24    2.1  999.9    28.3    12.7    0.0I 999.9  000000
871550  20130418    17.8 24    12.7 24  1016.8  8  1010.6  8   10.3 24    0.9 24    3.1  999.9    27.4     9.8    0.0I 999.9  000000
871550  20130419    19.7 20    13.4 20  1017.0  8  1010.8  8    9.3 20    1.2 20    2.6  999.9    28.0*    9.8    0.0I 999.9  000000
871550  20130420    20.5 24    15.3 23  1017.3  8  1011.1  8    9.3 24    1.3 24    3.6  999.9    28.0*   12.0    0.0I 999.9  000000
871550  20130421    20.6 24    16.1 24  1017.0  8  1010.8  8    7.1 24    1.0 24    3.1  999.9    29.0*   13.0*   0.0I 999.9  000000
871550  20130422    21.5 21    17.1 21  1017.7  8  1011.6  8   10.5 21    1.6 21    3.1  999.9    29.3    14.9    0.0I 999.9  000000
871550  20130423    22.2 21    17.0 21  1018.5  8  1012.4  8   10.9 21    1.9 21    3.1  999.9    29.2    16.0*   0.0I 999.9  000000
871550  20130424    22.5 22    16.7 22  1017.5  8  1011.5  8   11.3 22    2.4 22    4.1  999.9    29.1*   16.4    0.0I 999.9  000000
871550  20130425    22.1 23    15.1 23  1015.2  8  1009.1  8   10.3 23    2.4 23    4.1  999.9    29.7    15.5    0.0I 999.9  000000
871550  20130426    22.3 24    15.8 24  1013.1  8  1007.0  8   10.1 24    2.3 24    3.6  999.9    30.4*   14.5    0.0I 999.9  000000
871550  20130427    24.4 22    19.3 22  1010.2  8  1004.1  8    9.7 22    3.1 22   11.0  999.9    32.1*   19.5    0.0I 999.9  000000
871550  20130428    25.5 23    20.7 23  1010.3  8  1004.3  8   11.3 23    3.0 23    5.1  999.9    33.0*   22.3  999.9  999.9  010010
871550  20130429    23.1 20    21.8 20  1011.2  8  1005.2  8    9.5 20    1.6 20    3.6  999.9    33.3    20.6   35.1G 999.9  010010
871550  20130430    22.4 19    21.2 19  1012.2  7  1006.2  7   11.3 19    2.8 19    5.7  999.9    28.6    21.0*   0.0G 999.9  010010
871550  20130501    25.8 23    21.4 23  1010.6  8  1004.5  8   11.7 23    3.3 22    4.6  999.9    32.4*   19.8   47.0G 999.9  000010
871550  20130502    28.8 13    21.4 13  1007.9  6  1002.0  6   12.4 13    4.5 13    8.2  999.9    32.8*   21.9    0.0G 999.9  000000
871550  20130503    26.9 24    21.4 24  1006.7  8  1000.8  8   12.2 24    4.2 24    7.2  999.9    32.9    23.0*   0.0I 999.9  000010
871550  20130504    21.5 18    17.9 18  1012.5  8  1006.4  8   12.7 18    2.4 18    4.1  999.9    32.4    17.5    0.0I 999.9  000000
871550  20130505    18.5 22    14.9 22  1018.7  8  1012.6  8   12.1 22    1.4 22    4.1  999.9    24.2    14.0*   0.0I 999.9  000000
871550  20130506    15.8 21    12.4 21  1018.2  8  1012.0  8    7.7 21    0.8 21    3.1  999.9    24.4*    9.7    0.0I 999.9  000000
871550  20130507    16.3 23    11.0 23  1022.1  8  1015.8  8   10.5 23    1.3 23    5.7  999.9    25.0    12.0    0.0I 999.9  000000
871550  20130508    15.9 20     8.3 20  1018.2  8  1011.9  8   11.3 20    2.8 20    5.7  999.9    24.0*    8.6    0.0I 999.9  000000
871550  20130509    17.4 24    11.4 24  1015.3  8  1009.0  8   11.6 24    3.2 24    5.7  999.9    26.2*   10.5    0.0I 999.9  000000
871550  20130510    20.2 24    13.6 24  1011.9  8  1005.8  8   10.6 24    3.8 24    6.2  999.9    29.0*   13.5    0.0I 999.9  000000
871550  20130511    22.9 24    16.2 24  1011.4  7  1005.4  7   10.3 23    3.4 24    6.2  999.9    31.0*   17.2  999.9  999.9  010010
871550  20130512    20.3 22    19.6 22  1011.5  8  1005.4  8   10.0 22    2.7 22    4.6  999.9    30.8    19.4   37.1G 999.9  010010
871550  20130513    20.3 22    19.5 22  1012.1  8  1005.9  8    8.5 22    0.9 22    2.6  999.9    22.0*   19.0    2.0G 999.9  010000
871550  20130514    20.5 15    19.5 15  1011.6  8  1005.5  8    8.7 15    0.9 15    2.6  999.9    23.0*   18.6    0.0G 999.9  010000
871550  20130515    18.6 17    16.9 17  1011.4  8  1005.2  8    7.1 17    3.2 17    6.7  999.9    24.2    14.0*   0.0G 999.9  010000
871550  20130516    11.6 19     2.8 19  1024.5  8  1018.1  8   12.1 19    2.3 19    4.6  999.9    21.7     5.3    2.0G 999.9  000000
871550  20130517    10.8 22     6.2 22  1023.9  8  1017.6  8   12.1 22    1.0 22    3.6  999.9    16.4*    5.8    0.0G 999.9  000000
871550  20130518    12.7 22    10.3 22  1019.8  8  1013.5  8    9.3 21    1.5 22    4.6  999.9    17.4    11.0   20.1G 999.9  010010
871550  20130519    14.2 20    13.1 20  1019.6  8  1013.3  8   11.1 20    2.6 20    4.1  999.9    15.5*   10.9    5.1G 999.9  010000
871550  20130520    14.6 24    12.9 24  1020.2  8  1013.9  8   11.7 24    1.4 24    2.6  999.9    16.0    13.4    0.0G 999.9  010000
871550  20130521    15.8 24    14.2 24  1016.5  8  1010.2  8   11.9 24    0.5 24    2.1  999.9    18.2*   13.8    0.0G 999.9  010000
871550  20130522    15.8 21    13.4 21  1018.0  8  1011.8  8   12.2 21    1.7 21    4.1  999.9    18.5    14.3    0.5G 999.9  010000
871550  20130523    14.3 22    12.2 22  1018.7  8  1012.4  8   12.6 22    1.6 22    3.6  999.9    18.3    13.0*   0.0G 999.9  000000
871550  20130524    16.3 17    12.7 17  1020.2  7  1014.0  7   12.2 17    2.4 17    4.6  999.9    20.0*   13.0    0.0I 999.9  000000
871550  20130525    13.8 22    10.9 22  1019.8  8  1013.5  8    9.5 22    1.4 22    3.1  999.9    21.0*    8.0*   0.0I 999.9  100000
871550  20130526    17.2 22    14.3 22  1014.3  8  1008.1  8   11.6 22    1.5 22    3.6  999.9    24.0*   10.9    0.0I 999.9  000000
871550  20130527    18.9 24    16.1 24  1009.9  7  1003.8  7    7.6 24    1.4 23    3.1  999.9    26.0*   13.0    0.0I 999.9  100000
871550  20130528    21.8 23    19.1 23  1001.0  8   994.9  8   10.3 23    2.3 23    4.1  999.9    29.0*   17.6    0.0I 999.9  000000
871550  20130529    19.7 22    16.2 22  1003.4  7   997.4  7    9.3 22    2.5 22    9.3  999.9    29.5    15.0*   9.9G 999.9  010010
871550  20130530    13.6 24     8.2 24  1016.9  8  1010.6  8   11.3 24    1.2 24    3.6  999.9    22.2*    6.8    0.8G 999.9  000000
871550  20130531    14.8 23     9.1 23  1012.2  8  1006.0  8   11.4 23    2.7 23    5.1  999.9    22.7     9.0*   0.0G 999.9  000000
871550  20130601    19.9 19    15.6 19  1009.7  8  1003.6  8   10.6 19    1.2 19    2.6  999.9    26.0*   12.4    0.0I 999.9  000000
871550  20130602    17.1 21    13.3 21  1015.6  8  1009.5  8    9.8 21    1.9 21    4.6  999.9    26.3     8.8    0.0I 999.9  000000
871550  20130603    14.4 23     9.0 23  1020.6  8  1014.3  8   10.3 23    0.6 23    2.1  999.9    23.8     6.9    0.0I 999.9  000000
871550  20130604    14.9 21    10.3 21  1018.4  7  1012.2  7    7.9 21    1.3 21    3.6  999.9    25.0*    6.0    0.0I 999.9  100000
871550  20130605    18.1 22    13.9 22  1014.4  8  1008.2  8    9.7 22    2.7 22    6.2  999.9    27.0*   10.0    0.0I 999.9  100000
871550  20130606    18.1 24    13.1 24  1017.0  7  1010.9  7   10.3 24    2.0 24    4.6  999.9    27.2    14.0*   0.0I 999.9  000000
871550  20130607    16.6 23    11.7 23  1017.7  8  1011.4  8   11.3 23    2.2 23    3.6  999.9    27.0*   10.8    0.0I 999.9  000000
871550  20130608    19.4 23    16.1 23  1020.3  8  1014.1  8    9.8 23    1.8 23    3.1  999.9    26.8    13.6    0.0I 999.9  000000
871550  20130609    17.6 15    17.1 15  1016.4  5  1010.2  5    7.2 15    3.1 15    8.2  999.9    20.0    16.6    0.0G 999.9  010010
871550  20130610    17.3 24    16.1 24  1017.0  8  1010.8  8    8.5 19    1.6 24    6.2  999.9    21.6*   14.0   37.1G 999.9  110010
871550  20130611    17.3 22    15.6 22  1018.6  8  1012.4  8    6.9 20    1.2 21    2.6  999.9    23.5*   12.6    0.0G 999.9  100000
871550  20130612    20.4 24    17.5 24  1018.2  7  1012.1  7    8.4 24    1.5 24    3.1  999.9    27.1*   14.3    0.0I 999.9  100000
871550  20130613    20.7 23    15.9 23  1017.1  8  1011.0  8   10.6 22    2.2 23    5.1  999.9    27.5    15.0    0.0I 999.9  000000
871550  20130614    17.3 23    14.4 23  1016.1  8  1009.9  8    7.9 23    2.8 23    6.2  999.9    27.0    14.8*   0.0G 999.9  010010
871550  20130615    15.2 20    14.2 20  1017.1  7  1010.9  7    8.4 20    2.1 20    3.1  999.9    18.2    13.0   43.9G 999.9  110000
871550  20130616    16.1 23    15.1 23  1012.8  8  1006.5  8    6.8 23    1.8 23    4.1  999.9    19.0*   14.0*   0.0G 999.9  010000
871550  20130617    15.4 23    14.4 23  1016.9  8  1010.7  8    7.6 23    2.1 23    4.1  999.9    19.0    14.5    0.0G 999.9  010000
871550  20130618    15.3 20    14.6 20  1014.6  7  1008.4  7    4.2 20    2.0 19    4.6  999.9    17.0*   13.2    0.0G 999.9  110000
871550  20130619    14.6 23    12.2 23  1017.6  8  1011.3  8   11.7 23    3.7 23    6.2  999.9    17.1    13.0*   5.1G 999.9  010000
871550  20130620    10.3 24     7.3 24  1019.2  6  1012.9  6   11.1 24    3.8 24    5.7  999.9    15.3     9.0    0.0G 999.9  010010
871550  20130621    10.2 20     8.5 20  1014.0  6  1007.7  6    7.1 19    3.7 20    5.1  999.9    15.2*    9.0   11.9G 999.9  010000
871550  20130622     9.9 24     8.1 24  1015.2  8  1008.9  8   10.3 24    3.0 24    5.1  999.9    15.7     5.8    0.0G 999.9  000000
871550  20130623     9.9 23     8.1 23  1018.2  7  1011.8  7    5.5 23    1.2 23    3.1  999.9    16.0*    4.7    0.0I 999.9  100000
871550  20130624    13.8 23    11.1 23  1016.7  8  1010.4  8   11.7 23    2.1 23    3.6  999.9    17.0*    7.7    0.0I 999.9  000000
871550  20130625    11.9 24     9.9 24  1017.6  8  1011.3  8   10.0 24    1.6 24    4.6  999.9    18.0     9.9    0.0I 999.9  000000
871550  20130626    10.3 23     7.2 23  1018.2  8  1011.9  8    8.9 23    0.9 23    3.1  999.9    18.0*    3.8    0.0I 999.9  100000
871550  20130627    11.1 23     9.2 23  1017.0  8  1010.7  8    7.7 23    1.5 23    4.1  999.9    18.2     4.4    0.0I 999.9  000000
871550  20130628    17.6 23    16.4 23  1009.2  8  1003.0  8    8.9 23    1.9 23    4.6  999.9    23.0*    9.6    0.0G 999.9  110000
871550  20130629    17.7 15    14.2 15  1012.2  8  1006.0  8   10.6 15    2.7 15    4.1  999.9    24.9    14.0*   1.0G 999.9  000000
871550  20130630    13.5 20     8.6 19  1017.4  7  1011.1  7    9.8 20    2.1 20    4.6  999.9    20.5     7.5    0.0G 999.9  100000
871550  20130701    13.9 17     6.3 17  1021.4  8  1015.1  8   11.6 17    1.6 16    3.1  999.9    21.2*    3.5    0.0I 999.9  000000
871550  20130702    11.6 23     7.8 23  1018.8  8  1012.5  8    7.6 23    1.6 23    5.1  999.9    22.4*    3.3    0.0I 999.9  000000
871550  20130703    18.6 23    15.1 23  1012.6  8  1006.4  8   11.9 23    3.7 23    6.7  999.9    25.0*    9.0    0.0I 999.9  000000
871550  20130704    21.5 22    19.4 22  1010.5  8  1004.4  8    9.8 22    2.6 22    4.6  999.9    27.0*   16.4    0.0G 999.9  010010
871550  20130705    23.8 23    20.6 23  1011.4  8  1005.4  8   10.8 22    3.4 23    9.3  999.9    29.5*   19.9    3.0G 999.9  000000
871550  20130706    25.2 21    20.1 21  1010.3  8  1004.3  8   11.9 21    3.5 21    7.7  999.9    31.0*   21.2    0.0G 999.9  000000
871550  20130707    15.8 21    15.1 21  1017.3  7  1011.2  7    6.9 21    3.6 21    6.2  999.9    21.2    13.0*  15.0G 999.9  010010
871550  20130708    13.5 23     9.3 23  1024.7  8  1018.4  8   11.9 23    3.7 23    5.7  999.9    17.0*   10.6    2.0G 999.9  010000
871550  20130709    15.6 23    13.4 23  1019.6  8  1013.3  8   11.1 23    2.4 23    6.2  999.9    19.0*   11.6    0.0G 999.9  000000
871550  20130710    20.3 23    16.4 23  1015.5  9  1009.3  9    6.0 23    2.7 23    7.2  999.9    28.0*   13.7    0.0I 999.9  100000
871550  20130711    22.6 23    17.1 23  1013.4  8  1007.3  8   11.4 23    3.9 23    6.2  999.9    29.0*   16.6    0.0I 999.9  000000
871550  20130712    20.8 24    18.2 24  1015.3  8  1009.2  8   10.6 21    2.4 23    4.6  999.9    28.8    18.0*   0.0I 999.9  000000
871550  20130713    18.4 18    17.8 18  1015.4  6  1009.3  6    9.8 18    1.3 18    3.6  999.9    23.0    17.8    2.0G 999.9  010010
871550  20130714    18.8 20    18.4 20  1016.3  8  1010.1  8    5.3 20    1.6 20    4.6  999.9    20.3    17.0*   2.0G 999.9  110000
871550  20130715    15.6 22    11.4 22  1021.0  8  1014.8  8    8.7 22    1.4 22    3.1  999.9    20.2    10.3    1.0G 999.9  110000
871550  20130716    13.5 23     8.4 23  1019.7  6  1013.5  6    9.7 23    1.2 23    4.1  999.9    23.0*    5.5    0.0G 999.9  100000
871550  20130717    18.4 24    13.2 24  1014.0  8  1007.7  8   11.4 24    2.4 24    4.6  999.9    26.8*   11.0    0.0I 999.9  000000
871550  20130718    20.3 23    15.6 23  1008.2  7  1002.2  7   11.6 22    4.4 23   12.3   15.4    27.0    15.6    0.0I 999.9  000000
871550  20130719    11.2 23     4.9 23  1019.4  8  1013.1  8   12.2 23    6.5 22   12.3  999.9    26.0     8.0    0.0I 999.9  000000
871550  20130720    10.0 22     6.3 22  1012.0  8  1005.6  8   11.6 22    1.2 22    2.6  999.9    16.0*    5.9    0.0B 999.9  010000
871550  20130721     8.8 24     2.3 24  1017.5  8  1011.1  8   11.9 24    2.6 24    8.2  999.9    13.6     4.6    0.0I 999.9  000000
871550  20130722     4.9 23    -0.5 21  1026.2  8  1019.7  8   11.9 23    2.7 23    7.2  999.9    13.6    -2.0*   0.0I 999.9  000000
871550  20130723     5.2 24    -1.6 23  1028.7  8  1022.2  8   10.6 24    1.5 24    3.1  999.9    13.0    -3.0    0.0I 999.9  000000
871550  20130724     6.8 20    -0.5 20  1028.6  8  1022.1  8    9.3 20    1.0 20    3.6  999.9    16.0*   -2.0    0.0I 999.9  100000
871550  20130725     9.5 21     1.2 21  1027.5  8  1021.1  8   10.8 21    2.7 21    5.7  999.9    17.0*    1.0    0.0I 999.9  000000
871550  20130726    13.8 19     4.7 19  1024.0  8  1017.7  8   10.5 18    4.2 19    8.2  999.9    21.2*    5.5    0.0I 999.9  000000
871550  20130727    13.7 19     9.4 18  1020.1  8  1013.9  8    9.2 19    1.8 19    4.1  999.9    23.1*    5.6    0.0I 999.9  000000
871550  20130728    15.6 23    11.8 22  1019.1  7  1012.9  7    5.8 23    1.3 23    3.1  999.9    26.0*    7.5    0.0I 999.9  100000
871550  20130729    21.1 22    14.7 22  1018.0  8  1011.9  8   10.8 22    2.9 22    4.1  999.9    30.1*   13.5    0.0I 999.9  000000
871550  20130730    21.7 20    16.1 20  1015.7  7  1009.6  7    9.3 20    3.5 20    6.2  999.9    30.8*   16.4    0.0I 999.9  000000
871550  20130731    22.1 24    14.0 24  1010.8  8  1004.8  8    9.7 24    3.8 24    7.7  999.9    31.2    13.2    0.0I 999.9  000000
871550  20130801    21.7 20    14.8 20  9999.9  0  9999.9  0    7.7 16    3.6 20    5.1  999.9    29.0*   14.2    0.0I 999.9  000000
871550  20130802    14.4 23    12.8 23  1014.7  4  1008.6  4    9.2 23    4.7 23    6.7  999.9    28.9    12.4    0.8G 999.9  010010
871550  20130803    13.0 22    10.6 22  1017.0  4  1010.7  4   10.9 22    2.7 22    4.1  999.9    15.7    11.7    0.0G 999.9  000000
871550  20130804    13.6 24    10.6 24  1017.8  4  1011.6  4   10.3 18    2.5 24    6.7  999.9    18.3*    8.6    0.0I 999.9  000000
871550  20130805     7.8 14     6.7 14  1015.7  4  1009.4  4    2.1 14    0.3 14    1.5  999.9    23.6*    4.0*   0.0I 999.9  100000
871550  20130806    17.7  4    11.4  4  1016.1  4  1009.9  4   13.0  4    2.2  4    4.1  999.9    24.7*    9.3    0.0I 999.9  000000
871550  20130807    27.3  9    14.6  9  1005.7  4   999.7  4    8.2  7    5.3  9    7.7   13.9    33.9*   16.4    0.0I 999.9  000000
871550  20130808    19.8 22    12.4 22  1003.8  4   997.8  4    9.2 17    4.9 22   19.0   30.0    34.4    15.0*   0.0I 999.9  000000
871550  20130809    13.4 24     6.6 24  1020.0  4  1013.7  4   10.9 21    4.8 23    7.2  999.9    21.5    11.7    0.0I 999.9  000000
871550  20130810    10.9 16     3.8 16  1026.0  4  1019.7  4   10.9  9    2.4 16    5.1  999.9    16.3     2.1    0.0I 999.9  000000
871550  20130811    11.7 19     4.2 19  1019.2  4  1012.8  4   11.3  4    2.6 19    4.6  999.9    20.0*    2.9    0.0I 999.9  000000
871550  20130812    13.7 23     6.5 23  1012.1  4  1005.8  4   12.6  4    2.4 23    4.1  999.9    22.0*    6.2    0.0I 999.9  000000
871550  20130813    13.4 23     7.4 23  1018.6  4  1012.4  4   10.8 20    4.3 23    7.7  999.9    21.9     9.0*   0.0I 999.9  000000
871550  20130814     6.7 23     0.4 22  1032.5  4  1026.0  4   12.2  4    2.6 22    4.1  999.9    15.4    -1.6    0.0I 999.9  000000
871550  20130815     8.1 20    -0.1 18  9999.9  0  9999.9  0  999.9  0    2.3 20    5.1  999.9    17.0*   -1.7    0.0I 999.9  000000
871550  20130816    12.9 19     3.8 19  1021.5  4  1015.1  4    7.9 11    1.6 19    2.6  999.9    22.0*    0.5    0.0I 999.9  000000
871550  20130817    12.9 24     5.0 24  1024.0  4  1017.7  4    8.0 19    1.9 24    3.6  999.9    22.5     3.0*   0.0I 999.9  000000
871550  20130818    14.8 24     8.9 24  1019.8  4  1013.5  4    7.7 12    2.4 24    5.1  999.9    26.0*    4.0*   0.0I 999.9  000000
871550  20130819    19.6 23    13.0 23  1015.2  4  1009.0  4   13.0  4    3.1 23    5.1  999.9    29.0*   12.6    0.0I 999.9  000000
871550  20130820    23.2 23    15.1 23  1012.3  4  1006.2  4    8.2 15    3.9 23    6.7  999.9    32.0*   16.1    0.0I 999.9  000000
871550  20130821    25.2 19    14.3 19  1008.2  4  1002.2  4    8.2 10    4.2 19    9.3  999.9    34.0*   18.9    0.0I 999.9  000000
871550  20130822    19.9 12     8.9 12  1006.5  4  1000.5  4    8.2  9    8.0 12   10.3  999.9    34.0    14.0*   0.0I 999.9  000010
871550  20130823    10.1 13    -0.4 13  1019.8  4  1013.5  4   10.8  7    5.0 12    6.7  999.9    12.5*    8.3    0.3G 999.9  100000
871550  20130824     8.8 24     2.2 24  1023.0  4  1016.6  4   10.6 14    3.3 24    4.6  999.9    10.9     7.0*   0.0G 999.9  010010
871550  20130825     8.1 23     7.3 23  1026.1  4  1019.7  4    7.7 23    3.7 23    5.7  999.9    10.5     6.5    9.9G 999.9  010000
871550  20130826     8.9 24     2.4 24  1028.8  4  1022.4  4    8.9 17    4.2 24    7.7   13.4    13.0*    5.3    5.1G 999.9  010000
871550  20130827     6.4 23    -0.8 23  1029.2  4  1022.8  4   10.9  6    1.4 23    2.6  999.9    16.0*   -2.6    0.0G 999.9  000000
871550  20130828    11.1 24     2.1 24  1026.6  4  1020.2  4   11.3  5    2.6 24    4.1  999.9    21.0*    2.1    0.0I 999.9  000000
871550  20130829    13.2 24     5.6 24  1021.5  4  1015.3  4    9.0 10    2.6 24    4.1  999.9    24.1*    4.6    0.0I 999.9  000000
871550  20130830    17.9 22     9.1 22  1014.7  4  1008.5  4    8.4  9    3.0 22    6.0  999.9    28.0*   10.3    0.0I 999.9  000000
871550  20130831    23.4 23    12.7 23  1008.7  4  1002.6  4    7.7 18    3.3 23    6.2  999.9    34.3*   13.4    0.0I 999.9  000000
871550  20130901    23.9 24    16.7 24  1006.9  4  1000.9  4    6.9 16    1.6 24    4.6  999.9    34.6    13.1    0.0I 999.9  000000
871550  20130902    22.9 23    17.7 23  1007.0  4  1001.0  4    7.7 18    2.2 23    5.1  999.9    33.5    16.0*   0.0I 999.9  000010
871550  20130903    19.0 22    12.7 22  1013.7  4  1007.6  4    6.9 17    3.3 22    7.7  999.9    30.4    14.0*   0.0I 999.9  000000
871550  20130904    15.5 21     6.7 21  1022.7  4  1016.5  4   10.8  6    2.9 21    5.1  999.9    23.5     9.9    0.0I 999.9  000000
871550  20130905    19.2 23    11.0 23  1017.5  4  1011.4  4    8.9 11    3.3 23    6.2  999.9    30.1*   11.5    0.0I 999.9  000000
871550  20130906    25.1 23    16.6 23  1013.9  4  1007.8  4    7.6 15    4.1 23    7.2  999.9    34.0*   15.1    0.0I 999.9  000000
871550  20130907    26.5 20    16.4 20  1010.2  4  1004.3  4    8.7  8    4.3 20    7.2  999.9    36.0*   19.9    0.0I 999.9  000000
871550  20130908    27.1 22    19.2 22  1010.6  4  1004.6  4    7.1 15    2.8 22    5.1  999.9    36.0    21.9    0.0I 999.9  000000
871550  20130909    25.4 24    18.0 24  1015.2  4  1009.2  4   11.4  5    3.0 24    5.7  999.9    34.6    18.4    0.0I 999.9  000000
871550  20130910    29.7 18    16.4 18  1012.6  4  1006.6  4    7.7 14    5.1 18    9.3  999.9    37.0*   20.0*   0.0I 999.9  000000
871550  20130911    29.3 24    13.6 24  1008.9  4  1003.0  4    7.2 17    5.3 24   10.8  999.9    37.6    22.0*   0.0I 999.9  000000
871550  20130912    29.0 24    14.2 24  1005.6  4   999.8  4    7.6 12    4.8 24    9.3  999.9    38.0*   21.0    0.0I 999.9  000000
871550  20130913    20.6 23    15.1 23  1009.6  4  1003.6  4    7.1 18    4.6 23    6.2  999.9    28.2*   14.0*   0.0I 999.9  000000
871550  20130914    14.5 24    13.4 24  1015.2  4  1009.1  4    7.7 24    3.2 24    5.1  999.9    21.2    12.0*   8.9G 999.9  010010
871550  20130915    13.5 21    12.3 21  1015.2  4  1008.9  4    8.5 21    3.1 21    4.1  999.9    16.4    12.0*   7.9G 999.9  010010
871550  20130916    12.6 23    10.5 23  1014.3  4  1007.9  4   10.8 23    4.1 23    6.7  999.9    15.7    11.0*   2.0G 999.9  010000
871550  20130917    11.8 18     6.2 18  1019.2  4  1012.9  4   11.3 16    4.4 18    7.7  999.9    16.3*    7.4    0.0G 999.9  000000
871550  20130918    10.3 22     3.4 22  1022.8  4  1016.4  4    7.7 12    1.5 22    3.6  999.9    19.0*    2.0    0.0I 999.9  000000
871550  20130919    13.0 24     4.5 24  1022.2  4  1015.9  4    9.5  7    2.5 24    5.7  999.9    22.0*    3.7    0.0I 999.9  000000
871550  20130920    20.6 19     9.7 19  1011.0  4  1004.7  4    9.7 11    2.4 18    4.1  999.9    28.0*   11.1    0.0I 999.9  000000
871550  20130921    18.9 19    12.9 19  1006.5  5  1000.4  5    9.8 16    4.2 19    6.2  999.9    28.6    14.9    7.1G 999.9  010010
871550  20130922    15.3 22    11.3 22  1013.2  4  1007.0  4   10.9 17    6.3 22   10.3   15.4    25.1    12.6    0.5G 999.9  010010
871550  20130923    12.7 23     7.1 23  1025.0  4  1018.7  4   10.6 22    4.6 23    8.2  999.9    18.0*    7.6    0.0G 999.9  000000
871550  20130924    10.9 23     3.5 22  1028.8  4  1022.4  4   12.4  7    2.6 23    5.1  999.9    18.6     2.6    0.0I 999.9  000000
871550  20130925    12.2 21     6.5 21  1025.1  4  1018.7  4    9.8 13    2.7 21    6.2  999.9    20.0*    1.9    0.0I 999.9  000000
871550  20130926    16.3 24     9.1 24  1016.8  6  1010.5  6    9.5 13    2.8 24    6.2  999.9    26.0*    6.4    0.0I 999.9  000000
871550  20130927    19.4 23    12.8 23  1012.3  4  1006.2  4    8.7 11    2.9 23    6.2  999.9    26.5    15.0* 999.9  999.9  010000
871550  20130928    22.3 17    17.9 17  1011.6  4  1005.5  4    8.7 16    2.7 17    7.2  999.9    27.3*   16.3    0.8G 999.9  010010
871550  20130929    15.4 23    12.6 23  1017.0  4  1010.8  4   10.9 15    3.9 23    6.7  999.9    28.4    11.6    0.0G 999.9  000000
871550  20130930    13.3 18     9.2 18  1017.8  4  1011.4  4   10.6 14    4.2 17    5.7  999.9    19.0*    9.1    3.0G 999.9  010010
871550  20131001    14.2 21     8.6 21  1016.5  4  1010.2  4    5.8 12    1.9 21    4.1  999.9    24.0*    5.0    0.0G 999.9  000000
871550  20131002    17.2 22     9.2 22  1015.1  4  1008.9  4   11.4  6    1.9 22    4.6  999.9    26.0*    8.4    0.0I 999.9  000000
871550  20131003    21.3 21    13.1 21  1012.2  5  1006.1  5   11.6 12    2.1 21    5.7  999.9    30.0*   13.0*   0.0I 999.9  000000
871550  20131004    19.2 18     9.8 18  1018.0  4  1011.8  4   11.3  9    4.8 18    9.3  999.9    30.6    13.2    0.0I 999.9  000000
871550  20131005    16.6 23     9.6 23  1019.7  4  1013.5  4   10.8  9    2.1 23    4.6  999.9    25.6     7.0    0.0I 999.9  000000
871550  20131006    17.8 21    10.2 21  1020.1  4  1013.9  4   13.0  4    3.1 21    6.7  999.9    25.9*    8.2    0.0I 999.9  000000
871550  20131007    20.9 22    10.3 22  1019.8  4  1013.6  4   13.0  5    3.9 22    5.1  999.9    29.0*   13.3    0.0I 999.9  000000
871550  20131008    23.4 21    13.5 21  1016.3  4  1010.2  4    6.4 14    3.6 21    7.2  999.9    31.3*   11.9    0.0I 999.9  000000
871550  20131009    25.7 24    14.4 24  1011.5  4  1005.5  4    8.7 12    4.4 24    7.2  999.9    35.0*   17.6    0.0I 999.9  000000
871550  20131010    23.7 22    18.7 22  1012.8  4  1006.8  4    8.2 19    4.1 22    7.7  999.9    35.3    18.9   22.1G 999.9  010010
871550  20131011    23.6 24    19.3 24  1012.8  4  1006.8  4   10.5 16    1.9 24    3.6  999.9    29.1*   17.9    0.0G 999.9  010010
871550  20131012    21.5 21    19.8 21  9999.9  0  9999.9  0   10.0 21    2.5 21   12.4  999.9    29.4    18.9*  13.0C 999.9  010010
871550  20131013    21.9 23    18.9 23  1012.7  5  1006.5  5    8.7 19    0.8 23    2.6  999.9    28.0*   15.9    0.0I 999.9  100000
871550  20131014    23.1 24    19.5 24  1014.1  4  1008.1  4   10.3 12    1.3 24    3.1  999.9    28.0*   18.0*   0.0I 999.9  000000
871550  20131015    23.3 24    18.6 24  1016.3  4  1010.2  4    8.9 13    1.6 24    5.1  999.9    28.0*   16.9    0.0I 999.9  000000
871550  20131016    23.6 22    16.4 22  1014.3  4  1008.2  4   10.5 11    1.2 22    2.6  999.9    31.0*   15.4    0.0I 999.9  000000
871550  20131017    21.9 22    16.1 22  1012.4  4  1006.4  4   10.3  7    2.0 22    4.6  999.9    30.7    15.4    0.0I 999.9  000000
871550  20131018    22.6 24    14.9 24  1011.7  4  1005.6  4   10.9 12    1.4 24    4.1  999.9    31.1*   13.1    0.0I 999.9  000000
871550  20131019    24.8 24    15.1 24  1009.2  4  1003.2  4    6.1 10    2.2 24    4.1  999.9    33.0*   14.8    0.0I 999.9  000000
871550  20131020    26.9 24    16.7 24  1002.3  4   996.4  4   10.6  9    4.5 24    9.3  999.9    36.1*   18.0    0.0I 999.9  000000
871550  20131021    25.0 21    19.4 21  1007.4  4  1001.5  4    9.8 18    4.1 21    6.7   17.5    36.5    18.0    6.1G 999.9  010010
871550  20131022    21.4 24    14.9 24  1010.7  4  1004.6  4   14.0  5    2.6 24    5.7  999.9    29.0*   12.1    0.3G 999.9  000000
871550  20131023    27.0 24    21.8 24  1004.7  4   998.7  4   10.9 15    2.8 24    5.1  999.9    34.0*   20.0    0.0G 999.9  000000
871550  20131024    23.2 23    21.4 23  1011.2  4  1005.1  4    6.6 23    2.9 23   13.4   26.3    35.5    20.8   67.1G 999.9  010010
871550  20131025    21.3 22    18.1 22  1016.3  4  1010.2  4   10.5 21    3.5 22    5.1  999.9    26.0*   18.0*   2.0G 999.9  010000
871550  20131026    23.4 24    21.6 24  1010.7  4  1004.6  4    9.8 19    2.4 24    7.2  999.9    28.0*   19.3    0.3G 999.9  010000
871550  20131027    21.8 23    15.4 23  1015.5  4  1009.4  4   14.0  5    3.3 23    6.2  999.9    28.7    16.0*   0.0G 999.9  000000
871550  20131028    21.3 24    14.7 24  1015.6  5  1009.5  5   10.5 14    3.0 24    5.7  999.9    27.8    15.0    0.0I 999.9  000000
871550  20131029    23.5 23    16.2 23  1009.9  4  1003.9  4   11.4 10    2.5 23    4.1  999.9    29.0*   18.9    0.0I 999.9  000000
871550  20131030    25.8 20    22.4 20  9999.9  0  9999.9  0   10.1 14    2.5 20    6.2  999.9    32.0*   21.5    4.1G 999.9  010010
871550  20131031    29.3 15    22.6 15  1005.2  4   999.3  4   13.0  6    4.7 15   18.0  999.9    33.0*   23.2    0.0G 999.9  000000
871550  20131101    29.1 20    23.1 20  1003.5  6   997.6  6   11.7 12    5.9 20   10.3  999.9    34.0*   22.0* 999.9  999.9  010010
871550  20131102    21.8 23    20.4 22  1008.8  7  1002.7  7    6.4 22    4.1 23    7.2  999.9    34.0    19.6  125.0G 999.9  010010
871550  20131103    20.2 21    15.3 21  1015.5  8  1009.4  8   12.9 14    3.1 21    6.2  999.9    26.0*   15.0*   8.9G 999.9  000000
871550  20131104    20.8 19    14.6 19  1016.0  8  1009.9  8   14.6  8    1.4 19    3.6  999.9    26.0    13.8    0.0G 999.9  000000
871550  20131105    20.6 18    15.6 18  1015.7  7  1009.6  7   14.6  7    2.0 18    5.7  999.9    27.1*   15.3    0.0I 999.9  000000
871550  20131106    24.4 19    18.2 19  1013.7  4  1007.7  4   10.6  9    2.5 19    4.6  999.9    31.0*   17.2    0.0I 999.9  000000
871550  20131107    26.3 23    20.2 23  1011.6  4  1005.5  4   11.7  8    4.0 23    7.2  999.9    31.2    21.5    0.0I 999.9  000000
871550  20131108    26.7 23    21.0 23  1008.6  4  1002.6  4   12.1  8    3.2 23    5.7  999.9    33.0*   20.0    0.0I 999.9  000000
871550  20131109    28.6 21    22.8 21  1001.7  4   995.8  4   10.9  8    4.0 21    6.2  999.9    35.0*   23.7    0.0I 999.9  000000
871550  20131110    30.1 24    23.3 24   997.9  4   992.0  4   11.6 12    4.6 24    8.8  999.9    35.0    26.2    0.0I 999.9  000000
871550  20131111    22.2 23    19.9 23  1002.8  4   996.9  4    8.5 21    6.1 23   10.3   14.9    34.5    18.4   11.9G 999.9  010010
871550  20131112    20.9 24    15.1 24  1011.3  4  1005.2  4   13.4  6    2.1 24    4.1  999.9    29.0*   12.4    2.0G 999.9  000000
871550  20131113    22.9 21    16.5 21  1014.2  4  1008.1  4   11.6  6    2.7 21    6.2  999.9    30.0*   15.3    0.0G 999.9  000000
