879250  20130101    12.7 23     4.0 23  1019.3  7  1017.0  7   16.6 23    5.5 23    9.3  999.9    18.8*    4.4    0.0I 999.9  000000
879250  20130102    12.7 23     5.6 23  1010.2  8  1007.9  8   17.7 23    4.9 23   11.8   15.4    20.0     9.4    0.0I 999.9  000000
879250  20130103    13.5 23     1.2 23   999.8  8   997.5  8   17.7 23    7.9 23   13.9   19.0    20.0*    6.3    0.0I 999.9  000000
879250  20130104    15.2 24     0.4 24  1004.5  8  1002.2  8   17.4 24    4.3 24   10.3  999.9    22.3*    6.2    0.0I 999.9  000000
879250  20130105    16.1 24     3.9 24   996.6  8   994.4  8   17.5 24    5.9 24   12.9   18.5    22.5    10.5    0.0I 999.9  000000
879250  20130106    13.2 24     1.8 24   980.1  8   978.1  7   17.5 24   10.2 24   17.0   27.3    23.4     5.5    0.0G 999.9  010000
879250  20130107    12.1 24    -1.3 24   980.0  8   977.8  8   17.4 24   11.1 24   15.4   18.5    17.0     7.2    0.0B 999.9  010000
879250  20130108    10.9 24     1.4 24   991.1  8   989.4  8   17.2 24   10.3 24   16.5  999.9    17.2     6.0    0.0G 999.9  010000
879250  20130109    16.1 24     6.4 24   999.0  8   996.8  8   17.4 24    4.6 24    9.8  999.9    26.2*    9.5    0.0G 999.9  010000
879250  20130110    18.9 23     9.4 23  1000.6  8   998.3  8   17.1 23    5.0 23   11.3  999.9    27.0    11.8    0.0G 999.9  010000
879250  20130111    16.7 24     5.5 24   997.1  8   994.9  8   16.7 24   10.1 24   19.5   27.3    26.6    11.0    0.0G 999.9  010000
879250  20130112    13.6 24     1.9 24  1014.5  8  1012.2  8   17.2 24   10.7 24   15.4   21.1    21.0*    7.0    0.0I 999.9  000000
879250  20130113    16.8 23     4.4 23  1018.7  8  1016.4  8   17.5 23    7.1 23    9.3  999.9    22.5*    9.8    0.0I 999.9  000000
879250  20130114    15.9 24     6.7 24  1016.6  8  1014.3  8   17.1 24    2.9 24    8.2  999.9    23.0     7.5    0.0I 999.9  000000
879250  20130115    17.2 24     9.8 24  1007.6  8  1005.3  8   17.5 24    6.6 24   12.3   16.5    24.2    12.0    0.0G 999.9  010000
879250  20130116    14.1 23     4.4 23  1012.0  8  1009.7  8   17.7 23    7.8 23   13.4   18.0    24.5     7.0    0.0G 999.9  000000
879250  20130117    16.2 23     4.2 23  1015.7  8  1013.3  8   17.5 23    6.5 23   11.8   15.9    23.6*    9.0    0.0I 999.9  000000
879250  20130118    18.9 23     6.5 23  1019.0  8  1016.7  8   17.7 23    6.2 23    8.2   13.9    26.5*   12.4    0.0I 999.9  000000
879250  20130119    21.4 24     9.0 24  1020.8  7  1018.5  7   16.4 24    4.8 24    8.7  999.9    30.0*   12.5    0.0I 999.9  000000
879250  20130120    20.7 24     9.4 24  1014.8  7  1012.5  7   16.4 24    3.2 24    9.3  999.9    29.0*   11.0    0.0I 999.9  000000
879250  20130121    21.2 24     8.7 24  1009.2  7  1006.9  7   16.9 24    4.1 24    9.8  999.9    30.0*   11.5    0.0I 999.9  000000
879250  20130122    16.4 24    10.2 24  1008.5  8  1006.2  8   15.6 24    4.1 24    6.7  999.9    30.4    13.0*   9.9G 999.9  010000
879250  20130123    12.4 24     3.0 24  1008.9  7  1006.6  7   16.3 24    9.7 24   15.9   21.1    20.0     8.3    0.0G 999.9  010000
879250  20130124     9.7 23     1.1 23  1014.1  8  1011.7  8   17.7 23    9.3 23   12.9   15.9    17.0     4.0    0.0I 999.9  000000
879250  20130125    12.7 24     3.2 24  1010.9  8  1008.6  8   17.2 24   11.5 24   16.4   23.1    19.0*    7.1    0.0I 999.9  000000
879250  20130126    14.1 24     4.5 24  1008.3  8  1006.0  8   17.2 24    6.4 24   11.3  999.9    23.0*    4.0    0.0I 999.9  000000
879250  20130127    18.2 24     6.3 24  1000.7  8   998.3  7   17.2 24    5.1 24   11.3   16.5    24.7*   10.0    0.0I 999.9  000000
879250  20130128    16.5 24     3.8 24  1004.9  7  1002.6  7   16.6 24    9.0 24   13.9   19.5    25.1    10.0*   0.0I 999.9  000000
879250  20130129    15.5 22     4.2 22  1006.9  8  1004.6  8   16.9 22    5.7 21   13.9  999.9    22.8     7.4  999.9  999.9  010000
879250  20130130    14.2 24     3.7 24  1006.1  8  1003.8  8   17.1 24    5.8 24   10.8   16.5    22.8     7.8  999.9  999.9  010000
879250  20130131    18.1 24     2.3 24   987.8  7   985.7  7   16.6 24   12.4 24   20.6   30.9    21.4*   13.6    0.0G 999.9  000000
879250  20130201    11.8 24    -0.3 24   993.7  8   991.5  8   17.1 24   12.9 24   17.0   22.1    22.1     7.5    0.0A 999.9  000000
879250  20130202    11.1 22     2.2 22  1011.8  8  1009.5  8   17.4 22    7.9 22   14.4   15.9    16.0*    6.0    0.0G 999.9  010000
879250  20130203    15.0 23     7.2 23  1001.5  8   999.2  8   17.2 23   12.7 23   24.7   34.5    23.0*    9.5    3.0G 999.9  010000
879250  20130204    13.9 24     1.1 24  1008.0  8  1005.7  8   16.9 24    9.5 24   17.5   23.7    24.0*    7.0    0.0G 999.9  000000
879250  20130205    17.4 23     6.6 23   999.6  8   996.9  7   17.5 23    5.4 23   15.4   21.1    26.0*   10.8    0.0B 999.9  010000
879250  20130206    16.6 24     0.6 24  1003.0  9  1000.8  9   18.0 24   12.8 24   17.5   24.2    27.2    12.0    0.0G 999.9  000000
879250  20130207    14.2 24    -1.4 24  1011.0  8  1008.7  8   16.9 24    8.7 24   12.9   18.0    20.0*    9.6    0.0I 999.9  000000
879250  20130208    16.1 24     3.5 24  1005.7  8  1003.4  8   17.4 24    3.6 24    8.7   15.9    27.0*   11.0*   0.0I 999.9  000000
879250  20130209    16.1 24     6.1 24  1002.9  7  1000.2  6   16.3 24    5.9 24   13.4   18.0    28.2     7.0    0.0I 999.9  000000
879250  20130210    14.1 24     5.9 24  1004.8  8  1002.5  8   16.3 24    3.7 24    7.2  999.9    23.0     4.0    0.0I 999.9  100000
879250  20130211    16.4 24    10.4 24   986.7  7   984.5  7   15.4 24    3.8 24   11.8   17.0    23.0*    9.3    0.0G 999.9  010010
879250  20130212    11.4 24     2.5 24   990.0  8   987.8  8   17.4 24    8.6 24   12.3   19.0    24.0     5.0    7.1G 999.9  000000
879250  20130213    12.9 24     1.1 24   993.5  8   991.3  8   17.2 24    7.9 24   11.8   15.9    18.0*    8.0*   0.0G 999.9  010000
879250  20130214    16.4 23     1.6 23   988.3  8   986.1  8   17.7 23    8.4 23   13.9   19.0    21.2*   10.8    0.0G 999.9  000000
879250  20130215    11.3 24    -0.4 24   989.8  8   990.1  8   17.2 24    8.6 24   13.4   18.0    21.2     2.5    0.0I 999.9  000000
879250  20130216     9.3 24    -2.3 24   996.7  8   994.4  8   17.1 24    9.2 24   12.9   16.5    17.4     3.0    0.0I 999.9  000000
879250  20130217    10.6 22     0.2 22  1001.6  8   999.3  8   16.3 22   11.4 22   15.9   24.7    15.8     4.0    0.0G 999.9  010000
879250  20130218    11.8 20     1.4 20  1007.1  7  1004.8  7   17.7 20   10.9 20   21.1   28.8    17.6*    8.2    0.0A 999.9  000000
879250  20130219    10.9 24    -1.2 24  1009.3  8  1007.0  8   17.4 24   12.9 24   15.9   21.6    16.4*    5.0    0.0I 999.9  000000
879250  20130220    12.6 23     3.9 23  1013.3  8  1011.0  8   17.5 23    8.8 23   13.9   18.5    19.2*    7.5    0.0G 999.9  010000
879250  20130221    13.7 22     5.8 22  1015.7  8  1013.4  8   17.7 22    4.6 22    8.7  999.9    19.8     8.4*   0.0I 999.9  000000
879250  20130222    12.3 23     9.1 23  1017.6  8  1015.3  8   15.3 23    2.6 23    4.6  999.9    20.0    10.0*  85.1G 999.9  010000
879250  20130223    10.2 24     7.7 24  1019.8  8  1017.5  8   13.0 24    6.9 24    8.2  999.9    13.5     9.0    0.8G 999.9  010000
879250  20130224    11.5 23     4.9 23  1023.6  7  1021.3  7   15.9 23    2.4 23    5.1  999.9    17.0*    6.5    0.5G 999.9  010000
879250  20130225    12.7 24     6.9 24  1019.8  8  1017.5  8   16.7 24    3.4 24    5.7  999.9    20.0*    5.9    0.0G 999.9  010000
879250  20130226    12.9 23     8.9 23  1015.8  8  1013.5  8   17.2 23    2.4 23    5.7  999.9    20.0     9.0    0.8G 999.9  010000
879250  20130227    12.6 24     6.6 24  1016.6  7  1014.3  7   15.4 24    1.8 24    4.6  999.9    21.0*    3.0    0.0G 999.9  100000
879250  20130228    14.0 23     5.5 23  1016.4  7  1014.1  7   16.1 23    5.3 23    8.7  999.9    20.0*    5.5    0.0I 999.9  000000
879250  20130301    14.4 24     6.7 23  1016.8  8  1014.5  8   17.1 24    4.0 24    5.7  999.9    21.4     9.8    0.0G 999.9  010000
879250  20130302    14.6 24     5.0 24  1018.8  7  1016.5  7   17.2 24    5.7 24   10.8   15.4    21.0*    5.4    0.0G 999.9  000000
879250  20130303    17.2 23     8.5 23  1018.4  8  1016.1  8   17.5 23    4.4 23    7.2  999.9    25.2*    9.9    0.0I 999.9  000000
879250  20130304    16.6 24     8.4 24  1009.6  8  1007.3  8   16.9 24    3.9 24   10.3  999.9    26.0     9.8    0.0I 999.9  000000
879250  20130305    15.7 24     7.0 24   996.9  8   994.6  7   17.5 24    3.3 24   10.3   16.5    22.0     9.1    0.0H 999.9  010000
879250  20130306     9.3 24     0.2 24   999.2  8   997.0  8   17.4 24    6.5 24    9.8  999.9    22.0     1.5    0.0A 999.9  010000
879250  20130307     7.6 23    -0.7 23  1004.7  8  1002.3  8   17.5 23    3.6 23    5.7  999.9    15.3     0.0    0.0G 999.9  010000
879250  20130308     9.0 24     4.2 24  1001.7  8   999.5  8   15.8 24    4.6 24    9.3   15.9    12.8     4.0    0.0B 999.9  010000
879250  20130309     8.2 24     6.6 24   995.3  7   993.1  7   12.4 23    6.8 24   15.4   16.5    11.6     6.0*  11.9G 999.9  010110
879250  20130310     8.1 24     3.7 24  1003.4  8  1001.1  8   16.9 24    5.5 24   11.8   15.9    12.2*    3.0    7.9G 999.9  010000
879250  20130311     8.0 24     3.2 24  1003.0  7  1000.8  7   16.4 24    6.7 24    9.3  999.9    12.3     3.5    4.1G 999.9  010000
879250  20130312     7.6 24     4.3 24  1017.9  9  1015.6  9   16.3 24    3.0 24    5.7  999.9    11.9     5.5    2.0G 999.9  010000
879250  20130313     7.5 24     3.6 24  1029.1  8  1026.7  8   17.4 24    1.8 24    5.1  999.9    12.6*    2.5    0.0G 999.9  000000
879250  20130314     7.0 24     1.8 24  1028.5  8  1026.2  8   16.6 24    3.1 24    9.3  999.9    13.2    -0.5    0.0I 999.9  000000
879250  20130315    10.7 24     2.9 24  1020.7  8  1018.4  8   17.2 24    4.8 24   11.3  999.9    18.0*    2.5    0.0I 999.9  000000
879250  20130316    10.7 24     4.1 24  1018.8  8  1016.5  8   16.9 24    2.4 24    7.7  999.9    18.6     3.0*   0.0I 999.9  000000
879250  20130317    10.5 23     7.3 23  1018.2  7  1015.9  7   10.8 23    1.6 23    4.1  999.9    19.3     4.0    0.0I 999.9  100000
879250  20130318    11.7 24     7.2 24  1014.6  7  1012.3  7    8.4 24    1.4 23    4.1  999.9    22.0*    4.0*   0.0I 999.9  100000
879250  20130319    13.1 24     6.8 24  1004.2  7  1001.9  7   15.8 24    0.9 24    3.1   13.9    22.0     6.0    0.0I 999.9  000000
879250  20130320    11.8 24     4.3 24   995.3  8   993.1  8   16.4 24    4.1 24    8.7   15.9    20.4     8.0    0.0G 999.9  010000
879250  20130321    10.6 24     1.6 24   997.8  8   995.5  8   17.2 24    7.8 24   12.3   17.5    20.0*    4.0*   0.0G 999.9  000000
879250  20130322    10.3 24    -1.6 24  1007.5  8  1005.2  8   17.2 24    6.5 24   10.3  999.9    20.7     3.0    0.0I 999.9  000000
879250  20130323    11.4 24     4.5 24  1008.7  8  1006.4  8   16.6 24    2.8 24    8.2  999.9    20.0*    5.0    1.0G 999.9  010000
879250  20130324    14.5 24     4.8 24   992.7  8   990.5  8   17.1 24    9.5 24   17.5   21.1    20.3     9.9    0.0G 999.9  010000
879250  20130325    10.8 24     2.7 24  1001.8  8   999.5  8   17.2 24    6.3 24    9.8  999.9    17.2*    3.7    0.0B 999.9  010000
879250  20130326    13.3 24     0.9 24  1000.3  7   998.1  7   17.4 24   12.5 24   17.5   24.7    17.8     8.0*   0.0G 999.9  010000
879250  20130327    10.3 24     1.1 24  1012.1  8  1009.8  8   16.7 24    4.1 24    7.2  999.9    17.6     4.0    0.0I 999.9  000000
879250  20130328    11.8 24    -0.8 24  1006.9  8  1004.6  8   17.2 24    9.6 24   17.5   23.7    17.6     7.0*   0.0I 999.9  000000
879250  20130329     9.8 23    -0.1 23  1013.0  8  1010.7  8   17.1 23    5.7 23    9.8  999.9    17.0     2.5    0.0I 999.9  000000
879250  20130330    12.2 23     3.6 23  1016.2  8  1013.6  8   17.4 23    8.9 23   14.4   20.6    17.4     6.0    0.0I 999.9  000000
879250  20130331    10.7 23     3.5 23  1022.2  8  1019.9  8   17.2 23    4.8 23    6.7  999.9    19.0*    5.0*   0.0I 999.9  000000
879250  20130401    12.1 22     1.2 22  1013.0  8  1010.7  8   17.7 22    3.4 22   13.4   18.5    24.0*    1.0    0.0I 999.9  000000
879250  20130402     9.8 24     1.6 24  1020.0  8  1017.7  8   16.6 24    4.9 24    8.2  999.9    25.0     2.0    0.0G 999.9  000000
879250  20130403    12.5 21     2.7 21  1006.8  8  1004.5  8   17.9 21    2.9 21    5.7  999.9    19.0*    3.1   71.9E 999.9  010000
879250  20130404    11.6 24     5.8 24   993.6  7   991.4  7   16.6 24    5.8 24   17.0   21.1    21.0     8.0    6.1B 999.9  010000
879250  20130405     8.7 24    -0.7 24   988.8  8   986.6  8   17.4 24    7.8 24   11.8   15.4    14.8     6.0    0.0I 999.9  000000
879250  20130406     8.8 23    -1.7 22   989.4  7   987.8  7   16.7 23   11.0 23   17.0   23.7    12.2     4.7    0.0I 999.9  000000
879250  20130407     7.1 21    -0.7 21  1002.1  8   999.8  8   18.3 21    7.9 21   12.3   15.4    14.4*    2.7    0.0I 999.9  000000
879250  20130408     9.8 24     0.7 24  1005.7  8  1003.4  8   17.4 24    4.0 24    7.2  999.9    19.0*    2.6    0.0I 999.9  000000
879250  20130409    14.3 24     5.2 24   991.9  8   989.8  8   16.6 24    3.6 24    8.7  999.9    19.0*    5.5    0.0G 999.9  010000
879250  20130410    11.4 24     1.7 24   989.5  8   987.3  8   17.2 24    5.3 24   10.3  999.9    19.0     4.8    0.0I 999.9  000000
879250  20130411     4.6 23    -1.3 23  1010.4  8  1008.1  8   17.4 23    6.1 23    9.3  999.9    14.6    -1.0*   0.0I 999.9  000000
879250  20130412     5.9 22     2.5 22  1014.2  8  1011.9  8   16.9 22    5.5 22    7.7  999.9    11.4*   -1.2    2.0G 999.9  010000
879250  20130413     7.1 24     3.9 24  1009.6  8  1007.3  8   17.1 24    3.5 24    7.7  999.9    14.0*    0.5    0.3G 999.9  010000
879250  20130414    10.2 24     6.4 24  1007.1  7  1004.8  7   15.9 24    3.4 24    6.2  999.9    15.0*    2.0    0.5G 999.9  010000
879250  20130415     8.8 24     6.5 24  1011.3  8  1009.0  8   16.6 24    4.1 24   11.3  999.9    15.0     4.5    1.0G 999.9  010000
879250  20130416    12.6 24     9.1 24  1002.0  8   999.7  8   15.8 24    1.2 24    4.1  999.9    19.0*    7.6    2.0G 999.9  010000
879250  20130417    14.5 24     7.3 24   999.5  8   997.2  8   17.4 24    4.5 24   11.8   17.0    21.0*    8.4    0.0G 999.9  000000
879250  20130418    16.7 24     7.5 24   990.4  7   988.2  7   16.7 24    6.8 24   13.9   23.1    23.6*   11.5    0.0G 999.9  010000
879250  20130419    11.2 22     5.2 22  1002.4  8  1000.7  8   17.1 22    4.7 22   10.8  999.9    24.0     5.5    0.0I 999.9  000000
879250  20130420     9.1 24     5.8 24  1008.1  9  1005.8  9   17.7 24    2.6 24    7.7  999.9    14.8     2.5    0.0G 999.9  000000
879250  20130421    10.7 23     7.2 23   999.8  6   997.5  6   11.9 23    4.6 23   11.8   16.5    17.0*    3.4    0.0B 999.9  110000
879250  20130422     9.6 24     2.3 24  1016.5  8  1014.2  8   17.2 24    4.6 24   12.3  999.9    18.2     3.4    0.0G 999.9  010000
879250  20130423     8.6 24     3.9 24  1020.3  8  1018.0  8   17.2 24    3.3 24   11.3  999.9    16.0*    1.0    0.0I 999.9  000000
879250  20130424     8.3 22     3.9 22  1014.8  7  1012.5  7   17.5 22    3.2 21    9.8  999.9    16.4     1.3    0.0I 999.9  000000
879250  20130425    10.0 21     3.9 21  1009.0  7  1006.7  7   16.9 21    3.1 21    5.7  999.9    16.1     1.9    0.0B 999.9  010000
879250  20130426    11.6 24     5.2 24  1007.0  8  1004.7  8   16.9 24    3.9 24    9.3  999.9    17.0*    6.9    0.0D 999.9  010000
879250  20130427     5.8 23    -1.6 23  1015.9  8  1013.6  8   17.5 23    4.6 23    8.7  999.9    16.5     0.0    0.0I 999.9  000000
879250  20130428    10.1 24     2.9 24  1003.4  7  1001.1  7   16.1 24    6.3 24   10.3  999.9    18.0*    0.5    0.0I 999.9  000000
879250  20130429     8.4 24    -1.7 24   996.4  8   994.2  8   17.1 24    7.0 24   10.3  999.9    18.0     2.5    0.0I 999.9  000000
879250  20130430     6.8 24    -3.4 24   996.3  8   994.0  8   17.2 24    9.0 24   13.4   18.0    13.8     2.5    0.0G 999.9  000000
879250  20130501     6.4 24    -2.7 24  1005.5  8  1003.2  8   16.9 24    5.5 24    9.3  999.9    11.0*    2.2    0.0I 999.9  000000
879250  20130502     5.5 24    -1.6 24  1007.2  8  1004.9  8   15.9 24    2.5 24    7.2  999.9    14.0*   -0.6    0.0I 999.9  000000
879250  20130503     6.7 24     0.5 24  1002.7  8  1000.4  8   15.6 24    2.2 24    7.2  999.9    14.4    -0.5    0.0I 999.9  000000
879250  20130504     7.7 24     2.5 24   998.7  8   996.4  8   16.9 24    7.3 24   13.4   19.0    12.8     0.2    2.0G 999.9  010000
879250  20130505     9.1 22    -0.2 22   994.0  8   991.7  8   17.7 22    9.3 22   14.9   20.6    14.0*    4.2    0.0G 999.9  000000
879250  20130506     7.3 24    -0.6 24   996.8  8   994.6  8   17.4 24   13.6 24   19.5   28.3    13.6     5.0*   0.0G 999.9  000000
879250  20130507     8.5 24     0.0 24   987.9  8   985.7  8   17.1 24    8.9 24   13.9   20.1    11.8     5.0*   0.0G 999.9  010000
879250  20130508     6.7 24    -0.9 24   985.4  7   983.8  7   17.1 24    6.0 24   12.9   19.5    15.0*    0.0    0.0I 999.9  000000
879250  20130509     6.8 24     1.0 24   988.6  8   986.4  8   17.2 24    5.4 24   10.8  999.9    15.2     3.6    0.0I 999.9  000000
879250  20130510     7.5 24     0.1 24   989.2  8   986.9  8   17.1 24    7.8 24   14.4   21.1    10.5     2.0*   0.0G 999.9  000000
879250  20130511     5.3 24    -2.6 24   995.2  8   993.0  8   17.2 24    6.5 24   14.9   18.5    10.0*   -1.5    0.0I 999.9  000000
879250  20130512     5.4 24    -2.1 24   984.2  8   982.0  8   16.9 24   12.7 24   17.0   24.2    10.6     3.5    0.0B 999.9  010000
879250  20130513     3.0 24    -3.5 24   994.5  7   992.2  7   16.6 24   10.1 24   15.4   21.6     8.0     0.5    0.0B 999.9  011000
879250  20130514     0.8 24    -4.7 24  1010.9  8  1008.6  8   17.5 24    9.4 24   13.9   19.5     6.6    -3.5    0.0G 999.9  000000
879250  20130515     4.6 24     2.5 24  1015.2  7  1012.9  7   13.7 24    4.6 24   13.9   15.9    10.0*   -2.5    4.1G 999.9  011000
879250  20130516     6.6 24     2.3 24  1013.5  8  1011.2  8   17.2 23    5.1 24    9.8  999.9    12.0*    2.5    0.0G 999.9  000000
879250  20130517     7.3 24     3.4 24  1006.8  8  1004.5  8   16.6 24    2.4 24    5.7  999.9    12.4     3.0    0.0G 999.9  010000
879250  20130518     5.2 23     0.9 23  1012.3  8  1010.0  8   17.2 23    3.6 23    6.2  999.9    12.8     1.0    0.0I 999.9  000000
879250  20130519     5.2 21     1.4 21  1011.0  8  1008.7  8   17.5 21    1.5 21    5.7  999.9    11.0*   -1.3    0.0A 999.9  000000
879250  20130520     8.0 24     2.8 24  1004.4  8  1002.1  8   16.9 24    2.4 24    6.7  999.9    14.6*    0.3    0.0G 999.9  000000
879250  20130521     5.6 24    -1.8 24   999.1  7   996.8  7   16.3 24    6.8 24   12.3   17.0     9.5    -1.0    0.0I 999.9  000000
879250  20130522     5.0 24    -2.6 24   998.4  7   996.2  7   15.9 24   10.3 24   16.5   22.6     9.6    -0.5    0.8G 999.9  010000
879250  20130523     2.0 23    -2.7 23  1000.9  8   998.7  8   17.5 23    5.5 23   12.3   16.5     7.5    -2.0*   0.0G 999.9  011000
879250  20130524     1.6 24    -1.7 24  1012.7  8  1010.4  8   16.9 24    6.3 24    8.7  999.9     5.7    -2.0    0.0I 999.9  000000
879250  20130525     0.9 23    -0.5 23  1007.7  7  1005.5  7   14.0 23    1.5 23    7.7  999.9     4.0*   -3.0    0.3A 999.9  110000
879250  20130526     1.4 23     0.9 23  1003.8  8  1001.5  8    7.6 23    2.3 23    5.1  999.9     4.0    -1.0*  14.0G 999.9  010000
879250  20130527     0.5 24    -1.1 24  1002.6  8  1000.3  8    9.2 24    1.6 24    7.2  999.9     6.0*   -4.0*   0.0G 999.9  110000
879250  20130528     6.9 24     5.6 24  1002.0  7   999.7  7    6.6 24    6.6 24    8.2  999.9     8.0*   -0.8   10.9G 999.9  010000
879250  20130529     5.4 24     2.5 24  1005.4  8  1003.1  8   15.4 24    2.3 24    5.7  999.9     7.4     4.0    1.0G 999.9  010000
879250  20130530     3.5 23     1.7 23   986.7  8   984.5  8   17.1 23    3.2 23    6.7  999.9     6.8*    0.3    0.8G 999.9  010000
879250  20130531     2.2 24     0.4 24   981.3  8   979.2  7   16.9 24    2.5 24    4.1  999.9     7.4    -0.7    0.0I 999.9  000000
879250  20130601     1.1 23    -1.0 23   993.3  8   991.2  8   17.5 23    4.1 23    5.7  999.9     6.0    -2.0*   0.0I 999.9  000000
879250  20130602     2.1 22     0.2 22  1001.4  8   999.1  8   17.1 22    2.4 22    4.1  999.9     6.0*   -2.0    0.0G 999.9  010000
879250  20130603     4.3 24     2.1 24   999.3  8   997.1  8   16.6 24    4.2 24    6.7  999.9     7.0*    0.8    3.0G 999.9  010000
879250  20130604     3.7 24     1.9 24  1004.6  8  1002.3  8   17.1 24    4.2 24    7.2  999.9     8.0*    1.0*   0.8G 999.9  000000
879250  20130605     2.1 22    -0.1 22  1004.3  8  1002.0  8   17.5 22    2.0 22    6.2  999.9     7.8    -2.0*   0.0G 999.9  000000
879250  20130606     5.5 23     0.0 23   992.6  8   990.4  8   16.6 23    8.0 23   13.4   23.7     9.0*    1.5    0.5A 999.9  010000
879250  20130607     3.4 24    -1.7 24   991.3  7   989.1  7   16.3 24   11.6 24   15.9   23.1     9.4     1.9    9.9G 999.9  000000
879250  20130608     6.3 23    -0.4 23   997.2  8   995.0  8   17.2 23    7.2 23   12.3   15.4    11.0*    2.4    0.0G 999.9  000000
879250  20130609     6.9 24     2.2 24   991.5  8   989.3  8   16.7 24    5.1 24   10.8  999.9    10.7     4.2    0.0I 999.9  000000
879250  20130610     5.8 24     0.4 24   990.3  8   988.0  8   17.1 24   11.2 24   17.0   21.6    10.9     1.0*   1.0G 999.9  010000
879250  20130611     3.6 23     0.2 23   993.2  8   989.8  7   16.9 23    8.2 23   14.9   22.6     6.8    -1.4    3.0G 999.9  010000
879250  20130612     2.4 24    -2.5 24   997.7  8   995.5  8   17.1 24    7.2 24   11.8  999.9     7.0*   -1.3    0.0G 999.9  000000
879250  20130613     2.1 24    -1.7 24  1004.1  8  1001.8  8   17.4 24    9.8 24   13.9   18.0     6.8     0.0    0.0G 999.9  000000
879250  20130614     1.1 24    -3.2 24  1013.5  8  1011.3  8   17.1 24    4.4 24    7.7  999.9     4.2    -2.8    0.0I 999.9  000000
879250  20130615     2.1 23    -1.3 23   987.8  8   985.6  8   17.4 23    7.9 23   12.3   17.0     4.8*   -3.6    0.0G 999.9  001000
879250  20130616     2.6 24    -3.6 24   989.8  8   987.6  8   17.1 24   11.1 24   15.9   24.2     5.5*   -1.8    0.0I 999.9  000000
879250  20130617     0.6 24    -1.5 24   988.5  7   986.3  7   15.9 24    4.1 24    9.8  999.9     6.0    -2.0    3.0G 999.9  011000
879250  20130618    -2.0 24    -4.3 24  1000.9  8   998.7  8   17.1 24    6.6 24   10.3  999.9     1.2    -4.3    0.0G 999.9  000000
879250  20130619     2.8 24    -2.6 24   998.6  8   996.4  8   17.4 24    9.2 24   16.5   21.1     6.0*   -2.8    0.0I 999.9  000000
879250  20130620     5.4 24    -0.6 24   989.4  7   987.2  7   16.3 24    8.5 24   23.1   31.9    11.0*   -0.7  999.9  999.9  010000
879250  20130621     1.3 20    -3.0 20   985.1  7   982.8  7   17.5 20   13.2 20   19.0   26.2    11.2    -1.0    0.0B 999.9  001000
879250  20130622     2.9 24    -0.8 24   997.7  8   995.5  8   16.9 24    7.9 24   11.8   16.5     7.2*   -1.5    0.0G 999.9  001000
879250  20130623     7.1 24     0.9 24  1003.9  8  1001.6  8   16.6 24    9.9 24   12.9   18.0    10.6*    2.7    0.0I 999.9  000000
879250  20130624    10.1 24     3.3 24   998.1  8   995.9  8   16.9 24    7.5 24   11.3   27.3    13.0*    3.8    0.0I 999.9  000000
879250  20130625     9.2 24     2.6 24   990.5  8   988.0  7   17.2 24    6.1 24   11.8   15.4    13.8     4.1    0.0I 999.9  000000
879250  20130626     9.9 23     2.2 23   985.9  7   983.7  7   16.4 23    6.7 23   12.9   16.5    13.8     2.0*   0.0I 999.9  000000
879250  20130627     5.4 24     3.1 24   990.2  8   987.9  8   15.4 24    3.1 24    6.2  999.9    12.4     0.0    0.3A 999.9  010000
879250  20130628     3.2 24     2.4 24   986.9  7   984.7  7    4.8 24    4.9 24  999.9  999.9     8.4    -1.5    3.0G 999.9  111000
879250  20130629     1.2 24    -0.5 24  1004.3  8  1002.1  8   13.2 24    5.9 24    8.7  999.9     6.1    -1.0   22.1G 999.9  011000
879250  20130630    -0.1 23    -2.9 23  1009.5  8  1007.2  8   17.5 23    2.4 23    4.6  999.9     5.0*   -4.0    0.0G 999.9  000000
879250  20130701     4.2 24     0.2 24   991.8  8   989.5  8   15.8 24    6.9 24   11.3   15.9     7.0*   -5.0    0.5G 999.9  010000
879250  20130702     3.1 24     1.1 24   976.2  8   973.9  8   17.1 24    1.3 24    4.1  999.9     7.6     0.9    3.0G 999.9  011000
879250  20130703     2.4 24    -0.2 24   982.3  8   980.1  8   16.9 24    3.2 24    6.7  999.9     7.6    -0.2    0.3G 999.9  000000
879250  20130704     0.6 24    -2.7 24  1001.8  8   999.5  8   17.1 24    3.1 24    5.1  999.9     5.9    -3.0    0.0G 999.9  000000
879250  20130705     0.1 24    -2.4 24  1015.5  8  1013.2  8   16.7 24    1.9 24    3.6  999.9     5.1    -3.5    0.0I 999.9  000000
879250  20130706     0.6 24    -2.0 24  1020.3  8  1017.9  8   17.1 24    3.8 24    8.2  999.9     5.5    -3.5    0.0I 999.9  000000
879250  20130707     4.3 24    -2.0 24  1016.6  8  1014.3  8   17.1 24    6.7 24   10.8  999.9     7.0*   -1.5    0.0I 999.9  000000
879250  20130708     5.1 24    -4.6 24  1007.8  8  1005.5  8   17.1 24    4.9 24   12.3   16.5    10.0*    1.0    0.0I 999.9  000000
879250  20130709     4.4 24    -2.2 24  1003.8  8  1001.5  8   16.9 24    3.1 24    5.7  999.9    11.0*    0.4    0.0I 999.9  000000
879250  20130710    -0.4 23    -3.6 23  1000.0  9   997.8  9   18.0 23    2.1 23    8.2  999.9    11.3    -4.0    0.0I 999.9  000000
879250  20130711     4.0 24    -2.5 24   998.9 10   996.7 10   18.7 24    5.4 24    8.7  999.9     9.8    -3.2    0.0I 999.9  000000
879250  20130712     7.3 24    -0.7 24   988.8  8   987.1  8   16.9 24    8.6 24   15.4   20.1    11.0*    3.0    0.0I 999.9  000000
879250  20130713     3.1 24    -2.9 24   991.5  8   989.3  8   16.7 24    9.9 24   15.4   20.6    11.0     0.2    0.0I 999.9  000000
879250  20130714     3.0 21    -3.2 21  1003.6  8  1001.3  8   18.0 21    6.3 21   12.3   17.0     6.0     0.0    0.0I 999.9  000000
879250  20130715     4.3 20    -2.4 20   996.0  7   993.7  7   17.4 20    6.9 20   13.4   19.5     8.2*    0.5    0.0I 999.9  000000
879250  20130716     0.9 24    -3.5 24   998.4  8   996.2  8   17.2 24    9.4 24   13.4   18.0     8.4    -1.5    0.0G 999.9  000000
879250  20130717    -1.3 24    -5.3 24  1015.5  8  1013.1  8   16.9 24    6.9 24    8.7  999.9     3.0*   -4.7    0.0I 999.9  000000
879250  20130718     3.0 24    -2.7 24  1015.8  9  1013.5  9   17.9 24    9.8 24   13.4   18.5     7.4*   -3.5    0.0I 999.9  000000
879250  20130719     4.5 24    -1.4 24  1000.2  8   997.9  8   17.2 24   14.4 24   19.5   26.8     7.6     1.5    0.0I 999.9  000000
879250  20130720     2.6 23    -3.2 23  1020.6  8  1018.3  8   17.5 23    8.9 23   15.4   22.1     5.2*   -1.0*   0.0I 999.9  000000
879250  20130721    -2.1 24    -5.8 24  1033.7  8  1031.4  8   16.7 24    2.5 24    4.6  999.9     5.1    -6.5    0.0I 999.9  000000
879250  20130722     4.6 24    -1.0 24  1019.1  8  1016.8  8   16.4 24    6.1 24   11.8   15.9     8.8*   -5.5    4.1G 999.9  010000
879250  20130723     1.9 23    -1.3 23  1017.8  8  1015.5  8   16.7 23    5.9 23   19.5  999.9     9.4    -1.0    0.0G 999.9  010000
879250  20130724     7.9 24     0.1 24   995.2  8   993.0  8   16.9 24    8.3 24   12.9   15.4    12.0*    0.5    3.0G 999.9  010000
879250  20130725     4.4 23    -2.2 23   986.7  8   984.5  8   17.2 23   11.5 23   14.9   22.1    13.0     1.4    1.0G 999.9  010000
879250  20130726     1.9 24    -3.9 24  1003.7  8  1001.6  8   17.2 24    9.3 24   14.9   19.0     6.8    -1.5    1.0G 999.9  001000
879250  20130727     4.2 23    -2.9 23  1006.8  8  1004.5  8   17.4 23    9.0 23   13.4   18.5     9.0*   -1.5    0.0G 999.9  000000
879250  20130728     6.2 24     1.0 24  1011.2  8  1008.9  8   16.7 24    9.3 24   12.9   19.5    10.0*    2.6    0.0I 999.9  000000
879250  20130729     4.9 24    -0.7 24  1015.8  7  1013.5  7   15.9 24    7.7 24   11.8   17.0     9.8     3.0    0.0I 999.9  000000
879250  20130730     4.4 19    -0.6 19  1013.0  7  1010.7  7   17.4 19    7.2 19   11.3  999.9     8.0*    2.3    0.0I 999.9  000000
879250  20130731     6.4 24     0.1 24  1013.7  8  1011.4  8   16.9 24    7.1 24   14.4   18.5    12.0*    0.0    0.0I 999.9  000000
879250  20130801     2.9 21     0.9 21  1017.4  6  1015.1  6   14.0 19    2.7 21    7.2  999.9     5.9     1.8    0.3A 999.9  010000
879250  20130802     2.7 24     0.7 24  1012.0  8  1009.8  8   15.0 23    2.6 24    9.3  999.9     4.2*    1.0    0.0I 999.9  000000
879250  20130803     2.7 24     1.4 24   998.8  8   996.5  8   15.9 21    2.9 24    5.7  999.9     5.4     0.5    0.5A 999.9  010000
879250  20130804     1.8 24    -0.5 24   996.8  8   994.6  8   21.4 14    2.1 24    5.1  999.9     7.0*   -2.5    5.1G 999.9  000000
879250  20130805    -0.8 15    -2.5 15   999.0  8   996.7  8   26.1 10    2.0 15    3.1  999.9     6.8    -3.5    0.0G 999.9  000000
879250  20130806     2.1  8    -0.8  8   994.5  8   992.2  8   26.4  8    1.6  8    5.7  999.9     7.2    -2.5    0.0I 999.9  000000
879250  20130807     2.3 12    -2.7 12   992.8  8   990.6  8   28.8  8    5.5 12   10.8  999.9     7.8    -3.5    0.0I 999.9  000000
879250  20130808     3.1 23    -2.7 23  1003.0  8  1000.8  8   24.6 11    7.7 23   11.8   16.0     6.4     0.5    0.0I 999.9  000000
879250  20130809     3.6 24    -3.1 24  1002.4  8  1000.1  8   24.9 10    7.3 24   12.9   18.0     9.0*   -0.4    0.0B 999.9  010000
879250  20130810     5.6 24     0.8 24   987.7  7   984.8  8   19.5 17    6.6 24   13.9   18.0     8.9     1.3    0.0G 999.9  000000
879250  20130811     1.9 23    -3.9 23   994.6  8   992.3  8   20.6 15    9.3 23   15.4   21.1     8.2    -1.0*   0.0G 999.9  000000
879250  20130812     3.4 24    -4.4 24  1004.9  8  1002.6  8   23.3 12   11.7 24   18.0   23.7     8.0*   -0.7    0.0I 999.9  000000
879250  20130813     2.4 24    -4.0 24  1012.0  8  1009.7  8   21.4 14    7.2 24   14.4   19.6     8.4    -4.5    0.0I 999.9  000000
879250  20130814     7.0 24    -3.6 24   988.0  8   984.5  8   17.5 21   12.4 24   20.6   30.9    11.2*   -3.5  999.9  999.9  010000
879250  20130815     3.8 23    -5.5 23   983.7  9   981.5  9   24.9 12   11.3 23   13.4   19.0    11.0     0.9    0.0G 999.9  000000
879250  20130816     5.1 21    -4.6 21   997.5  7   995.2  7   20.8 13   10.2 21   17.0   22.7    12.0*   -0.4    0.0I 999.9  000000
879250  20130817     6.3 24    -2.0 24   992.6  8   990.4  8   19.3 16    9.0 24   15.4   20.6    11.8     2.2    0.5C 999.9  011000
879250  20130818     6.0 24     2.4 24   983.0  8   980.7  8   13.8 22    4.9 24   11.3   17.0    12.0*    2.0    0.5G 999.9  111000
879250  20130819     3.0 24    -3.6 24   982.2  8   980.0  8   19.5 17    7.7 24   10.8   16.0    12.6    -1.4    0.0G 999.9  001000
879250  20130820     1.6 24    -4.6 24   992.2  8   989.9  8   22.4 13    8.3 24   13.4   18.5     6.3    -2.6    0.0I 999.9  000000
879250  20130821    -0.2 23    -4.7 23  1013.8  7  1011.6  7   17.4 19    7.3 23   12.4   17.5     5.1    -3.0    0.0B 999.9  011100
879250  20130822    -1.2 23    -6.0 23  1028.2  8  1025.9  8   16.3 20    5.8 23    7.7  999.9     3.9    -4.2    0.0G 999.9  011100
879250  20130823    -2.7 22    -7.7 22  1036.0  7  1033.7  7   20.0 14    2.8 22    4.6  999.9     3.0*   -8.9    0.0G 999.9  000000
879250  20130824    -2.6 24    -7.6 24  1033.2  8  1031.3  8   29.9  8    2.6 24    6.7  999.9     4.0*   -8.1    0.0I 999.9  000000
879250  20130825     0.7 24    -3.5 24  1021.9  8  1019.5  8   29.9  8    4.8 24    8.2  999.9     8.0*   -5.8    0.0I 999.9  000000
879250  20130826     3.6 24    -2.6 24  1007.5  8  1005.2  8   22.4 13    6.5 24   14.4   23.7     8.6    -3.0    0.0I 999.9  000000
879250  20130827     4.0 24    -3.9 24   996.9  8   994.7  8   19.5 17   11.1 24   18.5   25.2     9.0*    0.1    0.3G 999.9  010000
879250  20130828     3.2 23    -4.4 23   999.0  8   997.0  8   20.0 16    7.2 23   11.3  999.9     9.4    -1.6    0.0G 999.9  000000
879250  20130829     1.5 24    -5.6 24  1001.9  8   999.7  8   20.6 15    7.6 24   12.4   17.0     8.2    -2.5    0.0I 999.9  000000
879250  20130830    -1.5 23    -5.9 23  1010.0  8  1007.6  8   23.3 12    2.8 23    8.2  999.9     7.0*   -8.0    0.0I 999.9  000000
879250  20130831     1.0 24    -4.2 24  1010.9  8  1008.6  8   24.5 10    5.6 24    8.2  999.9     7.3    -7.0    0.0G 999.9  010000
879250  20130901     0.1 23    -5.8 23  1014.5  8  1012.2  8   27.8  9    1.1 23    4.6  999.9     8.0*   -7.0    0.0I 999.9  000000
879250  20130902     1.1 24    -3.9 24  1019.3  8  1017.0  8   22.4 13    4.5 24    7.2  999.9     9.0*   -6.2    0.0I 999.9  000000
879250  20130903     3.6 24    -1.6 24  1024.8  8  1022.5  8   16.7 24    2.7 24    4.6  999.9    10.0*   -2.0    0.0I 999.9  000000
879250  20130904     3.7 23     0.6 22  1016.2  9  1013.9  9   16.9 22    5.8 23   10.3  999.9    10.2    -1.0  999.9  999.9  110000
879250  20130905     5.1 24     4.2 24  1000.9  8   998.6  8    5.6 24    4.8 24    6.7  999.9     7.0*    2.2    5.1G 999.9  110000
879250  20130906     3.9 24     1.7 24  1004.8  8  1002.5  8   15.4 24    3.1 24    5.7  999.9     7.5     0.7    1.0G 999.9  011000
879250  20130907     5.3 23     2.7 23   998.5  8   996.2  8   16.3 21    4.3 23    9.3  999.9    10.0*    1.0    0.0G 999.9  110000
879250  20130908     9.0 24     2.6 24   986.4  8   984.2  8   17.5 21    4.5 24    8.8  999.9    15.0*    3.7    0.0G 999.9  010000
879250  20130909     4.5 24     1.8 24   985.0  8   982.8  8   17.7 16    3.9 24    7.2  999.9    13.7     1.0    0.0G 999.9  010000
879250  20130910     0.9 24    -3.1 24   996.3  7   994.0  7   12.6 24    5.5 24    9.3  999.9     6.2    -1.3    3.0G   1.0  111000
879250  20130911     1.7 24    -4.7 24  1010.1  8  1007.8  8   19.5 17    7.7 24   12.9   18.0     7.0*   -2.0    0.0G 999.9  000000
879250  20130912     3.1 24    -3.7 24  1017.3  8  1015.0  8   20.0 16    7.8 24   11.8   17.0     8.0*   -1.5    0.0I 999.9  000000
879250  20130913     3.8 23    -3.3 23  1024.7  8  1022.4  8   21.4 14    7.3 23   11.8   16.0     9.0*   -0.6    0.0I 999.9  000000
879250  20130914     4.6 23    -2.6 23  1024.0  8  1021.7  8   21.4 14    8.6 23   13.4   17.5    11.0*   -0.5    0.0I 999.9  000000
879250  20130915     6.3 24    -1.0 23  1025.3  8  1023.0  8   20.0 16    7.1 24    9.8  999.9    11.0*    0.4    0.0I 999.9  000000
879250  20130916     3.2 24    -2.5 24  1020.5  8  1018.2  8   27.8  9    2.0 24    6.2  999.9    12.4*   -4.0    0.0I 999.9  000000
879250  20130917     4.3 24    -2.1 24  1011.8  8  1009.5  8   17.2 16    3.1 24    6.2  999.9    12.9    -2.3    0.0I 999.9  100000
879250  20130918     5.7 24    -2.8 24  1007.3  8  1005.0  8   29.9  8    3.9 24    8.8  999.9    12.0*    1.0    0.0I 999.9  000000
879250  20130919     5.8 24    -1.9 24  1001.0  8   998.8  8   16.1 23    4.8 24   10.3  999.9    12.8    -0.2    1.0G 999.9  010000
879250  20130920     3.7 24    -0.9 24  1007.1  8  1004.8  8   19.5 17    1.3 24    5.1  999.9    10.4    -1.5    0.0G 999.9  000000
879250  20130921     4.8 24    -5.1 24  1012.2  8  1009.9  8   18.0 20    9.0 24   17.5   25.2    10.0*   -2.1    0.0I 999.9  000000
879250  20130922     6.1 23    -4.7 23  1022.4  8  1020.1  8   23.3 12   10.6 23   17.5   23.2    11.0*    2.5*   0.0I 999.9  000000
879250  20130923     9.1 24     0.7 24  1024.2  8  1021.9  8   20.6 15    9.4 24   12.4   16.5    15.0*    3.5    0.0I 999.9  000000
879250  20130924     8.4 24     0.6 24  1021.3  8  1019.0  8   29.9  8    4.5 24    8.2  999.9    16.2*    2.0    0.0I 999.9  000000
879250  20130925     5.5 24     0.3 24  1006.5  8  1004.3  8   21.4 14    0.9 24    5.1  999.9    17.0    -0.5    0.0I 999.9  000000
879250  20130926     5.1 24    -2.2 24  1017.0  7  1014.7  7   15.3 22    7.0 24   10.3  999.9    11.2    -1.0*   0.3B 999.9  010000
879250  20130927     6.3 23    -1.6 23  1033.1  7  1030.8  7   19.3 15    3.4 23    6.2  999.9    13.2*   -1.0    0.0I 999.9  000000
879250  20130928     6.1 22     0.0 22  1037.4  8  1035.1  8   27.4  9    2.3 22   10.3  999.9    15.1*   -3.0    0.0I 999.9  000000
879250  20130929     7.7 24     0.5 24  1032.5  8  1030.2  8   27.8  9    8.5 24   12.9   17.0    15.5     0.5    0.0I 999.9  000000
879250  20130930     7.5 24     4.2 24  1021.4  8  1019.1  8   18.3 19    9.3 24   12.9   16.5    13.0*    4.5    0.0G 999.9  010000
879250  20131001     9.1 24     4.3 24  1010.0  8  1007.7  8   14.2 22    9.9 24   12.9   17.5    14.0*    5.5    0.0G 999.9  000000
879250  20131002     4.8 24     1.0 24  1009.8  8  1007.5  8   18.3 19    1.2 24    4.1  999.9    15.4    -0.5    0.0G 999.9  100000
879250  20131003     6.2 24    -3.0 24  1011.8  8  1009.5  8   20.6 15    7.2 24   11.3  999.9    13.0*    0.0    0.0G 999.9  000000
879250  20131004     8.8 24    -0.7 24  1010.6  8  1008.3  8   20.3 14    2.2 24    5.7  999.9    16.0*    1.5    0.0I 999.9  000000
879250  20131005     8.7 22    -0.9 22  1010.7  8  1008.4  8   17.9 19    4.3 22   10.3  999.9    16.3     1.0    0.0G 999.9  010000
879250  20131006     9.9 22    -1.8 22  1005.9  8  1003.6  8   19.5 17    7.4 22   11.3   15.4    16.0     5.0    0.0I 999.9  000000
879250  20131007    11.8 24     1.9 24  1002.9  8  1000.7  8   20.3 14    3.2 24    6.7  999.9    20.0*    5.5    0.0G 999.9  010000
879250  20131008    10.3 24     4.4 24   995.4  8   993.2  8   17.4 19    3.4 24    7.7  999.9    21.0     6.5    0.0G 999.9  010000
879250  20131009     7.2 24    -0.8 24   997.9  8   995.6  8   20.6 15    4.1 24    7.7  999.9    14.0*    1.1    4.1G 999.9  000000
879250  20131010     6.2 24    -1.3 24  1006.1  8  1003.8  8   18.3 18    9.8 24   12.9   18.5    13.9     1.0    0.0G 999.9  010000
879250  20131011     7.4 24    -2.6 24  1012.8  8  1010.4  8   29.9  8    4.5 24   10.3  999.9    13.4*    0.0    0.0I 999.9  000000
879250  20131012    10.9 22     1.4 22  1010.5  7  1008.2  7   27.5  8    5.1 22   10.8   15.4    20.2*    5.0*   0.0I 999.9  000000
879250  20131013    11.9 24    -0.2 24   990.9  8   988.7  8   20.0 16    9.3 24   17.0   23.2    20.7     6.8  999.9  999.9  010000
879250  20131014     7.6 24    -3.3 24   995.2  8   992.9  8   19.3 15   10.2 24   15.4   23.2    18.6     3.6    0.0G 999.9  010000
879250  20131015     6.7 24    -1.8 24  1001.6  7   999.2  8   15.6 24    9.1 24   16.5   22.7    13.0*    2.5    4.1G 999.9  010000
879250  20131016     6.7 24    -3.4 24  1013.0  8  1010.7  8   18.8 18    9.4 24   16.5   23.2    13.2     1.8    0.0G 999.9  000000
879250  20131017     8.1 24    -2.4 24  1012.2  8  1009.9  8   20.0 16    9.7 24   14.9   21.1    14.4*    3.0    0.0I 999.9  000000
879250  20131018     9.7 24    -0.1 24  1004.5  8  1002.2  8   18.3 19   10.4 24   18.5   25.7    16.0*    5.8    0.0A 999.9  000000
879250  20131019     8.1 24    -0.5 24   991.7  8   989.5  8   19.5 17    6.9 24   18.0   25.2    16.5     2.0* 999.9  999.9  010000
879250  20131020     3.3 24    -7.7 23   994.2  8   992.0  8   18.8 18   12.8 24   16.0   22.7    14.2    -1.5    0.0G 999.9  011100
879250  20131021     6.9 24    -3.5 24   998.0  8   995.8  8   18.8 18    9.1 24   12.4   15.4    10.3*    3.0*   0.0I 999.9  000000
879250  20131022     7.3 24    -3.4 24   997.9  8   995.6  8   16.6 23    9.0 24   13.9   20.6    11.0*    3.0    0.0G 999.9  010000
879250  20131023     8.6 24    -1.6 24  1009.7  8  1007.5  8   18.0 20   10.7 24   15.4   19.6    14.0*    2.9    0.0G 999.9  000000
879250  20131024    12.2 24     0.8 24  1014.1  8  1011.8  8   22.4 13   10.6 24   13.9   18.0    21.0*    7.0    0.0I 999.9  000000
879250  20131025    11.0 22     0.1 22  1007.0  8  1004.7  8   21.4 14    6.6 22   12.4   16.5    20.6     5.0    0.0I 999.9  000000
879250  20131026    10.2 24    -2.3 24  1000.5  8   998.3  8   17.2 22   11.9 24   22.7   30.4    20.3     6.0*   0.0I 999.9  000000
879250  20131027    10.8 24    -3.1 24  1004.1  8  1001.9  8   20.0 16   12.1 24   20.6   28.3    18.2*    4.0    0.0I 999.9  000000
879250  20131028     8.9 24     1.1 24  1011.4  8  1009.1  8   17.7 20    5.1 24   10.3  999.9    19.2     0.5    0.0A 999.9  010000
879250  20131029    11.5 23     1.6 23  1008.9  7  1006.6  7   29.9  7    2.1 23    8.8  999.9    22.0*   -1.1    0.0I 999.9  000000
879250  20131030    11.1 21     3.6 21  1000.2  8   998.0  8   23.3 12    1.6 21    6.2  999.9    23.8     3.0    0.0I 999.9  000000
879250  20131031    12.6 17    -1.4 16  1005.2  8  1002.9  8   22.4 13    4.3 17    8.2  999.9    22.0     6.4    0.0I 999.9  000000
879250  20131101    10.4 24    -0.5 24  1009.6  8  1007.3  8   24.6 11    3.6 24   12.4   16.0    18.0     0.0    0.0I 999.9  000000
879250  20131102    13.5 24    -3.9 23  1001.2  8   998.9  8   17.2 22   12.2 24   20.6   27.3    19.0    10.0    0.0I 999.9  000000
879250  20131103     8.2 21    -5.0 21  1014.8  6  1012.4  6   19.2 13   10.8 21   15.4   20.6    15.0*    1.5    0.0I 999.9  000000
879250  20131104    10.9 24    -5.1 24  1009.8  8  1007.5  8   22.4 13   11.1 24   18.0   23.2    18.0*    6.0    0.0I 999.9  000000
879250  20131105    11.6 24    -3.8 24  1006.8  8  1004.5  8   26.1 10    4.3 24   10.3  999.9    19.3*    2.0    0.0A 999.9  000000
879250  20131106    12.8 24     4.1 24   994.7  8   992.5  8   16.3 24    5.2 24   11.8   16.5    20.0     7.3    0.0G 999.9  011000
879250  20131107     7.9 24    -2.9 24   997.0  8   994.8  8   16.3 24    7.1 24   11.3   15.4    19.0     3.1    1.0G 999.9  010000
879250  20131108     4.7 24    -7.2 24  1005.5  8  1003.3  8   18.0 20   10.3 24   13.9   18.5    12.2     0.3    0.0G 999.9  000000
879250  20131109     7.1 24    -5.6 24  1010.3  8  1008.0  8   19.5 17    7.5 24   11.8   16.0    14.0*    1.8    0.0I 999.9  000000
879250  20131110    10.7 24    -4.3 24   994.5  8   992.2  8   16.9 23    7.0 24   13.9   18.0    16.0*    4.5    0.0I 999.9  000000
879250  20131111    10.2 23    -4.3 22   984.2  7   981.9  7   17.7 18   10.3 23   18.5   26.3    17.6     5.8    0.0G 999.9  010000
879250  20131112     7.7 23    -6.5 23   991.9  7   989.7  7   18.0 15   12.6 23   16.5   22.1    13.0*    3.4*   0.0I 999.9  000000
879250  20131113     7.3 24    -6.3 24  1003.5  8  1001.2  8   22.4 13    7.7 24   11.3   17.5    15.3*   -2.5    0.0I 999.9  000000
