879340  20130101    17.3  6    11.2  6  9999.9  0  9999.9  0   11.3  6    7.4  6    9.8  999.9    19.0*   15.0*   0.0I 999.9  000000
879340  20130102    11.1 13     9.3 13  9999.9  0  9999.9  0   10.6 13    7.2 13    8.7  999.9    14.0*    9.0* 999.9  999.9  010000
879340  20130103    12.2 13     7.9 13  9999.9  0  9999.9  0   10.1 13   10.6 11   12.3   17.5    16.0*    8.0* 999.9  999.9  010000
879340  20130104    14.2  7     9.0  7  9999.9  0  9999.9  0   11.3  7   10.1  7   10.8  999.9    17.0*   11.0*   0.0I 999.9  000000
879340  20130105    12.3  7    11.3  7  9999.9  0  9999.9  0   10.6  7    4.9  7    9.3  999.9    15.0*   10.0*   0.0I 999.9  000000
879340  20130106     7.0  7     5.7  7  9999.9  0  9999.9  0    4.8  7    7.8  7   10.8  999.9    10.0*    5.0* 999.9  999.9  010000
879340  20130107    10.6  5     7.0  5  9999.9  0  9999.9  0   11.3  5   10.0  5   10.8  999.9    13.0*    8.0*   0.0I 999.9  000000
879340  20130108    10.8 18     6.1 18  9999.9  0  9999.9  0   11.3 18    9.3 18   12.9   18.5    15.0*    5.0*   0.0I 999.9  000000
879340  20130109    14.7 13    10.3 13  9999.9  0  9999.9  0   11.3 13    8.2 13   11.8  999.9    19.0*   10.0* 999.9  999.9  010000
879340  20130110    14.9 16    11.7 16  9999.9  0  9999.9  0   11.1 16    7.1 16   11.3  999.9    18.0*   13.0*   0.0I 999.9  000000
879340  20130111    14.6 13     8.2 13  9999.9  0  9999.9  0   11.3 13   13.7 13   17.0   21.6    16.0*   12.0*   0.0I 999.9  000000
879340  20130112    12.9 15     6.4 15  9999.9  0  9999.9  0   10.9 15   11.8 15   13.9   19.5    16.0*    9.0*   0.0I 999.9  000000
879340  20130113    14.4 12    10.2 12  9999.9  0  9999.9  0   11.1 12    5.0 12    6.7  999.9    16.0*   11.0*   0.0I 999.9  000000
879340  20130114    14.2 14    11.3 14  9999.9  0  9999.9  0   11.1 14    6.1 14    8.7  999.9    20.0*   10.0*   0.0I 999.9  000000
879340  20130115    17.3  6    12.3  6  9999.9  0  9999.9  0   11.3  6   10.5  6   12.3  999.9    20.0*   16.0* 999.9  999.9  010000
879340  20130116    16.2  7     8.7  7  9999.9  0  9999.9  0   11.3  7   10.0  7   10.8   15.4    18.0*   14.0*   0.0I 999.9  000000
879340  20130117    13.5  6     9.5  6  9999.9  0  9999.9  0   11.3  6    9.2  6   11.3  999.9    17.0*   12.0* 999.9  999.9  010000
879340  20130118    15.6 11    10.8 11  9999.9  0  9999.9  0   10.9 11    6.7 11    9.8  999.9    18.0*   10.0*   0.0I 999.9  000000
879340  20130119    21.5 14    15.3 14  9999.9  0  9999.9  0   10.8 14    9.1 14   12.9  999.9    25.0*   16.0*   0.0I 999.9  000000
879340  20130120    21.8 17    15.2 17  9999.9  0  9999.9  0   10.8 17    8.8 17   10.8  999.9    26.0*   15.0*   0.0I 999.9  000000
879340  20130121    17.4  9    13.2  9  9999.9  0  9999.9  0    9.8  9    5.0  9    8.2  999.9    23.0*   15.0* 999.9  999.9  010000
879340  20130122    17.1 10    10.2 10  9999.9  0  9999.9  0   10.8 10    7.5 10   10.3   14.4    20.0*   12.0*   0.0I 999.9  000000
879340  20130123    11.8  7     6.0  7  9999.9  0  9999.9  0   11.3  7    7.9  7   10.8  999.9    14.0*   10.0*   0.0I 999.9  000000
879340  20130124    10.4 14     5.7 14  9999.9  0  9999.9  0   11.3 14    7.0 14   10.8  999.9    13.0*    5.0* 999.9  999.9  010000
879340  20130125    14.5  4     8.5  4  9999.9  0  9999.9  0   11.3  4    8.9  4    9.8  999.9    18.0*   11.0*   0.0I 999.9  000000
879340  20130126    15.9 15    10.4 15  9999.9  0  9999.9  0   11.3 15    6.4 15   12.3   16.5    21.0*    9.0*   0.0I 999.9  000000
879340  20130127    17.0 14    10.9 14  9999.9  0  9999.9  0   11.1 14   11.3 14   14.4   18.5    20.0*   13.0*   0.0I 999.9  000000
879340  20130128    13.9 14     7.8 14  9999.9  0  9999.9  0   11.3 14   12.5 14   16.5   23.7    16.0*    9.0* 999.9  999.9  010000
879340  20130129    16.6  7    10.6  7  9999.9  0  9999.9  0   10.3  7   11.5  7   13.9   18.5    19.0*   14.0*   0.0I 999.9  000000
879340  20130130    12.7 14     7.9 14  9999.9  0  9999.9  0   10.6 14    8.7 14   11.3  999.9    16.0*    9.0* 999.9  999.9  010000
879340  20130131    14.7 16     8.8 16  9999.9  0  9999.9  0    9.5 16   16.2 16   21.1   27.8    17.0*   12.0* 999.9  999.9  010000
879340  20130201    12.2 15     5.7 15  9999.9  0  9999.9  0   11.3 15   11.9 15   15.9   20.6    15.0*    8.0*   0.0I 999.9  000000
879340  20130202    11.6  9     7.3  9  9999.9  0  9999.9  0   10.9  9    8.9  9   12.3   17.5    15.0*    7.0*   0.0I 999.9  000000
879340  20130203    13.6 14     9.8 14  9999.9  0  9999.9  0   10.6 14   16.8 14   23.7   31.9    19.0*   10.0*   0.0I 999.9  000000
879340  20130204    14.2 13     7.8 13  9999.9  0  9999.9  0   10.8 13   10.2 13   15.4   20.6    17.0*   10.0*   0.0I 999.9  000000
879340  20130205    15.3 17    11.8 17  9999.9  0  9999.9  0   10.0 17    8.0 17   13.4  999.9    20.0*   11.0* 999.9  999.9  010000
879340  20130206    13.3 13     7.2 13  9999.9  0  9999.9  0   11.1 13   14.4 13   19.0   25.7    15.0*    9.0*   0.0I 999.9  000000
879340  20130207    12.8 12     6.2 12  9999.9  0  9999.9  0   11.1 12   10.8 12   12.9   18.0    15.0*    9.0*   0.0I 999.9  000000
879340  20130208    11.1 14     8.7 14  9999.9  0  9999.9  0    9.2 13    4.0 14    9.3  999.9    13.0*    6.0* 999.9  999.9  010000
879340  20130209    15.5 14    10.3 14  9999.9  0  9999.9  0   10.0 14    9.1 14   11.3   15.9    20.0*    8.0*   0.0I 999.9  000000
879340  20130210    15.1 14    11.2 14  9999.9  0  9999.9  0   10.8 14    5.5 14    9.3  999.9    21.0*    9.0*   0.0I 999.9  000000
879340  20130211    12.8  9    11.7  9  9999.9  0  9999.9  0    3.7  9    2.9  9    4.1  999.9    14.0*   11.0* 999.9  999.9  010000
879340  20130212    10.8 15     7.7 15  9999.9  0  9999.9  0   10.1 15    5.3 15    8.7  999.9    14.0*    8.0*   0.0I 999.9  000000
879340  20130213    13.2 13     7.7 13  9999.9  0  9999.9  0   11.1 13    6.6 13   10.8  999.9    17.0*    7.0*   0.0I 999.9  000000
879340  20130214    14.2 14    10.0 14  9999.9  0  9999.9  0   10.9 14    8.8 14   12.9   16.5    18.0*   12.0* 999.9  999.9  010000
879340  20130215    11.2 13     5.8 13  9999.9  0  9999.9  0   11.1 13   10.9 13   13.9   17.0    14.0*    4.0*   0.0I 999.9  000000
879340  20130216     9.6 16     3.8 16  9999.9  0  9999.9  0   10.9 16    9.0 16   13.4   16.5    13.0*    5.0*   0.0I 999.9  000000
879340  20130217     9.8 13     3.6 13  9999.9  0  9999.9  0   11.3 13    8.3 13    9.8  999.9    13.0*    5.0*   0.0I 999.9  000000
879340  20130218    12.0 14     6.3 14  9999.9  0  9999.9  0   10.9 14   13.3 14   17.0   23.7    16.0*    7.0*   0.0I 999.9  000000
879340  20130219     9.8 14     2.8 14  9999.9  0  9999.9  0   10.6 14   11.9 14   14.4   18.5    13.0*    4.0*   0.0I 999.9  000000
879340  20130220     9.9 16     6.8 16  9999.9  0  9999.9  0   11.1 16    4.7 16    8.2  999.9    15.0*    5.0* 999.9  999.9  010000
879340  20130221    12.1  9     9.2  9  9999.9  0  9999.9  0   11.3  9    4.1  9    5.1  999.9    13.0*    8.0* 999.9  999.9  010000
879340  20130222    10.8 14     9.2 14  9999.9  0  9999.9  0   11.1 14    4.2 14    6.2  999.9    13.0*    6.0*   0.0I 999.9  000000
879340  20130223     9.1 13     6.1 13  9999.9  0  9999.9  0   11.3 13    4.2 13    5.1  999.9    10.0*    8.0*   0.0I 999.9  000000
879340  20130224    10.7 14     7.8 14  9999.9  0  9999.9  0   10.5 14    5.0 14    8.2  999.9    14.0*    4.0*   0.0I 999.9  000000
879340  20130225    11.2 13     9.6 13  9999.9  0  9999.9  0    9.8 13    3.5 13    5.1  999.9    14.0*    7.0*   0.0I 999.9  000000
879340  20130226    11.5 14    10.0 14  9999.9  0  9999.9  0   11.3 14    3.0 14    5.1  999.9    13.0*   10.0*   0.0I 999.9  000000
879340  20130227    10.4 13     9.3 13  9999.9  0  9999.9  0    6.9 13    3.4 13    5.1  999.9    13.0*    6.0* 999.9  999.9  110000
879340  20130228    12.2 14     9.1 14  9999.9  0  9999.9  0    8.9 14    4.0 14    7.7  999.9    17.0*    6.0*   0.0I 999.9  100000
879340  20130301    11.9 12     9.4 12  9999.9  0  9999.9  0   10.9 12    4.2 12    6.7  999.9    14.0*    6.0*   0.0I 999.9  000000
879340  20130302    14.4 16     9.2 16  9999.9  0  9999.9  0    6.3 16    9.0 16   13.9   18.5    19.0*    3.0*   0.0I 999.9  000000
879340  20130303    18.3 11    13.7 11  9999.9  0  9999.9  0   10.8 11    5.4 11    8.2  999.9    24.0*   11.0*   0.0I 999.9  000000
879340  20130304    16.1 16    11.7 16  9999.9  0  9999.9  0   11.1 16    5.6 16    8.7  999.9    19.0*   10.0* 999.9  999.9  010000
879340  20130305    11.8 14    10.9 14  9999.9  0  9999.9  0   10.3 14    3.9 14    5.7  999.9    13.0*   10.0*   0.0I 999.9  000000
879340  20130306     9.3  8     7.0  8  9999.9  0  9999.9  0   10.0  8    2.4  8    3.1  999.9    10.0*    8.0* 999.9  999.9  010000
879340  20130307     6.6  9     4.6  9  9999.9  0  9999.9  0   10.3  9    2.7  9    5.7  999.9     8.0*    5.0* 999.9  999.9  010000
879340  20130308     7.2 12     4.9 12  9999.9  0  9999.9  0   10.8 12    5.2 12    7.7  999.9    10.0*    5.0* 999.9  999.9  010000
879340  20130309     7.4 11     2.7 11  9999.9  0  9999.9  0   10.9 11    5.8 11    7.7  999.9     8.0*    6.0*   0.0I 999.9  000000
879340  20130310     7.6  9     5.6  9  9999.9  0  9999.9  0    9.5  9    4.6  9    9.3  999.9     9.0*    6.0* 999.9  999.9  010000
879340  20130311     7.4 11     5.4 11  9999.9  0  9999.9  0    7.9 11    5.6 11    8.2  999.9     9.0*    6.0* 999.9  999.9  010000
879340  20130312     6.2 14     3.2 14  9999.9  0  9999.9  0   10.3 14    4.0 14    5.7  999.9    10.0*    1.0* 999.9  999.9  010000
879340  20130313     6.8 14     4.2 14  9999.9  0  9999.9  0   11.1 14    2.6 14    3.6  999.9    11.0*   -2.0*   0.0I 999.9  000000
879340  20130314     5.8  8     3.5  8  9999.9  0  9999.9  0   10.3  8    4.8  8   10.3  999.9    12.0*   -2.0*   0.0I 999.9  000000
879340  20130315     9.4 16     6.7 16  9999.9  0  9999.9  0    9.3 16    4.6 16    7.2  999.9    16.0*    0.0*   0.0I 999.9  100000
879340  20130316     7.6 12     6.7 12  9999.9  0  9999.9  0   11.1 12    3.6 12    5.7  999.9    11.0*    0.0*   0.0I 999.9  000000
879340  20130317    11.2 12    10.0 12  9999.9  0  9999.9  0    6.9 12    2.5 12    4.1  999.9    14.0*    8.0*   0.0I 999.9  100000
879340  20130318     8.7 18     8.1 18  9999.9  0  9999.9  0    4.5 18    3.0 18    7.7  999.9    13.0*    5.0*   0.0I 999.9  100000
879340  20130319    11.9  9    10.8  9  9999.9  0  9999.9  0    8.7  9    2.0  9    3.1  999.9    15.0*   10.0*   0.0I 999.9  000000
879340  20130320    12.1  9     7.8  9  9999.9  0  9999.9  0    8.2  9    4.6  9    6.7  999.9    14.0*    8.0* 999.9  999.9  010000
879340  20130321    10.6 13     7.7 13  9999.9  0  9999.9  0    9.0 13   12.6 13   14.4   19.5    13.0*    8.0* 999.9  999.9  010000
879340  20130322    10.4  8     4.0  8  9999.9  0  9999.9  0   11.1  8   10.6  8   12.9   19.0    13.0*    5.0*   0.0I 999.9  000000
879340  20130323     6.2 19     4.1 19  9999.9  0  9999.9  0   10.9 19    2.9 19    6.7  999.9    11.0*    0.0* 999.9  999.9  010000
879340  20130324    11.6 13    10.2 13  9999.9  0  9999.9  0    7.9 13    5.7 13   12.3   17.5    14.0*   10.0* 999.9  999.9  010000
879340  20130325     9.8 12     7.7 12  9999.9  0  9999.9  0   10.8 12    8.3 12   11.3  999.9    12.0*    3.0*   0.0I 999.9  000000
879340  20130326     9.5  8     5.3  8  9999.9  0  9999.9  0   10.8  8   12.7  8   15.9   22.6    12.0*    8.0*   0.0I 999.9  000000
879340  20130327    11.3 13     7.2 13  9999.9  0  9999.9  0   10.8 13    8.0 13   11.3  999.9    15.0*    6.0*   0.0I 999.9  000000
879340  20130328     9.9 10     6.0 10  9999.9  0  9999.9  0   10.8 10    8.8 10   14.4   20.6    14.0*    6.0* 999.9  999.9  010000
879340  20130329    11.6  7     7.3  7  9999.9  0  9999.9  0   11.3  7    9.4  7   12.9   16.5    14.0*    7.0*   0.0I 999.9  000000
879340  20130330    13.6  8     7.0  8  9999.9  0  9999.9  0   10.1  8    9.0  8   10.8  999.9    16.0*    9.0*   0.0I 999.9  000000
879340  20130331    12.3  6     8.0  6  9999.9  0  9999.9  0   10.8  6    8.3  6    9.8  999.9    14.0*    9.0* 999.9  999.9  010000
879340  20130401    14.6  8     8.8  8  9999.9  0  9999.9  0   11.1  8    8.9  8   11.3   15.4    20.0*   12.0* 999.9  999.9  010000
879340  20130402     9.3 12     5.3 12  9999.9  0  9999.9  0   10.3 12    9.7 12   21.0  999.9    13.0*    5.0*   0.0I 999.9  000000
879340  20130403    13.2  7     9.2  7  9999.9  0  9999.9  0   11.1  7    8.0  7   10.8  999.9    15.0*   10.0* 999.9  999.9  010000
879340  20130404    10.4 11     7.3 11  9999.9  0  9999.9  0   11.3 11    9.2 11   12.9   16.5    14.0*    7.0*   0.0I 999.9  000000
879340  20130405     7.4 10     3.2 10  9999.9  0  9999.9  0   10.9 10    7.7 10   12.3  999.9    11.0*    5.0*   0.0I 999.9  000000
879340  20130406     6.8 14     1.4 14  9999.9  0  9999.9  0   10.9 14   14.3 14   18.5   24.7     9.0*    3.0*   0.0I 999.9  000000
879340  20130407     6.4 17     3.2 17  9999.9  0  9999.9  0   10.8 17   10.8 17   14.9   19.5    11.0*    2.0*   0.0I 999.9  000000
879340  20130408     8.0  7     6.0  7  9999.9  0  9999.9  0   10.6  7    8.0  7   10.3  999.9    11.0*    6.0*   0.0I 999.9  000000
879340  20130409    12.1  9     9.4  9  9999.9  0  9999.9  0   10.6  9    3.9  9    6.2  999.9    15.0*   10.0*   0.0I 999.9  000000
879340  20130413     1.9  9     0.6  9  9999.9  0  9999.9  0    8.2  9    1.8  8    3.1  999.9    10.0*   -2.0*   0.0I 999.9  000000
879340  20130414     9.8  5     7.8  5  9999.9  0  9999.9  0    9.3  5    5.5  5    9.3  999.9    13.0*    6.0*   0.0I 999.9  100000
879340  20130415     9.0  4     7.2  4  9999.9  0  9999.9  0    8.9  4    6.9  4    7.2  999.9  9999.9  9999.9    0.0I 999.9  000000
879340  20130416    11.6 10    10.9 10  9999.9  0  9999.9  0    7.9 10    4.3 10    7.2  999.9    15.0*    8.0* 999.9  999.9  110000
879340  20130417    10.8  7    10.6  7  9999.9  0  9999.9  0    8.7  7    4.1  7    5.7  999.9    13.0*    9.0* 999.9  999.9  010000
879340  20130418    10.6  5     9.8  5  9999.9  0  9999.9  0   10.5  5    3.0  5    5.1  999.9    11.0*   10.0*   0.0I 999.9  000000
879340  20130419    11.2  8     8.0  8  9999.9  0  9999.9  0   10.6  8    5.4  8    7.2  999.9    13.0*    9.0* 999.9  999.9  010000
879340  20130420     7.7 20     6.0 20  9999.9  0  9999.9  0    9.2 20    2.6 20    6.2  999.9    11.0*    2.0*   0.0I 999.9  100000
879340  20130421     8.1  8     7.1  8  9999.9  0  9999.9  0    8.7  8    3.2  8    4.1  999.9    11.0*    5.0*   0.0I 999.9  100000
879340  20130422     7.8  9     4.6  9  9999.9  0  9999.9  0   10.6  9    4.6  9    6.7  999.9     9.0*    3.0*   0.0I 999.9  000000
879340  20130423     7.7 14     4.8 14  9999.9  0  9999.9  0   10.0 14    3.7 14    6.2  999.9    15.0*   -1.0*   0.0I 999.9  000000
879340  20130424     9.9 11     7.1 11  9999.9  0  9999.9  0   10.3 11    6.0 11    9.8  999.9    14.0*    6.0*   0.0I 999.9  000000
879340  20130425     9.3 14     8.0 14  9999.9  0  9999.9  0   10.6 14    6.0 14    8.2  999.9    14.0*    6.0*   0.0I 999.9  000000
879340  20130426     9.8 12     7.2 12  9999.9  0  9999.9  0   10.3 12    7.3 12   13.9   18.5    15.0*    7.0*   0.0I 999.9  000000
879340  20130427     5.7 18     2.9 18  9999.9  0  9999.9  0   10.3 18    6.8 18   13.0  999.9    11.0*    1.0*   0.0I 999.9  000000
879340  20130428     9.4 17     8.2 17  9999.9  0  9999.9  0    9.2 17    6.8 17    9.3  999.9    11.0*    8.0*   0.0I 999.9  000000
879340  20130429     5.6 12     3.3 12  9999.9  0  9999.9  0   10.3 12    6.4 12    9.3  999.9    10.0*    2.0*   0.0I 999.9  000000
879340  20130430     4.7 12     1.9 12  9999.9  0  9999.9  0   10.6 12    9.6 12   13.4  999.9     7.0*    1.0*   0.0I 999.9  000000
879340  20130501     7.2 16     4.1 16  9999.9  0  9999.9  0   10.3 16    9.7 16   13.4   18.5    11.0*    3.0*   0.0I 999.9  000000
879340  20130502     4.9 13     3.4 13  9999.9  0  9999.9  0   10.3 13    6.7 13    9.8  999.9     8.0*    3.0*   0.0I 999.9  000000
879340  20130503     6.7 21     5.9 21  9999.9  0  9999.9  0    9.8 21    3.6 21    8.7  999.9    10.0*    3.0*   0.0I 999.9  100000
879340  20130504     5.3 18     4.6 18  9999.9  0  9999.9  0    8.2 16    3.3 18   10.8  999.9     9.0*    2.0* 999.9  999.9  110000
879340  20130505     6.3 17     4.7 17  9999.9  0  9999.9  0    9.7 17    7.8 17   11.3  999.9    10.0*    2.0* 999.9  999.9  010000
879340  20130506     4.8 14     2.4 14  9999.9  0  9999.9  0   10.0 14   11.3 14   15.4   20.6     7.0*    3.0*   0.0I 999.9  000000
879340  20130507     5.9 10     3.2 10  9999.9  0  9999.9  0   10.5 10   12.3 10   23.0  999.9     8.0*    4.0*   0.0I 999.9  000000
879340  20130508     4.3 13     2.9 13  9999.9  0  9999.9  0   10.8 13    5.9 13    9.8  999.9     9.0*    1.0*   0.0I 999.9  000000
879340  20130509     4.9 11     3.1 11  9999.9  0  9999.9  0   10.8 11    9.9 11   14.4   19.0     7.0*    2.0*   0.0I 999.9  000000
879340  20130510     5.9 18     3.6 18  9999.9  0  9999.9  0   10.5 18    8.0 18   14.0  999.9     8.0*    2.0* 999.9  999.9  010000
879340  20130511     4.4 22     2.5 22  9999.9  0  9999.9  0   10.5 22    7.5 22   12.3   18.0     8.0*    1.0* 999.9  999.9  010000
879340  20130512     4.3 22     2.1 22  9999.9  0  9999.9  0   10.9 21    9.2 22   14.9   20.6     7.0*    2.0*   0.0I 999.9  000000
879340  20130513     1.3 14    -0.2 14  9999.9  0  9999.9  0   10.1 14    8.6 14   11.8  999.9     3.0*   -2.0*   0.0I 999.9  000000
879340  20130514     0.8  5    -0.6  5  9999.9  0  9999.9  0    9.5  5    4.6  5    7.2  999.9     3.0*   -2.0* 999.9  999.9  010000
879340  20130515     0.6 19    -0.6 19  9999.9  0  9999.9  0   10.3 19    1.8 19    4.6  999.9     5.0*   -5.0* 999.9  999.9  011000
879340  20130516     3.8 16     2.6 16  9999.9  0  9999.9  0   10.6 16    4.2 16    6.7  999.9     9.0*    0.0* 999.9  999.9  010000
879340  20130517     6.6 15     5.1 15  9999.9  0  9999.9  0   10.9 15    7.8 15   10.8  999.9    10.0*    4.0*   0.0I 999.9  000000
879340  20130518     3.6 23     2.6 23  9999.9  0  9999.9  0   10.1 21    6.6 23   13.0  999.9     9.0*    0.0*   0.0I 999.9  000000
879340  20130519     0.6 19     0.1 19  9999.9  0  9999.9  0    9.7 18    1.8 19    7.0  999.9     4.0*   -4.0*   0.0I 999.9  100000
879340  20130520     3.8 20     3.3 20  9999.9  0  9999.9  0    9.8 20    2.0 20    5.1  999.9     9.0*    0.0*   0.0I 999.9  000000
879340  20130521     4.2 20     2.8 20  9999.9  0  9999.9  0    9.3 19    6.1 19   10.3  999.9     6.0*    1.0* 999.9  999.9  010000
879340  20130522     4.6 22     1.7 22  9999.9  0  9999.9  0   10.6 22   13.6 22   21.1   28.8     7.0*    1.0* 999.9  999.9  010000
879340  20130523    -0.1 20    -1.7 20  9999.9  0  9999.9  0   10.0 20    5.2 20    7.7  999.9     5.0*   -4.0*   0.0I 999.9  000000
879340  20130524     0.5 19    -1.4 19  9999.9  0  9999.9  0   10.0 19    5.5 19    7.7  999.9     6.0*   -2.0*   0.0I 999.9  000000
879340  20130525    -4.2 21    -5.4 20  9999.9  0  9999.9  0   10.5 21    2.7 21    3.6  999.9     1.0*   -9.0*   0.0I 999.9  000000
879340  20130526    -4.3 13    -5.7 13  9999.9  0  9999.9  0    9.0 13    2.0 13    3.6  999.9     0.0*   -8.0* 999.9  999.9  011000
879340  20130527    -0.1  9    -1.4  9  9999.9  0  9999.9  0    9.8  9    4.5  9    6.7  999.9     2.0*   -3.0* 999.9  999.9  011000
879340  20130528     3.9 13     2.0 13  9999.9  0  9999.9  0   10.9 13    5.4 13    9.3  999.9     6.0*    2.0* 999.9  999.9  010000
879340  20130529     2.0 22     1.2 22  9999.9  0  9999.9  0   11.1 22    2.5 22    4.6  999.9     4.0*    1.0* 999.9  999.9  010000
879340  20130530     1.4 16     0.7 16  9999.9  0  9999.9  0   10.0 16    1.6 16    3.6  999.9     3.0*    0.0* 999.9  999.9  010000
879340  20130531     0.4 16    -0.4 16  9999.9  0  9999.9  0    9.5 15    3.0 16    5.1  999.9     3.0*   -2.0*   0.0I 999.9  100000
879340  20130601    -0.4 18    -1.6 18  9999.9  0  9999.9  0   10.5 18    2.0 18    4.1  999.9     2.0*   -4.0* 999.9  999.9  010000
879340  20130602     0.0 19    -0.7 19  9999.9  0  9999.9  0    9.5 19    1.6 19    3.1  999.9     3.0*   -1.0*   0.0I 999.9  100000
879340  20130603     1.5 14     0.9 14  9999.9  0  9999.9  0    8.4 14    2.0 14    4.6  999.9     3.0*   -1.0*   0.0I 999.9  100000
879340  20130604     0.8 18     0.0 18  9999.9  0  9999.9  0   10.5 18    2.4 18    3.6  999.9     5.0*   -1.0*   0.0I 999.9  000000
879340  20130605    -0.2 20    -1.2 20  9999.9  0  9999.9  0    6.6 19    2.8 20    7.2  999.9     4.0*   -3.0*   0.0I 999.9  100000
879340  20130606     4.5 16     3.3 16  9999.9  0  9999.9  0   10.5 16    7.5 16   10.3  999.9     7.0*    3.0*   0.0I 999.9  000000
879340  20130607     3.4 11     1.4 11  9999.9  0  9999.9  0   10.1 11   10.1 11   12.9  999.9     6.0*    2.0*   0.0I 999.9  000000
879340  20130608     4.6 18     2.8 18  9999.9  0  9999.9  0   10.9 18    9.3 18   12.9  999.9    10.0*    0.0*   0.0I 999.9  000000
879340  20130609     3.7 21     3.1 21  9999.9  0  9999.9  0   10.1 21    4.8 21    7.2  999.9     6.0*    2.0* 999.9  999.9  010000
879340  20130610     4.6 13     3.3 13  9999.9  0  9999.9  0    9.8 13    6.0 13   13.4  999.9     7.0*    1.0* 999.9  999.9  010000
879340  20130611    -0.3 14    -1.2 14  9999.9  0  9999.9  0    9.3 14    2.8 14    6.2  999.9     2.0*   -2.0* 999.9  999.9  011000
879340  20130612     0.7 21    -0.2 21  9999.9  0  9999.9  0   10.5 21    8.0 21   13.9  999.9     2.0*   -1.0*   0.0I 999.9  000000
879340  20130613     1.1 23    -0.3 23  9999.9  0  9999.9  0   10.1 23    7.7 23   11.3  999.9     3.0*   -1.0*   0.0I 999.9  000000
879340  20130614     0.1 17    -0.9 17  9999.9  0  9999.9  0   10.1 17    5.6 17    9.8  999.9     5.0*   -2.0*   0.0I 999.9  000000
879340  20130615     3.4 22     2.4 22  9999.9  0  9999.9  0    7.6 22    5.4 22    9.3  999.9     5.0*    2.0* 999.9  999.9  110000
879340  20130616     1.6 22    -0.1 22  9999.9  0  9999.9  0   10.6 22   10.1 22   14.4   19.5     4.0*   -1.0*   0.0I 999.9  000000
879340  20130617    -1.4 18    -2.9 18  9999.9  0  9999.9  0   10.8 18    4.3 18   10.3  999.9     1.0*   -4.0* 999.9  999.9  010000
879340  20130618    -3.3 20    -4.8 20  9999.9  0  9999.9  0   10.1 20    5.8 20   10.3  999.9     1.0*   -5.0*   0.0I 999.9  000000
879340  20130619    -0.3 15    -1.7 15  9999.9  0  9999.9  0    9.5 11    8.0 15   13.4   17.5     3.0*   -4.0* 999.9  999.9  011000
879340  20130620     3.6 22     2.4 22  9999.9  0  9999.9  0   10.9 18    9.8 21   15.4   20.1     6.0*    2.0* 999.9  999.9  010000
879340  20130621     0.8 17    -1.0 17  9999.9  0  9999.9  0   11.3 17   20.2 17   33.0  999.9     2.0*   -1.0*   0.0I 999.9  000000
879340  20130622     2.8 12     1.6 12  9999.9  0  9999.9  0   10.6 12    8.1 12   11.3  999.9     6.0*   -3.0*   0.0I 999.9  000000
879340  20130623     6.1 23     3.9 23  9999.9  0  9999.9  0   10.6 23   10.7 23   17.0   22.6     8.0*    5.0*   0.0I 999.9  000000
879340  20130624     8.8  9     7.1  9  9999.9  0  9999.9  0   11.1  9   11.6  9   15.4  999.9     9.0*    8.0*   0.0I 999.9  000000
879340  20130625     6.6 18     5.0 18  9999.9  0  9999.9  0   10.6 14    7.8 18   11.3  999.9     9.0*    5.0* 999.9  999.9  010000
879340  20130626     6.8 21     5.3 21  9999.9  0  9999.9  0   11.1 21    6.0 21   12.9  999.9    11.0*    3.0* 999.9  999.9  010000
879340  20130627     3.2 15     2.1 15  9999.9  0  9999.9  0    8.5 15    2.9 15    7.2  999.9     6.0*    0.0* 999.9  999.9  010000
879340  20130628     5.6 14     4.8 14  9999.9  0  9999.9  0   10.8 12    3.0 14    6.2  999.9     6.0*    3.0* 999.9  999.9  010000
879340  20130629     0.7 16    -0.6 16  9999.9  0  9999.9  0   10.9 16    2.2 16    3.1  999.9     3.0*   -1.0*   0.0I 999.9  000000
879340  20130630    -1.9 17    -3.2 17  9999.9  0  9999.9  0   10.3 17    2.2 17    4.6  999.9     3.0*   -5.0*   0.0I 999.9  000000
879340  20130701     1.9 17     1.0 17  9999.9  0  9999.9  0    6.9 17    7.1 17   13.4  999.9     5.0*   -5.0* 999.9  999.9  110000
879340  20130702     3.0 18     2.8 18  9999.9  0  9999.9  0    6.1 11    2.4 18    4.6  999.9     5.0*    1.0*   0.0I 999.9  000000
879340  20130703    -0.7 13    -1.1 13  9999.9  0  9999.9  0    9.3  9    2.0 13    3.1  999.9     2.0*   -3.0* 999.9  999.9  011000
879340  20130704     0.9 23     0.2 23  9999.9  0  9999.9  0   10.8 23    2.1 23    4.6  999.9     4.0*   -1.0*   0.0I 999.9  000000
879340  20130705     0.3 13    -0.3 13  9999.9  0  9999.9  0   10.1 13    1.2 13    2.1  999.9     4.0*   -2.0*   0.0I 999.9  000000
879340  20130706     2.4 18     1.2 18  9999.9  0  9999.9  0   10.3 18    5.5 18   13.9  999.9     5.0*    0.0*   0.0I 999.9  000000
879340  20130707     4.1 21     2.6 21  9999.9  0  9999.9  0   10.8 21   10.0 21   14.9  999.9     7.0*    2.0*   0.0I 999.9  000000
879340  20130708     5.4  9     3.3  9  9999.9  0  9999.9  0   10.5  9    8.5  9   14.4   17.0     8.0*    4.0*   0.0I 999.9  000000
879340  20130709     4.1 18     3.1 18  9999.9  0  9999.9  0   11.3 18    6.0 18    9.8  999.9     7.0*    2.0*   0.0I 999.9  000000
879340  20130710     0.3 11    -0.6 11  9999.9  0  9999.9  0   10.0 11    1.8 11    3.6  999.9     2.0*   -1.0*   0.0I 999.9  000000
879340  20130711     2.2  7     1.4  7  9999.9  0  9999.9  0   10.6  7    3.8  7    6.7  999.9     4.0*    1.0* 999.9  999.9  010000
879340  20130712     4.8  7     3.3  7  9999.9  0  9999.9  0   10.6  7    7.3  7   12.3  999.9     6.0*    4.0*   0.0I 999.9  000000
879340  20130713     2.6 21     0.2 21  9999.9  0  9999.9  0   10.9 21   11.1 21   14.9   19.5     4.0*    1.0*   0.0I 999.9  000000
879340  20130714     2.7 14     1.0 14  9999.9  0  9999.9  0   10.6 14    7.8 14   12.3   15.4     4.0*    1.0*   0.0I 999.9  000000
879340  20130715     3.4 11     2.0 11  9999.9  0  9999.9  0   10.5 11    8.5 11   12.9  999.9     7.0*    1.0*   0.0I 999.9  000000
879340  20130716    -0.2 18    -1.9 18  9999.9  0  9999.9  0   10.1 18    9.4 18   13.9  999.9     3.0*   -3.0*   0.0I 999.9  000000
879340  20130717    -1.4 11    -2.9 11  9999.9  0  9999.9  0   10.1 11    5.8 11    7.7  999.9     2.0*   -4.0*   0.0I 999.9  000000
879340  20130718     3.8 17     1.4 17  9999.9  0  9999.9  0   10.3 17    8.3 17   12.9   18.0     8.0*    2.0*   0.0I 999.9  000000
879340  20130719     3.6 14     1.5 14  9999.9  0  9999.9  0   10.9 14    9.8 14   13.4  999.9     5.0*    1.0*   0.0I 999.9  000000
879340  20130720     1.4 16    -1.9 16  9999.9  0  9999.9  0   10.9 14    6.1 16    8.7  999.9     3.0*   -1.0*   0.0I 999.9  000000
879340  20130721    -1.7 20    -2.8 20  9999.9  0  9999.9  0   10.1 20    3.3 20    6.2  999.9     3.0*   -7.0* 999.9  999.9  010000
879340  20130722     5.0 18     2.9 18  9999.9  0  9999.9  0   10.9 18    7.1 18   11.3   16.5     8.0*    3.0* 999.9  999.9  010000
879340  20130723     3.1 16     1.4 16  9999.9  0  9999.9  0   10.0 16    6.1 16    8.7  999.9     6.0*    1.0* 999.9  999.9  010000
879340  20130724     4.9 19     2.9 19  9999.9  0  9999.9  0    9.5 19    9.8 19   14.9   19.5    10.0*    3.0* 999.9  999.9  010000
879340  20130725     2.3 17     0.1 17  9999.9  0  9999.9  0   10.3 17   12.8 17   15.9   23.1     5.0*    1.0* 999.9  999.9  001000
879340  20130726     0.2 20    -1.0 20  9999.9  0  9999.9  0   10.3 20    9.8 19   13.9   17.0     2.0*   -2.0*   0.0I 999.9  000000
879340  20130727     3.3 19     1.3 19  9999.9  0  9999.9  0   10.6 19    9.6 19   11.8   15.9     8.0*   -1.0*   0.0I 999.9  000000
879340  20130728     5.4 19     3.5 19  9999.9  0  9999.9  0   10.3 19    9.8 19   14.4   19.5     8.0*    4.0*   0.0I 999.9  000000
879340  20130729     5.3 21     3.2 21  9999.9  0  9999.9  0   10.6 21    9.5 21   11.3   17.5     8.0*    3.0*   0.0I 999.9  000000
879340  20130730     4.2 10     1.6 10  9999.9  0  9999.9  0   10.1 10    7.3 10   10.8  999.9     6.0*    3.0*   0.0I 999.9  000000
879340  20130731     4.8 17     3.4 17  9999.9  0  9999.9  0   10.9 17    6.6 17   10.3  999.9     9.0*    1.0*   0.0I 999.9  000000
879340  20130801    -0.7 16    -2.6 16  9999.9  0  9999.9  0   10.0  4    3.3 16    6.2  999.9     1.0*   -3.0*   0.0I 999.9  000000
879340  20130802     0.3 10    -0.2 10  9999.9  0  9999.9  0    5.0 10    1.6 10    2.6  999.9     1.0*   -1.0* 999.9  999.9  101000
879340  20130803     2.9 21     2.5 21  9999.9  0  9999.9  0    3.7 14    4.8 21    9.0  999.9     4.0*    1.0*   0.0I 999.9  000000
879340  20130804     2.2 18     1.2 18  9999.9  0  9999.9  0   10.0  7    2.1 18    4.6  999.9     6.0*   -1.0*   0.0I 999.9  000000
879340  20130805     2.2  5     1.8  5  9999.9  0  9999.9  0    8.7  5    4.1  5    5.1  999.9     3.0*    1.0*   0.0I 999.9  000000
879340  20130808     1.9 20    -0.3 20  9999.9  0  9999.9  0  999.9  0    7.2 20   10.8  999.9     5.0*    0.0*   0.0I 999.9  000000
879340  20130809     2.2 19     0.8 19  9999.9  0  9999.9  0    9.5 10    8.8 19   11.3  999.9     4.0*    1.0* 999.9  999.9  011000
879340  20130810     5.2 13     2.8 13  9999.9  0  9999.9  0  999.9  0    9.7 13   11.8   16.0     8.0*    2.0*   0.0I 999.9  000000
879340  20130811     0.4 13    -1.9 13  9999.9  0  9999.9  0   10.0  8   11.3 13   22.0  999.9     3.0*   -1.0*   0.0I 999.9  000000
879340  20130812     3.7 13     2.2 13  9999.9  0  9999.9  0    9.7 11   13.6 13   33.0   44.0     6.0*   -1.0* 999.9  999.9  010000
879340  20130813     0.0 21    -2.1 21  9999.9  0  9999.9  0    9.5 11    8.5 17   15.4   22.1     3.0*   -3.0*   0.0I 999.9  000000
879340  20130814     5.8  6     3.5  6  9999.9  0  9999.9  0    9.0  5    9.8  6   12.9  999.9     8.0*    3.0* 999.9  999.9  010000
879340  20130815     2.3 18    -0.1 18  9999.9  0  9999.9  0   10.0 13   10.7 18   14.4   19.0     6.0*    0.0*   0.0I 999.9  000000
879340  20130816     1.6  9    -0.2  9  9999.9  0  9999.9  0   10.0  6    9.4  9   23.0  999.9     5.0*   -1.0*   0.0I 999.9  000000
879340  20130817     4.6 15     1.1 15  9999.9  0  9999.9  0    9.7  6   11.3 15   14.4   19.6     7.0*    1.0*   0.0I 999.9  000000
879340  20130818     1.4  5     0.4  5  9999.9  0  9999.9  0  999.9  0    4.1  5    8.2  999.9     4.0*   -1.0*   0.0I 999.9  000000
879340  20130819     2.1 21     0.0 21  9999.9  0  9999.9  0   10.0 14    8.9 21   11.3   16.5     6.0*    0.0*   0.0I 999.9  000000
879340  20130820     1.6 18    -1.3 18  9999.9  0  9999.9  0   10.0 11    8.0 18   10.8  999.9     4.0*   -1.0*   0.0I 999.9  000000
879340  20130821    -1.7 10    -3.8 10  9999.9  0  9999.9  0   10.0  8    4.4 10   14.0  999.9     2.0*   -5.0*   0.0I 999.9  000000
879340  20130822    -3.6 15    -4.8 14  9999.9  0  9999.9  0   10.5 13    5.6 15    8.8  999.9     0.0*   -7.0*   0.0I 999.9  000000
879340  20130823    -2.4 14    -6.2 14  9999.9  0  9999.9  0   10.0  9    3.2 14    5.7  999.9     3.0*   -8.0*   0.0I 999.9  000000
879340  20130824    -2.4 15    -4.7 15  9999.9  0  9999.9  0  999.9  0    3.7 15    6.2  999.9     3.0*   -8.0*   0.0I 999.9  000000
879340  20130825     2.3 18    -0.1 18  9999.9  0  9999.9  0   10.3  6    5.6 18   10.0  999.9     5.0*    0.0*   0.0I 999.9  000000
879340  20130826     1.2 14     0.5 14  9999.9  0  9999.9  0    6.8  8    3.7 14    6.7  999.9     4.0*   -2.0* 999.9  999.9  010000
879340  20130827     3.1 15     0.6 15  9999.9  0  9999.9  0    9.5  9   10.8 15   17.0   21.1     7.0*    1.0*   0.0I 999.9  000000
879340  20130828     2.1 20    -0.4 20  9999.9  0  9999.9  0   10.1  9   10.9 20   30.0  999.9     7.0*   -1.0*   0.0I 999.9  000000
879340  20130829     0.7 18    -1.8 18  9999.9  0  9999.9  0   10.0  4    9.8 18   21.0  999.9     6.0*   -3.0*   0.0I 999.9  000000
879340  20130830    -1.9 17    -3.8 17  9999.9  0  9999.9  0  999.9  0    3.4 17    7.2  999.9     5.0*   -7.0*   0.0I 999.9  000000
879340  20130831     1.1 21    -1.7 21  9999.9  0  9999.9  0  999.9  0    6.5 21    8.8  999.9     7.0*   -3.0*   0.0I 999.9  000000
879340  20130901     1.4 17    -1.3 17  9999.9  0  9999.9  0  999.9  0    2.1 16    3.6  999.9     8.0*   -6.0*   0.0I 999.9  000000
879340  20130902     0.6 18    -1.2 18  9999.9  0  9999.9  0   10.0  9    2.6 18    4.1  999.9     8.0*   -4.0*   0.0I 999.9  000000
879340  20130903     1.0 10    -1.0 10  9999.9  0  9999.9  0   10.3 10    2.7 10    7.0  999.9     5.0*   -4.0*   0.0I 999.9  000000
879340  20130904    -1.4 12    -2.6 12  9999.9  0  9999.9  0    3.5 11    2.3 12    5.7  999.9     3.0*   -4.0*   0.0I 999.9  100000
879340  20130905     3.6 16     2.9 16  9999.9  0  9999.9  0    6.9 16    5.6 16    7.7  999.9     5.0*    3.0* 999.9  999.9  010000
879340  20130906     3.2 16     2.2 16  9999.9  0  9999.9  0    9.2 16    3.3 16    5.7  999.9     6.0*    2.0* 999.9  999.9  010000
879340  20130907     3.6 15     3.4 15  9999.9  0  9999.9  0    2.7  8    4.6 15    6.7  999.9     5.0*    2.0*   0.0I 999.9  100000
879340  20130908     3.6 22     3.3 22  9999.9  0  9999.9  0    8.0 17    2.6 22    5.1  999.9     7.0*    0.0*   0.0I 999.9  100000
879340  20130909     2.8 17     1.6 17  9999.9  0  9999.9  0    8.0  9    9.5 17   19.0  999.9     7.0*    0.0* 999.9  999.9  001000
879340  20130910     0.1 12    -3.0 12  9999.9  0  9999.9  0  999.9  0    5.5 12    7.7  999.9     4.0*   -6.0*   0.0I 999.9  000000
879340  20130911     1.4 12    -1.8 12  9999.9  0  9999.9  0   10.0  7    8.8 12   15.4   17.0     6.0*   -3.0*   0.0I 999.9  000000
879340  20130912     3.1 10     0.0 10  9999.9  0  9999.9  0   10.0  4    7.5 10   11.8  999.9     8.0*   -2.0*   0.0I 999.9  000000
879340  20130913     3.8  6     1.3  6  9999.9  0  9999.9  0   10.0  4    6.0  6    8.2  999.9     7.0*    2.0*   0.0I 999.9  000000
879340  20130914     3.9 17     1.8 17  9999.9  0  9999.9  0   10.0 12    8.4 17   14.4   19.6     8.0*    0.0*   0.0I 999.9  000000
879340  20130915     6.3 18     3.4 18  9999.9  0  9999.9  0   10.1 12    7.3 18   19.0  999.9    11.0*    2.0* 999.9  999.9  010000
879340  20130916     2.5 10     0.6 10  9999.9  0  9999.9  0  999.9  0    3.5 10    6.7  999.9     6.0*   -1.0*   0.0I 999.9  000000
879340  20130917     2.6 15     1.8 15  9999.9  0  9999.9  0    5.1 10    2.3 10    4.6  999.9     8.0*    0.0*   0.0I 999.9  100000
879340  20130918     2.3 15     0.7 15  9999.9  0  9999.9  0   10.0 11    4.5 15    9.3  999.9     8.0*   -2.0*   0.0I 999.9  000000
879340  20130919     3.2 20     2.2 20  9999.9  0  9999.9  0    9.2 19    3.3 20    5.7  999.9     6.0*    0.0* 999.9  999.9  010000
879340  20130920     0.9 19    -0.8 19  9999.9  0  9999.9  0   10.0 10    3.0 19    6.2  999.9     6.0*   -4.0*   0.0I 999.9  000000
879340  20130921     4.2 20     0.7 20  9999.9  0  9999.9  0   10.0 12    8.2 20   12.9  999.9    10.0*   -2.0*   0.0I 999.9  000000
879340  20130922     6.7 18     2.4 18  9999.9  0  9999.9  0   10.0 10   11.1 18   14.9   20.1    12.0*    2.0*   0.0I 999.9  000000
879340  20130923     7.8 22     3.2 22  9999.9  0  9999.9  0  999.9  0    8.9 22   13.9   18.5    13.0*    4.0*   0.0I 999.9  000000
879340  20130924     8.6 20     3.8 20  9999.9  0  9999.9  0   10.0 11    8.0 20   11.3  999.9    13.0*    4.0*   0.0I 999.9  000000
879340  20130925     5.4 17     2.2 17  9999.9  0  9999.9  0   10.0 10    4.3 17    9.3  999.9    10.0*    0.0*   0.0I 999.9  000000
879340  20130926     4.9 16     0.7 15  9999.9  0  9999.9  0   10.0  9    5.1 16    9.8  999.9    10.0*   -3.0*   0.0I 999.9  000000
879340  20130927     7.7 12     3.2 12  9999.9  0  9999.9  0   10.0  6    4.1 12   10.0  999.9    14.0*    1.0*   0.0I 999.9  000000
879340  20130928     4.4 15     4.1 15  9999.9  0  9999.9  0    5.5 12    2.6 15    5.1  999.9     7.0*    2.0* 999.9  999.9  110000
879340  20130929     5.1 12     4.0 12  9999.9  0  9999.9  0    7.7 11    5.4 12    9.3  999.9    10.0*    2.0*   0.0I 999.9  000000
879340  20130930     4.8  9     4.1  9  9999.9  0  9999.9  0    5.1  9    5.9  9    8.2  999.9     5.0*    4.0* 999.9  999.9  110000
879340  20131001     5.3  4     5.0  4  9999.9  0  9999.9  0    0.8  4    6.1  4    9.3  999.9     6.0*    5.0*   0.0I 999.9  100000
879340  20131002     7.0 10     4.5 10  9999.9  0  9999.9  0   10.0  9    4.3 10    6.7  999.9    10.0*    2.0*   0.0I 999.9  000000
879340  20131003     1.0  4     0.0  4  9999.9  0  9999.9  0  999.9  0    2.7  4    3.6  999.9     4.0*   -1.0*   0.0I 999.9  000000
879340  20131004     3.9 19     2.6 19  9999.9  0  9999.9  0    9.3 13    3.3 19    7.7  999.9     8.0*   -2.0*   0.0I 999.9  000000
879340  20131005     6.5 22     2.4 22  9999.9  0  9999.9  0   10.0 16    7.1 22   12.4   16.5    12.0*    1.0* 999.9  999.9  010000
879340  20131006    10.0  8     3.6  8  9999.9  0  9999.9  0   10.0  8   13.3  8   18.0   22.1    12.0*    7.0* 999.9  999.9  010000
879340  20131007     4.3 14     2.4 14  9999.9  0  9999.9  0    9.2 13    2.8 14    5.7  999.9    10.0*    0.0* 999.9  999.9  010000
879340  20131008     6.1 15     4.9 15  9999.9  0  9999.9  0   10.0 11    2.9 15    7.7  999.9    11.0*    3.0* 999.9  999.9  010000
879340  20131009     4.8 12     2.0 12  9999.9  0  9999.9  0   10.0  7    7.1 12   11.8  999.9    11.0*    0.0*   0.0I 999.9  000000
879340  20131010     7.1 11     1.9 11  9999.9  0  9999.9  0   10.0  7    8.7 11   10.8  999.9    11.0*    1.0*   0.0I 999.9  000000
879340  20131011     6.4 13     2.4 13  9999.9  0  9999.9  0   10.0 13    9.6 13   13.4   16.5    10.0*    3.0*   0.0I 999.9  000000
879340  20131012     6.2  9     3.9  9  9999.9  0  9999.9  0   10.0  6    8.6  9   13.4   17.0    10.0*    1.0*   0.0I 999.9  000000
879340  20131013     8.3 11     5.3 11  9999.9  0  9999.9  0    9.3 11    9.8 11   18.5   22.7    13.0*    6.0* 999.9  999.9  010000
879340  20131014     8.0 15     1.7 15  9999.9  0  9999.9  0   10.0 12   12.6 15   17.0   23.2    11.0*    5.0*   0.0I 999.9  000000
879340  20131015     3.7 15    -0.4 15  9999.9  0  9999.9  0   10.0  6    7.7 15   17.0   22.1    11.0*   -1.0*   0.0I 999.9  000000
879340  20131016     3.5 14    -0.4 14  9999.9  0  9999.9  0   10.0  6   11.8 14   15.4   20.6     9.0*    0.0*   0.0I 999.9  000000
879340  20131017    10.4 11     4.6 11  9999.9  0  9999.9  0   10.0 11   13.3 11   14.9   18.5    13.0*    7.0*   0.0I 999.9  000000
879340  20131018     8.1 16     3.9 16  9999.9  0  9999.9  0   10.0 14   13.4 16   19.0   24.7    13.0*    5.0*   0.0I 999.9  000000
879340  20131019     6.0 16     0.3 16  9999.9  0  9999.9  0   10.0 11   12.3 16   16.5   21.6    10.0*    2.0*   0.0I 999.9  000000
879340  20131020     5.0 13    -2.2 13  9999.9  0  9999.9  0   10.0 11   10.8 13   13.4   18.0     7.0*    0.0*   0.0I 999.9  000000
879340  20131021     4.5 14     0.7 14  9999.9  0  9999.9  0   10.0 10    9.3 14   11.8  999.9     9.0*    1.0*   0.0I 999.9  000000
879340  20131022     5.2 16     1.9 16  9999.9  0  9999.9  0   10.0 16    3.5 16    6.2  999.9    10.0*   -1.0*   0.0I 999.9  000000
879340  20131023    10.5  8     4.1  8  9999.9  0  9999.9  0   10.0  7    9.4  8   11.8   17.0    15.0*    4.0*   0.0I 999.9  000000
879340  20131024    10.4  7     5.6  7  9999.9  0  9999.9  0   10.0  7   10.6  7   25.0  999.9    12.0*    8.0*   0.0I 999.9  000000
879340  20131025    10.6 15     5.8 15  9999.9  0  9999.9  0   10.0 12   10.3 15   13.4   16.5    14.0*    6.0*   0.0I 999.9  000000
879340  20131026     8.5 16     3.1 16  9999.9  0  9999.9  0   10.0 15   12.6 16   16.5   24.2    12.0*    5.0* 999.9  999.9  010000
879340  20131027     8.9 19     4.1 19  9999.9  0  9999.9  0    9.8 12   17.5 19   26.0   26.8    15.0*    4.0*   0.0I 999.9  000000
879340  20131028     7.4 16     1.8 16  9999.9  0  9999.9  0   10.0  8    6.5 16    9.3  999.9    14.0*   -1.0*   0.0I 999.9  000000
879340  20131029     9.9 12     7.2 12  9999.9  0  9999.9  0   10.0  4    4.6 12   12.0  999.9    13.0*    7.0*   0.0I 999.9  000000
879340  20131030     7.8 11     6.6 11  9999.9  0  9999.9  0    6.3 11    3.3 11    7.7  999.9    11.0*    5.0*   0.0I 999.9  000000
879340  20131031    11.0  9     4.2  9  9999.9  0  9999.9  0   10.0  8    6.7  9    7.7  999.9    14.0*    6.0*   0.0I 999.9  000000
879340  20131101    14.0  6     6.0  6  9999.9  0  9999.9  0   10.0  6    8.5  6    9.3  999.9    17.0*   11.0*   0.0I 999.9  000000
879340  20131102     9.9 18     4.2 18  9999.9  0  9999.9  0    9.8 18   12.5 18   17.5   23.7    14.0*    7.0*   0.0I 999.9  000000
879340  20131103     7.5 10     1.4 10  9999.9  0  9999.9  0   10.0  9   13.9 10   16.0   21.1    10.0*    5.0*   0.0I 999.9  000000
879340  20131104     9.2 19     4.0 19  9999.9  0  9999.9  0    9.5 16   15.3 19   18.5   25.2    14.0*    6.0*   0.0I 999.9  000000
879340  20131105    10.7 18     5.4 18  9999.9  0  9999.9  0   10.0  8    9.6 18   12.9   17.0    17.0*    4.0*   0.0I 999.9  000000
879340  20131106    12.7 13     6.7 13  9999.9  0  9999.9  0   10.0 12    9.4 13   13.9   18.0    16.0*    7.0*   0.0I 999.9  000000
879340  20131107     5.9 19     0.7 19  9999.9  0  9999.9  0    8.9 19    8.9 19   13.0   16.5     9.0*    1.0*   0.0I 999.9  000000
879340  20131108     3.7 19    -1.4 19  9999.9  0  9999.9  0   10.0 12    7.5 19    9.3  999.9     8.0*   -2.0*   0.0I 999.9  000000
879340  20131109     3.7 11     0.0 11  9999.9  0  9999.9  0   10.0  7    9.1 11   12.4  999.9     8.0*    1.0*   0.0I 999.9  000000
879340  20131110     9.8 18     4.2 18  9999.9  0  9999.9  0   10.0 17   11.0 18   14.4   20.6    14.0*    6.0*   0.0I 999.9  000000
879340  20131111     7.9 20     3.8 20  9999.9  0  9999.9  0    9.8 18    8.1 20   14.4   19.0    12.0*    3.0* 999.9  999.9  010000
879340  20131112     6.4 19     1.9 19  9999.9  0  9999.9  0   10.0 13   12.3 19   14.9   20.1     9.0*    4.0*   0.0I 999.9  000000
879340  20131113     7.8 13     2.6 13  9999.9  0  9999.9  0   10.0 13   11.3 13   17.0   18.0    10.0*    4.0*   0.0I 999.9  000000
