870470  20130101    19.2  7    15.1  7  9999.9  0   881.0  6   10.1  7    2.9  7    5.1  999.9    35.6    15.1*   8.9G 999.9  010010
870470  20130102    15.9 14    12.7 14  9999.9  0   883.3  8   11.4 14    1.9 14    3.6  999.9    17.0*   13.8    7.9G 999.9  010000
870470  20130103    17.6 22    14.1 22  9999.9  0   880.7  8    9.3 22    1.1 22    5.1  999.9    25.0*   14.0*   0.8G 999.9  010000
870470  20130104    20.9 24    15.6 24  9999.9  0   877.5  8   11.9 24    1.4 24    3.1  999.9    29.0*   14.0*   0.0G 999.9  000000
870470  20130105    23.8 24    17.2 24  9999.9  0   875.1  8   12.7 24    0.9 24    4.6  999.9    32.0*   16.5    0.0I 999.9  000000
870470  20130106    22.4 19    18.1 19  9999.9  0   874.3  8   11.9 19    3.8 19    7.2  999.9    31.9    19.0* 999.9  999.9  010010
870470  20130107    23.8 23    17.2 23  9999.9  0   872.1  8   12.4 23    2.2 22    5.7  999.9    33.0*   16.2    0.5G 999.9  010000
870470  20130108    25.2 23    17.3 23  9999.9  0   874.6  8   13.0 23    1.8 23    6.7  999.9    33.2    16.8    0.0G 999.9  000010
870470  20130109    22.5 15    17.7 15  9999.9  0   881.2  7   10.6 15    3.0 15    5.7  999.9    33.5    17.1   72.9G 999.9  010010
870470  20130110    23.6 21    17.7 21  9999.9  0   882.8  7   13.5 21    1.8 21    5.1  999.9    29.2*   17.4    8.9G 999.9  000010
870470  20130111    23.3 24    17.7 24  9999.9  0   879.9  8   12.6 24    2.4 24    5.1  999.9    30.2    18.0*   0.5G 999.9  010000
870470  20130112    21.8 24    17.4 24  9999.9  0   877.0  8   11.1 24    1.9 24    8.7  999.9    29.3    17.0*   0.3G 999.9  010010
870470  20130113    20.8 24    18.0 24  9999.9  0   879.5  7   10.3 24    1.6 24    6.2   12.3    29.5    17.5    7.9G 999.9  010010
870470  20130114    20.2 17    17.9 17  9999.9  0   880.8  8    9.0 17    1.1 17    2.6  999.9    28.3*   18.0*  18.0G 999.9  010000
870470  20130115    20.9  8    17.1  8  9999.9  0   878.9  8   10.8  8    1.5  8    3.1  999.9    30.0    17.6   16.0G 999.9  010000
870470  20130116    22.4 10    18.2 10  9999.9  0   875.7  8   11.1 10    1.9 10    5.1  999.9    29.0    17.9    0.3G 999.9  010010
870470  20130117    20.4  9    18.0  9  9999.9  0   879.0  8   11.4  9    2.2  9    6.2  999.9    29.0    17.9   27.9G 999.9  000010
870470  20130118    19.8  8    17.6  8  9999.9  0   882.5  8   10.6  8    0.9  8    2.1  999.9    25.4    16.7   26.9G 999.9  010000
870470  20130119    19.0  8    16.9  8  9999.9  0   883.0  7    9.3  8    1.0  8    2.1  999.9    23.0    16.0   33.0G 999.9  010000
870470  20130120    19.0  6    15.4  6  9999.9  0   884.0  6   10.3  6    1.4  6    2.1  999.9    23.5    15.8   37.1G 999.9  010000
870470  20130121    18.7  7    14.5  6  9999.9  0   882.5  6   14.6  7    1.4  6    2.6  999.9    21.3*   15.4    6.1G 999.9  010000
870470  20130122    19.8  8    16.2  8  9999.9  0   881.5  8   11.7  8    1.8  8    4.1  999.9    24.2*   15.9    3.0G 999.9  110000
870470  20130123    20.8  6    17.4  6  9999.9  0   880.9  6   18.7  6    0.6  5    2.1  999.9    25.5    17.4    0.0G 999.9  000000
870470  20130124    26.7  8    17.6  8  9999.9  0   875.5  5   14.0  8    2.4  8    5.1  999.9    30.5*   15.6    0.0I 999.9  000000
870470  20130125    19.3 23    16.6 23  9999.9  0   877.5  8   12.1 23    1.9 23    4.1  999.9    31.6    16.5  999.9  999.9  010010
870470  20130126    19.5 24    15.8 24  9999.9  0   881.7  8   10.9 24    2.1 24    5.7  999.9    23.4*   15.2    8.9G 999.9  010000
870470  20130127    21.1 24    16.3 24  9999.9  0   880.2  8   12.7 24    1.0 24    3.6  999.9    26.0*   14.7    0.0G 999.9  000000
870470  20130128    22.4 23    16.4 23  9999.9  0   880.1  8   12.4 23    1.4 23    6.7  999.9    29.0*   15.6    0.0I 999.9  000000
870470  20130129    23.2 23    17.0 23  9999.9  0   880.3  8   11.7 23    1.3 23    3.6  999.9    29.3    17.2    0.0I 999.9  000000
870470  20130130    22.4 23    17.2 23  9999.9  0   879.0  8   11.4 23    1.4 23    3.6  999.9    29.4    18.0*   0.0I 999.9  000010
870470  20130131    22.0 23    14.4 23  9999.9  0   876.7  8   12.6 23    1.6 23    4.1  999.9    31.0*   13.5    0.0G 999.9  000000
870470  20130201    24.0 19    16.5 19  9999.9  0   875.3  7   13.0 19    1.5 19    4.1  999.9    31.7*   16.4    0.0I 999.9  000000
870470  20130202    24.1 23    17.1 23  9999.9  0   877.0  8   11.6 23    2.3 22   12.9   18.5    33.8*   16.9  999.9  999.9  010010
870470  20130203    21.4 23    17.9 23  9999.9  0   882.7  8   10.8 23    1.8 23    6.2   13.4    33.9    16.2   31.0G 999.9  010010
870470  20130204    22.9 24    18.3 24  9999.9  0   879.5  8   12.6 24    2.0 24    5.7  999.9    27.0*   17.8    0.0G 999.9  000000
870470  20130205    22.6 24    17.9 24  9999.9  0   878.9  8   12.1 24    1.4 23    4.6  999.9    28.3*   17.5    0.0I 999.9  000000
870470  20130206    22.3 22    16.7 22  9999.9  0   880.2  8   12.4 22    2.5 22    4.1  999.9    28.8    16.5    0.0G 999.9  010010
870470  20130207    20.4 21    16.3 21  9999.9  0   881.4  8   11.3 21    2.1 21    3.6  999.9    27.5    16.6   14.0G 999.9  010010
870470  20130208    21.7 24    16.8 24  9999.9  0   878.7  8   11.7 24    1.3 24    4.6  999.9    28.0*   15.7    0.0G 999.9  000000
870470  20130209    22.8 23    16.4 23  9999.9  0   876.7  7   11.9 23    1.4 23    3.6  999.9    29.0    17.0    0.0I 999.9  000000
870470  20130210    23.2 24    15.7 24  9999.9  0   874.9  8   12.4 24    1.8 23    4.1  999.9    31.9    17.3    0.0G 999.9  010000
870470  20130211    21.6 23    15.4 23  9999.9  0   877.5  8   11.7 23    1.7 23    6.7  999.9    30.5    16.0*   4.1G 999.9  010010
870470  20130212    21.1 23    15.1 23  9999.9  0   875.2  8   12.9 23    1.6 23    4.1  999.9    29.0*   13.9    2.0G 999.9  000000
870470  20130213    23.3 22    15.4 22  9999.9  0   874.3  8   13.4 22    1.0 22    3.6  999.9    32.0*   14.9    0.0G 999.9  000000
870470  20130214    22.3 23    17.1 23  9999.9  0   876.9  8   13.7 23    1.5 23    3.1  999.9    31.7    17.7    0.0I 999.9  000000
870470  20130215    21.9 22    18.1 22  9999.9  0   878.5  8   11.7 22    2.0 22    4.6  999.9    27.8    17.8    3.0G 999.9  010010
870470  20130216    22.9 24    17.3 24  9999.9  0   874.0  8   11.9 24    1.2 24    3.1  999.9    30.2*   15.7    0.0G 999.9  000000
870470  20130217    24.5 22    17.5 22  9999.9  0   871.9  8   13.2 22    1.3 22    6.2  999.9    33.0*   17.3    0.0I 999.9  000000
870470  20130218    18.4 24    16.6 24  9999.9  0   878.3  7    7.9 24    2.8 24    7.2   12.9    33.3    15.0   17.0G 999.9  010010
870470  20130219    16.1 24    14.2 24  9999.9  0   879.8  8    9.7 24    2.2 24    4.1  999.9    20.0*   13.9    8.9G 999.9  010000
870470  20130220    16.8 24    14.4 24  9999.9  0   878.9  8   10.9 24    2.3 24    4.1  999.9    20.4    14.5    2.0G 999.9  010000
870470  20130221    19.2 22    15.2 22  9999.9  0   880.7  8   12.6 22    1.9 22    4.6  999.9    24.0*   14.7    0.0G 999.9  000000
870470  20130222    19.2 24    17.1 24  9999.9  0   880.7  6   11.1 24    2.1 24    5.7  999.9    24.9    17.0    0.0G 999.9  010000
870470  20130223    21.2 24    18.1 24  9999.9  0   877.6  8   13.5 24    1.0 24    4.6  999.9    26.0*   17.7    3.0G 999.9  000000
870470  20130224    23.1 24    18.5 24  9999.9  0   874.5  8   12.2 24    1.6 24   11.3   26.8    31.0*   16.0*   0.0G 999.9  010110
870470  20130225    18.3 22    16.2 22  9999.9  0   879.2  7    8.0 22    2.7 22    7.2  999.9    31.0    15.0*  80.0G 999.9  010010
870470  20130226    15.4 23    13.0 23  9999.9  0   882.2  8    9.0 23    2.2 23    3.6  999.9    21.8    13.3    4.1G 999.9  010000
870470  20130227    16.8 24    14.0 24  9999.9  0   881.6  8   12.4 23    1.4 24    3.1  999.9    21.0*   12.2    0.0G 999.9  010000
870470  20130228    18.9 24    15.4 24  9999.9  0   878.8  8   12.9 24    1.9 24    5.7  999.9    24.6*   12.3    0.0I 999.9  000000
870470  20130301    21.8 24    16.9 24  9999.9  0   873.9  8   12.4 24    1.2 24    5.1  999.9    29.0*   15.9    0.0I 999.9  000000
870470  20130302    21.8 23    16.9 23  9999.9  0   873.4  8   12.7 23    3.1 23    7.2  999.9    29.0    16.0  999.9  999.9  010000
870470  20130303    17.2 21    12.0 21  9999.9  0   882.1  8   11.4 21    2.2 21    5.7  999.9    28.2    14.0*   3.0G 999.9  010000
870470  20130304    16.1 22    12.7 22  9999.9  0   882.9  8   10.9 22    1.1 22    2.6  999.9    21.5    14.0*   0.0G 999.9  010000
870470  20130305    16.7 24    13.1 24  9999.9  0   880.8  8   12.2 24    1.3 24    4.1  999.9    24.0*   10.6    0.5G 999.9  010000
870470  20130306    18.3 24    14.1 24  9999.9  0   875.4  8   12.4 24    1.2 24    3.1  999.9    25.0*   11.3    0.0G 999.9  000000
870470  20130307    21.3 21    15.9 21  9999.9  0   876.7  8   12.7 21    1.4 21    3.6  999.9    28.0*   13.2    0.0I 999.9  000000
870470  20130308    25.7 13    18.4 13  9999.9  0   877.2  7   13.0 13    2.1 13    4.1  999.9    29.0*   16.8    0.0I 999.9  000000
870470  20130309    24.6 22    19.4 22  9999.9  0   876.0  8   13.0 22    1.1 22    4.6  999.9    31.4*   18.4    0.0I 999.9  000000
870470  20130310    23.3 23    18.9 23  9999.9  0   875.2  8   11.1 23    2.5 23    8.2  999.9    32.5    18.0  999.9  999.9  010010
870470  20130311    19.7 23    17.1 23  9999.9  0   875.3  7   10.5 23    1.8 23    4.6  999.9    30.1    16.7    7.9G 999.9  010000
870470  20130312    19.9 24    16.9 24  9999.9  0   874.8  8   11.1 24    2.6 24   10.8  999.9    25.6    16.6    0.0G 999.9  010000
870470  20130313    19.4 23    13.9 23  9999.9  0   878.3  8   12.6 23    2.0 23    5.7  999.9    26.3    15.5    0.0I 999.9  000000
870470  20130314    17.8 24    15.2 24  9999.9  0   879.8  7    9.2 24    2.7 24    5.1  999.9    25.0    15.0*   2.0G 999.9  010000
870470  20130315    13.9 24    12.2 24  9999.9  0   882.6  8    8.5 24    2.0 24    3.6  999.9    20.6    11.7    5.1G 999.9  010000
870470  20130316    13.9 20    10.9 20  9999.9  0   885.5  7   11.3 20    2.3 20    3.6  999.9    16.3    11.4    0.8G 999.9  010000
870470  20130317    14.6 23    12.9 23  9999.9  0   884.3  8    9.7 21    0.9 23    3.6  999.9    17.0    13.0    0.0G 999.9  010000
870470  20130318    14.2 23    11.6 23  9999.9  0   883.0  8   12.1 23    2.2 23    4.1  999.9    17.8*   11.6    3.0G 999.9  010000
870470  20130319    15.3 24    12.0 24  9999.9  0   880.1  8   10.5 24    1.8 24    4.6  999.9    22.1*   12.0    0.0G 999.9  010000
870470  20130320    17.4 24    12.0 24  9999.9  0   878.2  8   12.9 24    1.8 24    4.6  999.9    24.4*   11.0    0.0I 999.9  000000
870470  20130321    17.6 22    12.1 22  9999.9  0   878.7  8   12.6 22    1.4 22    4.1  999.9    25.4     8.9    0.0I 999.9  000000
870470  20130322    18.2 24    13.3 24  9999.9  0   880.9  8   12.6 24    2.0 24    5.1  999.9    25.7    11.7    0.0I 999.9  000000
870470  20130323    19.4 23    14.1 23  9999.9  0   880.7  8   13.5 23    1.8 23    5.1  999.9    25.5*   13.7  999.9  999.9  010010
870470  20130324    18.3 24    15.4 24  9999.9  0   878.8  8    9.8 24    1.8 24    4.6  999.9    26.0    15.9    7.1G 999.9  010000
870470  20130325    17.7 24    13.7 24  9999.9  0   878.2  8   11.9 24    1.7 24    5.1  999.9    25.0*   11.5    0.0G 999.9  000000
870470  20130326    18.7 23    14.7 23  9999.9  0   884.6  8   12.1 23    1.8 23    3.6  999.9    26.2    15.1    0.0I 999.9  000000
870470  20130327    18.1 24    14.7 24  9999.9  0   884.3  8   12.1 24    1.3 24    4.1  999.9    22.0*   13.7    0.0I 999.9  000000
870470  20130328    19.1 23    13.7 23  9999.9  0   883.5  8   11.4 23    2.0 23    5.1  999.9    24.1*   14.0  999.9  999.9  010000
870470  20130329    18.6 24    14.6 24  9999.9  0   882.0  8   10.3 24    1.2 24    3.1  999.9    25.3    15.0*   3.0G 999.9  010000
870470  20130330    18.1 22    12.8 22  9999.9  0   879.6  8   12.1 22    1.5 22    3.6  999.9    26.0*    9.5    0.0G 999.9  000000
870470  20130331    19.6 23    13.2 23  9999.9  0   876.9  8   12.6 23    1.2 23    4.1  999.9    28.0*   11.0    0.0I 999.9  000000
870470  20130401    19.7 22    14.7 22  9999.9  0   877.5  8   11.7 22    2.2 22    7.2  999.9    28.4    13.3    0.0I 999.9  000000
870470  20130402    17.5 24    14.4 24  9999.9  0   879.0  8   10.5 24    2.6 24    6.2  999.9    25.4    15.6    0.0G 999.9  010000
870470  20130403    14.1 21    12.4 21  9999.9  0   882.0  8    7.6 21    1.8 21    3.1  999.9    20.6    12.0    4.1G 999.9  010000
870470  20130404    14.8 24    11.8 24  9999.9  0   878.6  8   11.1 24    1.1 24    3.1  999.9    19.0*   10.6    0.8G 999.9  010000
870470  20130405    14.7 24     8.3 24  9999.9  0   876.9  6   10.5 24    1.3 24    4.1  999.9    27.0*    5.5    0.0G 999.9  100000
870470  20130406    16.4 24     9.5 24  9999.9  0   875.9  8   12.1 24    1.1 24    3.6  999.9    28.0*    7.0    0.0I 999.9  000000
870470  20130407    16.4 21    12.1 21  9999.9  0   880.8  8   13.0 21    2.0 21    4.1  999.9    28.5     9.6    0.0I 999.9  000000
870470  20130408    18.1 22    13.3 22  9999.9  0   881.9  8   12.6 22    2.6 22    4.6  999.9    22.5    14.5    0.0I 999.9  000000
870470  20130409    17.7 23    12.7 23  9999.9  0   880.9  8   12.4 23    1.5 23    4.6  999.9    22.0    11.8    0.0I 999.9  000000
870470  20130410    17.6 24    12.6 24  9999.9  0   876.2  8   11.4 24    1.4 24    5.7  999.9    24.8*   11.4    0.0I 999.9  000000
870470  20130411    18.9 24    12.4 24  9999.9  0   872.8  8   11.7 24    1.2 24    3.1  999.9    29.0*   10.4    0.0I 999.9  000000
870470  20130412    15.3 21    12.9 21  9999.9  0   877.2  7    9.7 21    1.9 21    4.1  999.9    29.3    13.0    1.0A 999.9  010000
870470  20130413    14.2 24    12.0 24  9999.9  0   883.6  8   10.3 24    1.6 24    4.1  999.9    17.2*   12.0*   4.1G 999.9  010000
870470  20130414    14.7 24    11.2 24  9999.9  0   881.7  8   12.4 24    1.3 24    4.1  999.9    19.0*   11.5    0.0G 999.9  000000
870470  20130415    14.2 24     9.2 24  9999.9  0   883.7  8   11.3 24    1.0 24    3.6  999.9    25.0*    5.0    0.0I 999.9  000000
870470  20130416    15.4 23     9.9 23  9999.9  0   883.3  8   12.4 23    1.1 23    3.6  999.9    25.0*    6.7    0.0I 999.9  000000
870470  20130417    16.6 23    10.5 23  9999.9  0   883.1  8   12.2 23    1.3 23    4.1  999.9    26.2     8.3    0.0I 999.9  000000
870470  20130418    15.9 24     9.5 24  9999.9  0   882.2  8   11.9 24    1.4 24    4.1  999.9    26.2     6.7    0.0I 999.9  000000
870470  20130419    16.6 23    10.0 23  9999.9  0   882.0  8   12.2 23    1.2 23    4.6  999.9    25.9     8.0    0.0I 999.9  000000
870470  20130420    16.6 24    10.3 24  9999.9  0   882.4  8   12.2 24    1.0 24    3.6  999.9    26.2     8.3    0.0I 999.9  000000
870470  20130421    17.5 23    10.9 23  9999.9  0   882.6  8   11.7 23    1.2 23    3.6  999.9    26.0*    7.7    0.0I 999.9  000000
870470  20130422    16.6 23     9.9 23  9999.9  0   883.1  8   12.1 23    1.2 23    4.6  999.9    26.5     8.4    0.0I 999.9  000000
870470  20130423    16.3 24     8.5 24  9999.9  0   883.8  8   11.6 24    1.4 24    4.6  999.9    26.5     7.5    0.0I 999.9  000000
870470  20130424    16.3 24     8.2 24  9999.9  0   882.5  8   12.1 24    1.4 24    5.1  999.9    27.0     7.6    0.0I 999.9  000000
870470  20130425    16.7 23     9.0 23  9999.9  0   879.5  8   11.7 23    1.2 23    4.6  999.9    26.7     7.5    0.0I 999.9  000000
870470  20130426    17.5 24    10.2 24  9999.9  0   877.8  8   11.4 24    1.1 24    5.1  999.9    26.9     9.5    0.0I 999.9  000000
870470  20130427    18.1 24    11.3 24  9999.9  0   874.7  8   11.6 24    1.6 24    5.1  999.9    28.0*    9.9    0.0I 999.9  000000
870470  20130428    20.9 24    14.3 24  9999.9  0   877.6  8   13.2 24    2.2 24    6.7  999.9    28.2    12.3    0.0I 999.9  000000
870470  20130429    19.7 24    14.2 24  9999.9  0   878.8  8   11.9 24    2.3 24    5.1  999.9    26.9    16.2    0.0G 999.9  010000
870470  20130430    19.8 23    15.1 23  9999.9  0   878.2  8   12.1 23    1.7 23    5.1  999.9    25.0*   16.0*   0.0I 999.9  000000
870470  20130501    18.7 24    14.9 24  9999.9  0   876.9  8    9.7 24    1.2 24    3.6  999.9    27.0*   11.3    0.0I 999.9  100000
870470  20130502    20.4 24    15.5 24  9999.9  0   875.0  8   10.8 24    1.6 24    5.1  999.9    30.0*   12.4    0.0I 999.9  000000
870470  20130503    20.2 23    15.8 23  9999.9  0   875.7  8   11.4 23    2.7 23    6.7  999.9    30.0    13.5    0.0I 999.9  000000
870470  20130504    18.8 23    15.2 23  9999.9  0   879.3  8   11.9 23    2.7 23    6.2  999.9    26.5    17.0*   1.0G 999.9  010000
870470  20130505    17.1 22    12.3 22  9999.9  0   885.5  7   12.6 22    1.0 21    2.6  999.9    20.5     9.5    0.0G 999.9  000000
870470  20130506    16.8 23    11.1 23  9999.9  0   882.4  8   12.9 23    1.2 23    2.6  999.9    24.0*   10.7    0.0I 999.9  000000
870470  20130507    15.5 24     9.2 24  9999.9  0   887.5  7   12.7 24    1.9 23    5.1  999.9    24.6     9.5    0.0I 999.9  000000
870470  20130508    14.1 24     8.0 24  9999.9  0   881.6  7   11.4 24    1.5 24    4.1  999.9    23.2*    5.1    0.0I 999.9  000000
870470  20130509    15.1 23     8.5 23  9999.9  0   877.2  8   11.4 23    1.6 23    4.1  999.9    27.0*    5.4    0.0I 999.9  000000
870470  20130510    16.3 24     9.1 24  9999.9  0   875.2  7   10.9 24    1.3 24    4.1  999.9    27.0     6.9    0.0I 999.9  000000
870470  20130511    15.6 23    10.9 23  9999.9  0   878.2  8   12.2 23    1.2 23    4.1  999.9    27.8     8.2    0.0I 999.9  000000
870470  20130512    16.9 24    11.9 24  9999.9  0   879.3  7   11.9 24    2.0 24    3.6  999.9    23.5    10.9    0.0I 999.9  000000
870470  20130513    17.2 22    12.4 22  9999.9  0   878.1  8   12.1 22    1.5 22    4.6  999.9    23.0    12.3    0.0G 999.9  010000
870470  20130514    16.9 24    12.2 23  9999.9  0   877.3  8   11.7 24    1.5 24    4.1  999.9    23.5    12.2    0.0G 999.9  000000
870470  20130515    15.0 21    11.9 21  9999.9  0   878.1  8   12.2 21    1.7 21    5.7  999.9    23.7     9.0*   0.0I 999.9  000000
870470  20130516     8.5 24     6.3 24  9999.9  0   886.5  8   10.6 24    2.1 24    4.6  999.9    21.2     5.8    0.0G 999.9  010000
870470  20130517     9.3 24     5.8 24  9999.9  0   883.8  8   12.1 24    2.0 24    4.1  999.9    11.8*    7.5    0.0I 999.9  000000
870470  20130518    10.4 24     6.1 24  9999.9  0   880.3  8   12.1 24    2.2 24    4.6  999.9    16.0*    6.9    0.0I 999.9  000000
870470  20130519    13.0 22     6.3 22  9999.9  0   882.5  7   12.2 22    2.3 21    4.6  999.9    20.0*    7.5    0.0I 999.9  000000
870470  20130520    11.7 24     5.8 24  9999.9  0   883.4  8   11.9 24    1.5 24    4.6  999.9    20.0     4.6    0.0I 999.9  000000
870470  20130521    10.4 23     6.6 23  9999.9  0   878.9  7   10.9 23    1.4 23    3.6  999.9    20.4     3.2    0.0I 999.9  000000
870470  20130522    13.1 23     8.3 23  9999.9  0   882.1  8   11.1 23    1.7 23    4.1  999.9    18.5     4.8    0.0G 999.9  010000
870470  20130523    11.1 24     5.6 24  9999.9  0   882.4  8   11.7 24    1.2 24    3.1  999.9    19.0*    4.2    0.0I 999.9  000000
870470  20130524    11.2 24     3.6 24  9999.9  0   883.6  6   11.3 24    0.9 24    4.1  999.9    24.0*    2.0*   0.0I 999.9  000000
870470  20130525    11.6 24     5.2 24  9999.9  0   882.6  6   11.4 24    2.4 24   21.6  999.9    20.0*    4.0    0.0I 999.9  000000
870470  20130526    12.3 23     5.7 23  9999.9  0   877.1  8   11.7 23    1.1 23    4.1  999.9    24.0*    4.0    0.0I 999.9  000000
870470  20130527    12.3 24     5.1 24  9999.9  0   875.2  7   11.9 24    1.3 24    2.6  999.9    24.2     3.9    0.0I 999.9  000000
870470  20130528    15.9 23     3.1 23  9999.9  0   868.7  5   11.6 23    1.9 23    4.6  999.9    31.0*    5.0    0.0I 999.9  000000
870470  20130529    14.3 23     2.3 23  9999.9  0   871.8  8   10.9 23    2.9 23    6.2  999.9    30.8     6.0*   0.0I 999.9  000000
870470  20130530    13.9 24     7.8 24  9999.9  0   881.2  8   11.9 24    3.2 24   17.0  999.9    20.6    10.7    0.0I 999.9  000000
870470  20130531    12.4 24     7.0 24  9999.9  0   874.9  8   10.9 24    1.0 24    2.1  999.9    21.0*    3.9    0.0I 999.9  000000
870470  20130601    13.7 24     4.3 24  9999.9  0   876.6  8   11.4 24    1.4 24    4.1  999.9    26.0*    3.4    0.0I 999.9  000000
870470  20130602    14.7 22     6.3 22  9999.9  0   881.8  7   11.4 22    2.0 22    4.1  999.9    26.8     4.4    0.0I 999.9  000000
870470  20130603    14.2 24     7.8 24  9999.9  0   884.9  8   12.2 24    1.4 24    5.1  999.9    24.6     6.9  999.9  999.9  010000
870470  20130604    14.2 24     8.4 24  9999.9  0   882.0  8   11.4 24    1.3 24    3.1  999.9    24.0     7.6    0.0I 999.9  000000
870470  20130605    13.4 23     7.3 23  9999.9  0   879.8  6   11.3 23    0.8 23    2.6  999.9    24.0*    5.0*   0.0I 999.9  000000
870470  20130606    13.9 23     6.9 23  9999.9  0   883.8  5   11.1 23    1.6 23    4.6  999.9    24.7     5.2    0.0I 999.9  000000
870470  20130607    14.2 23     7.4 23  9999.9  0   880.9  8   10.9 23    1.1 23    4.1  999.9    23.0*    4.3    0.0I 999.9  000000
870470  20130608    16.7 24    10.1 24  9999.9  0   884.5  8   12.2 24    1.1 24    3.1  999.9    23.6     6.2    0.0I 999.9  000000
870470  20130609    14.6 23     9.2 23  9999.9  0   880.1  8   11.4 23    1.2 23    3.1  999.9    23.0*    5.5    0.0I 999.9  000000
870470  20130610    15.7 24    10.8 24  9999.9  0   881.6  9   11.7 24    1.5 24    3.1  999.9    23.8     7.7    0.0I 999.9  000000
870470  20130611    16.8 24    12.6 24  9999.9  0   882.9  8   11.1 24    1.4 24    4.1  999.9    23.3     8.2    0.0I 999.9  000000
870470  20130612    16.8 22    12.2 22  9999.9  0   882.9  8   11.4 22    1.6 22    5.1  999.9    24.0*    9.9    0.0I 999.9  000000
870470  20130613    16.6 24    12.2 24  9999.9  0   881.5  9   11.9 23    0.8 24    3.1  999.9    24.7    10.2    0.0I 999.9  000000
870470  20130614    15.9 23    11.9 23  9999.9  0   880.6  8   11.3 23    1.6 23    8.7  999.9    25.4*    9.0* 999.9  999.9  010010
870470  20130615    15.3 23    11.7 23  9999.9  0   880.9  8   10.1 23    2.0 23    5.1  999.9    25.6    11.0    6.1G 999.9  010000
870470  20130616    14.8 24    10.1 24  9999.9  0   876.9  8   10.6 24    1.8 24    7.2  999.9    24.0*    8.8    0.0G 999.9  100000
870470  20130617    12.6 23     9.7 23  9999.9  0   880.4  9   10.9 23    2.2 23    4.1  999.9    15.0*   11.0*   0.8A 999.9  010000
870470  20130618    13.6 23     8.8 23  9999.9  0   876.3  9   12.4 23    1.3 23    4.1  999.9    21.0*    9.6    0.0I 999.9  000000
870470  20130619     9.7 24     7.9 24  9999.9  0   881.9  8    8.5 24    2.2 24    4.6  999.9    21.5     7.8*   0.8G 999.9  010000
870470  20130620     6.8 24     4.9 24  9999.9  0   881.7  7    8.9 24    1.9 24    3.6  999.9    10.4     4.0    2.0G 999.9  010000
870470  20130621     7.7 21     2.3 21  9999.9  0   879.5  7   10.5 21    1.3 21    3.1  999.9    17.2*    0.3    0.0G 999.9  110000
870470  20130622     8.9 24    -1.1 24  9999.9  0   876.6  8   12.7 24    1.4 24    4.1  999.9    22.0*   -0.5    0.0I 999.9  000000
870470  20130623     8.4 24     1.6 24  9999.9  0   879.8  8   12.7 24    2.0 24    4.6  999.9    21.7     0.4    0.0I 999.9  000000
870470  20130624     8.8 24     4.8 24  9999.9  0   881.2  8   12.4 24    2.2 24    3.1  999.9    17.5     1.3    0.0I 999.9  000000
870470  20130625     9.3 24     4.9 24  9999.9  0   880.6  8   12.4 24    2.1 24    6.2  999.9    13.8*    7.5    0.0I 999.9  000000
870470  20130626     9.3 23     3.3 23  9999.9  0   880.7  8   10.8 23    1.5 23    4.6  999.9    20.0*   -0.7    0.0I 999.9  000000
870470  20130627     9.4 24     3.5 24  9999.9  0   878.5  8   10.8 24    1.2 24    4.1  999.9    21.0*    0.1    0.0I 999.9  000000
870470  20130628    14.6 24     3.1 23  9999.9  0   873.8  8   11.4 24    1.3 24    3.6  999.9  9999.9     1.8    0.0I 999.9  000000
870470  20130629    13.8 24    -2.6 24  9999.9  0   878.7  8   12.4 24    3.1 24    6.7  999.9    21.6*    4.1    0.0I 999.9  000000
870470  20130630    10.1 23     1.0 23  9999.9  0   880.8  8   12.6 23    1.0 23    4.6  999.9    22.5     1.2    0.0I 999.9  000000
870470  20130701    10.3 24     3.3 24  9999.9  0   884.4  9   12.6 24    1.6 24    5.1  999.9    21.5     2.1    0.0I 999.9  000000
870470  20130702    10.2 24     4.2 24  9999.9  0   880.8  9   11.7 24    0.8 24    2.6  999.9    21.0     1.7    0.0I 999.9  000000
870470  20130703    12.0 23     2.4 23  9999.9  0   874.0  8   11.3 23    1.4 23    4.1  999.9    26.0*    1.5    0.0I 999.9  000000
870470  20130704    12.2 24     5.3 24  9999.9  0   875.6  8   12.4 24    1.4 24    4.6  999.9    26.7     2.1    0.0I 999.9  000000
870470  20130705    14.6 24     8.8 24  9999.9  0   878.3 10   11.9 24    1.3 24    3.1  999.9    23.4     4.4    0.0I 999.9  000000
870470  20130706    13.2 24     9.3 24  9999.9  0   877.5  9   11.3 24    1.5 24    3.6  999.9    22.8     5.8    0.0I 999.9  000000
870470  20130707    12.9 24     8.7 24  9999.9  0   882.5  9   10.5 24    3.2 24    4.6  999.9    22.2     6.4    0.0I 999.9  000000
870470  20130708     9.8 24     4.8 24  9999.9  0   886.8  9   11.6 24    2.3 24    4.6  999.9    15.1*    6.6    0.0I 999.9  000000
870470  20130709    11.6 23     6.4 23  9999.9  0   879.7  8   10.1 23    1.8 23    4.6  999.9    22.0*    4.3    0.0I 999.9  100000
870470  20130710    12.4 24     8.4 24  9999.9  0   877.6  7    7.4 24    2.0 24    5.7  999.9    24.0*    5.2    0.0I 999.9  100000
870470  20130711    14.7 24     9.7 24  9999.9  0   876.8  8   10.9 24    1.6 24    6.2  999.9    26.0*    0.3    0.0I 999.9  100000
870470  20130712    16.1 23     9.5 23  9999.9  0   882.5  8   12.1 23    2.4 23    4.1  999.9    26.7     8.8    0.0I 999.9  000000
870470  20130713    14.3 24     6.9 24  9999.9  0   881.0  8   11.3 24    1.5 24    3.6  999.9    25.0*    4.8    0.0I 999.9  000000
870470  20130714    13.1 21     6.6 21  9999.9  0   880.7  9   11.7 21    2.1 21    6.2  999.9    25.0     3.8    0.0I 999.9  000000
870470  20130715    14.7 20     8.9 20  9999.9  0   884.4  8   12.7 20    2.5 20    5.7  999.9    24.2     5.1    0.0G 999.9  010000
870470  20130716    13.8 24     8.4 24  9999.9  0   882.5  8   11.4 24    1.8 24    5.1  999.9    22.0*    8.5    0.0I 999.9  000000
870470  20130717    12.7 23     6.2 23  9999.9  0   878.5  8   11.4 23    1.1 23    4.1  999.9    26.0*    3.3    0.0I 999.9  000000
870470  20130718    13.2 22     4.8 22  9999.9  0   875.8  8   11.1 22    2.9 22    8.7  999.9    26.7     3.7    0.0I 999.9  000000
870470  20130719     9.9 24    -0.8 24  9999.9  0   880.8  9    6.8 24    3.4 24    6.7  999.9    23.8     6.5    0.0I 999.9  000000
870470  20130720     6.8 24    -0.4 24  9999.9  0   872.6  8    6.4 24    2.3 24    8.2   11.8    16.8*   -0.3    0.0I 999.9  000000
870470  20130721     4.6 24    -4.5 24  9999.9  0   879.9  8   11.6 24    3.7 24    5.7  999.9    18.0     1.3    0.0I 999.9  000000
870470  20130722     1.8 21    -6.7 21  9999.9  0   886.3  8   11.9 21    1.9 21    4.1  999.9     6.9    -1.0*   0.0G 999.9  011000
870470  20130723     0.8 23    -6.7 23  9999.9  0   887.1  8   11.6 23    1.1 23    5.1  999.9    12.0*   -7.9    0.0I 999.9  000000
870470  20130724     4.4 22    -7.9 22  9999.9  0   888.1  8   11.6 22    1.6 22    4.1  999.9    16.0*   -6.5    0.0I 999.9  000000
870470  20130725     5.8 24    -7.5 23  9999.9  0   885.7  9   11.3 24    1.4 24    5.7  999.9    18.0*   -4.8    0.0I 999.9  000000
870470  20130726     8.1 23    -5.3 23  9999.9  0   882.0  8   11.3 23    1.3 23    6.2  999.9    19.6*   -2.6    0.0I 999.9  000000
870470  20130727    11.8 24    -3.6 24  9999.9  0   881.0  8   11.4 24    1.8 24    6.2  999.9    26.4*   -0.6    0.0I 999.9  000000
870470  20130728    13.3 24    -1.3 24  9999.9  0   882.5  8   11.4 24    1.8 24    3.6  999.9    27.1     3.5    0.0I 999.9  000000
870470  20130729    13.9 24     2.9 24  9999.9  0   882.2  7   11.4 24    1.1 24    4.6  999.9    26.0*    4.1    0.0I 999.9  000000
870470  20130730    14.8 20     5.7 20  9999.9  0   878.8  7   11.4 20    1.2 20    5.1  999.9    26.9*    5.4    0.0I 999.9  000000
870470  20130731    16.8 22     7.0 22  9999.9  0   874.5  8   10.5 22    1.8 22    5.7  999.9    29.2*    6.7    0.0I 999.9  000000
870470  20130801    14.4 20     7.1 20  9999.9  0   875.9  7   10.1 15    2.5 20    6.7  999.9    20.5*    6.7    0.0I 999.9  000000
870470  20130802    12.6 24     5.8 24  9999.9  0   880.7  8   10.6 23    2.6 24    4.6  999.9    21.3     8.2    0.0I 999.9  000000
870470  20130803    13.9 24     5.3 24  9999.9  0   878.1  8   10.9 16    2.3 24    5.7  999.9    24.0*    3.8    0.0I 999.9  000000
870470  20130804    13.8 24     3.1 24  9999.9  0   880.8  8   13.8  8    2.4 23    5.1  999.9    24.4     3.4    0.0I 999.9  000000
870470  20130805     9.9 16     1.7 16  9999.9  0   878.4  8   13.7  8    1.2 16    4.6  999.9  9999.9     2.3    0.0I 999.9  000000
870470  20130806    15.3  8     4.9  8  9999.9  0   880.2  8   15.4  8    2.0  8    5.7  999.9    29.8     4.9    0.0I 999.9  000000
870470  20130807    20.5 12     3.5 12  9999.9  0   871.6  8   13.0  8    2.2 12    3.6  999.9    33.0*    5.2    0.0I 999.9  000000
870470  20130808    13.6 24     0.9 24  9999.9  0   872.6  8    6.8 17    3.9 24    9.3  999.9    20.1*    7.9    0.0I 999.9  000000
870470  20130809     5.3 24    -5.1 24  9999.9  0   885.7  9   10.9 14    2.7 24    6.7  999.9    17.8     3.0* 999.9  999.9  011000
870470  20130810     1.9 21    -5.6 21  9999.9  0   887.7  8   14.5  8    0.8 21    2.6  999.9    16.2*   -5.7    0.0G 999.9  000000
870470  20130811     8.9 24    -5.6 24  9999.9  0   878.3  8   14.5  8    1.5 24    4.1  999.9    25.0*   -3.4    0.0I 999.9  000000
870470  20130812    13.7 19    -5.9 17  9999.9  0   874.3  7   13.5 10    3.1 19    6.7  999.9    25.8    -0.6    0.0I 999.9  000000
870470  20130813     6.4 24    -3.3 24  9999.9  0   883.7  8   10.0 16    2.9 24    6.7  999.9    13.1*    2.0*   0.0I 999.9  000000
870470  20130814     4.2 24    -3.2 24  9999.9  0   891.3  8   13.2  8    1.5 24    4.1  999.9    15.0*   -4.0*   0.0I 999.9  000000
870470  20130815     6.8 23    -3.5 23  9999.9  0   884.5  8   13.4  8    1.6 23    5.7  999.9    19.0*   -2.0*   0.0I 999.9  000000
870470  20130816    10.1 22    -5.4 22  9999.9  0   882.1  8   12.1  8    2.5 22    6.7  999.9    22.0*   -1.0*   0.0I 999.9  000000
870470  20130817    10.2 24    -7.1 24  9999.9  0   886.2  9   10.6 12    2.2 24    4.6  999.9    19.0*    0.8*   0.0I 999.9  000000
870470  20130818     9.8 24    -5.6 24  9999.9  0   881.0  8    9.7 12    1.2 24    4.1  999.9    22.0*   -1.0*   0.0I 999.9  000000
870470  20130819    11.9 24    -3.6 24  9999.9  0   877.8  9   12.2  9    1.2 24    3.1  999.9    27.0*    0.0*   0.0I 999.9  000000
870470  20130820    16.0 24     0.9 24  9999.9  0   876.9  8   12.7  8    1.8 24    4.6  999.9    28.0*    4.2    0.0I 999.9  000000
870470  20130821    18.3 22     4.0 22  9999.9  0   874.3  8   10.5  8    2.0 22    5.1  999.9    31.0*    7.0*   0.0I 999.9  000000
870470  20130822    15.6 22     4.7 22  9999.9  0   875.2  8    6.6 16    2.5 22    8.2  999.9    23.0*   10.0*   0.0I 999.9  000000
870470  20130823     8.9 22    -5.5 22  9999.9  0   881.1  9    5.0 22    3.6 22    6.7  999.9    12.0*    6.9*   0.0I 999.9  000000
870470  20130824     4.2 23    -8.7 23  9999.9  0   883.4  7    7.2 14    2.4 23    4.1  999.9    10.0*   -3.0*   0.0I 999.9  000000
870470  20130825     4.3 23    -9.2 23  9999.9  0   886.9  7   10.3  9    1.7 23    4.6  999.9    11.2*   -3.0*   0.0I 999.9  000000
870470  20130826     7.3 24    -8.5 24  9999.9  0   889.2  8   12.1 14    2.2 24    4.1  999.9    15.0*    0.0*   0.0I 999.9  000000
870470  20130827     8.2 23    -6.7 21  9999.9  0   887.5  8   14.2  8    1.7 23    5.7  999.9    22.0*   -2.0*   0.0I 999.9  000000
870470  20130828    12.4 24    -7.1 23  9999.9  0   886.1  8   12.4  8    1.8 24    9.8  999.9    26.5*    0.7*   0.0I 999.9  000000
870470  20130829    13.7 23    -4.1 22  9999.9  0   882.5  8    9.0 15    1.6 23    5.1  999.9    25.0*    4.9*   0.0I 999.9  000000
870470  20130830    15.8 24    -3.3 24  9999.9  0   876.4  8    9.0 14    1.4 24    4.6  999.9    31.0*    3.0*   0.0I 999.9  000000
870470  20130831    18.2 23    -4.7 23  9999.9  0   875.0  6   10.5  9    2.1 23    5.7  999.9    34.0*    4.0*   0.0I 999.9  000000
870470  20130901    19.4 23    -2.8 23  9999.9  0   877.2  8   10.0 11    1.8 23    4.6  999.9    31.0*    8.0*   0.0I 999.9  000000
870470  20130902    20.2 23    -0.9 23  9999.9  0   875.7  7   12.1  7    2.2 23    7.7  999.9    32.0*    9.0*   0.0I 999.9  000000
870470  20130903    17.3 24     5.7 24  9999.9  0   881.0  8    8.7 18    3.2 24    8.2  999.9    22.5*   13.0*   0.0I 999.9  000000
870470  20130904    14.9 23     4.8 23  9999.9  0   883.9  8    7.6 23    2.5 23    5.7  999.9    22.0*   10.0* 999.9  999.9  010000
870470  20130905    15.6 24     4.2 24  9999.9  0   878.9  8    8.9 14    2.0 24    5.7  999.9    29.0*    4.0*   0.0I 999.9  000000
870470  20130906    19.9 24     7.6 24  9999.9  0   878.6  7    8.2 16    1.9 23    5.7  999.9    30.0*   10.0*   0.0I 999.9  000000
870470  20130907    21.2 24     8.4 24  9999.9  0   876.1  8    6.8 22    1.1 24    2.1  999.9    32.0*   11.9*   0.0I 999.9  000000
870470  20130908    23.2 23     6.6 23  9999.9  0   880.6  7    9.0 16    1.8 23    7.2  999.9    33.0*   13.0*   0.0I 999.9  000000
870470  20130909    23.2 23     6.8 23  9999.9  0   881.3  8    9.2 16    3.1 23    8.2  999.9    33.2*   13.0*   0.0I 999.9  000000
870470  20130910    22.3 24     8.1 24  9999.9  0   877.4  8    6.4 18    2.2 24    6.2  999.9    32.0*   12.0*   0.0I 999.9  000000
870470  20130911    22.7 23     6.9 23  9999.9  0   873.7  8    6.1 23    1.8 23    6.2  999.9    34.0*   12.0*   0.0I 999.9  000000
870470  20130912    22.7 24     8.4 24  9999.9  0   871.8  8    5.6 24    2.1 24    6.2  999.9    33.0*   13.0*   0.0I 999.9  000000
870470  20130913    15.2 23     9.7 23  9999.9  0   877.8  6    6.4 23    3.8 23    6.7  999.9    27.0*    9.0*   0.0A 999.9  010010
870470  20130914     9.9 24     6.3 24  9999.9  0   879.6  9   10.3 24    2.6 24    5.7  999.9    16.0*    8.0*   0.3G 999.9  010000
870470  20130915     9.6 24     5.1 24  9999.9  0   878.1  8   11.9 24    3.0 24    5.1  999.9    13.0*    7.7*   0.0G 999.9  000000
870470  20130916     7.6 24     4.1 24  9999.9  0   877.8  8   10.3 24    2.6 24    4.1  999.9     9.2*    6.0*   0.0G 999.9  010000
870470  20130917     5.4 24     1.8 23  9999.9  0   882.6  8   10.3 22    3.0 24    4.6  999.9     8.0*    3.0*   0.8G 999.9  010000
870470  20130918     6.7 24     1.6 24  9999.9  0   882.4  8   10.1 22    1.5 24    3.1  999.9    11.0*    4.0*   0.0G 999.9  010000
870470  20130919    11.2 21     1.2 21  9999.9  0   881.8  8   13.8 11    2.1 21    5.7  999.9    20.0*    0.7*   0.0G 999.9  000000
870470  20130920    13.9 24     1.4 24  9999.9  0   873.4  8   14.3  8    2.2 24    5.1  999.9    28.0*    2.0*   0.0I 999.9  000000
870470  20130921    17.6 24     2.9 24  9999.9  0   872.7  8   13.7 11    2.2 24    6.2  999.9    27.2*    7.0*   0.0I 999.9  000000
870470  20130922    10.8 23     1.4 23  9999.9  0   880.3  8   10.3 18    2.5 23    4.1  999.9    20.0*    6.0*   0.0I 999.9  000000
870470  20130923     8.3 24    -1.7 24  9999.9  0   888.6  9   10.6 19    2.5 24    5.7  999.9    10.2*    6.6*   0.0I 999.9  000000
870470  20130924     8.3 23    -2.5 21  9999.9  0   888.6  8   14.6 10    1.7 23    4.6  999.9    18.0*   -1.6    0.0I 999.9  000000
870470  20130925    10.2 24    -4.6 24  9999.9  0   883.3  8   14.8  8    2.5 24    5.7  999.9    19.0*    0.8    0.0I 999.9  000000
870470  20130926    10.9 21    -2.3 21  9999.9  0   877.7  8    9.8 12    2.0 21    6.2  999.9    23.0*    1.7    0.0I 999.9  000000
870470  20130927    14.4 20    -0.6 20  9999.9  0   875.5  7    7.4 20    1.6 20    6.0  999.9    26.6*    7.4*   0.0I 999.9  000000
870470  20130928    16.8 19     1.5 19  9999.9  0   877.5  7   12.4 11    3.2 19    8.2  999.9    27.5     5.4    0.0I 999.9  000000
870470  20130929    13.7 20     0.3 20  9999.9  0   880.7  8    9.3 13    3.7 20    6.2  999.9    25.9     8.8    0.0I 999.9  000000
870470  20130930    11.2 20    -1.4 20  9999.9  0   881.6  8   10.5  8    2.4 20    7.0  999.9    20.0*    3.7    0.0I 999.9  000000
870470  20131001    13.2 24    -2.7 24  9999.9  0   879.2  8   13.4  8    1.9 24    4.6  999.9    22.0*    1.1    0.0I 999.9  000000
870470  20131002    14.3 23    -0.2 23  9999.9  0   877.7  8    6.9 21    2.1 23    5.1  999.9    24.0*    3.2    0.0I 999.9  000000
870470  20131003    16.6 22     1.2 22  9999.9  0   877.1  8    4.8 21    2.9 22    9.3  999.9    27.0*    4.9    0.0G 999.9  000000
870470  20131004    15.5 23     0.0 23  9999.9  0   884.6  7   10.5 18    3.3 23    9.0  999.9    27.0    11.2    0.0I 999.9  000000
870470  20131005    13.8 24     2.1 24  9999.9  0   882.4  8   11.7  9    1.7 24    6.2  999.9    24.0*    3.3    0.0I 999.9  000000
870470  20131006    17.8 21     3.8 21  9999.9  0   882.4  8    8.2 17    2.2 21    7.2  999.9    25.0     7.7    0.0I 999.9  000000
870470  20131007    17.6 23     3.2 23  9999.9  0   882.2  8    6.8 23    2.9 23    6.2  999.9    26.0*    7.7    0.0I 999.9  000000
870470  20131008    18.2 23     5.3 23  9999.9  0   879.7  7    3.9 23    2.1 23    7.7  999.9    28.0*    9.0*   0.0I 999.9  000000
870470  20131009    20.4 19     7.7 19  9999.9  0   875.4  7    3.7 18    1.4 19    5.1  999.9    32.0*   12.0*   0.0I 999.9  000000
870470  20131010    22.4 11    11.8 11  9999.9  0   877.5  6    8.9 11    4.0 11    6.7  999.9    33.1    15.1   11.9G 999.9  010010
870470  20131011    18.8 24    14.2 24  9999.9  0   878.7  7    7.1 22    2.6 24    6.2  999.9    23.0*   15.6*   0.0G 999.9  000000
870470  20131012    19.4 21    14.2 21  9999.9  0   877.1  6    9.3 21    3.1 21    7.7  999.9    26.4*   15.0*   0.0I 999.9  000000
870470  20131013    19.2 23    14.4 23  9999.9  0   878.4  7   10.0 23    2.2 23    5.1  999.9    24.0*   16.0*   0.3G 999.9  010000
870470  20131014    20.0 23    14.9 23  9999.9  0   879.7  7   10.8 23    2.2 23   12.4   20.6    26.2*   16.0*   0.0G 999.9  011010
870470  20131015    18.1 22    13.9 22  9999.9  0   881.5  7   11.7 22    2.2 22    7.2  999.9    24.0*   13.6   27.9G 999.9  010000
870470  20131016    19.2 23    11.9 23  9999.9  0   880.3  6   12.7 19    2.5 23    7.2  999.9    28.0*   10.7    0.0G 999.9  100000
870470  20131017    19.9 23    12.6 23  9999.9  0   880.1  6   12.2 23    2.2 23    5.7  999.9    29.0    13.7    0.0G 999.9  000000
870470  20131018    21.6 24    12.4 24  9999.9  0   879.2  8   12.2 19    2.2 24    5.7  999.9    29.0*   14.0*   0.0I 999.9  000000
870470  20131019    22.6 21    12.2 21  9999.9  0   874.7  8   14.0 15    2.4 21    7.2  999.9    31.0*   13.8    0.0I 999.9  000000
870470  20131020    25.2 23    11.5 23  9999.9  0   867.4  6   15.8 11    2.3 23    5.1  999.9    37.0*   14.4    0.0I 999.9  000000
870470  20131021    21.9 18     3.5 18  9999.9  0   877.1  6    8.0 14    2.9 18    5.1  999.9    37.7    13.2    0.0I 999.9  000000
870470  20131022    18.8 24     5.3 24  9999.9  0   875.1  8   17.1  8    2.5 24    6.2  999.9    26.0*    9.0    0.0I 999.9  000000
870470  20131023    22.2 23     9.0 23  9999.9  0   872.2  8   15.4 11    2.2 23    7.2  999.9    34.0*   11.0    0.0I 999.9  000000
870470  20131024    19.0 22    11.4 22  9999.9  0   880.4  8    8.4 22    2.4 22    5.7  999.9    34.4    13.0*   0.5A 999.9  010000
870470  20131025    16.2 22    11.8 22  9999.9  0   881.0  8   11.4 22    1.5 22    4.1  999.9    22.0*   12.3    2.0G 999.9  000000
870470  20131026    19.3 24    11.6 24  9999.9  0   876.9  7   10.3 22    2.4 24    6.7  999.9    28.0*   12.9    0.0G 999.9  000000
870470  20131027    21.9 24    10.3 24  9999.9  0   880.9  7   12.9 20    3.3 24    5.1  999.9    28.8    16.7    0.0I 999.9  000000
870470  20131028    21.8 23    11.9 23  9999.9  0   878.7  8   13.7 21    3.7 23    6.7  999.9    27.8    18.0*   0.0I 999.9  000000
870470  20131029    23.2 23    12.9 22  9999.9  0   875.3  6   12.6 19    2.4 23    8.2  999.9    32.2*   13.0    0.0I 999.9  000000
870470  20131030    25.7 20    15.1 20  9999.9  0   874.6  6   13.2 17    2.7 20    6.2  999.9    33.2    19.5    0.0I 999.9  000000
870470  20131031    28.3 16    15.4 16  9999.9  0   870.4  6   12.7 16    2.8 16    6.2  999.9    34.0*   18.2    0.0I 999.9  000000
870470  20131101    22.6 24    15.9 23  9999.9  0   870.1  8   11.7 17    2.9 24    9.3  999.9    34.5    16.0*  20.1A 999.9  010010
870470  20131102    15.8 24    12.9 24  9999.9  0   880.3  8    8.7 24    2.2 24    4.1  999.9    30.8    13.3    9.9C 999.9  010000
870470  20131103    16.8 18     9.8 18  9999.9  0   883.8  7   14.3 11    1.4 18    4.1  999.9    27.0*    9.4    0.0I 999.9  000000
870470  20131104    21.0 23     9.6 23  9999.9  0   880.7  8   13.5 19    2.3 23    5.1  999.9    28.0*   13.9    0.0I 999.9  000000
870470  20131105    21.1 22     9.6 22  9999.9  0   880.1  7   15.0 13    2.2 22    5.7  999.9    29.0*   11.7    0.0I 999.9  000000
870470  20131106    21.3 24     8.1 24  9999.9  0   878.3  8   19.6  9    2.9 24    7.7  999.9    29.5    12.4    0.0I 999.9  000000
870470  20131107    24.1 19     8.8 19  9999.9  0   875.1  6   15.3  8    2.6 19    5.7  999.9    32.0*   13.1    0.0I 999.9  000000
870470  20131108    24.8 23     9.5 23  9999.9  0   873.5  8   16.4 10    2.5 23    7.2  999.9    33.1*   14.4    0.0I 999.9  000000
870470  20131109    25.3 23    10.9 23  9999.9  0   869.2  6   13.7 12    2.4 23    6.7  999.9    35.0*   15.0    0.0I 999.9  000000
870470  20131110    22.6 24    14.1 24  9999.9  0   867.2  8   11.9 16    3.2 24    9.3  999.9    35.3    17.9    0.0I 999.9  000000
870470  20131111    17.1 24     9.3 24  9999.9  0   876.1  8   11.3 22    2.9 24    7.7  999.9    27.7    10.7    3.0G 999.9  010000
870470  20131112    19.7 23     6.8 23  9999.9  0   878.4  7   14.8  8    2.5 23    7.2  999.9    29.0*   10.2    0.0G 999.9  000000
870470  20131113    21.4 24     6.7 24  9999.9  0   877.2  8   15.0 14    2.8 24    7.2  999.9    30.0    11.0*   0.0I 999.9  000000
