875090  20130101    17.9  8     4.0  8  1019.8  8   935.1  8   20.0  8    3.8  8    6.2  999.9    27.8     9.8    0.0I 999.9  000000
875090  20130102    19.8  8     5.1  8  1014.2  8   929.8  8   20.0  8    2.8  8    5.1  999.9    31.3*    8.5    0.0I 999.9  000000
875090  20130103    25.6  9     8.4  9  1006.9  8   924.7  8   18.2  9    4.6  9   15.4  999.9    33.2*   16.2    0.0I 999.9  000010
875090  20130104    25.8  8    11.8  8  1007.1  8   925.7  8   20.0  8    4.9  8    7.7  999.9    34.8    18.0    0.5G 999.9  000000
875090  20130105    23.6  8    11.0  8  1008.5  8   926.1  8   20.0  8    2.1  8    6.7  999.9    31.6    16.0    0.0G 999.9  000000
875090  20130106    25.6  8    10.9  8  1004.2  8   922.4  8   20.0  8    2.4  8    5.1  999.9    36.2*   15.4    0.0I 999.9  000000
875090  20130107    28.2  8     7.5  8   999.1  8   918.5  8   17.9  7    4.5  7   10.3  999.9    33.2*   19.0    0.0I 999.9  000000
875090  20130108    23.8  8    10.9  8  1007.0  8   925.1  8   20.0  8    3.3  8    6.2  999.9    34.0    16.0    0.5G 999.9  000010
875090  20130109    26.5  8    12.1  8  1011.4  8   929.2  8   20.0  8    3.6  8    7.7  999.9    35.8*   15.6    0.0G 999.9  000000
875090  20130110    29.6  8    16.4  8  1008.5  8   927.4  8   20.3  8    4.5  8    8.7  999.9    37.0*   19.3    0.0I 999.9  000000
875090  20130111    31.6  8    15.2  8  1003.7  8   923.6  8   19.3  8    4.8  8   11.8  999.9    38.7    21.6    0.0I 999.9  000010
875090  20130112    27.6  7    16.6  7  1005.2  7   924.3  7   18.5  7    2.9  7    5.1  999.9    39.4    19.5*   0.5G 999.9  010010
875090  20130113    27.3  8    17.6  8  1008.6  8   926.4  8   17.5  8    2.5  8    4.6  999.9    37.0    19.1    7.9G 999.9  000010
875090  20130114    25.8  8    15.3  8  1011.8  8   929.8  8   20.0  8    4.1  8    9.3  999.9    34.5    19.8   30.0G 999.9  010000
875090  20130115    28.3  8    16.4  8  1005.3  8   924.1  8   20.0  8    3.1  8    6.2  999.9    35.0*   20.2    0.0G 999.9  000000
875090  20130116    21.8 10    16.4 10  1007.7  8   925.3  8   14.6 10    3.0 10    5.1  999.9    37.0    16.8   23.1G 999.9  010010
875090  20130117    23.8  8    14.7  8  1012.9  8   930.1  8   20.0  8    3.6  8    6.7  999.9    33.0    18.4   14.0G 999.9  000010
875090  20130118    26.1  7    12.9  6  1013.4  6   930.9  6   20.0  7    1.9  7    3.1  999.9    33.0    18.0    0.0G 999.9  000000
875090  20130119    22.1  8    13.2  8  1016.1  8   933.1  8   20.0  8    3.1  8    7.7  999.9    33.3    17.3    0.0I 999.9  000000
875090  20130120    19.9  8    13.9  8  1018.0  8   934.3  8   18.2  8    4.5  8   20.6  999.9    26.1    15.7    1.0G 999.9  010000
875090  20130121    22.2  8    15.7  8  1013.7  8   930.3  8   16.6  8    3.1  8    7.2  999.9    28.1*   17.1    0.0G 999.9  010010
875090  20130122    21.8  8    16.6  7  1011.6  7   928.4  7   20.0  8    1.9  8    3.1  999.9    29.4    16.8*  23.1B 999.9  000010
875090  20130123    24.6  8    14.0  8  1009.5  8   926.9  8   16.9  8    2.8  8    6.2  999.9    33.8*   16.8    2.0G 999.9  000010
875090  20130124    26.1  8     9.3  8  1004.3  8   922.8  7   20.0  8    2.7  8    4.6  999.9    32.7*   17.5    0.0G 999.9  000000
875090  20130125    19.4  8     8.3  8  1013.8  8   930.5  8   17.9  8    3.6  8    4.6  999.9    33.5    11.4*   0.0G 999.9  010000
875090  20130126    22.2  8    10.9  8  1011.2  8   928.1  8   20.0  8    2.6  8    4.6  999.9    33.3*   11.4    0.0G 999.9  000000
875090  20130127    25.7  8    10.4  8  1008.1  8   926.2  8   20.0  8    4.1  8    9.3  999.9    33.3    18.4    0.0G 999.9  010010
875090  20130128    22.8  8    12.3  8  1012.4  8   929.5  8   19.3  8    2.6  8    6.2  999.9    33.8    15.9    0.0I 999.9  000000
875090  20130129    22.3  8    11.4  8  1013.7  8   930.5  8   20.0  8    2.5  8    5.1  999.9    31.8    16.3    0.0I 999.9  000000
875090  20130130    22.2  8    15.6  8  1011.1  8   928.2  8   18.2  8    2.9  8    8.2  999.9    29.9    16.8    0.5A 999.9  010010
875090  20130131    23.8  8    16.1  8  1006.3  8   923.8  8   20.0  8    3.3  8    5.1  999.9    32.0*   17.8   10.9G 999.9  000000
875090  20130201    25.7  8    13.7  8  1004.1  8   922.6  7   16.9  8    3.3  8    5.1  999.9    33.5    18.8    0.0G 999.9  000000
875090  20130202    22.7  8     8.9  8  1013.4  8   930.6  8   20.0  8    3.5  8    7.7  999.9    33.2    14.6    0.0I 999.9  000000
875090  20130203    22.0  8     7.4  8  1015.2  8   931.6  8   19.3  8    2.6  8    5.1  999.9    32.8*   12.3    0.0I 999.9  000000
875090  20130204    26.4  8    12.6  8  1006.7  8   924.8  8   20.0  8    2.2  8    4.1  999.9    35.8*   15.3    0.0I 999.9  000000
875090  20130205    28.8  8    15.7  8  1006.0  8   925.2  8   19.3  8    3.7  8    5.1  999.9    36.7    20.8    0.0I 999.9  000000
875090  20130206    27.4  8    17.8  8  1008.9  8   927.5  8   20.0  8    3.0  8    7.2  999.9    36.0    19.8    6.1G 999.9  000010
875090  20130207    26.5  8    18.3  8  1010.0  8   928.1  8   20.0  8    3.1  8    5.1  999.9    35.5    20.4    0.0G 999.9  000000
875090  20130208    25.9  8    15.5  8  1006.6  8   925.0  8   20.0  8    3.2  8    6.7  999.9    34.5    18.8    0.0I 999.9  000000
875090  20130209    25.2  7    15.3  7  1005.7  7   923.8  7   20.0  7    3.3  7    5.1  999.9    33.9*   17.8    0.0G 999.9  010010
875090  20130210    21.3  8    15.5  8  1008.2  8   925.5  8   18.2  8    3.8  8    6.2  999.9    35.5    15.9   14.0G 999.9  010010
875090  20130211    22.1  8    13.4  8  1009.2  8   926.2  8   20.0  8    2.5  8    4.1  999.9    32.0*   15.5    5.1G 999.9  000010
875090  20130212    24.1  8    12.2  8  1003.5  8   921.6  8   20.0  8    2.5  8    4.1  999.9    32.0    16.5    0.0G 999.9  000000
875090  20130213    22.5  8    10.4  8  1007.2  8   924.7  8   16.9  8    2.6  8    5.1  999.9    30.1    16.3    0.0I 999.9  000000
875090  20130214    22.7  8    10.6  8  1009.8  8   926.9  8   20.0  8    2.3  8    5.1  999.9    31.6*   14.3    0.0I 999.9  000000
875090  20130215    25.4  8    12.9  8  1006.8  8   924.9  8   17.1  8    3.7  8    5.1  999.9    32.0    16.8    0.0I 999.9  000000
875090  20130216    24.1  8    13.4  8  1001.9  8   920.1  8   20.0  8    4.5  8    9.3  999.9    34.3    16.0    0.0I 999.9  000010
875090  20130217    19.5  8     5.6  8  1009.5  8   926.6  8   20.0  8    4.1  8    6.7  999.9    34.0    12.7    0.0I 999.9  000000
875090  20130218    16.5  8     3.0  8  1018.8  8   933.5  8   20.0  8    2.7  8    7.2  999.9    23.0*    7.9    0.0I 999.9  000000
875090  20130219    17.3  8     4.4  8  1016.2  7   931.0  8   20.0  8    2.0  8    4.1  999.9    25.3*    8.3    0.0I 999.9  000000
875090  20130220    18.2  8    10.4  8  1014.5  8   930.2  8   20.0  8    2.9  8    7.2  999.9    26.4    10.8    0.0I 999.9  000000
875090  20130221    20.3  8    11.5  8  1013.6  8   929.5  8   20.0  8    2.6  8    4.6  999.9    30.2*   11.1    0.0I 999.9  000000
875090  20130222    23.3  8    13.0  8  1008.7  8   925.9  8   20.0  8    3.1  8    7.7  999.9    32.8*   13.4    0.0I 999.9  000000
875090  20130223    24.7  8    12.6  8  1005.0  8   923.2  8   20.0  8    3.7  8    5.1  999.9    33.2    17.8    0.0I 999.9  000000
875090  20130224    19.7  8     7.1  8  1011.2  8   928.1  8   20.0  8    2.6  8    4.6  999.9    31.0    12.1*   0.0I 999.9  000000
875090  20130225    17.3  8     7.4  8  1017.0  8   932.3  8   19.3  8    2.9  8    5.1  999.9    27.0     8.7    0.0I 999.9  000000
875090  20130226    17.8  8     6.8  8  1015.1  8   930.4  8   20.0  8    1.9  8    4.1  999.9    28.2*    8.3    0.0I 999.9  000000
875090  20130227    21.6  8     9.5  8  1008.8  8   925.5  8   20.0  8    2.3  8    4.1  999.9    33.4*   10.8    0.0I 999.9  000000
875090  20130228    24.0  8    14.1  8  1003.8  8   921.9  8   20.0  8    3.3  8    4.1  999.9    33.4    15.0    0.0I 999.9  000010
875090  20130301    20.8  8    14.7  8  1003.0  8   920.6  8   19.3  8    4.1  8    7.2  999.9    32.3    16.8    0.0G 999.9  000000
875090  20130302    16.5  8     5.1  8  1013.3  8   928.6  8   20.0  8    3.2  8    7.7  999.9    24.5     6.3    0.0I 999.9  000000
875090  20130303    16.8  8     8.6  8  1019.0  8   934.0  8   20.0  8    1.9  8    4.6  999.9    25.0     9.9    0.0I 999.9  000000
875090  20130304    17.4  8     7.5  8  1017.5  8   932.5  8   20.0  8    2.0  8    5.1  999.9    26.4*    8.6    0.0I 999.9  000000
875090  20130305    20.4  8     9.2  8  1009.9  8   926.2  8   20.0  8    3.1  8    9.3  999.9    30.8*   11.2    0.0I 999.9  000000
875090  20130306    21.8  8     7.2  8  1005.0  8   922.5  8   17.2  8    3.0  8    5.7  999.9    31.8    12.8    0.0I 999.9  000000
875090  20130307    18.4  8     6.5  8  1011.2  8   927.3  8   19.3  8    2.6  8    5.1  999.9    27.1    12.0    0.0I 999.9  000000
875090  20130308    20.9  8    12.1  8  1010.5  8   926.9  8   20.0  8    2.5  8    4.1  999.9    30.2*   12.8    0.0I 999.9  000000
875090  20130309    22.8  8    14.8  8  1006.6  8   923.8  7   20.0  8    1.3  8    4.1  999.9    31.0*   15.2    0.0I 999.9  000000
875090  20130310    21.1  8    10.4  8  1010.8  8   927.3  7   20.0  8    3.0  8    5.7  999.9    31.8    15.3    0.0I 999.9  000000
875090  20130311    18.3  7     8.7  7  1006.7  7   923.2  7   20.0  7    2.1  7    3.1  999.9    28.2*   11.0    0.0I 999.9  000000
875090  20130312    18.8  8     7.4  8  1010.8  7   927.1  7   20.0  8    3.7  8    5.1  999.9    29.0    10.4    0.0I 999.9  000000
875090  20130313    12.0  8     6.3  8  1018.1  8   932.3  8   17.9  8    3.4  8    6.2  999.9    27.0     8.0*   0.0B 999.9  010000
875090  20130314     7.1  8     5.9  8  1024.0  8   935.8  8    6.3  8    3.1  8    4.6  999.9    11.5     5.8    7.1G 999.9  010000
875090  20130315     7.9  8     6.7  8  1025.5  8   937.2  8   14.3  8    1.1  8    2.1  999.9    10.0*    5.8    2.0G 999.9  010000
875090  20130316    12.1  8     8.4  8  1022.6  8   935.3  8   20.0  8    1.8  8    5.1  999.9    18.2*    6.6    0.0G 999.9  000000
875090  20130317    15.8  7    12.3  7  1020.2  6   934.4  7   18.5  7    1.8  7    3.1  999.9    19.0     9.8    0.0I 999.9  000000
875090  20130318    15.2 10    12.1 10  1018.5  8   933.0  8   15.6 10    2.8 10    5.1  999.9    20.3*   12.0    0.0I 999.9  100000
875090  20130319    17.9  8    10.8  8  1015.3  8   930.5  8   20.0  8    1.9  8    5.1  999.9    24.2*   12.4    0.5G 999.9  010000
875090  20130320    18.9  8    10.5  8  1009.9  8   925.9  8   20.0  8    3.4  8    6.7  999.9    27.7*   10.8    0.0G 999.9  000000
875090  20130321    17.1  8     6.8  8  1013.8  8   929.5  8   20.0  8    2.6  8    4.6  999.9    29.0    12.3    0.0I 999.9  000000
875090  20130322    16.0  8     7.4  8  1015.5  8   930.2  8   20.0  8    1.9  8    3.1  999.9    25.6*    7.8    0.0I 999.9  000000
875090  20130323    19.9  9    12.1  9  1014.4  8   930.3  8   18.5  9    2.7  9    5.1    7.7    26.8    10.8  999.9  999.9  010010
875090  20130324    19.8  8    12.6  8  1009.6  8   926.0  8   20.0  8    3.3  8    7.2  999.9    29.4*   13.9    0.0G 999.9  000010
875090  20130325    15.8  8     7.9  8  1015.5  8   930.7  8   20.0  8    2.4  8    4.1  999.9    30.0     8.4    0.0G 999.9  000000
875090  20130326    17.3  8     7.0  8  1018.9  8   933.6  8   20.0  8    3.0  8    5.1  999.9    28.2*    7.4    0.0I 999.9  000000
875090  20130327    21.2  8    10.1  8  1015.4  8   931.5  8   20.0  8    2.9  8    7.2  999.9    30.6*   10.6    0.0I 999.9  000000
875090  20130328    23.1  8    11.4  8  1013.4  8   930.3  8   18.8  8    3.6  8    5.1  999.9    31.5    15.4    0.0I 999.9  000000
875090  20130329    22.8  8    11.8  8  1010.2  8   927.4  8   20.0  8    2.5  8    5.1  999.9    31.4    12.7    0.0I 999.9  000000
875090  20130330    19.9  8    13.4  8  1009.4  7   926.2  8   18.8  8    2.7  8    5.7  999.9    31.8    13.8    3.0G 999.9  000010
875090  20130331    13.7  8    12.9  8  1017.0  8   931.6  8   11.4  8    2.2  8    4.1  999.9    27.3    11.7*  17.0G 999.9  010010
875090  20130401    11.8  8     9.6  8  1020.2  8   933.5  8   17.5  8    0.6  8    2.6  999.9    17.2*    7.7   23.9G 999.9  010000
875090  20130402    12.6  8     9.2  8  1020.6  8   934.1  7   20.0  8    2.3  8    4.1  999.9    19.0*    8.1    0.0G 999.9  000000
875090  20130403    15.0  8    10.4  8  1019.8  8   934.0  8   19.3  8    2.5  8    4.1  999.9    19.8     9.0  999.9  999.9  010000
875090  20130404    15.9  7     9.3  7  1011.2  7   926.3  7   20.0  7    1.9  7    5.1  999.9    25.5*    8.0    0.0I 999.9  000000
875090  20130405    17.1  8     9.8  8  1007.3  8   923.1  8   20.0  8    2.3  8    3.6  999.9    26.4    10.0    0.0I 999.9  000000
875090  20130406    15.3  8     4.3  8  1012.5  8   927.8  8   20.0  8    4.6  8   18.0  999.9    26.5     7.8    0.0I 999.9  000000
875090  20130407    14.1  8     5.8  8  1017.2  8   931.1  8   20.0  8    2.0  8    3.6  999.9    23.3*    6.5    0.0I 999.9  000000
875090  20130408    15.8  8     8.6  8  1016.1  8   931.1  8   20.0  8    3.0  8    7.2  999.9    24.4*    8.9    0.0I 999.9  000000
875090  20130409    18.3  8    11.9  8  1010.3  8   926.1  8   20.0  8    2.8  8    6.7  999.9    25.7*    9.8    0.0I 999.9  000000
875090  20130410    17.1  8    11.1  8  1008.4  8   925.0  8   20.0  8    1.3  8    2.6  999.9    26.5    11.8    0.5A 999.9  000000
875090  20130411    12.2  7     6.7  7  1011.7  7   926.2  7   20.0  7    2.4  7    3.6  999.9    15.0     8.9    5.1G 999.9  000000
875090  20130412     8.4  8     1.0  8  1021.5  8   933.9  8   20.0  8    1.6  8    4.1  999.9    16.3     2.3    0.0G 999.9  000000
875090  20130413    10.4  8     2.2  8  1020.3  8   932.8  8   20.0  8    2.5  8    5.1  999.9    20.1*    3.3    0.0I 999.9  000000
875090  20130414    14.4  8     5.6  8  1016.4  8   930.5  8   20.0  8    2.4  8    4.1  999.9    25.0*    5.2    0.0I 999.9  000000
875090  20130415    17.7  8     8.5  8  1015.9  8   931.0  8   20.0  8    3.2  8    5.1  999.9    26.8*    7.7    0.0I 999.9  000000
875090  20130416    19.4  8    10.8  8  1014.1  8   929.9  8   20.0  8    3.1  8    5.1  999.9    28.8*   11.3    0.0I 999.9  000000
875090  20130417    20.3  8    11.7  8  1012.8  8   929.1  8   20.0  8    2.1  8    4.1  999.9    29.1    12.3    0.0I 999.9  000000
875090  20130418    20.6  8    11.1  8  1011.3  8   927.8  8   20.0  8    2.8  8    5.1  999.9    29.2*   12.5    0.0I 999.9  000000
875090  20130419    20.7  8     9.8  8  1011.6  8   928.1  8   20.0  8    2.5  8    5.7  999.9    30.1    12.8    0.0I 999.9  000000
875090  20130420    19.2  8     7.9  8  1011.5  8   927.7  8   20.0  8    2.5  8    6.2  999.9    29.0    11.3    0.0I 999.9  000000
875090  20130421    19.4  8     9.7  8  1013.0  8   929.1  8   20.0  8    2.6  8    4.1  999.9    28.8    11.5    0.0I 999.9  000000
875090  20130422    18.3  8    11.0  8  1014.3  8   930.1  8   20.0  8    2.3  8    3.6  999.9    26.7    12.3    0.0I 999.9  000000
875090  20130423    18.2  7    11.3  7  1016.2  7   931.7  7   20.0  7    2.0  7    3.1  999.9    25.0*   12.3    0.0I 999.9  000000
875090  20130424    19.6  8    11.6  7  1013.6  7   929.3  7   20.0  8    2.8  8    5.1  999.9    27.8*   12.8    0.0I 999.9  000000
875090  20130425    19.2  8    11.5  8  1011.1  8   927.3  8   20.0  8    2.3  8    5.1  999.9    28.6    12.3    0.0I 999.9  000000
875090  20130426    17.1  8    12.5  8  1009.6  8   925.7  8   18.8  8    3.6  8   12.9  999.9    26.6    10.0* 999.9  999.9  010010
875090  20130427    12.8  7     5.7  7  1014.9  7   928.8  7   20.0  7    2.1  7    3.1  999.9    19.8*    6.8   18.0G 999.9  000010
875090  20130428    13.4  8     7.2  8  1015.0  8   929.2  8   20.0  8    1.6  8    3.1  999.9    19.9     7.8    0.0G 999.9  000000
875090  20130429    14.9  7     6.8  7  1014.2  7   928.6  7   20.0  7    2.5  7    6.2  999.9    22.0*    9.3    0.0I 999.9  000000
875090  20130430    14.8  8     8.5  8  1012.7  8   927.5  8   20.0  8    2.3  8    4.6  999.9    22.6*    8.6    0.0I 999.9  000000
875090  20130501    16.7  8    10.1  8  1008.2  8   924.4  8   20.0  8    1.8  8    2.6  999.9    24.0*   10.2    0.0I 999.9  000000
875090  20130502    13.8  8    10.9  8  1013.3  8   928.2  8   15.6  8    2.9  8    5.7  999.9    24.3    10.6   16.0G 999.9  010010
875090  20130503    12.9  8    11.1  8  1014.1  8   928.2  8   17.5  8    0.9  8    2.1  999.9    15.6    10.0    4.1G 999.9  000000
875090  20130504    13.3  8     8.1  8  1016.9  8   930.8  8   20.0  8    2.2  8    4.1  999.9    19.7*    7.3    0.0G 999.9  000000
875090  20130505    13.9  8     6.6  8  1020.8  8   934.5  8   20.0  8    2.8  8    5.1  999.9    23.3*    7.6    0.0I 999.9  000000
875090  20130506    13.1  6     2.5  6  1017.5  6   931.8  6   20.0  6    2.7  6    3.6  999.9    21.4*    6.9    0.0I 999.9  000000
875090  20130507    12.2  8     0.5  8  1021.6  8   934.9  8   20.0  8    3.3  8    6.2  999.9    22.8*    3.5    0.0I 999.9  000000
875090  20130508    14.0  8     3.2  8  1010.6  8   925.3  8   19.3  8    2.4  8    4.1  999.9    24.1*    5.1    0.0I 999.9  000000
875090  20130509    15.3  8     7.2  8  1011.0  8   926.2  8   20.0  8    2.6  8    3.6  999.9    25.5     7.3    0.0I 999.9  000000
875090  20130510    16.2  7     7.8  7  1007.5  7   923.2  7   18.5  7    3.4  7    5.1  999.9    23.8*    9.3    0.0I 999.9  000000
875090  20130511    13.3  8     5.9  8  1017.6  8   931.9  8   20.0  8    2.9  8    6.2  999.9    25.0     7.0    3.0G 999.9  000010
875090  20130512    10.6  8     2.9  8  1017.4  8   930.7  8   20.0  8    2.2  8    3.6  999.9    19.0     6.5    0.0G 999.9  000000
875090  20130513    10.3  8     4.4  8  1016.3  8   929.5  8   20.0  8    1.9  8    2.6  999.9    16.8*    5.0  999.9  999.9  010000
875090  20130514     8.1  8     1.3  8  1016.3  8   929.1  8   20.0  8    3.7  8    5.1  999.9    17.5     2.3    0.0I 999.9  000000
875090  20130515     7.2  8    -3.5  8  1024.1  8   935.9  8   20.0  8    2.8  8    5.1  999.9    14.4*   -3.0    0.0I 999.9  000000
875090  20130516     5.9  8    -7.8  8  1025.8  8   936.7  8   20.0  8    3.4  8    6.2  999.9    14.7*   -2.0    0.0I 999.9  000000
875090  20130517     7.5  8    -2.8  8  1020.6  8   932.5  8   20.0  8    3.0  8    4.1  999.9    15.9*    0.4    0.0I 999.9  000000
875090  20130518     8.2  7     4.1  7  1018.5  7   931.1  7   18.3  6    2.2  7    4.1  999.9    16.3     1.4    1.0G 999.9  010000
875090  20130519    10.3  8     6.3  8  1022.9  8   935.3  8   17.5  8    2.1  8    3.1  999.9    17.3*    4.6   10.9G 999.9  110000
875090  20130520    10.3  8     4.7  8  1019.3  8   932.2  8   20.0  8    3.1  8    5.1  999.9    17.8     4.3    0.0G 999.9  000000
875090  20130521     9.7  8     4.9  8  1017.4  8   930.4  8   20.0  8    2.7  8    4.1  999.9    17.5     3.5    0.0I 999.9  000000
875090  20130522     9.8  8     4.5  8  1021.1  8   933.6  8   20.0  8    3.6  8    5.1  999.9    18.2*    4.3    0.0I 999.9  000000
875090  20130523    12.2  8     4.6  8  1017.1  8   930.6  8   20.0  8    2.0  8    3.6  999.9    21.5*    4.6    0.0I 999.9  000000
875090  20130524    11.7  9     3.3  9  1020.6  8   934.3  8   18.8  9    2.7  9    4.6  999.9    22.0     5.8    0.0I 999.9  000000
875090  20130525    12.4  8     5.1  8  1015.4  8   929.2  8   20.0  8    3.0  8    4.6  999.9    20.8*    6.6    0.0I 999.9  000000
875090  20130526    12.6  8     2.6  8  1011.1  8   925.5  8   20.0  8    3.0  8    5.1  999.9    21.2     6.6    0.0I 999.9  000000
875090  20130527     9.9  8     3.9  8  1006.6  8   920.7  8   20.0  8    2.7  8    4.1  999.9    18.5     4.8    0.0I 999.9  000000
875090  20130528    10.7  8     2.8  8  1002.2  8   917.0  8   17.2  8    2.9  8    6.7  999.9    17.8     5.8    0.0B 999.9  010000
875090  20130529     9.4  8    -0.1  8  1013.0  8   925.9  8   20.0  8    2.5  8    5.1  999.9    18.3*    2.7    0.0G 999.9  000000
875090  20130530    12.9  8     1.1  8  1011.7  8   926.0  8   20.0  8    2.9  8    4.6  999.9    22.6*    5.3    0.0I 999.9  000000
875090  20130531    13.1  8    -0.8  8  1003.5  7   918.9  7   18.0  8    5.1  8   13.9  999.9    23.0     7.2    0.0I 999.9  000000
875090  20130601    12.2  8    -1.3  8  1010.4  8   924.7  8   20.0  8    2.4  8    4.6  999.9    21.6*    3.0    0.0I 999.9  000000
875090  20130602    11.8  8    -0.3  8  1018.2  8   931.8  8   20.0  8    2.2  8    4.6  999.9    23.0     5.2    0.0I 999.9  000000
875090  20130603    11.4  8     0.7  8  1019.5  8   932.6  8   20.0  8    2.3  8    3.6  999.9    20.8*    4.0    0.0I 999.9  000000
875090  20130604    14.3  8     1.0  8  1015.6  8   929.8  8   20.0  8    2.8  8    4.6  999.9    22.8*    4.2    0.0I 999.9  000000
875090  20130605    13.4  8     1.6  8  1013.1  8   927.7  8   20.0  8    3.2  8    5.1  999.9    22.9     8.2    0.0I 999.9  000000
875090  20130606    10.7  8    -2.6  8  1019.8  8   932.9  8   20.0  8    2.9  8    6.7  999.9    22.0     1.8    0.0I 999.9  000000
875090  20130607    11.4  8    -1.9  8  1016.5  8   930.0  8   20.0  8    4.2  7    6.2  999.9    21.8     3.0    0.0I 999.9  000000
875090  20130608     9.4  8    -1.1  8  1022.0  8   934.7  8   20.0  8    2.6  8    4.1  999.9    19.6     2.5    0.0I 999.9  000000
875090  20130609    11.8  8     0.5  8  1017.6  8   930.9  8   19.3  8    2.6  8    4.1  999.9    21.1*    3.0    0.0I 999.9  000000
875090  20130610    12.1  7    -0.9  7  1016.8  7   930.5  7   20.0  7    3.9  7    4.6  999.9    23.8*    5.3    0.0I 999.9  000000
875090  20130611    14.4  8     0.4  8  1015.1  8   929.4  8   20.0  8    2.2  8    4.1  999.9    25.0*    6.5    0.0I 999.9  000000
875090  20130612    13.7  8     0.2  8  1015.5  8   929.9  8   17.5  8    2.3  8    4.1  999.9    25.5     7.3    0.0I 999.9  000000
875090  20130613    13.9  8     1.4  8  1015.8  8   930.1  8   20.0  8    2.7  8    5.1  999.9    23.5     7.6    0.0I 999.9  000000
875090  20130614    10.8  8     3.9  8  1021.7  8   935.0  7   20.0  8    3.5  8    6.7  999.9    22.7     9.3*   0.0I 999.9  000000
875090  20130615    10.3  8     5.2  8  1013.5  8   926.6  8   18.8  8    2.9  8    5.1  999.9    22.0*    3.8    0.0I 999.9  000000
875090  20130616     9.6  8     0.8  8  1017.4  8   930.8  8   20.0  8    2.5  8    3.6  999.9    22.0     6.1    0.0I 999.9  000000
875090  20130617     5.1  8    -7.3  8  1018.1  8   929.6  8   19.3  8    2.8  8    5.1  999.9    15.8*   -3.0    0.0I 999.9  000000
875090  20130618     5.5  9    -7.2  9  1016.3  8   928.1  8   15.8  9    5.0  9   12.3   16.5    17.0    -3.0    0.0I 999.9  000000
875090  20130619     2.0  8    -9.9  8  1027.2  8   937.2  8   20.0  8    1.9  8    3.1  999.9    12.4    -4.2    0.0I 999.9  000000
875090  20130620     4.1  8    -7.9  8  1022.9  8   933.3  8   20.0  8    2.5  8    3.6  999.9    15.2*   -2.7    0.0I 999.9  000000
875090  20130621     8.1  7   -11.6  7  1013.5  7   926.1  7   20.0  7    2.4  7    4.1  999.9    20.6*   -1.6    0.0I 999.9  000000
875090  20130622     9.8  8    -2.2  7  1014.4  8   928.0  8   20.0  8    1.9  8    3.6  999.9    22.5     5.0    0.0I 999.9  000000
875090  20130623     6.1  8     0.2  8  1021.8  7   933.4  7   20.0  8    2.5  8    3.1  999.9    12.2*    0.3    0.0I 999.9  000000
875090  20130624     7.5  7    -0.7  7  1021.5  7   933.1  7   20.0  7    2.3  7    2.6  999.9    14.2*    0.9  999.9  999.9  010000
875090  20130625     8.8  8    -2.1  8  1017.4  8   929.8  8   20.0  8    3.0  8    5.1  999.9    19.0*    1.7    0.0I 999.9  000000
875090  20130626     9.3  8    -2.8  8  1014.4  8   927.5  8   18.0  8    2.6  8    4.6  999.9    19.4     3.4    0.0I 999.9  000000
875090  20130627     7.8  8    -2.2  8  1008.9  8   922.1  8   15.6  8    2.4  8    5.1  999.9    18.5     0.3    0.0I 999.9  000000
875090  20130628    12.1  8    -1.9  8  1009.2  8   923.2  8   17.5  8    4.8  8    8.2  999.9    19.6*    1.6    0.0I 999.9  000000
875090  20130629     6.5  8    -3.6  8  1016.5  8   929.0  8   20.0  8    3.1  8    6.2  999.9    19.8    -0.2    0.0I 999.9  000000
875090  20130630     2.9  8    -4.6  8  1022.4  8   933.0  8   20.0  8    2.3  8    2.6  999.9    13.7    -4.4    0.0I 999.9  000000
875090  20130701     5.4  8    -4.0  8  1022.5  8   933.4  8   20.0  8    3.3  8    5.1  999.9    14.4*   -4.1    0.0I 999.9  000000
875090  20130702     8.5  8    -2.9  8  1009.4  8   922.6  8   20.0  8    3.0  8    4.1  999.9    19.5*   -0.7    0.0I 999.9  000000
875090  20130703     9.2  8    -0.3  8  1007.5  8   921.1  8   20.0  8    2.6  8    3.6  999.9    21.6    -0.2    0.0I 999.9  000000
875090  20130704     9.0  8     0.7  8  1018.2  8   931.0  8   20.0  8    1.9  8    3.1  999.9    17.6     4.0    0.0I 999.9  000000
875090  20130705     7.6  8    -0.7  8  1015.7  8   928.4  8   20.0  8    1.8  8    3.1  999.9    12.0     3.4    0.0I 999.9  000000
875090  20130706     3.0  8    -1.9  8  1022.6  8   933.3  8   20.0  8    2.3  8    3.6  999.9    12.1    -1.5    0.0I 999.9  000000
875090  20130707     4.8  8     1.0  8  1028.2  8   939.0  7   18.8  8    1.4  8    3.6  999.9     9.6    -1.2    0.0G 999.9  010000
875090  20130708     4.7  8     0.4  8  1025.9  8   936.5  8   20.0  8    2.4  8    5.1  999.9     7.8*    2.5    0.0I 999.9  000000
875090  20130709     7.3  8     0.2  8  1016.7  8   928.7  8   20.0  8    2.0  8    2.6  999.9    15.5*    0.0    0.0I 999.9  000000
875090  20130710     9.0  8     0.4  8  1013.1  8   926.0  8   20.0  8    2.5  8    4.1  999.9    18.0*    0.1    0.0I 999.9  000000
875090  20130711     7.5 11     0.1 11  1017.1 11   929.7 11   20.0 11    2.6 11    4.1  999.9    18.4     1.4    0.0I 999.9  000000
875090  20130712     7.7 12     0.2 12  1022.8 12   933.5 12   20.0 12    2.9 12    4.6  999.9    18.3*    1.6    0.0I 999.9  000000
875090  20130713    11.9  8    -5.2  8  1014.8  8   928.2  8   20.0  8    3.1  8    4.6  999.9    23.6*    2.1    0.0I 999.9  000000
875090  20130714     9.2  8    -2.3  8  1021.0  8   934.0  8   20.0  8    2.8  8    4.1  999.9    24.5     1.0    0.0I 999.9  000000
875090  20130715    10.7  8    -1.3  8  1020.4  8   932.8  8   20.0  8    2.8  8    3.6  999.9    21.8*    1.3    0.0I 999.9  000000
875090  20130716    12.9  8    -2.6  8  1015.1  8   929.0  8   20.0  8    3.3  8    5.1  999.9    23.0     5.2    0.0I 999.9  000000
875090  20130717    15.6  8    -3.6  8  1009.7  8   924.8  8   19.3  8    3.2  8    4.6  999.9    27.2*    5.8    0.0I 999.9  000000
875090  20130718     4.8  9    -2.9  9  1021.6  8   934.3  8   17.2  9    3.6  9    8.7  999.9    14.0*    1.0    0.0B 999.9  001000
875090  20130719     1.3  8    -1.2  8  1025.5  8   935.2  8   13.2  8    0.9  8    1.5  999.9     4.8*   -1.0    4.1G   7.9  001000
875090  20130720     2.7  7    -4.9  7  1015.4  7   926.2  7   20.0  7    3.6  7    7.7  999.9     7.0*   -2.3    1.0G 999.9  001000
875090  20130721     1.9  8    -0.9  8  1027.6  8   937.4  8   18.2  8    4.9  8    9.8  999.9     7.0    -2.3    0.0G 999.9  001000
875090  20130722    -0.4  8    -4.7  8  1031.2  8   939.9  8   20.0  8    3.3  8    5.7  999.9     6.2*   -5.1    0.0I 999.9  000000
875090  20130723     3.8  8    -4.6  8  1026.9  8   936.8  8   20.0  8    2.5  8    4.1  999.9    11.2*   -4.1    0.0I 999.9  000000
875090  20130724     5.3  8    -5.1  8  1025.9  8   936.7  8   18.8  8    2.8  8    5.1  999.9    16.4*   -2.8    0.0I 999.9  000000
875090  20130725     7.5  8    -5.6  8  1017.0  8   929.1  8   19.3  8    3.3  8    5.1  999.9    20.1*   -2.8    0.0I 999.9  000000
875090  20130726     9.2  8    -4.2  8  1013.2  8   926.3  8   17.5  8    2.4  8    5.1  999.9    20.2    -2.0    0.0I 999.9  000000
875090  20130727     8.7  7    -1.9  7  1023.1  7   935.6  7   18.5  7    2.4  7    5.1  999.9    16.0*    2.8    0.0I 999.9  000000
875090  20130728    10.0  8    -2.1  8  1019.9  8   932.5  8   20.0  8    3.3  8    4.6  999.9    19.6*    2.8    0.0I 999.9  000000
875090  20130729    11.1  8    -1.2  8  1018.4  8   931.6  8   15.6  8    3.3  8    4.1  999.9    20.5     4.0    0.0I 999.9  000000
875090  20130730    13.3  8     3.4  8  1012.5  8   926.9  8   15.0  8    2.6  8    5.1  999.9    21.0     6.1    0.0I 999.9  000000
875090  20130731     9.1  8     0.3  8  1018.4  8   931.4  8   20.0  8    3.0  8    5.1  999.9    20.4     3.6*   0.0I 999.9  000000
875090  20130801     7.3  7    -1.8  7  1020.0  7   932.1  7   20.0  7    2.6  7    4.1  999.9    15.6*    1.2    0.0I 999.9  000000
875090  20130802     8.9  8    -3.6  8  1020.3  8   932.7  8   20.0  8    3.9  8    5.1  999.9    17.8*    1.0    0.0I 999.9  000000
875090  20130803    10.0  8    -5.2  8  1013.1  8   926.4  8   18.8  8    3.7  8    7.2  999.9    19.8*    1.0    0.0I 999.9  000000
875090  20130804    11.9  7    -5.4  7  1014.4  7   927.9  7   18.5  7    3.3  7    6.2  999.9    21.7*    1.5    0.0I 999.9  000000
875090  20130805    14.4  8    -3.5  8  1012.3  8   926.9  8   19.3  8    3.9  8    5.1  999.9    22.5     3.8    0.0I 999.9  000000
875090  20130806    11.6  8    -5.4  8  1013.4  8   927.4  8   20.0  8    3.4  8    5.7  999.9    21.5     3.0    0.0I 999.9  000000
875090  20130807    11.2  8     0.8  8  1003.6  8   918.4  8   18.8  8    3.4  8    6.2  999.9    21.8     3.8    0.0I 999.9  000000
875090  20130808     7.6  8    -4.9  8  1018.0  8   930.5  8   19.3  8    4.7  7    5.1  999.9    14.9     1.8    0.0I 999.9  000000
875090  20130809     5.8  8    -3.4  8  1029.3  8   940.3  8   20.0  8    3.3  8    7.2  999.9    12.7*   -2.0    0.0I 999.9  000000
875090  20130810     6.1  8    -6.2  8  1021.7  8   932.8  8   20.0  8    4.2  8    6.2  999.9    19.3*   -4.8    0.0I 999.9  000000
875090  20130811     9.7  8    -1.8  8  1012.0  8   925.2  8   20.0  8    2.5  8    7.2  999.9    21.5    -3.2    0.0I 999.9  000000
875090  20130812     5.8  8     2.8  8  1018.7  8   931.2  8   13.2  8    3.6  8    8.2  999.9    20.0     0.6*   6.1G 999.9  011000
875090  20130813     3.8  8    -1.3  8  1030.1  8   939.7  8   20.0  8    2.3  8    4.6  999.9    10.8*   -1.6   21.1G 999.9  000000
875090  20130814     6.9  8     0.9  8  1028.0  8   938.8  8   18.8  8    4.9  8    7.2  999.9    15.7*   -0.6    0.0G 999.9  000000
875090  20130815    10.4  8     1.8  8  1014.7  8   927.8  8   20.0  8    3.5  8    8.8  999.9    22.4*   -0.3    0.0I 999.9  000000
875090  20130816    10.2  7    -2.2  7  1024.9  7   937.7  7   20.0  7    2.1  7    3.1  999.9    23.4     2.5    0.0I 999.9  000000
875090  20130817     8.7  8    -5.3  8  1022.5  8   934.5  8   20.0  8    4.7  8    8.2  999.9    19.2*    1.9    0.0I 999.9  000000
875090  20130818    11.4  8    -1.3  8  1013.7  8   927.2  8   18.8  8    3.7  8    5.1  999.9    23.3*    3.4    0.0I 999.9  000000
875090  20130819    13.1  8    -0.8  8  1011.3  8   925.6  8   18.8  8    4.4  8    6.7  999.9    25.0*    2.2    0.0I 999.9  000000
875090  20130820    11.9  8     0.9  8  1014.0  8   928.2  8   20.0  8    2.8  8    4.6  999.9    25.6     5.2*   0.0I 999.9  000000
875090  20130821    12.8  7    -2.3  7  1010.7  7   925.7  7   18.5  7    2.8  7    5.1  999.9    24.2*    3.4    0.0I 999.9  000000
875090  20130822     5.2  8    -5.9  8  1022.2  8   934.3  8   20.0  8    3.5  8    7.7  999.9    11.6    -2.5    0.0I 999.9  000000
875090  20130823     1.0  7    -5.4  7  1025.7  7   935.5  7   17.9  7    2.9  7    4.1  999.9     6.5*   -6.0    0.0I 999.9  000000
875090  20130824     1.4  7    -5.2  7  1031.0  7   940.2  7   20.0  7    4.7  7    7.2  999.9     8.0    -2.4*   0.0I 999.9  000000
875090  20130825     1.2  8    -3.8  8  1034.9  8   943.7  8   20.0  8    2.4  8    3.6  999.9     5.0    -1.7    0.0G 999.9  000000
875090  20130826     4.9  8    -3.6  8  1031.9  8   941.6  8   17.5  8    3.3  8    5.1  999.9    14.7*   -3.0    0.0I 999.9  000000
875090  20130827    11.9  8    -2.3  8  1021.2  8   933.8  8   19.3  8    4.2  8    7.2  999.9    25.1*   -0.2    0.0I 999.9  000000
875090  20130828    17.0  8     1.6  8  1016.7  8   931.5  8   20.0  8    3.1  8    4.6  999.9    29.0*    5.8    0.0I 999.9  000000
875090  20130829    18.6  8     1.7  8  1010.7  8   926.7  8   17.5  8    3.6  8    5.1  999.9    30.0     7.2    0.0I 999.9  000000
875090  20130830    18.4  8     3.2  8  1008.2  8   924.4  8   19.3  8    2.5  8    3.6  999.9    31.0    10.5    0.0I 999.9  000000
875090  20130831    17.0  8     3.8  8  1010.2  8   926.1  8   20.0  8    2.5  8    3.6  999.9    27.5     9.9*   0.0I 999.9  000000
875090  20130901    13.8  8     3.7  8  1014.2  8   929.0  8   20.0  8    2.9  8    5.1  999.9    26.0     6.8    0.0I 999.9  000000
875090  20130902    11.0  8     3.7  8  1017.7  8   931.2  8   20.0  8    2.4  8    4.1  999.9    20.3     3.3    0.0I 999.9  000000
875090  20130903    10.3  8     3.6  8  1024.6  8   937.2  8   20.0  8    2.4  8    5.7  999.9    16.6     6.3    0.0I 999.9  000000
875090  20130904    10.3  8     2.0  8  1016.9  8   930.0  8   20.0  8    3.6  8    7.7  999.9    20.4*    2.5    0.0I 999.9  000000
875090  20130905    14.1  8     5.2  8  1012.6  8   926.9  8   20.0  8    2.8  8    5.1  999.9    21.6     0.4    0.0I 999.9  000000
875090  20130906    15.5  8     6.8  8  1012.4  8   927.2  8   20.0  8    3.0  8    7.2  999.9    24.8*    7.5    0.0I 999.9  000000
875090  20130907    17.2  8     8.6  8  1010.4  8   925.9  8   20.0  8    2.5  8    3.1  999.9    27.7*    8.7*   0.0I 999.9  000000
875090  20130908    17.9  8     8.4  8  1014.0  8   929.6  8   20.0  8    3.6  8    5.1  999.9    29.2*    8.0    0.0I 999.9  000000
875090  20130909    21.5  8    11.7  8  1005.8  8   922.7  8   20.0  8    3.3  8    6.2  999.9    33.2*   10.8    0.0I 999.9  000000
875090  20130910    22.9  8    11.5  8  1002.5  8   920.5  8   12.9  8    4.6  8    7.2  999.9    34.6    14.4    0.0I 999.9  000000
875090  20130911    16.2  8     7.9  8  1011.0  8   926.7  8   20.0  8    2.9  8    4.1  999.9    27.7    10.0    0.0I 999.9  000000
875090  20130912     8.9  8     4.1  8  1015.2  8   928.8  8   20.0  8    3.9  8    6.7  999.9    22.0     5.5    0.0I 999.9  000000
875090  20130913     6.6  8     1.4  8  1025.4  8   936.9  8   20.0  8    2.4  8    4.1  999.9    11.0     3.0    0.0I 999.9  000000
875090  20130914     3.7 10     0.9 10  1024.7  7   935.5  7   12.9 10    3.5 10    5.1  999.9     9.1     3.0*   0.0B 999.9  010000
875090  20130915     1.6  8     0.6  8  1026.7  8   936.5  8   13.7  8    1.5  8    2.6  999.9     4.5     0.0    1.0G   3.0  011000
875090  20130916     2.7  8     1.5  8  1026.3  8   936.3  8   12.6  8    1.6  8    2.6  999.9     5.4*    0.5    2.0G 999.9  111000
875090  20130917     4.7  8     0.4  8  1025.2  8   935.5  8   20.0  8    2.5  8    4.6  999.9    12.9*   -1.0    0.5G 999.9  000000
875090  20130918     7.0  8     1.9  8  1021.1  8   932.7  8   20.0  8    3.5  8    7.2  999.9    16.9*   -2.0    0.0G 999.9  000000
875090  20130919    11.8  8     5.5  8  1014.8  8   928.3  8   20.0  8    3.2  8    5.1  999.9    19.7*    2.6    0.0I 999.9  000000
875090  20130920    10.9  8     5.6  8  1011.3  8   925.3  8   20.0  8    2.5  8    4.1  999.9    22.0     2.4    0.0I 999.9  000000
875090  20130921     6.3  8     2.4  8  1018.9  7   931.3  7   13.4  8    4.1  8   10.3  999.9    19.0    -1.0    5.1G   3.0  011000
875090  20130922     6.3  8     1.7  8  1026.8  8   937.6  8   20.0  8    4.1  8    8.2  999.9    12.7*   -0.6    0.3G 999.9  000000
875090  20130923     7.6  8     2.7  8  1033.1  8   944.0  8   20.0  8    2.8  8    5.1  999.9    14.0     2.0    0.0G 999.9  000000
875090  20130924     7.7  8     2.8  8  1027.5  8   938.9  8   19.3  8    3.4  8    6.2  999.9    17.1*   -1.6    0.0I 999.9  000000
875090  20130925    10.9  8     1.8  8  1017.5  8   930.5  8   20.0  8    2.9  8    6.7  999.9    20.2*    1.5    0.0I 999.9  000000
875090  20130926    13.8  8    -1.4  8  1011.9  8   926.4  8   20.0  8    3.8  8    6.2  999.9    21.9*    4.8    0.0I 999.9  000000
875090  20130927    10.9  8    -2.6  8  1017.1  8   930.9  8   14.6  8    5.2  8    7.2  999.9    22.8     5.2*   0.0I 999.9  000000
875090  20130928     5.2  8    -3.5  8  1027.5  7   938.6  7   18.8  8    4.4  8    6.7  999.9    13.5     2.2* 999.9  999.9  010000
875090  20130929     7.2  7    -4.3  7  1026.2  7   937.1  7   20.0  7    4.3  7    6.7  999.9    14.3*   -2.2    0.0I 999.9  000000
875090  20130930     8.3  8     0.9  8  1024.0  8   935.9  8   20.0  8    3.2  8    5.1  999.9    14.9     1.0    0.0I 999.9  000000
875090  20131001    10.5  8     1.2  8  1017.7  8   930.6  8   20.0  8    3.4  8    7.7  999.9    19.7*    1.0    0.0I 999.9  000000
875090  20131002    11.7  7     3.1  7  1014.5  7   928.3  7   20.0  7    2.1  7    3.1  999.9    20.2     4.9    0.0I 999.9  000000
875090  20131003    11.9  8     1.7  8  1020.5  8   932.6  8   20.0  8    2.2  8    3.6  999.9    18.8     4.5    0.0I 999.9  000000
875090  20131004    12.4  8    -0.1  8  1022.9  8   935.9  8   20.0  8    4.3  8    8.7  999.9    21.7*    4.0    0.0I 999.9  000000
875090  20131005    15.0  8     1.4  8  1017.4  8   931.8  8   20.0  8    3.4  8    5.1  999.9    23.0     6.0    0.0I 999.9  000000
875090  20131006    16.0  8     2.4  8  1018.4  8   932.8  8   20.0  8    3.3  8    7.7  999.9    25.9*    7.2    0.0I 999.9  000000
875090  20131007    18.6  8     4.1  8  1014.8  8   930.4  8   18.8  8    3.1  8    7.2  999.9    26.4    11.3    0.0I 999.9  000000
875090  20131008    19.8  8     4.3  8  1008.3  8   924.7  8   20.0  8    4.8  8    8.8  999.9    30.7*    8.0    0.0I 999.9  000000
875090  20131009    17.6  8    -0.6  8  1012.8  8   928.9  8   20.0  8    3.8  8    5.7  999.9    31.8     9.2    0.0G 999.9  010010
875090  20131010    16.2  8    -1.4  8  1016.0  8   930.6  8   20.0  8    3.0  8    4.6  999.9    26.6*    6.0    0.0I 999.9  000000
875090  20131011    12.9 11     6.1 11  1016.6  8   931.6  8   13.2 11    3.9 11    5.1  999.9    27.0     9.7*   0.0B 999.9  010000
875090  20131012    11.8  6    10.2  6  1018.2  6   931.5  6   17.5  6    1.7  6    2.6  999.9    15.4*    9.9*   0.3B 999.9  010000
875090  20131013    16.4  8    12.1  8  1014.0  8   928.6  8   15.8  8    1.4  8    3.1  999.9    24.5*    9.4    0.0G 999.9  010000
875090  20131014    22.2  6    12.2  6  1014.3  6   930.8  6   20.0  6    3.6  6    8.7  999.9    27.7*   11.0    0.0I 999.9  000000
875090  20131015    20.1  7    12.9  7  1013.4  7   929.5  7   20.0  7    2.6  7    5.1  999.9    28.5    12.2   15.0G 999.9  010010
875090  20131016    19.8  8    13.8  8  1013.3  8   929.5  8   20.0  8    2.5  8    4.1  999.9    28.0    14.4    2.0G 999.9  000000
875090  20131017    18.6  8    11.4  8  1016.0  8   931.7  8   20.1  8    3.0  8    4.6  999.9    25.4    11.4    0.0G 999.9  000000
875090  20131018    21.2  7    11.2  7  1010.2  7   926.8  7   20.0  7    2.7  7    4.1  999.9    30.6*   13.3    0.0I 999.9  000000
875090  20131019    22.2  8     9.7  8  1002.8  8   920.4  8   20.0  8    2.7  8    5.1  999.9    31.4*   14.2    0.0G 999.9  000000
875090  20131020    20.5  8     1.5  8   999.6  8   917.3  8   16.6  8    5.4  8   15.4   16.5    32.0    10.8    0.0I 999.9  000000
875090  20131021    14.7  7     2.5  7  1014.3  7   929.3  7   20.0  7    4.0  7    6.2  999.9    27.8     6.0    0.0I 999.9  000000
875090  20131022    15.6  8     3.3  8  1006.3  8   921.9  8   19.3  8    3.4  8   10.3  999.9    26.7*    7.4*   0.0I 999.9  000000
875090  20131023    14.6  8    -0.8  8  1012.3  8   927.5  8   20.0  8    4.1  8    6.7  999.9    28.5     8.1    0.0I 999.9  000000
875090  20131024    11.9  8    -0.1  8  1023.5  8   936.6  8   18.2  8    2.6  8    4.1  999.9    19.2*    2.6    0.0I 999.9  000000
875090  20131025    15.8  8     2.0  8  1014.8  8   929.3  8   20.0  8    2.6  8    5.1  999.9    26.2*    5.4    0.0I 999.9  000000
875090  20131026    19.3  8     3.2  8  1013.5  8   929.4  8   20.0  8    3.5  8    5.7  999.9    27.8     9.5    0.0I 999.9  000000
875090  20131027    19.8  8     0.4  8  1015.2  8   931.2  8   20.0  8    2.4  8    4.1  999.9    27.6    10.5    0.0I 999.9  000000
875090  20131028    21.6  8     4.1  8  1006.8  8   923.6  8   20.0  8    2.4  8    4.6  999.9    31.3*   11.9    0.0I 999.9  000000
875090  20131029    20.0  8     8.2  8  1009.1  8   925.9  8   18.8  8    3.3  8    6.2  999.9    32.7    12.4   10.9G 999.9  010010
875090  20131030    21.5  8    11.5  8  1005.5  8   922.7  8   20.0  8    2.2  8    4.1  999.9    29.1*   11.4    0.0G 999.9  000000
875090  20131031    19.2  8    13.1  8  1003.5  8   920.7  8   18.8  8    4.8  8    7.2  999.9    29.5    12.9    0.0I 999.9  000000
875090  20131101    16.6  7     6.1  7  1014.5  7   929.8  7   18.5  7    3.3  7    4.6  999.9    24.5    11.9    0.0G 999.9  010000
875090  20131102    17.7  8     3.4  8  1018.1  8   933.1  8   20.0  8    2.1  8    4.1  999.9    26.4*    8.1    0.0I 999.9  000000
875090  20131103    20.2  7     4.6  7  1015.0  7   931.1  7   20.0  7    3.7  7    8.2  999.9    31.5*   10.6    0.0I 999.9  000000
875090  20131104    23.9  8     7.6  8  1008.7  8   926.2  8   20.0  8    3.6  8    7.7  999.9    33.1*   14.7* 999.9  999.9  010010
875090  20131105    24.3  8    11.4  8  1009.6  8   927.2  8   20.0  8    4.2  8   10.3  999.9    33.2    13.6    1.0G 999.9  000000
875090  20131106    25.1  9    12.1  9  1002.3  8   920.8  8   17.9  9    3.8  9    5.1  999.9    33.8    15.3    0.0G 999.9  000000
875090  20131107    20.5  8     6.9  7  1010.7  8   927.7  8   10.0  8    4.2  8    6.7  999.9    34.4    11.4*   0.3G 999.9  000000
875090  20131108    18.9  8     7.8  8  1009.9  8   926.1  8   20.0  8    4.1  8    6.7  999.9    26.9*   12.4    0.0G 999.9  000000
875090  20131109    14.8  9    10.2  9  1007.2  8   923.2  8   17.1  9    4.1  9    7.2  999.9    27.6    11.2*   3.0A 999.9  010010
875090  20131110    13.6  8     9.7  7  1013.3  8   927.4  8   14.3  8    2.5  8    4.1  999.9    23.2*    8.7*  33.0G 999.9  010000
875090  20131111    18.6  8     9.6  8  1010.8  8   926.4  8   20.0  8    3.7  8    8.2  999.9    28.2*   10.4    0.0G 999.9  000000
875090  20131112    19.8  8     8.6  8  1009.1  8   925.7  8   20.0  8    2.6  8    4.6  999.9    28.3    10.6    0.0I 999.9  000000
875090  20131113    21.0  8    12.7  8  1006.8  8   923.6  8   20.0  8    1.7  8    3.1  999.9    30.4*   11.2    0.0I 999.9  000000
