879090  20130102    13.3  6     8.5  6  1009.4  6  1001.9  6   29.9  6    5.1  6    9.3  999.9    22.0     8.2    0.0I 999.9  000000
879090  20130103    14.9  4     8.2  4  1002.6  4   997.2  4   29.9  4    6.6  4   16.4  999.9    18.0*   11.9*   0.0I 999.9  000000
879090  20130104    15.2  4     2.1  4  1008.0  4  1000.6  4   29.9  4    6.3  4    9.3  999.9    20.0    10.4    0.0I 999.9  000000
879090  20130106    18.9  6    -0.4  6   983.9  6   976.8  6   28.3  6   11.6  6   15.4  999.9    26.0    14.6    0.0I 999.9  000000
879090  20130107    16.4  4    -1.5  4   983.8  4   976.6  4   29.9  4   12.0  4   13.4  999.9    21.1     6.5    0.0I 999.9  000000
879090  20130108    12.1  4     2.9  4   994.5  4   987.1  4   29.9  4    8.2  4   12.3  999.9    20.0     5.2    2.0G 999.9  000000
879090  20130109    21.5  5     6.8  5  1002.7  5   995.4  5   29.9  5   10.0  5   11.3  999.9    29.8*    7.3    0.0G 999.9  000000
879090  20130110    26.3  6     6.3  6  1004.1  6   996.8  6   29.9  6   11.8  6   14.4  999.9    33.5*   10.2    0.0I 999.9  000000
879090  20130111    22.9  6     3.3  6  1003.6  5   996.4  5   26.9  6    9.6  6   12.3   17.5    35.0    14.6*   0.0I 999.9  000000
879090  20130112    15.9  4     1.1  4  1017.5  4  1010.1  4   29.9  4    4.6  4    8.2  999.9    25.5     9.2    0.0I 999.9  000000
879090  20130113    16.8  5     6.9  5  1021.0  5  1013.5  5   29.9  5    4.8  5    7.2  999.9    19.4*    9.2    0.0I 999.9  000000
879090  20130114    18.4  6     8.1  6  1015.6  6  1008.1  6   29.9  6    5.8  6   10.3  999.9    24.4*    8.2    0.0I 999.9  000000
879090  20130115    22.8  5    10.3  5  1008.1  5  1000.9  5   28.0  5    4.3  5    6.2  999.9    28.0    10.7  999.9  999.9  010000
879090  20130116    15.6  4     8.0  4  1012.5  4  1005.2  4   29.9  4    5.7  4    9.3  999.9    30.0    10.8    0.0G 999.9  000000
879090  20130117    18.2  5     8.2  5  1016.8  5  1009.4  5   29.9  5    4.4  5    8.2  999.9    22.1*   10.1    0.0I 999.9  000000
879090  20130118    19.2  5     9.9  5  1022.7  5  1015.3  5   29.9  5    3.5  5    6.2  999.9    23.4*   10.2    0.0I 999.9  000000
879090  20130119    19.2  6     9.4  6  1022.4  6  1015.0  6   29.9  6    4.1  6    7.2  999.9    25.0    10.2    0.0I 999.9  000000
879090  20130121    20.1  4    11.3  4  1011.0  4  1003.7  4   29.9  4    5.8  4    8.7  999.9    28.6    12.8    0.0I 999.9  000000
879090  20130122    16.8  5    11.8  5  1008.7  5  1001.3  5   29.9  5    7.2  5   14.4  999.9    19.2*   10.4    0.0I 999.9  000000
879090  20130123    14.4  6     7.8  6  1011.0  6  1003.5  6   28.3  6    6.8  6    9.8  999.9    20.6    10.2    7.9G 999.9  010000
879090  20130125    13.3  4     3.2  4  1013.5  4  1005.9  4   29.9  4    9.3  4   12.3  999.9    16.4     0.4    0.0I 999.9  000000
879090  20130126    15.4  5     7.3  5  1009.8  5  1002.4  5   29.9  5    5.1  5    6.7  999.9    18.7*    7.7    0.0I 999.9  000000
879090  20130127    21.6  6     4.9  6  1002.4  6   995.2  6   29.9  6    8.5  6   10.3  999.9    27.4*   12.8    0.0I 999.9  000000
879090  20130128    19.7  5     5.7  5  1009.5  5  1002.2  5   29.9  5    7.3  5   10.8  999.9    29.5    12.8    0.0I 999.9  000000
879090  20130129    18.0  5     7.9  5  1007.7  5  1000.4  5   29.9  5    6.2  5    7.2  999.9    20.5*   11.9    0.0I 999.9  000000
879090  20130130    16.7  5     6.4  5  1008.7  5  1001.3  5   29.9  5    7.1  5   11.8  999.9    21.4    10.1    0.0I 999.9  000000
879090  20130131    21.9  6     5.4  6   991.2  6   984.5  5   28.3  6   10.8  6   18.5  999.9    27.0*   14.2    0.0G 999.9  010000
879090  20130201    17.3  4    -2.0  4   998.2  4   991.0  4   27.5  4   15.3  4   19.0  999.9    28.0     6.7    0.0I 999.9  000000
879090  20130202    14.4  6     1.2  6  1015.1  6  1007.6  6   29.9  6    5.8  6   12.3  999.9    20.0     5.7    0.0I 999.9  000000
879090  20130204    16.4  4     2.3  4  1013.3  4  1005.9  4   29.9  4    8.1  4   11.8  999.9    21.2     8.2    0.0I 999.9  000000
879090  20130205    23.9  5     6.3  5  1003.2  5   996.0  5   29.9  5    9.1  5   10.8  999.9    29.6*   11.7    0.0I 999.9  000000
879090  20130206    20.9  4     6.4  4  1006.1  4   998.9  4   29.9  4    8.5  4   11.8  999.9    30.5    16.8    0.0I 999.9  000000
879090  20130207    16.1  5     5.8  5  1013.7  5  1006.3  5   29.9  5    8.6  5   12.3  999.9    18.2*    9.2    0.0I 999.9  000000
879090  20130208    24.9  5     8.6  5  1004.0  5   996.8  5   29.9  5    8.9  5   12.3  999.9    36.4*   10.2    0.0I 999.9  000000
879090  20130210    20.1  5    10.3  5  1004.8  5   997.4  5   29.9  5    5.8  5   10.3  999.9    24.6*   11.2    0.0I 999.9  000000
879090  20130212    14.4  6     1.1  6   992.2  6   985.1  5   29.9  6    9.5  6   16.4  999.9    31.0    10.2    0.8G 999.9  000000
879090  20130213    14.6  6     3.9  6   998.0  6   990.6  6   29.9  6    8.8  6   10.3  999.9    18.5*    8.3    0.0G 999.9  000000
879090  20130214    19.4  6     4.7  6   992.3  6   985.1  6   28.3  6    9.3  6   14.9  999.9    24.8*   11.2    0.0I 999.9  000000
879090  20130215    15.4  5     3.1  5   993.0  5   985.8  5   29.9  5    7.2  5   10.8  999.9    27.5     6.7    0.0B 999.9  010000
879090  20130218    16.1  6     2.8  6  1010.0  6  1002.5  6   29.9  6    9.6  6   13.9  999.9    23.2*    4.2    1.0G 999.9  000000
879090  20130219    13.4  6     3.4  6  1013.8  6  1006.5  6   29.9  6    9.3  6   18.0  999.9    25.0     7.2    0.0G 999.9  000000
879090  20130220    14.6  6     4.4  6  1016.3  6  1008.8  6   29.9  6    4.9  6    8.2  999.9    18.2*    5.2    0.0I 999.9  000000
879090  20130221    15.1  5     7.6  5  1017.4  5  1009.9  5   29.9  5    5.9  5    7.7  999.9    21.0     8.2    0.0I 999.9  000000
879090  20130222    14.1  6    11.6  6  1016.8  6  1009.4  5   26.7  6    5.2  6    8.2  999.9    18.0    10.2    0.0I 999.9  000000
879090  20130223    13.0  6    10.4  6  1017.2  6  1009.7  6   18.3  6    7.6  6    8.7  999.9    17.5    12.0    0.0I 999.9  000000
879090  20130224    11.6  5     6.1  5  1023.5  5  1016.0  5   22.0  5    5.3  5    8.2  999.9    14.0     9.8* 999.9  999.9  010000
879090  20130225    11.9  6     2.7  6  1021.5  6  1013.9  6   29.9  6    3.4  6    7.2  999.9    17.0*    0.7    0.0I 999.9  000000
879090  20130226    15.4  6     5.6  6  1015.4  6  1007.9  6   29.9  6    6.0  6   10.3  999.9    19.0     9.7    0.0I 999.9  000000
879090  20130227    14.8  6     6.9  6  1017.8  6  1010.3  6   29.9  6    4.4  6    7.2  999.9    19.0*    7.7    0.0I 999.9  000000
879090  20130228    15.3  5     7.3  5  1018.1  5  1010.6  5   29.9  5    4.3  5    7.2  999.9    20.0     7.2    0.0I 999.9  000000
879090  20130301    12.9  6     9.0  6  1018.2  6  1010.7  6   29.9  6    2.6  6    4.6  999.9    23.6     6.2    2.0A 999.9  010000
879090  20130302    15.6  6     8.3  6  1021.1  6  1013.6  6   29.9  6    4.4  6    6.2  999.9    19.2*   10.4    0.0I 999.9  000000
879090  20130303    16.9  6     9.1  6  1020.6  6  1013.1  6   29.9  6    4.4  6    6.2  999.9    22.0     7.9    0.0I 999.9  000000
879090  20130304    21.5  6     6.4  6  1010.4  6  1003.0  6   29.9  6    5.7  6    7.2  999.9    29.2*   12.2    0.0I 999.9  000000
879090  20130305    20.8  4     8.4  4  9999.9  0   990.1  4   29.9  4    4.0  4    6.2  999.9    30.1    16.0    0.0I 999.9  000000
879090  20130306    13.5  5     3.2  5   999.7  5   992.3  5   29.9  5   10.4  5   13.4  999.9    25.5     9.2*   0.0G 999.9  000000
879090  20130307    10.6  6     1.6  6  1005.5  6   997.9  6   29.9  6    4.9  6    6.7  999.9    15.6     3.7    0.0I 999.9  000000
879090  20130308    12.3  6     6.8  6  1001.6  6   994.2  6   28.3  6    6.2  6    8.2  999.9    15.5     7.7    0.0I 999.9  000000
879090  20130309    10.2  6     8.1  6   995.2  6   987.9  6   24.3  6    8.1  6   15.4  999.9    15.5     3.2   10.9G 999.9  010010
879090  20130310     9.1  6     3.9  6  1004.5  6   996.9  6   24.1  6    7.2  6   15.4  999.9    16.8*    1.2    1.0G 999.9  010000
879090  20130311     9.9  5     4.6  5  1005.7  4   998.0  5   24.0  5    8.8  5   11.3  999.9    17.8     4.7    6.1G 999.9  010000
879090  20130312     7.3  6     5.1  6  1019.4  6  1011.7  6   24.1  6    4.9  6    6.2  999.9    14.0     5.2    2.0G 999.9  010000
879090  20130313     7.5  6     3.3  6  1030.1  6  1022.3  6   29.9  6    4.3  6    6.2  999.9    10.8*    2.2    0.8G 999.9  000000
879090  20130314     7.6  6     3.2  6  1029.8  6  1022.1  6   29.1  6    2.4  6    4.6  999.9    12.0     1.6    4.1G 999.9  000000
879090  20130315    11.2  6     3.4  6  1022.9  6  1015.3  6   29.9  6    3.6  6    6.2  999.9    18.0*    2.7    0.0G 999.9  000000
879090  20130316    13.7  6     5.1  6  1019.7  6  1012.2  6   29.9  6    4.6  6    7.2  999.9    19.0     5.8    0.0I 999.9  000000
879090  20130317    15.9  6     7.5  6  1018.8  6  1011.3  6   29.9  6    4.4  6    7.2  999.9    20.6    10.5    0.0I 999.9  000000
879090  20130318    14.7  6     9.6  6  1015.6  6  1008.1  6   29.1  6    2.8  6    6.2  999.9    22.0     6.7    0.0I 999.9  000000
879090  20130319    20.6  6     1.3  6  1004.2  6   996.9  6   29.9  6    5.6  6    9.3  999.9    27.0*    9.7    0.0I 999.9  000000
879090  20130320    13.2  6     5.5  6   998.0  6   990.7  6   23.3  6    2.9  6    5.1  999.9    28.0     0.3    4.1A 999.9  010000
879090  20130321    12.3  6     3.8  6  1002.6  6   995.1  6   27.5  6    7.8  6   11.8  999.9    18.0*    4.2    1.0A 999.9  000000
879090  20130322    11.7  6     5.2  6  1011.8  6  1004.3  6   29.9  6    4.7  6    9.3  999.9    20.0     5.2    0.0I 999.9  000000
879090  20130323    16.2  6     6.8  6  1010.4  6  1003.0  6   29.9  6    5.2  6    6.7  999.9    23.6*    7.9    0.0I 999.9  000000
879090  20130324    16.7  6     7.1  6   996.0  6   988.7  6   29.9  6    5.4  6    9.3  999.9    24.0    12.0    0.0I 999.9  000000
879090  20130325    13.9  6     4.1  6  1006.1  6   998.6  6   29.9  6    6.1  6    8.7  999.9    22.2*    3.7    0.5G 999.9  000000
879090  20130326    16.6  6     1.1  6  1007.7  6  1000.4  6   29.9  6   10.2  6   12.3  999.9    22.6     7.8    0.0G 999.9  000000
879090  20130327    12.8  6     0.3  6  1015.0  5  1007.5  5   29.9  6    4.4  6    6.2  999.9    19.5     5.2    0.0I 999.9  000000
879090  20130329    10.1  4     5.1  4  1014.7  4  1007.1  4   29.9  4    4.4  4    5.7  999.9    19.6     5.2    0.0I 999.9  000000
879090  20130330    14.1  5     2.8  5  1020.6  5  1013.0  5   29.9  5    7.4  5   11.3  999.9    19.2*    5.4    0.0I 999.9  000000
879090  20130331    14.1  6     3.9  6  1024.5  6  1017.0  6   29.9  6    2.9  6    5.1  999.9    23.6*    4.2    0.0I 999.9  000000
879090  20130401    18.8  6     0.5  6  1014.9  6  1007.4  6   29.9  6    5.9  6    9.3  999.9    27.8*    6.2    0.0I 999.9  000000
879090  20130402    13.8  5     2.7  5  1022.7  5  1015.2  5   29.9  5    6.2  5   12.3  999.9    28.4     3.9    0.0I 999.9  000000
879090  20130403    15.8  4     3.4  4  1013.3  4  1005.9  4   29.9  4    7.4  4    9.3  999.9    22.5*    5.7    0.0I 999.9  000000
879090  20130404    16.4  5     5.0  5   995.8  5   988.6  5   24.9  5    7.7  5   13.4  999.9    23.7    13.5*   0.0I 999.9  000000
879090  20130405    11.8  6    -2.1  6   993.0  6   985.6  6   29.9  6    8.5  6   10.3  999.9    18.0     6.7    0.0I 999.9  000000
879090  20130406    11.2  4     0.7  4   994.4  4   987.0  4   29.9  4    8.7  4   12.3  999.9    16.0*    5.8    0.0I 999.9  000000
879090  20130407    11.4  5    -1.8  5  1007.2  5   999.6  5   29.9  5    6.6  5    8.7  999.9    16.5*    1.7    0.0G 999.9  000000
879090  20130408    12.4  6     0.3  6  1009.4  6  1001.8  6   29.9  6    5.5  6    7.7  999.9    19.2*    3.7    0.0I 999.9  000000
879090  20130410    15.2  4     2.2  4   993.4  4   986.1  4   29.9  4    8.2  4    9.8  999.9    23.4    11.7    0.0I 999.9  000000
879090  20130411     7.9  5    -0.2  5  1013.4  5  1005.8  5   27.0  5    9.2  5   10.3  999.9    11.0*    4.0    0.8G 999.9  010000
879090  20130412     7.7  6    -0.7  6  1016.6  6  1008.9  6   29.9  6    7.1  6    8.7  999.9    12.6*   -0.8    0.0G 999.9  000000
879090  20130414    12.6  6     7.2  6  1008.9  6  1001.5  6   29.9  6    3.9  6    6.2  999.9    17.0*    4.4    0.0G 999.9  000000
879090  20130415    12.7  6     6.4  6  1012.9  6  1005.4  6   29.4  6    7.4  6   12.3  999.9    18.8*    1.2    0.0I 999.9  000000
879090  20130416    17.3  4     7.9  4  1004.5  4   997.1  4   29.9  4    7.5  4   10.3  999.9    21.6*   10.5    0.0I 999.9  000000
879090  20130418    20.3  4    10.7  4   997.0  4   989.8  4   29.9  4   10.5  4   15.4  999.9    24.2    16.2    0.0I 999.9  000000
879090  20130419    14.7  5     6.2  5  1009.1  5  1001.8  5   29.9  5    5.0  5    6.7  999.9    21.0    10.2    0.0I 999.9  000000
879090  20130420    14.4  6     7.9  6  1010.2  6  1002.7  6   29.9  6    4.6  6    7.2  999.9    19.6*    8.2    0.0I 999.9  000000
879090  20130421    17.8  6     6.3  6  1002.0  6   994.6  6   27.5  6   10.8  6   20.6  999.9    22.2    10.2    0.0I 999.9  000000
879090  20130422    11.8  4     5.0  4  1020.0  4  1012.4  4   27.5  4    4.7  4    6.2  999.9    23.6     6.4    0.0I 999.9  000000
879090  20130423     8.3  4     6.4  4  1023.5  4  1015.8  4   22.7  4    2.7  4    3.1  999.9    13.6     6.0    0.0I 999.9  000000
879090  20130424    11.7  4     4.7  4  9999.9  0  1009.1  4   29.9  4    5.5  4    7.7  999.9    16.8*    6.6*   0.0I 999.9  000000
879090  20130425    12.7  6     1.2  6  1012.1  6  1004.6  6   29.9  6    4.9  6    5.7  999.9    18.3*    4.7    0.0I 999.9  000000
879090  20130426    14.0  6     4.5  6  1009.9  6  1002.4  6   29.9  6    5.3  6    6.2  999.9    18.5     7.2    0.0I 999.9  000000
879090  20130428    10.8  4     6.7  4  1008.9  4  1001.3  4   29.9  4    8.6  4   10.3  999.9    13.8     8.5    0.0I 999.9  000000
879090  20130429    12.2  5    -0.2  5  1001.5  5   994.0  5   29.9  5    8.8  5   11.3  999.9    17.4*    5.4    0.0I 999.9  000000
879090  20130430    10.1  6    -2.0  6  1002.0  6   994.5  6   29.9  6    6.6  6    8.7  999.9    18.0     5.7    0.0I 999.9  000000
879090  20130501     9.6  6    -1.5  6  1009.5  6  1001.9  6   29.9  6    5.1  6   10.3  999.9    14.4*    2.4    0.0I 999.9  000000
879090  20130502     8.1  6    -2.3  6  1010.5  6  1002.9  6   29.9  6    5.5  6    7.2  999.9    15.0     2.0    0.0I 999.9  000000
879090  20130504     8.4  4     3.9  4  1001.1  4   993.5  4   24.9  4    7.9  4   11.8  999.9    14.6     4.2    3.0G 999.9  010000
879090  20130505    12.3  5     3.2  5   994.3  5   986.9  5   29.9  5    7.3  5   12.3  999.9    17.7*    0.7    0.0G 999.9  010000
879090  20130506    10.9  6    -1.1  6  1003.1  6   995.7  6   29.9  6   15.4  6   17.5  999.9    18.2     7.7    0.5G 999.9  000000
879090  20130507    14.8  4     0.6  4   993.5  4   986.1  4   29.9  4    8.5  4   11.8  999.9    18.0*    7.9    0.0G 999.9  000000
879090  20130508     8.9  5     3.7  5   991.7  5   984.3  5   29.9  5    4.8  5    5.7  999.9    14.2*    2.1    1.0G 999.9  000000
879090  20130509    13.6  6     1.4  6   993.6  6   986.2  6   29.9  6    8.2  6   10.8  999.9    19.0*    5.2    0.0G 999.9  000000
879090  20130510    11.9  6     0.8  6   993.2  6   985.9  6   29.9  6    9.5  6   13.4  999.9    19.4     8.6*   0.0I 999.9  000000
879090  20130512     5.5  4     1.3  4   992.1  4   984.6  4   24.9  4   14.1  4   20.6  999.9    15.2     2.4    0.0I 999.9  000000
879090  20130513     4.7  5    -4.7  5  1001.0  5   993.4  5   29.9  5    8.6  5   10.8  999.9     7.8*    0.4  999.9  999.9  011000
879090  20130514     1.9  6    -4.2  6  1013.4  6  1005.5  6   29.9  6   11.7  6   13.4  999.9     8.5    -1.6    0.0G 999.9  000000
879090  20130515     4.1  6     2.4  6  1017.3  6  1009.5  6   24.9  6    7.1  6   14.4  999.9     7.0*   -1.8    4.1G 999.9  010000
879090  20130518     5.7  4    -0.2  4  1017.2  4  1009.4  4   29.9  4    3.6  4    6.2  999.9    11.8*    0.0    0.0I 999.9  000000
879090  20130519    11.2  4     4.6  4  1014.7  4  1007.0  4   29.9  4    5.8  4    9.3  999.9    15.2*    1.8    0.0I 999.9  000000
879090  20130520    10.2  6     3.5  6  1007.7  6  1000.2  6   29.9  6    3.9  6    5.1  999.9    17.0     5.2    0.0I 999.9  000000
879090  20130521     8.2  5    -2.2  5  1005.6  5   998.2  5   29.9  5    8.3  5   11.3  999.9    11.2*    3.7    0.0I 999.9  000000
879090  20130522     6.6  6    -2.3  6  1004.5  6   996.9  6   29.9  6    6.1  6   12.3  999.9    12.0     2.1    0.0I 999.9  000000
879090  20130523     4.2  5     0.7  5  1004.1  5   996.4  5   29.9  5    9.5  5   12.9  999.9    10.6     2.8    4.1G 999.9  000000
879090  20130524     2.3  6    -3.4  6  1016.5  6  1008.6  6   29.9  6    5.7  6    8.2  999.9     5.4*   -1.3    0.3G 999.9  000000
879090  20130525     2.8  6     0.7  6  1005.8  6   998.0  6   23.7  6    4.9  6   10.3  999.9     6.0    -1.2    2.0G 999.9  011000
879090  20130526     3.5  4     1.9  4  1004.7  4   996.9  4   23.8  4    5.1  4   11.3  999.9     6.6    -0.3    4.1G 999.9  000000
879090  20130527     1.4  5     0.4  5  1003.8  4   996.1  4   10.5  5    2.0  5    3.1  999.9     6.6    -2.8    0.0G 999.9  100000
879090  20130528     7.6  5     6.8  5   997.1  5   992.8  5    3.7  5    4.2  5   10.3  999.9     8.1*    4.7    6.1G 999.9  110000
879090  20130529     5.8  6     5.3  6  1003.3  6   995.7  6   13.7  6    7.1  6   10.3  999.9     8.4     4.7    6.1G 999.9  010000
879090  20130530     6.0  5     4.1  5   988.7  5   981.2  5   28.0  5    2.0  5    4.6  999.9     7.8*    3.8    0.0G 999.9  000000
879090  20130531     5.4  6     2.9  6   983.3  6   975.8  6   29.9  6    3.2  6    4.1  999.9     9.4*    1.7    0.0G 999.9  000000
879090  20130601     3.7  6     0.7  6   995.9  6   988.3  6   29.9  6    6.5  6    8.7  999.9     9.5     1.2    0.0G 999.9  000000
879090  20130603     7.4  6     4.1  6  1002.5  6   994.9  6   29.9  6    3.0  6    6.7  999.9    11.6     2.0    0.0G 999.9  000000
879090  20130604     5.4  6     2.6  6  1007.3  6   999.6  6   29.9  6    4.5  6    7.2  999.9     9.7     2.7    0.0I 999.9  000000
879090  20130605     3.9  6     1.3  6  1008.4  6  1000.6  6   29.9  6    2.4  6    5.1  999.9     8.7*    0.2    0.0I 999.9  000000
879090  20130606     7.6  4     1.3  4   994.8  4   987.2  4   29.9  4    9.2  4   11.8  999.9     9.8*    0.0    0.0I 999.9  000000
879090  20130607     5.3  4    -1.5  4   996.2  4   988.6  4   29.9  4   12.7  4   16.4  999.9    11.8     3.4    0.0I 999.9  000000
879090  20130609    11.7  6     2.3  6   996.8  6   989.4  6   29.9  6    8.9  6   10.8  999.9    14.2*    7.7    0.0I 999.9  000000
879090  20130610    10.1  6     1.4  6   997.4  6   990.0  6   29.9  6   10.5  6   15.4  999.9    15.5     6.2*   0.0I 999.9  000000
879090  20130611     7.3  6     2.1  6   994.7  6   987.7  5   29.9  6   10.2  6   17.5  999.9    11.6     1.0    2.0G 999.9  000000
879090  20130612     5.5  6    -1.0  6  1002.4  6   994.7  6   29.9  6    7.2  6   15.4  999.9    13.9    -2.3    0.0G 999.9  000000
879090  20130613     4.5  6    -3.1  6  1009.5  6  1001.8  6   29.9  6   13.2  6   18.5  999.9    11.7    -0.2    0.0I 999.9  000000
879090  20130614     2.6  6    -4.2  6  1015.8  6  1008.0  6   29.9  6    8.2  6   11.3  999.9     5.8    -1.8    0.0I 999.9  000000
879090  20130615     4.8  7     0.8  7   990.6  6   983.1  6   23.2  7   10.1  7   13.4  999.9     8.2     0.6    0.0G 999.9  011000
879090  20130616     5.9  7    -2.4  7   995.4  6   987.8  6   27.4  7   11.6  7   18.5   24.2     8.6*    0.3    0.0G 999.9  000000
879090  20130617     6.3  5     0.7  5   987.8  5   980.2  5   28.0  5   10.1  5   12.3  999.9     9.4*    2.0    2.0G 999.9  010000
879090  20130618     0.1  6    -2.6  6  1004.9  6   997.2  6   25.9  6    7.4  6    9.3  999.9    10.6    -3.8    3.0G 999.9  010000
879090  20130619     3.9  6     0.3  6  1003.0  6   995.3  6   29.9  6    9.1  6   12.3  999.9     8.0*   -2.5    0.0G 999.9  000000
879090  20130620     9.0  6     0.4  6   993.2  6   985.6  6   29.9  6   11.6  6   18.5  999.9    13.0*    0.9    0.0I 999.9  000000
879090  20130621     5.4  5    -4.3  5   990.8  5   983.3  5   29.9  5   12.1  5   15.4  999.9    14.0     1.9    0.3G 999.9  000000
879090  20130622     5.8  6    -1.1  6  1002.5  6   994.9  6   29.9  6    8.1  6   12.3  999.9    10.2*    0.2    0.0G 999.9  000000
879090  20130623     9.5  6     0.8  6  1009.2  6  1001.6  6   29.9  6   10.1  6   15.4  999.9    13.5*    3.8    0.0I 999.9  000000
879090  20130624    12.9  6     2.1  6  1002.3  5   995.4  6   29.9  6   10.3  6   13.4  999.9    16.5*    7.0    0.0I 999.9  000000
879090  20130625    13.4  6     3.4  6   996.3  5   988.8  5   29.9  6    9.2  6   14.4  999.9    17.2*    9.7    0.0I 999.9  000000
879090  20130626    13.2  6     3.0  6   992.8  6   985.4  6   29.9  6   10.2  6   16.4  999.9    17.6    11.4    0.0I 999.9  000000
879090  20130627     8.4  6     4.2  6   990.4  6   982.9  6   29.9  6    5.4  6    6.2  999.9    15.0     1.2    0.5A 999.9  010000
879090  20130628     8.0  5     2.9  5   990.3  5   982.9  5   29.9  5    9.5  5   15.4  999.9    12.0     5.0*   0.0I 999.9  000000
879090  20130629     2.4  6    -1.1  6  1006.7  6   999.0  6   26.7  6    8.6  6   15.4  999.9    10.6     0.8    3.0G 999.9  010000
879090  20130630     1.1  6    -2.5  6  1012.4  6  1004.6  6   29.9  6    4.7  6    6.2  999.9     6.0*   -3.0    0.0G 999.9  000000
879090  20130701     4.7  6    -0.6  6   994.2  6   986.6  6   28.3  6   10.5  6   15.9  999.9    10.8*   -3.2    0.0G 999.9  010000
879090  20130702     9.3  5     1.8  5   980.8  5   973.4  5   29.9  5    6.4  5   10.3  999.9    12.6     3.0    0.0G 999.9  000000
879090  20130703     6.6  6    -1.3  6   988.2  6   980.8  6   29.9  6    8.9  6   10.3  999.9    11.6     3.6*   0.0I 999.9  000000
879090  20130704     4.4  6    -1.8  6  1007.1  6   999.4  6   29.9  6    6.2  6    8.2  999.9     9.0    -0.3    0.0I 999.9  000000
879090  20130705     2.8  6    -2.1  6  1018.8  6  1011.0  6   29.9  6    2.5  6    5.1  999.9     8.8    -1.6    0.0I 999.9  000000
879090  20130706     1.1  6    -2.6  6  1023.4  6  1015.6  6   29.9  6    4.6  6    6.7  999.9     8.2    -3.8    0.0I 999.9  000000
879090  20130707     5.4  6    -2.4  6  1020.6  6  1012.8  6   29.9  6    6.8  6   10.3  999.9    12.0*   -2.0    0.0I 999.9  000000
879090  20130708     5.6  6    -4.6  6  1011.4  6  1003.7  6   29.9  6    3.9  6    9.3  999.9    12.8     0.0    0.0I 999.9  000000
879090  20130709     2.9  6    -6.2  6  1006.9  6   999.1  6   29.9  6    4.0  6    5.7  999.9    12.7    -2.6    0.0I 999.9  000000
879090  20130710     5.3  5    -1.4  5  1001.4  5   993.7  5   29.9  5    5.3  5    8.7  999.9     7.4*    0.7    0.0G 999.9  001000
879090  20130711     6.4  6    -2.3  6  1004.7  6   997.0  6   29.9  6    7.1  6   11.3  999.9    10.3*    1.6    0.0I 999.9  000000
879090  20130712    10.6  6    -0.5  6   994.1  6   986.8  6   29.9  6   10.3  6   12.9  999.9    12.4*    3.6    0.0I 999.9  000000
879090  20130713     6.2  6    -2.6  6   997.5  6   990.0  6   29.9  6    7.2  6   12.3  999.9    13.0     2.6    0.0I 999.9  000000
879090  20130714     6.3  5    -2.7  5  1007.9  5  1000.3  5   29.9  5    6.7  5    9.3  999.9    10.7     1.2*   0.0I 999.9  000000
879090  20130715     8.1  5    -2.4  5  1000.0  5   992.5  5   29.9  5    8.8  5   15.4  999.9    13.5*    2.2    0.0I 999.9  000000
879090  20130716     3.4  6    -3.4  6  1002.9  6   995.3  6   26.7  6   10.6  6   14.9  999.9    14.4     1.7    0.0G 999.9  001000
879090  20130717    -0.4  5    -4.0  5  1019.4  5  1011.5  5   29.9  5    8.0  5   10.3  999.9     3.0*   -3.6    0.0I 999.9  000000
879090  20130718     3.1  6    -2.4  6  1020.2  6  1012.4  6   29.9  6    9.5  6   12.3  999.9     8.2*   -4.8    0.0I 999.9  000000
879090  20130719     6.9  6    -0.6  6  1003.1  6   995.6  6   29.9  6   13.4  6   19.5  999.9    10.0    -0.6    0.0I 999.9  000000
879090  20130720     2.8  5     0.1  5  1017.7  5  1010.0  5   21.6  5   14.8  5   18.5  999.9     8.0     2.0    0.0G 999.9  010000
879090  20130721     1.4  6    -1.5  6  1035.1  6  1027.2  6   29.9  6    5.4  6   10.8  999.9     4.0*   -0.8    2.0G 999.9  000000
879090  20130722     4.2  6    -1.9  6  1020.9  6  1013.1  6   29.9  6    5.1  6    6.7  999.9     7.1*   -1.3    0.0G 999.9  010000
879090  20130723     3.9  6    -0.6  6  1020.4  6  1012.7  6   29.9  6    5.3  6    7.7  999.9     8.3    -1.6    0.0G 999.9  000000
879090  20130724     9.9  6     0.9  6  1002.5  6   994.9  6   29.1  6    8.2  6   11.3  999.9    14.8*   -2.3    0.3G 999.9  010000
879090  20130725     7.6  6    -2.3  6   995.8  6   988.3  6   29.9  6   13.7  6   15.9  999.9    16.7     3.2    0.5G 999.9  010000
879090  20130726     5.0  5    -2.3  5  1012.4  5  1004.7  5   28.0  5    7.1  5   12.9  999.9     7.0*    3.2    0.0G 999.9  000000
879090  20130727     3.7  6    -2.2  6  1011.5  6  1003.8  6   29.9  6    6.8  6    7.7  999.9     9.8*   -1.9    0.0G 999.9  000000
879090  20130728     7.9  6     2.1  6  1015.4  6  1007.8  6   29.9  6    5.0  6    7.2  999.9    10.9*   -0.2    0.5G 999.9  000000
879090  20130729     8.3  5     0.0  5  1019.6  5  1011.9  5   29.9  5    4.6  5    7.7  999.9    14.0*    4.2    0.0G 999.9  000000
879090  20130730     8.2  6    -2.1  6  1017.1  6  1009.4  6   29.9  6    5.7  6    7.2  999.9    18.4*    2.2    0.0I 999.9  000000
879090  20130731     6.4  6     0.4  6  1016.1  6  1008.4  6   29.9  6    5.7  6    7.7  999.9    12.6*   -0.3    0.0I 999.9  000000
879090  20130801     4.4  5     0.8  5  1020.3  5  1012.5  5   26.1  5    4.3  5    6.2  999.9    10.6    -0.6    0.0I 999.9  000000
879090  20130802     4.7  6     1.7  6  1013.0  6  1005.2  6   26.7  6    3.9  6    7.2  999.9     9.7*   -0.6    0.0I 999.9  000000
879090  20130803     7.6  5     0.1  5  1000.0  5   992.5  5   29.9  5    4.7  5    7.2  999.9    11.5*    0.9    0.0I 999.9  000000
879090  20130804     5.1  5    -0.3  5   998.2  5   990.6  5   29.9  5    3.9  5    7.7  999.9     7.7*   -0.8    0.0I 999.9  000000
879090  20130805     2.8  6    -0.9  6  1001.4  6   993.6  6   29.9  6    4.3  6    6.2  999.9     8.0    -3.0    0.0I 999.9  000000
879090  20130806     2.7  6    -2.1  6   996.3  6   988.6  6   29.9  6    2.7  6    5.1  999.9     9.6*   -3.2    0.0I 999.9  000000
879090  20130807     3.9  6    -0.4  6   993.1  6   985.5  6   29.9  6   10.5  6   16.5  999.9     9.8    -2.8    0.0I 999.9  000000
879090  20130808     4.0  6    -3.6  6  1007.3  6   999.5  6   29.9  6    9.8  6   12.4  999.9     7.1*   -0.3    0.0I 999.9  000000
879090  20130809     4.7  6    -4.2  6  1007.2  6   999.5  6   29.9  6    8.6  5   15.4  999.9     9.2*   -2.3    0.0I 999.9  000000
879090  20130810    10.3  6     1.4  6   991.5  6   984.1  6   29.9  6    8.1  6   11.8  999.9    14.0*    2.0    0.0I 999.9  000000
879090  20130811     5.5  6    -3.3  6   999.2  6   992.9  5   29.9  6    9.9  6   15.4  999.9    15.0     2.7    0.0G 999.9  000000
879090  20130812     3.6  6    -5.5  6  1011.3  6  1003.6  6   29.9  6   12.2  6   15.4  999.9     8.4*   -1.3    0.0I 999.9  000000
879090  20130813     6.1  6    -3.3  6  1017.9  6  1010.1  6   29.9  6    5.9  6   10.3  999.9    10.7*    1.0    0.0I 999.9  000000
879090  20130814     9.7  6    -3.9  6   992.8  6   985.3  6   29.9  5   12.5  6   20.1  999.9    16.0*    2.8    0.0I 999.9  000000
879090  20130815     7.3  6    -4.2  6   989.4  6   981.9  6   29.9  6   12.1  6   18.0   20.6    16.2     1.2    0.0I 999.9  000000
879090  20130816     7.5  5    -4.7  5  1008.5  5  1000.9  5   29.9  5    9.8  5   12.9  999.9    11.7*    0.2    0.0I 999.9  000000
879090  20130817     9.1  6     1.7  6   998.8  6   991.2  6   28.3  6    5.1  6   13.4  999.9    13.6     4.0    0.0I 999.9  000000
879090  20130818    12.0  6     2.6  6   984.4  6   977.0  6   29.9  6   13.1  6   18.5  999.9    18.4*    6.2    0.0I 999.9  000000
879090  20130819     6.6  6    -5.2  6   987.8  6   980.3  6   29.9  6   10.5  6   18.5  999.9    19.4     2.5    0.0I 999.9  000000
879090  20130820     4.4  6    -2.7  6   997.2  6   989.6  6   26.7  6   11.3  6   14.4  999.9    11.0     3.1    0.0G 999.9  010000
879090  20130821     0.9  6    -2.5  6  1016.6  6  1008.8  6   29.9  6    8.1  6   10.3  999.9     7.0    -3.3    0.8G 999.9  010100
879090  20130822    -0.9  6    -2.7  6  1027.5  6  1019.6  6   22.4  6   10.1  6   12.4  999.9     4.9    -4.3    0.0G 999.9  001000
879090  20130823    -2.0  4    -3.1  4  1034.2  4  1026.2  4   16.6  4    8.2  4    9.3  999.9     0.4*   -4.8    0.0G   2.0  001000
879090  20130824    -3.2  6    -5.5  6  1034.5  6  1027.6  6   28.3  6    6.1  6    7.7  999.9     1.0*   -9.8    0.0G 999.9  000000
879090  20130825     1.3  6    -5.1  6  1025.7  6  1017.8  6   29.1  6    6.2  6   11.3  999.9     7.4*   -8.9    0.0I 999.9  000000
879090  20130826     3.3  6    -2.3  6  1010.4  6  1002.6  6   29.9  6    5.8  6   11.3  999.9     7.6    -1.8    0.0I 999.9  000000
879090  20130827     7.8  6    -3.7  6  1002.9  5   995.3  5   29.9  6   11.9  6   15.4  999.9    11.2*    1.0    0.0I 999.9  000000
879090  20130828     6.0  6    -4.1  6  1003.0  6   995.4  6   29.9  6    6.0  6   10.3  999.9    12.0     1.0    0.0I 999.9  000000
879090  20130829     4.5  6    -2.7  6  1006.0  6   998.4  6   29.9  6    6.3  6   10.3  999.9    10.6    -0.3    0.0I 999.9  000000
879090  20130830     0.0  6    -1.8  5  1011.9  6  1003.4  6   18.3  6    3.2  6    5.1  999.9     8.1    -4.8    1.0A 999.9  001000
879090  20130831     1.4  6    -2.4  6  1014.3  6  1006.5  6   26.7  6    4.2  6    7.2  999.9     4.8*   -3.3    0.0A 999.9  000000
879090  20130901     1.2  6     0.2  6  1015.8  6  1008.0  6   11.6  6    3.4  6    5.1  999.9     5.7    -1.8    0.3G   1.0  011000
879090  20130902     2.2  5     0.8  5  1021.1  5  1013.2  5   22.4  5    5.3  5    8.2  999.9     6.2*   -0.8   11.9G 999.9  110000
879090  20130903     4.4  6     1.6  6  1026.6  6  1018.8  6   29.9  6    3.2  6    3.6  999.9     7.5    -1.0    0.0G 999.9  000000
879090  20130904     2.3  5     1.0  5  1017.2  5  1009.4  5   20.9  5    6.3  5   12.3  999.9     7.8    -2.3    0.5A 999.9  010000
879090  20130905     6.0  6     5.1  5  1000.6  6   993.0  6   18.8  6    4.7  6   11.3  999.9     7.2*    2.2    7.1G 999.9  110000
879090  20130906     5.5  5     3.4  4  1005.9  5   998.3  5   26.1  5    5.8  5    7.7  999.9     7.7     3.7*   0.0G 999.9  000000
879090  20130907     7.9  5     3.7  5  1000.7  5   993.1  5   28.0  5    6.3  5    9.3  999.9    15.0*    2.2    0.0G 999.9  000000
879090  20130908    12.8  6     5.5  6   989.2  6   981.9  6   29.9  6   10.3  6   14.4  999.9    17.9     3.4    0.0I 999.9  000000
879090  20130909    10.0  5     5.9  5   984.2  5   976.9  5   26.1  5    5.3  5    7.7  999.9    13.7     6.3    0.5A 999.9  010000
879090  20130910     2.2  6     1.2  6   996.1  6   990.1  6    9.3  6    6.4  6    8.8  999.9    12.9     0.2    4.1G 999.9  011000
879090  20130911     1.9  6    -1.5  6  1014.7  6  1006.9  6   29.9  6    4.9  6    6.7  999.9     6.2*   -3.3    6.1G 999.9  000000
879090  20130912     3.8  6    -1.1  6  1021.4  6  1013.7  6   29.9  6    7.7  6    9.8  999.9     7.0    -1.8    0.0G 999.9  000000
879090  20130913     4.7  6    -0.9  6  1027.8  6  1020.0  6   26.7  6    6.4  6    9.3  999.9     8.4*   -0.8    0.0G 999.9  010000
879090  20130914     5.6  6    -2.2  6  1027.9  6  1020.1  6   29.9  6    5.9  6    9.3  999.9    10.6*   -1.6    0.0I 999.9  000000
879090  20130915     6.4  6    -0.6  6  1028.5  6  1020.8  6   29.9  6    3.9  6    6.2  999.9    11.4     0.0    0.0I 999.9  000000
879090  20130916     7.0  6     2.1  6  1021.1  6  1013.4  6   29.9  6    4.0  6   10.3  999.9    16.0*   -2.3    0.0I 999.9  000000
879090  20130917     7.3  6     0.4  6  1014.0  6  1006.3  6   27.5  6    5.5  6    7.7  999.9    16.9     1.2    0.0I 999.9  000000
879090  20130918     7.7  5     0.5  5  1009.1  5  1001.5  5   29.9  5    5.7  5    7.2  999.9    13.4*   -0.8    0.0I 999.9  000000
879090  20130919     7.1  6     2.6  6  1003.5  6   995.9  6   29.9  6    4.9  6    8.2  999.9    15.0     3.2    0.0I 999.9  000000
879090  20130920     5.2  6     3.6  6  1009.4  6  1001.8  6   25.9  6    2.2  6    5.1  999.9    11.4    -3.8    2.0A 999.9  010000
879090  20130921     5.5  5     1.4  5  1013.7  5  1006.0  5   29.9  5    7.5  5   16.5  999.9    10.2     0.8    0.0A 999.9  000000
879090  20130922    10.3  6    -2.1  6  1025.8  6  1018.1  6   29.9  6    9.7  6   11.3  999.9    17.8*    2.7    0.0G 999.9  000000
879090  20130923    11.5  6    -0.3  6  1028.0  6  1020.4  6   29.9  6    6.1  6    8.8  999.9    18.4     4.2    0.0I 999.9  000000
879090  20130924    13.1  6    -0.1  6  1023.1  6  1015.4  6   29.9  6    5.5  6   10.3  999.9    19.0*    1.2    0.0I 999.9  000000
879090  20130925    13.1  6     1.1  6  1005.7  6   998.2  6   29.9  6    5.3  6    9.3  999.9    20.1     5.2    0.0I 999.9  000000
879090  20130926     7.0  5    -1.1  5  1018.8  5  1011.1  5   22.0  5    9.4  5   11.8  999.9    20.4     3.2    0.0I 999.9  000000
879090  20130927     6.6  5     0.4  5  1036.2  5  1028.3  5   29.9  5    5.3  5    7.2  999.9     9.7*    1.8    0.0I 999.9  000000
879090  20130928     5.8  6     0.9  6  1039.7  6  1031.9  6   25.9  6    4.4  6    8.2  999.9    10.5    -1.3    0.0I 999.9  000000
879090  20130929     6.7  5     3.3  5  1035.7  5  1027.8  5   29.9  5    8.1  5   10.8  999.9    11.4    -0.3    0.0I 999.9  000000
879090  20130930     9.7  5     6.1  5  1023.7  5  1016.0  5   23.3  5    9.2  5   12.3  999.9    13.7*    3.2  999.9  999.9  010000
879090  20131001    11.0  5     6.0  5  1013.6  5  1006.0  5   29.9  5   10.0  5   13.4  999.9    14.6     6.7    0.0I 999.9  000000
879090  20131002     6.9  5     3.1  5  1009.2  5  1001.6  5   21.7  5    7.0  5    9.3  999.9    14.0     4.9*   0.8A 999.9  010000
879090  20131003     6.6  6    -1.2  6  1016.0  6  1008.3  6   26.6  6    5.6  6    8.8  999.9    11.8*   -0.8    4.1G 999.9  010000
879090  20131004    10.6  6    -0.1  6  1012.5  6  1004.9  6   29.9  6    4.2  6    7.2  999.9    16.6*    5.0    0.0G 999.9  000000
879090  20131005    11.6  6    -0.7  6  1014.0  6  1006.4  6   29.9  5    6.3  6   10.3  999.9    17.4     5.7    0.0I 999.9  000000
879090  20131006    13.8  5    -1.2  5  1010.6  5  1003.0  5   29.9  5    9.7  5   13.4  999.9    19.7*    8.7    0.0I 999.9  000000
879090  20131007    16.6  6     3.4  6  1006.4  6   998.3  5   29.9  6    7.7  6   14.4  999.9    20.9*    9.2    0.0I 999.9  000000
879090  20131008    15.7  6     3.0  6   996.9  6   989.6  6   28.3  6    6.9  6   12.3  999.9    22.1*   10.9*   0.0I 999.9  000000
879090  20131009     9.1  6     3.1  6  1001.4  6   993.9  6   27.5  6    8.6  6   11.3  999.9    23.3     4.3   14.0G 999.9  010000
879090  20131010     9.2  6    -1.8  6  1008.2  6  1000.6  6   29.9  6    9.9  6   14.4  999.9    13.5*    2.8    0.0G 999.9  000000
879090  20131011    10.9  6    -1.1  6  1015.4  6  1007.8  6   29.9  6    4.2  6    5.1  999.9    18.0*    1.2    0.0I 999.9  000000
879090  20131012    13.8  5     3.1  5  1013.4  5  1005.8  5   29.9  5    6.7  5    9.8  999.9    18.6     6.8    0.0I 999.9  000000
879090  20131013    13.8  6     3.6  6   996.6  6   989.2  6   29.9  6    9.7  6   18.0  999.9    18.7     7.2    0.0I 999.9  000000
879090  20131014    13.4  6    -1.4  6  1001.5  6   994.1  6   29.9  6    9.0  6   13.9  999.9    20.1     4.7    0.0I 999.9  000000
879090  20131015     7.4  5     3.8  5  1007.3  5   999.7  5   28.0  5    3.1  5    6.2  999.9    17.2     1.7    0.0G 999.9  010000
879090  20131016    11.7  5    -5.4  5  1017.7  5  1010.1  5   29.9  5    6.0  5    8.7  999.9    18.9*   -0.8    0.0G 999.9  000000
879090  20131017    10.2  6    -0.9  6  1014.9  6  1007.2  6   29.9  6    4.4  6    6.2  999.9    20.5     1.6    0.0G 999.9  000000
879090  20131018    13.2  6    -0.6  6  1007.5  6   999.9  6   29.9  6    7.5  6   13.4  999.9    20.0*    2.7    0.0I 999.9  000000
879090  20131019    15.2  6     0.9  6   992.8  5   984.8  6   29.9  6    8.3  6   12.3  999.9    20.5     5.2    0.0I 999.9  000000
879090  20131020     5.9  6    -5.4  6   998.8  6   991.2  6   28.3  6   13.8  6   16.5  999.9    21.0    -1.8    6.1G 999.9  010000
879090  20131021     9.8  6    -5.2  6  1002.5  6   994.9  6   29.9  6    8.5  6   11.3  999.9    14.5*    4.2    0.0G 999.9  000000
879090  20131022     7.8  6     0.9  6  1001.0  6   993.4  6   28.3  6    8.8  6   14.9  999.9    15.0     3.2    1.0A 999.9  010000
879090  20131023     9.6  6    -0.4  6  1013.3  6  1005.7  6   29.9  6    6.8  6   10.3  999.9    16.0*    0.5    0.3G 999.9  000000
879090  20131024    13.7  6     0.9  6  1017.9  6  1010.3  6   29.9  6    5.8  6    9.3  999.9    18.0*    5.2    0.0G 999.9  000000
879090  20131025    11.7  6     2.7  6  1009.8  6  1002.3  6   29.9  6    4.1  6    8.2  999.9    19.5     4.2    0.0I 999.9  000000
879090  20131026    13.6  6    -3.1  6  1004.6  6   997.1  6   29.9  6   11.9  6   17.5  999.9    17.0*    8.3    0.0I 999.9  000000
879090  20131027    13.1  6    -5.1  6  1009.0  6  1001.5  6   29.9  6    9.5  6   12.9  999.9    18.1     4.7    0.0I 999.9  000000
879090  20131028    11.4  6     2.0  6  1014.7  6  1007.2  6   29.9  6    5.9  6    9.8  999.9    17.4     5.2    0.0I 999.9  000000
879090  20131029    17.1  6     1.8  6  1011.7  6  1004.2  6   29.9  6   11.4  6   15.4  999.9    25.0*    9.0    0.0I 999.9  000000
879090  20131030    18.7  6     2.6  6  1003.4  6   996.1  6   29.9  6    5.9  6   14.4  999.9    26.1     9.3    0.0I 999.9  000000
879090  20131031    11.8  6     3.5  6  1007.1  6   999.6  6   26.7  6    5.5  6    8.2  999.9    25.5     5.2    0.8G 999.9  010000
879090  20131101    14.4  6     1.8  6  1012.4  6  1004.9  6   29.9  6    4.1  6    9.8  999.9    22.2*    6.3    0.0G 999.9  000000
879090  20131102    17.7  5     0.3  5  1007.9  5  1000.5  5   29.9  5   10.3  5   13.9  999.9    23.0    12.2    0.0I 999.9  000000
879090  20131103    12.2  5    -4.3  5  1019.0  5  1011.5  5   29.9  5    7.6  5   10.3  999.9    22.0     6.7    0.0I 999.9  000000
879090  20131104    14.8  6    -5.6  6  1012.9  6  1005.4  6   29.9  6    6.1  6    8.2  999.9    22.2*    2.5    0.0I 999.9  000000
879090  20131105    14.7  6     1.7  6  1007.7  6  1000.3  6   29.9  6    5.4  6    9.8  999.9    23.0     5.1    0.0I 999.9  000000
879090  20131106    16.7  5     3.4  5   995.9  5   988.6  5   27.0  5    6.2  5    8.7  999.9    22.0*   10.9*   0.0G 999.9  010000
879090  20131107     9.6  6     1.6  6   999.6  6   992.1  6   27.5  6    6.0  6    8.7  999.9    23.5     6.5*   0.3G 999.9  000000
879090  20131108     7.9  6    -5.3  6  1008.9  6  1001.2  6   29.9  6    8.4  6   11.3  999.9    10.9*    0.2    2.0G 999.9  000000
879090  20131109     8.1  6    -1.8  6  1012.8  6  1005.2  6   29.9  6    6.5  6    9.8  999.9    12.5    -0.8    0.0G 999.9  000000
879090  20131110    16.3  5    -4.3  5   996.8  5   989.3  5   29.9  5   10.3  5   13.4  999.9    20.0*    7.2    0.0I 999.9  000000
879090  20131111    14.3  6    -4.7  6   988.6  6   981.3  6   29.9  6   14.1  6   18.0  999.9    22.0     8.7    0.0I 999.9  000000
879090  20131112    10.4  6    -6.0  6   996.8  6   989.4  6   29.9  6   13.2  6   14.4  999.9    17.8     4.7    0.0G 999.9  000000
879090  20131113     9.1  6    -5.5  6  1007.2  6   999.6  6   29.9  6    7.1  6   11.3  999.9    14.7    -2.1    0.0I 999.9  000000
