874160  20130101    20.5  4     4.5  4  1017.6  4   944.2  4   15.0  4    3.7  4    4.6  999.9    29.9    13.6    0.0I 999.9  000000
874160  20130102    21.9  4     6.4  4  1013.2  4   939.8  4   15.0  4    2.8  4    4.1  999.9    29.8*   13.2    0.0I 999.9  000000
874160  20130103    25.1  4    10.1  4  1007.2  4   935.0  4   15.0  4    1.7  4    2.6  999.9    33.2*   15.1    0.0I 999.9  000000
874160  20130105    26.4  4    12.5  4  1007.1  4   935.3  4   15.0  4    2.0  4    3.6  999.9    33.5*   20.7    0.0I 999.9  000000
874160  20130106    27.7  4    12.6  4  1003.6  4   932.3  4   15.0  4    3.3  4    4.1  999.9    34.8    19.5    0.0I 999.9  000000
874160  20130107    28.2  4    15.8  4   998.6  4   927.9  4   15.0  4    2.2  4    4.1  999.9    36.4    20.3    0.0I 999.9  000000
874160  20130108    27.7  4    12.9  4  1003.7  4   932.7  4   15.0  4    4.6  4    6.2  999.9    36.4    21.4    0.0I 999.9  000000
874160  20130109    27.0  4    14.3  4  1011.4  4   939.5  4   15.0  4    2.2  4    2.6  999.9    34.1*   19.5    0.0I 999.9  000000
874160  20130110    29.5  4    16.7  4  1008.5  4   937.3  4   15.0  4    2.2  4    4.6  999.9    37.0*   22.3    0.0I 999.9  000000
874160  20130111    31.5  4    15.3  4  1004.2  4   933.8  4   15.0  4    3.1  4    3.6  999.9    38.1    24.6    0.0I 999.9  000000
874160  20130112    30.3  4    18.6  4  1004.6  4   934.0  4   15.0  4    2.6  4    5.1  999.9    38.8    22.5    0.0G 999.9  000000
874160  20130113    28.2  4    16.9  4  1008.1  4   936.8  4   15.0  4    3.6  4    4.1  999.9    37.5    21.6    0.0I 999.9  000000
874160  20130114    27.2  4    17.6  4  1010.4  4   938.8  4   15.0  4    2.6  4    4.1  999.9    36.7    20.5    5.1G 999.9  000000
874160  20130115    29.0  4    17.6  4  1005.3  4   934.1  4   15.0  4    2.0  4    2.6  999.9    35.5*   22.5    0.0G 999.9  000000
874160  20130116    26.3  4    17.4  4  1005.1  4   933.7  4   15.0  4    2.5  4    5.7  999.9    36.5    19.2    0.0I 999.9  000000
874160  20130117    25.3  4    15.6  4  1012.2  4   939.9  4   15.0  4    2.8  4    4.6  999.9    33.4    19.7    0.0G 999.9  000010
874160  20130118    26.8  4    13.3  4  1012.1  4   940.2  4   15.0  4    3.2  4    4.1  999.9    33.6    21.0    0.0I 999.9  000000
874160  20130119    25.2  4    14.2  4  1013.5  4   941.3  4   15.0  4    1.8  4    2.1  999.9    34.4    20.9*   0.0I 999.9  000000
874160  20130120    21.8  4    14.5  4  1016.7  4   943.4  4   13.5  4    2.3  4    3.1  999.9    30.0    17.4    0.0G 999.9  010000
874160  20130121    23.4  4    16.8  4  1013.5  4   940.5  4   15.0  4    2.7  4    4.6  999.9    29.5    17.7    0.0G 999.9  000000
874160  20130122    24.8  4    16.9  4  1011.8  4   939.2  4   15.0  4    1.4  4    1.5  999.9    30.2*   18.0    0.0I 999.9  000000
874160  20130123    25.8  4    13.4  4  1009.7  4   937.6  4   15.0  4    2.3  4    4.1  999.9    34.4*   18.1    0.0I 999.9  000000
874160  20130124    28.7  4    12.4  4  1004.2  4   933.2  4   15.0  4    1.8  4    3.1  999.9    36.1    19.6    0.0I 999.9  000000
874160  20130125    23.1  4    10.0  4  1010.7  4   938.5  4   15.0  4    2.8  4    5.7  999.9    36.5    15.4    0.0I 999.9  000000
874160  20130126    23.9  4    12.2  4  1010.7  4   937.8  4   15.0  4    2.6  4    3.6  999.9    31.9*   16.4    0.0I 999.9  000000
874160  20130127    24.6  4    13.7  4  1007.4  4   935.5  4   12.7  4    4.0  4   10.3  999.9    34.4    20.0    2.0A 999.9  010010
874160  20130128    23.3  4    14.0  4  1012.4  4   939.4  4   15.0  4    2.1  4    3.1  999.9    34.5    18.8    6.1G 999.9  000000
874160  20130129    23.2  4    13.7  4  1013.6  4   940.7  4   15.0  4    1.9  4    2.6  999.9    30.5    18.6    0.0G 999.9  000000
874160  20130130    25.8  4    15.5  4  1009.0  4   937.0  4   15.0  4    2.1  4    3.1  999.9    31.0*   21.4    0.0I 999.9  000000
874160  20130131    22.5  4    17.8  4  1007.6  4   935.1  4   15.0  4    3.3  4    4.6  999.9    34.1    17.2   21.1G 999.9  000010
874160  20130201    27.3  4    17.9  4  1003.0  4   931.5  4   15.0  4    2.3  4    3.1  999.9    34.1*   19.9    0.0G 999.9  000000
874160  20130202    26.6  4    12.1  4  1010.7  4   938.9  4   15.0  4    3.6  4    4.6  999.9    36.6    20.5    0.0I 999.9  000000
874160  20130203    24.1  4    10.1  4  1014.7  4   941.9  4   15.0  4    1.9  4    3.1  999.9    32.5    16.5    0.0I 999.9  000000
874160  20130204    26.5  4    15.6  4  1007.0  4   935.2  4   15.0  4    1.9  4    3.1  999.9    33.6*   18.6    0.0I 999.9  000000
874160  20130205    29.0  4    15.4  4  1005.6  4   934.5  4   15.0  4    2.6  4    4.1  999.9    36.5    18.6    0.0I 999.9  000000
874160  20130206    28.4  4    15.6  4  1008.2  4   937.0  4   15.0  4    2.6  4    3.6  999.9    38.2    22.5    0.0I 999.9  000000
874160  20130207    28.8  4    16.0  4  1009.0  4   937.6  4   15.0  4    2.7  4    3.6  999.9    36.7    22.0    0.0I 999.9  000000
874160  20130208    28.7  4    12.1  4  1005.3  4   934.3  4   15.0  4    2.3  4    3.1  999.9    36.6    21.0    0.0I 999.9  000000
874160  20130209    26.7  4    15.3  4  1005.2  4   933.8  4   15.0  4    3.2  4    4.6  999.9    36.2    20.5    0.0A 999.9  000000
874160  20130210    22.9  4    16.2  4  1007.0  4   934.8  4   13.2  4    2.8  4    5.1  999.9    35.0    18.3    7.1G 999.9  010010
874160  20130211    25.0  4    13.8  4  1008.0  4   935.8  4   15.0  4    3.3  4    4.6  999.9    30.9*   18.1    0.0G 999.9  000000
874160  20130212    27.4  4    13.0  4  1001.5  4   930.2  4   15.0  4    2.7  4    4.6  999.9    33.2*   19.1    0.0I 999.9  000000
874160  20130213    27.1  4    12.2  4  1003.8  4   932.5  4   15.0  4    4.4  4    6.2  999.9    35.3    20.2    0.0I 999.9  000000
874160  20130214    26.5  4    12.2  4  1007.7  4   935.9  4   15.0  4    2.1  4    2.6  999.9    33.7    20.0    0.0I 999.9  000000
874160  20130215    27.8  4    14.7  4  1005.9  4   934.6  4   15.0  4    1.5  4    3.1  999.9    34.5    20.3    0.0I 999.9  000000
874160  20130216    23.9  4    16.7  4  1002.2  4   930.5  4   13.7  4    3.3  4    4.1  999.9    35.9    16.4    3.0G 999.9  010010
874160  20130217    22.8  4     8.2  4  1006.4  4   934.2  4   15.0  4    4.5  4    5.7  999.9    32.8    17.6    0.0G 999.9  000000
874160  20130218    18.2  4     1.4  4  1017.8  4   943.5  4   15.0  4    1.4  4    2.6  999.9    24.0    13.4    0.0I 999.9  000000
874160  20130219    19.4  4     3.0  4  1014.7  4   940.8  4   15.0  4    1.9  4    2.6  999.9    26.6*    9.1    0.0I 999.9  000000
874160  20130220    20.5  4    10.4  4  1012.7  4   939.2  4   15.0  4    3.8  4    5.7  999.9    28.4    13.2    0.0I 999.9  000000
874160  20130221    22.9  4    11.4  4  1012.2  4   939.1  4   15.0  4    3.1  4    4.6  999.9    29.2*   15.4    0.0I 999.9  000000
874160  20130222    25.0  4    13.8  4  1008.2  4   936.1  4   15.0  4    1.9  4    3.1  999.9    31.7    17.5    0.0I 999.9  000000
874160  20130223    25.7  4    15.8  4  1004.5  4   932.7  4   15.0  4    2.3  4    3.1  999.9    33.0    18.6    0.0I 999.9  000000
874160  20130224    24.4  4     9.8  4  1008.8  4   936.8  4   15.0  4    3.5  4    4.6  999.9    34.3    18.5    0.0I 999.9  000000
874160  20130225    19.8  4     5.5  4  1015.2  4   941.6  4   15.0  4    3.0  4    4.1  999.9    28.5    13.6    0.0I 999.9  000000
874160  20130226    20.5  4     6.4  4  1013.7  4   940.0  4   15.0  4    2.1  4    3.1  999.9    27.2*   12.2    0.0I 999.9  000000
874160  20130227    23.2  4    10.9  4  1008.6  4   935.8  4   15.0  4    1.6  4    3.1  999.9    31.4*   14.4    0.0I 999.9  000000
874160  20130228    25.4  4    14.9  4  1003.3  4   931.5  4   15.0  4    2.1  4    2.6  999.9    33.9    17.4    0.0I 999.9  000000
874160  20130301    24.6  4    15.7  4   999.9  4   928.6  4   15.0  4    2.2  4    3.1  999.9    36.0    19.0    0.0I 999.9  000000
874160  20130302    19.1  4     8.0  4  1012.2  4   938.7  4   15.0  4    1.9  4    3.1  999.9    27.0    10.4    0.0I 999.9  000000
874160  20130303    18.4  4     6.3  4  1017.9  4   943.6  4   15.0  4    2.3  4    3.6  999.9    26.2    12.0    0.0I 999.9  000000
874160  20130304    20.3  4     7.4  4  1016.3  4   942.4  4   15.0  4    2.0  4    2.6  999.9    27.5*   14.9    0.0I 999.9  000000
874160  20130305    21.9  4     9.7  4  1010.0  4   937.0  4   15.0  4    1.8  4    4.1  999.9    30.5*   13.0    0.0I 999.9  000000
874160  20130306    23.2  4    10.2  4  1003.7  4   931.4  4   15.0  4    1.9  4    2.6  999.9    31.5    15.6    0.0I 999.9  000000
874160  20130307    22.5  4     8.4  4  1007.9  4   935.4  4   15.0  4    4.0  4    4.6  999.9    33.2    13.6    0.0I 999.9  000000
874160  20130308    23.0  4     9.7  4  1008.7  4   936.0  4   15.0  4    1.3  4    2.1  999.9    30.1*   16.5    0.0I 999.9  000000
874160  20130309    25.8  4    15.0  4  1005.2  4   933.3  4   15.0  4    1.6  4    2.6  999.9    32.0    18.1    0.0I 999.9  000000
874160  20130310    25.7  4    13.0  4  1007.6  4   935.9  4   15.0  4    2.2  4    2.6  999.9    35.0    20.0    0.0I 999.9  000000
874160  20130312    22.3  4     6.9  4  1008.8  4   936.2  4   15.0  4    3.2  4    3.6  999.9    31.3    15.1    0.0I 999.9  000000
874160  20130313    18.4  4     8.2  4  1013.7  4   940.1  4   15.0  4    4.4  4    6.2  999.9    30.1    13.9*   0.0I 999.9  000000
874160  20130314     9.7  4     7.6  4  1021.8  4   945.2  4   10.5  4    4.0  4    4.6  999.9    16.5     7.9    5.1G 999.9  010000
874160  20130315    11.0  4     8.3  4  1023.3  4   946.7  4   13.2  4    3.0  4    4.1  999.9    14.2     8.6    0.3G 999.9  010000
874160  20130316    12.5  4     9.4  4  1022.1  4   945.9  4   15.0  4    1.8  4    2.6  999.9    14.5     9.2    0.0G 999.9  000000
874160  20130317    16.1  4    13.1  4  1020.3  4   945.0  4    9.0  4    1.4  4    2.6  999.9    20.3*   11.7    0.5G 999.9  010000
874160  20130320    18.8  4    10.7  4  1010.3  4   936.6  4   15.0  4    1.5  4    2.1  999.9    26.9*   11.4    0.0I 999.9  000000
874160  20130321    19.2  4     9.3  4  1012.2  4   938.5  4   15.0  4    2.8  4    5.1  999.9    28.6    13.5    0.0I 999.9  000000
874160  20130322    19.2  4     5.0  4  1013.5  4   939.7  4   15.0  4    2.7  4    4.6  999.9    25.8*   13.2    0.0I 999.9  000000
874160  20130323    21.3  4    10.7  4  1013.5  4   939.9  4   15.0  4    1.6  4    2.6  999.9    28.6*   13.9    0.0I 999.9  000000
874160  20130324    20.5  4    15.1  4  1009.6  4   936.6  4   13.2  4    1.9  4    4.1  999.9    30.2    12.3   64.0G 999.9  000010
874160  20130325    19.6  4    10.4  4  1013.3  4   939.7  4   15.0  4    2.6  4    3.1  999.9    27.6    15.6    0.0G 999.9  000000
874160  20130326    17.5  4     8.0  4  1018.9  4   944.2  4   15.0  4    1.4  4    2.1  999.9    26.5*    9.8    0.0I 999.9  000000
874160  20130327    20.8  4    10.3  4  1015.8  4   942.0  4   15.0  4    2.1  4    2.6  999.9    29.2*   13.3    0.0I 999.9  000000
874160  20130328    21.4  4    11.4  4  1014.2  4   940.9  4   15.0  4    1.8  4    2.6  999.9    31.2    12.9    0.0I 999.9  000000
874160  20130329    21.8  4    12.1  4  1010.9  4   937.8  4   15.0  4    1.9  4    2.6  999.9    31.2    13.6    0.0I 999.9  000000
874160  20130330    22.0  4    12.0  4  1008.5  4   935.6  4   15.0  4    1.9  4    2.6  999.9    31.1    14.5    0.0I 999.9  000000
874160  20130331    16.7  4    13.6  4  1014.2  4   940.2  4   13.2  4    3.9  4    5.1  999.9    31.5    13.9    8.9G 999.9  010010
874160  20130401    14.0  4    10.4  4  1019.0  4   943.6  4   15.0  4    2.8  4    4.1  999.9    17.4    11.3    0.8G 999.9  000000
874160  20130402    13.3  4     9.4  4  1020.0  4   944.3  4   15.0  4    2.1  4    3.6  999.9    17.7     9.9    0.5G 999.9  000000
874160  20130403    13.8  4     9.5  4  1020.4  4   944.6  4   15.0  4    1.1  4    2.1  999.9    20.0*    8.9    0.0G 999.9  000000
874160  20130404    15.5  4     9.2  4  1012.6  4   937.8  4   15.0  4    1.1  4    1.5  999.9    23.5*    9.0    0.0I 999.9  000000
874160  20130405    16.7  4    10.3  4  1006.9  4   932.8  4   15.0  4    1.5  4    2.1  999.9    26.3*    9.8    0.0I 999.9  000000
874160  20130406    17.4  4     7.1  4  1010.7  4   936.8  4   15.0  4    3.7  4    5.7  999.9    28.2    12.7    0.0I 999.9  000000
874160  20130407    15.4  4     4.7  4  1016.0  4   941.0  4   15.0  4    2.5  4    3.6  999.9    23.4*    8.7    0.0I 999.9  000000
874160  20130408    16.2  4     7.8  4  1016.2  4   941.2  4   15.0  4    1.8  4    3.1  999.9    25.6*    9.6    0.0I 999.9  000000
874160  20130409    19.0  4    11.3  4  1010.3  4   936.5  4   15.0  4    1.5  4    2.1  999.9    27.0    11.8    0.0I 999.9  000000
874160  20130410    19.4  4    10.4  4  1007.0  4   933.7  4   15.0  4    2.4  4    5.1  999.9    27.8    13.8    0.0I 999.9  000000
874160  20130411    17.2  4     9.9  4  1008.2  4   934.6  4   15.0  4    3.7  4    5.1  999.9    27.5    12.2    0.0I 999.9  000000
874160  20130412    12.8  4     0.6  4  1019.2  4   943.7  4   15.0  4    4.2  4    5.1  999.9    19.5     9.5    0.0I 999.9  000000
874160  20130413    11.4  4     1.9  4  1020.2  4   943.9  4   15.0  4    2.5  4    3.6  999.9    20.2*    5.4    0.0I 999.9  000000
874160  20130415    16.8  4     9.3  4  1016.3  4   941.5  4   15.0  4    1.9  4    3.6  999.9    27.2*    9.0    0.0I 999.9  000000
874160  20130416    18.5  4    10.1  4  1014.4  4   940.2  4   15.0  4    2.1  4    2.6  999.9    29.5    12.1    0.0I 999.9  000000
874160  20130417    19.7  4    10.2  4  1013.0  4   939.3  4   15.0  4    2.3  4    3.1  999.9    30.1    12.2    0.0I 999.9  000000
874160  20130418    19.7  4    11.0  4  1011.8  4   938.2  4   15.0  4    2.4  4    4.1  999.9    30.6    12.5    0.0I 999.9  000000
874160  20130419    19.7  4    10.8  4  1011.8  4   938.2  4   15.0  4    1.7  4    2.1  999.9    30.7    11.6    0.0I 999.9  000000
874160  20130420    19.4  4    10.4  4  1011.6  4   938.0  4   15.0  4    1.3  4    2.1  999.9    30.6    11.5    0.0I 999.9  000000
874160  20130421    19.8  4    11.5  4  1012.2  4   938.6  4   15.0  4    1.4  4    1.5  999.9    29.8    14.0    0.0I 999.9  000000
874160  20130422    19.6  4     9.8  4  1012.6  4   939.2  4   15.0  4    1.9  4    2.6  999.9    30.0    14.2    0.0I 999.9  000000
874160  20130423    21.2  4    11.0  4  1014.6  4   941.2  4   15.0  4    2.2  4    2.6  999.9    29.8    14.9    0.0I 999.9  000000
874160  20130424    20.5  4    12.1  4  1012.2  4   938.7  4   15.0  4    2.2  4    3.1  999.9    28.4*   14.3    0.0I 999.9  000000
874160  20130425    20.6  4    11.8  4  1009.7  4   936.4  4   15.0  4    2.5  4    5.1  999.9    29.7    15.0    0.0I 999.9  000000
874160  20130426    20.5  4    12.1  4  1007.4  4   934.4  4   15.0  4    2.5  4    3.6  999.9    28.5    14.5    0.0I 999.9  000000
874160  20130427    13.8  4     7.8  4  1013.3  4   938.6  4   15.0  4    2.1  4    2.6  999.9    26.4     7.6    2.0G 999.9  000000
874160  20130428    13.5  4     6.9  4  1015.3  4   939.8  4   15.0  4    1.4  4    2.1  999.9    22.2*    8.0    0.0G 999.9  000000
874160  20130429    14.6  4     6.4  4  1013.9  4   938.9  4   15.0  4    1.7  4    2.1  999.9    23.5     8.3    0.0I 999.9  000000
874160  20130430    15.6  4     8.6  4  1012.1  4   937.4  4   15.0  4    2.3  4    3.1  999.9    24.4     9.3    0.0I 999.9  000000
874160  20130501    17.2  4    10.5  4  1008.2  4   934.2  4   15.0  4    2.0  4    3.6  999.9    25.0    11.0    0.0I 999.9  000000
874160  20130502    17.3  4    12.5  4  1010.6  4   936.7  4   15.0  4    3.8  4    5.7  999.9    26.8    13.5    0.0I 999.9  000000
874160  20130503    15.2  4    12.0  4  1012.6  4   937.9  4   15.0  4    2.3  4    4.1  999.9    19.5    10.9    0.0I 999.9  000000
874160  20130504    13.7  4     8.9  4  1016.1  4   940.7  4   15.0  4    2.2  4    4.1  999.9    21.4*    8.8    0.0I 999.9  000000
874160  20130505    15.1  4     8.3  4  1020.9  4   945.4  4   15.0  4    2.2  4    3.6  999.9    22.9*    9.2    0.0I 999.9  000000
874160  20130506    15.0  4     5.8  4  1017.5  4   942.3  4   15.0  4    3.6  4    6.2  999.9    24.2     9.0    0.0I 999.9  000000
874160  20130507    12.7  4     2.5  4  1022.2  4   946.2  4   15.0  4    1.7  4    4.1  999.9    23.5     5.0    0.0I 999.9  000000
874160  20130508    14.1  4     4.6  4  1012.0  4   937.0  4   15.0  4    2.1  4    3.1  999.9    24.5*    6.7    0.0I 999.9  000000
874160  20130509    16.1  4     7.1  4  1010.6  4   936.1  4   15.0  4    2.4  4    3.6  999.9    26.1     8.5    0.0I 999.9  000000
874160  20130510    16.5  4     7.9  4  1007.2  4   933.1  4   15.0  4    3.1  4    4.6  999.9    25.5    10.7    0.0I 999.9  000000
874160  20130511    16.2  4     6.4  4  1016.1  4   941.5  4   15.0  4    2.4  4    2.6  999.9    26.0    11.3    0.0I 999.9  000000
874160  20130512    13.0  4     3.4  4  1015.6  4   940.2  4   15.0  4    3.1  4    4.1  999.9    21.7     8.0    0.0I 999.9  000000
874160  20130513    13.2  4     4.1  4  1014.8  4   939.3  4   15.0  4    1.8  4    2.1  999.9    21.0     8.4    0.0I 999.9  000000
874160  20130514    11.0  4     4.2  4  1014.1  4   938.3  4   15.0  4    2.8  4    5.7  999.9    21.0     6.6    0.0I 999.9  000000
874160  20130515     9.3  4    -1.7  4  1022.6  4   945.8  4   15.0  4    2.9  4    4.6  999.9    14.6     1.9    0.0I 999.9  000000
874160  20130516     5.9  4    -3.7  4  1025.3  4   947.3  4   15.0  4    1.7  4    2.1  999.9    15.5    -0.5    0.0I 999.9  000000
874160  20130517     7.6  4    -3.0  4  1020.6  4   943.2  4   15.0  4    2.8  4    4.1  999.9    16.8     1.0    0.0I 999.9  000000
874160  20130518    10.2  4     5.2  4  1018.3  4   941.8  4   13.2  4    2.3  4    3.6  999.9    17.0     1.9    1.0G 999.9  010000
874160  20130519    11.9  4     6.2  4  1023.0  4   946.3  4   15.0  4    2.2  4    3.6  999.9    17.9*    7.6    0.0G 999.9  000000
874160  20130520    10.3  4     4.8  4  1019.4  4   943.0  4   15.0  4    1.5  4    3.1  999.9    18.9     4.5    0.0I 999.9  000000
874160  20130521    12.2  4     5.0  4  1015.8  4   939.9  4   15.0  4    2.7  4    3.6  999.9    19.3*    6.4    0.0I 999.9  000000
874160  20130522    11.2  4     4.4  4  1020.7  4   944.4  4   15.0  4    2.8  4    3.6  999.9    19.5     4.6    0.0I 999.9  000000
874160  20130523    10.8  4     4.3  4  1018.1  4   941.8  4   15.0  4    1.8  4    2.6  999.9    20.4*    5.4    0.0I 999.9  000000
874160  20130524    11.7  4     4.1  4  1020.7  4   944.4  4   15.0  4    2.1  4    3.1  999.9    21.4     5.3    0.0I 999.9  000000
874160  20130525    11.6  4     4.2  4  1016.2  4   940.3  4   15.0  4    2.2  4    3.1  999.9    21.7     5.9    0.0I 999.9  000000
874160  20130526    12.8  4     3.4  4  1011.2  4   935.8  4   15.0  4    2.8  4    4.1  999.9    23.4*    6.5    0.0I 999.9  000000
874160  20130527    11.8  4     4.1  4  1006.3  4   931.3  4   15.0  4    1.5  4    2.1  999.9    24.0     5.0    0.0I 999.9  000000
874160  20130528    13.8  4     3.3  4  1000.3  4   926.0  4   15.0  4    3.6  4    7.2  999.9    19.5     6.5    0.0I 999.9  000000
874160  20130529    10.5  4     2.3  4  1011.9  4   936.2  4   15.0  4    3.2  4    5.1  999.9    21.0     4.0    0.0I 999.9  000000
874160  20130530    10.8  4     2.3  4  1014.6  4   938.2  4   15.0  4    2.8  4    4.1  999.9    19.6     5.0    0.0I 999.9  000000
874160  20130531    12.0  4     2.6  4  1004.3  4   929.2  4   15.0  4    1.8  4    3.1  999.9    21.3*    5.6    0.0I 999.9  000000
874160  20130601    13.3  4     0.2  4  1009.4  4   934.4  4   15.0  4    2.9  4    5.1  999.9    23.1*    4.5    0.0I 999.9  000000
874160  20130602    13.8  4     0.1  4  1017.1  4   941.6  4   15.0  4    1.9  4    2.6  999.9    24.1     5.9    0.0I 999.9  000000
874160  20130603    12.0  4     0.3  4  1019.7  4   943.6  4   15.0  4    2.9  4    3.6  999.9    21.5     6.5    0.0I 999.9  000000
874160  20130604    13.0  4     2.6  4  1016.6  4   940.9  4   15.0  4    2.3  4    2.6  999.9    23.5*    5.6    0.0I 999.9  000000
874160  20130605    12.9  4     2.3  4  1013.2  4   937.8  4   15.0  4    2.7  4    6.2  999.9    24.3     7.1    0.0I 999.9  000000
874160  20130606    11.4  4    -2.0  4  1020.0  4   943.9  4   15.0  4    2.3  4    3.6  999.9    22.7     3.9    0.0I 999.9  000000
874160  20130607    11.3  4    -2.5  4  1016.0  4   940.0  4   15.0  4    3.2  4    6.2  999.9    21.6*    4.4    0.0I 999.9  000000
874160  20130608    11.0  4    -0.8  4  1021.7  4   945.3  4   15.0  4    2.8  4    4.1  999.9    22.0     4.4    0.0I 999.9  000000
874160  20130609    11.6  4     1.7  4  1017.5  4   941.4  4   15.0  4    2.4  4    3.6  999.9    20.7     4.7    0.0I 999.9  000000
874160  20130610    10.8  4     2.5  4  1018.1  4   941.8  4   15.0  4    2.3  4    3.6  999.9    20.7     4.5    0.0I 999.9  000000
874160  20130611    11.2  4     4.3  4  1017.4  4   941.2  4   15.0  4    2.2  4    3.1  999.9    21.9*    5.1    0.0I 999.9  000000
874160  20130612    13.4  4     4.2  4  1016.5  4   940.9  4   15.0  4    2.7  4    4.1  999.9    24.1*    5.5    0.0I 999.9  000000
874160  20130613    13.7  4     4.2  4  1015.7  4   940.3  4   15.0  4    2.8  4    4.1  999.9    24.5     7.0    0.0I 999.9  000000
874160  20130614    14.0  4     4.7  4  1019.1  4   943.6  4   15.0  4    3.2  4    4.6  999.9    25.1     7.9    0.0I 999.9  000000
874160  20130615    10.6  4     6.6  4  1014.6  4   938.7  4   15.0  4    2.5  4    3.1  999.9    18.6*    4.9    0.0I 999.9  000000
874160  20130616    11.4  4     4.6  4  1016.2  4   940.3  4   16.3  4    1.9  4    3.1  999.9    20.3     5.7    0.0I 999.9  000000
874160  20130617     6.3  4    -2.6  4  1018.8  4   941.6  4   15.0  4    2.5  4    3.1  999.9    14.9*   -0.2    0.0I 999.9  000000
874160  20130618     5.9  4    -1.4  4  1015.6  4   938.2  4   15.0  4    2.7  4    4.6  999.9    15.4     0.1    0.0I 999.9  000000
874160  20130619     5.5  4    -8.0  4  1025.3  4   947.2  4   15.0  4    3.9  4    5.7  999.9    15.9     1.3    0.0I 999.9  000000
874160  20130620     2.8  4    -5.6  4  1024.5  4   945.7  4   15.0  4    2.1  4    3.1  999.9    12.4*   -3.1    0.0I 999.9  000000
874160  20130621     5.5  4    -3.0  4  1015.8  4   938.1  4   15.0  4    2.5  4    3.1  999.9    18.2*   -2.4    0.0I 999.9  000000
874160  20130622     9.7  4    -2.0  4  1013.3  4   936.9  4   15.0  4    3.3  4    4.1  999.9    19.8    -0.2    0.0I 999.9  000000
874160  20130623     9.6  4     1.7  4  1020.0  4   943.3  4   15.0  4    3.3  4    4.1  999.9    15.1     6.5    0.0I 999.9  000000
874160  20130624     6.9  4     0.1  4  1021.4  4   944.1  4   15.0  4    2.1  4    3.1  999.9    14.9*    1.2    0.0I 999.9  000000
874160  20130625     6.8  4     0.6  4  1019.0  4   941.6  4   15.0  4    2.7  4    3.6  999.9    16.5*    0.5    0.0I 999.9  000000
874160  20130626     6.7  4     0.0  4  1016.5  4   939.2  4   15.0  4    2.2  4    3.6  999.9    17.5     1.5    0.0I 999.9  000000
874160  20130627     7.5  4     1.5  4  1009.6  4   933.0  4   15.0  4    2.2  4    4.1  999.9    16.8*    1.6    0.0I 999.9  000000
874160  20130628    13.5  4     4.0  4  1008.4  4   933.2  4   15.0  4    3.2  4    4.1  999.9    19.3*    2.0    0.0I 999.9  000000
874160  20130629     9.1  4    -0.3  4  1014.9  4   938.7  4   15.0  4    2.2  4    3.1  999.9    19.6     2.4    0.0I 999.9  000000
874160  20130630     7.8  4    -2.3  4  1019.3  4   942.3  4   15.0  4    3.3  4    4.6  999.9    18.1     2.2    0.0I 999.9  000000
874160  20130701     6.6  4    -1.1  4  1022.4  4   944.8  4   15.0  4    2.6  4    3.1  999.9    15.2     0.4    0.0I 999.9  000000
874160  20130702     7.6  4    -0.3  4  1011.7  4   934.9  4   15.0  4    2.2  4    3.6  999.9    15.3*    0.9    0.0I 999.9  000000
874160  20130703     9.1  4     1.8  4  1006.5  4   930.6  4   15.0  4    2.4  4    4.6  999.9    18.2*    1.6    0.0I 999.9  000000
874160  20130704    10.9  4     1.2  4  1016.2  4   940.1  4   15.0  4    3.1  4    3.1  999.9    18.7     4.3    0.0I 999.9  000000
874160  20130705     9.5  4    -0.5  4  1015.0  4   938.7  4   15.0  4    2.1  4    2.6  999.9    15.0     5.9    0.0I 999.9  000000
874160  20130706     6.7  4    -1.0  4  1020.4  4   943.1  4   15.0  4    3.2  4    4.1  999.9    14.8     1.3    0.0I 999.9  000000
874160  20130707     7.0  4     1.7  4  1026.4  4   948.5  4   15.0  4    3.3  4    5.1  999.9    11.7     2.2    0.0I 999.9  000000
874160  20130708     5.9  4     1.3  4  1026.2  4   948.1  4   15.0  4    1.5  4    2.1  999.9     7.9*    3.8    0.0I 999.9  000000
874160  20130709     7.0  4     2.2  4  1016.9  4   939.6  4   15.0  4    2.1  4    3.1  999.9    13.7*    0.5    0.0I 999.9  000000
874160  20130710     7.0  4     0.8  4  1014.3  4   937.2  4   15.0  4    1.8  4    2.6  999.9    15.9*    1.5    0.0I 999.9  000000
874160  20130711     9.4  5     1.9  5  1015.9  4   940.8  5   15.0  5    2.5  5    5.7  999.9    20.0     1.0    0.0I 999.9  000000
874160  20130713     9.9  4     1.2  4  1016.3  4   939.9  4   15.0  4    3.1  4    3.6  999.9    19.2*    2.9    0.0I 999.9  000000
874160  20130714    10.8  4     0.4  4  1020.1  4   943.8  4   15.0  4    3.5  4    6.7  999.9    20.6     3.7    0.0I 999.9  000000
874160  20130715     8.6  4    -1.2  4  1021.6  4   944.4  4   15.0  4    2.8  4    4.1  999.9    19.4*    3.0    0.0I 999.9  000000
874160  20130716    10.5  4     0.7  4  1016.9  4   940.5  4   15.0  4    2.2  4    3.1  999.9    22.2*    3.3    0.0I 999.9  000000
874160  20130717    11.5  4    -0.4  4  1011.8  4   936.2  4   15.0  4    2.2  4    2.6  999.9    24.0     4.5    0.0I 999.9  000000
874160  20130719     3.7  4    -3.3  4  1025.1  4   946.5  4   15.0  4    2.8  4    3.6  999.9     6.6     1.7    0.0I 999.9  000000
874160  20130720     2.5  4    -6.0  4  1015.3  4   936.9  4   15.0  4    4.0  4    7.2  999.9    10.5*   -4.0    0.0I 999.9  000000
874160  20130721     2.7  4    -5.8  4  1026.8  4   947.9  4   15.0  4    3.7  4    5.7  999.9    10.8    -3.4    0.0I 999.9  000000
874160  20130722     2.4  4    -5.5  4  1030.9  4   951.5  4   15.0  4    2.5  4    5.1  999.9     8.3    -2.4    0.0I 999.9  000000
874160  20130723     2.2  4    -5.5  4  1027.9  4   948.4  4   15.0  4    2.3  4    4.1  999.9    12.4*   -4.0    0.0I 999.9  000000
874160  20130724     4.2  4    -3.9  4  1027.7  4   948.9  4   15.0  4    3.1  4    5.7  999.9    13.6*   -2.7    0.0I 999.9  000000
874160  20130725     5.4  4    -4.0  4  1019.9  4   942.0  4   15.0  4    1.8  4    2.6  999.9    16.3    -1.5    0.0I 999.9  000000
874160  20130726     7.4  4    -5.9  4  1014.4  4   937.4  4   15.0  4    2.2  4    2.6  999.9    17.1    -1.8    0.0I 999.9  000000
874160  20130727     9.3  4    -3.8  4  1021.8  4   944.8  4   15.0  4    1.9  4    2.6  999.9    18.5     0.9    0.0I 999.9  000000
874160  20130728     9.0  4    -1.9  4  1020.6  4   943.7  4   15.0  4    1.8  4    3.1  999.9    18.7     3.4    0.0I 999.9  000000
874160  20130729    10.4  4    -1.1  4  1018.5  4   942.0  4   15.0  4    1.9  4    2.6  999.9    19.8     3.6    0.0I 999.9  000000
874160  20130730    13.2  4     1.3  4  1012.5  4   937.0  4   15.0  4    1.4  4    2.6  999.9    22.0*    5.3    0.0I 999.9  000000
874160  20130731    13.8  4     1.8  4  1016.0  4   940.8  4   15.0  4    2.9  4    5.1  999.9    22.6     9.5    0.0I 999.9  000000
874160  20130802     9.9  4    -2.2  4  1020.4  4   943.7  4   15.0  4    1.8  4    2.6  999.9    17.9*    1.8    0.0I 999.9  000000
874160  20130803     8.9  4    -1.7  4  1013.4  4   937.0  4   15.0  4    1.4  4    2.1  999.9    18.9*    2.6    0.0I 999.9  000000
874160  20130804    10.6  4    -1.7  4  1015.8  4   939.5  4   15.0  4    2.8  4    4.6  999.9    20.4     3.1    0.0I 999.9  000000
874160  20130805    11.2  4     2.1  4  1012.9  4   937.1  4   15.0  4    2.1  4    4.1  999.9    21.4*    3.5    0.0I 999.9  000000
874160  20130806    12.3  4     0.0  4  1014.0  4   938.4  4   15.0  4    1.3  4    2.6  999.9    22.7     4.0    0.0I 999.9  000000
874160  20130807    12.8  4     0.7  4  1002.1  4   927.6  4   15.0  4    2.9  4    4.6  999.9    22.5     6.0    0.0I 999.9  000000
874160  20130808     9.2  4    -0.3  4  1017.2  4   940.8  4   15.0  4    2.9  4    4.6  999.9    16.8     5.2    0.0I 999.9  000000
874160  20130809     7.3  4    -4.9  4  1029.0  4   951.0  4   15.0  4    2.1  4    3.1  999.9    14.2*    1.5    0.0I 999.9  000000
874160  20130810     6.9  4    -5.2  4  1023.7  4   945.9  4   15.0  4    3.5  4    6.7  999.9    15.6    -1.5    0.0I 999.9  000000
874160  20130811     8.9  4    -3.8  4  1013.0  4   936.4  4   15.0  4    3.0  4    4.1  999.9    19.6*   -0.1    0.0I 999.9  000000
874160  20130812     8.7  4     0.6  4  1017.1  4   940.6  4   13.2  4    2.7  4    5.1  999.9    21.4     2.5    0.0B 999.9  010000
874160  20130813     5.8  5     0.8  5  1030.0  5   951.4  5   15.0  5    0.5  5    1.5  999.9    11.7*    2.7*   2.0G 999.9  000000
874160  20130814     6.2  4    -0.9  4  1029.5  4   951.1  4   15.0  4    3.1  4   10.3  999.9    15.9*   -1.8    0.0G 999.9  000000
874160  20130815     8.5  4    -1.5  4  1017.9  4   941.0  4   15.0  4    2.4  4    3.6  999.9    17.4     0.2    0.0I 999.9  000000
874160  20130816    10.6  4    -2.6  4  1023.3  4   946.4  4   15.0  4    1.9  4    4.1  999.9    19.2     1.7    0.0I 999.9  000000
874160  20130817     9.0  4    -7.6  4  1023.0  4   946.1  4   15.0  4    1.3  4    2.6  999.9    18.7*    0.9    0.0I 999.9  000000
874160  20130818    10.1  4    -4.3  4  1015.5  4   939.1  4   15.0  4    3.3  4    6.7  999.9    20.8*    2.5    0.0I 999.9  000000
874160  20130819    12.6  4    -2.6  4  1011.8  4   936.2  4   15.0  4    1.3  4    2.6  999.9    25.5*    4.0    0.0I 999.9  000000
874160  20130820    14.8  4    -3.8  4  1012.7  4   938.0  4   15.0  4    2.1  4    3.1  999.9    26.5     6.6    0.0I 999.9  000000
874160  20130821    13.6  4    -1.0  4  1011.6  4   936.6  4   15.0  4    1.4  4    2.6  999.9    23.2     6.0    0.0I 999.9  000000
874160  20130822     8.4  4    -6.0  4  1019.7  4   943.1  4   15.0  4    4.4  4    6.7  999.9    23.0     2.5    0.0I 999.9  000000
874160  20130824     4.9  4    -8.9  4  1027.4  4   949.0  4   15.0  4    4.3  4    9.3  999.9    12.1    -0.5    0.0I 999.9  000000
874160  20130825     3.7  4    -3.8  4  1032.4  4   953.2  4   15.0  4    2.6  4    4.1  999.9     9.5    -1.2    0.0I 999.9  000000
874160  20130826     4.7  4    -4.8  4  1032.4  4   953.4  4   15.0  4    2.3  4    2.6  999.9    12.5*   -1.5    0.0I 999.9  000000
874160  20130827     8.1  4    -2.9  4  1024.9  4   947.1  4   15.0  4    2.3  4    4.1  999.9    18.9*    0.3    0.0I 999.9  000000
874160  20130828    13.2  4    -1.8  4  1020.0  4   943.9  4   15.0  4    2.7  4    4.1  999.9    24.4*    2.5    0.0I 999.9  000000
874160  20130829    15.2  4    -3.0  4  1013.1  4   938.1  4   15.0  4    2.0  4    3.1  999.9    27.4*    6.0    0.0I 999.9  000000
874160  20130830    15.9  4    -0.4  4  1009.2  4   934.9  4   15.0  4    1.9  4    2.6  999.9    29.0     7.9    0.0I 999.9  000000
874160  20130831    18.3  4    -0.7  4  1009.5  4   935.6  4   15.0  4    3.3  4    4.6  999.9    28.0    11.0    0.0I 999.9  000000
874160  20130901    16.8  4     0.6  4  1012.3  4   938.0  4   15.0  4    3.1  4    4.6  999.9    26.5    11.4    0.0I 999.9  000000
874160  20130902    14.5  4     1.6  4  1015.3  4   940.4  4   15.0  4    3.1  4    3.6  999.9    23.2     7.6    0.0I 999.9  000000
874160  20130903    12.9  4     1.0  4  1022.5  4   946.5  4   15.0  4    3.9  4    4.6  999.9    20.8     8.9    0.0I 999.9  000000
874160  20130904    12.1  4     0.7  4  1017.0  4   941.1  4   15.0  4    2.3  4    4.1  999.9    20.5*    4.4    0.0I 999.9  000000
874160  20130905    14.7  4     2.4  4  1011.8  4   936.8  4   15.0  4    2.2  4    4.1  999.9    23.2*    6.0    0.0I 999.9  000000
874160  20130906    17.0  4     3.3  4  1011.2  4   936.9  4   15.0  4    3.3  4    4.6  999.9    25.5*    9.7    0.0I 999.9  000000
874160  20130907    20.6  4     5.1  4  1008.9  4   935.5  4   15.0  4    2.7  4    3.1  999.9    28.1*   11.2    0.0I 999.9  000000
874160  20130908    21.8  4     5.9  4  1012.6  4   939.5  4   15.0  4    4.0  4    5.7  999.9    30.6    13.6    0.0I 999.9  000000
874160  20130909    19.9  4     6.3  4  1007.1  4   934.0  4   15.0  4    2.6  4    3.1  999.9    29.9*   13.5    0.0I 999.9  000000
874160  20130910    22.5  4     7.0  4  1001.8  4   929.4  4   15.0  4    2.7  4    5.7  999.9    34.4*   12.2    0.0I 999.9  000000
874160  20130911    19.0  4     2.4  4  1008.7  4   935.7  4   15.0  4    4.9  4    7.2  999.9    34.9    11.3    0.0I 999.9  000000
874160  20130912    12.0  4     1.0  4  1012.7  4   937.7  4   15.0  4    4.4  4    6.7  999.9    23.0     6.0    0.0I 999.9  000000
874160  20130914     7.6  4    -1.8  4  1022.0  4   944.7  4   15.0  4    3.9  4    5.7  999.9    11.7     4.9    0.0I 999.9  000000
874160  20130915     4.2  4     0.1  4  1024.4  4   946.2  4   13.7  4    4.4  4    6.2  999.9     9.6     0.6    0.8G 999.9  010000
874160  20130916     4.7  4     0.2  4  1025.3  4   946.7  4   15.0  4    3.0  4    3.6  999.9     8.9*    1.2    0.0G 999.9  000000
874160  20130917     5.8  4    -3.5  4  1025.4  4   947.1  4   15.0  4    1.4  4    2.6  999.9    14.1*   -2.5    0.0I 999.9  000000
874160  20130918     7.9  4    -3.9  4  1020.7  4   943.3  4   15.0  4    2.6  4    3.1  999.9    17.7*    0.3    0.0I 999.9  000000
874160  20130919    11.1  4    -2.7  4  1015.5  4   939.3  4   15.0  4    1.8  4    3.6  999.9    20.8*    3.0    0.0I 999.9  000000
874160  20130920    13.3  4    -1.5  4  1010.2  4   935.0  4   15.0  4    3.2  4    4.6  999.9    21.3     6.4    0.0I 999.9  000000
874160  20130921    10.1  4     0.3  4  1016.0  4   940.2  4   13.7  4    4.1  4    6.7  999.9    22.1     3.0    0.0G 999.9  010000
874160  20130922     7.2  4    -4.1  4  1025.1  4   947.2  4   15.0  4    1.9  4    2.6  999.9    16.1*   -0.6    3.0G 999.9  000000
874160  20130923     9.7  4    -2.1  4  1032.5  4   954.8  4   15.0  4    3.2  4    5.1  999.9    17.3     3.9    0.0G 999.9  000000
874160  20130924    10.6  4    -3.0  4  1027.0  4   949.8  4   15.0  4    1.8  4    2.6  999.9    18.3*    1.5    0.0I 999.9  000000
874160  20130925    11.5  4    -2.7  4  1017.7  4   941.6  4   15.0  4    2.8  4    4.6  999.9    20.0     3.5    0.0I 999.9  000000
874160  20130926    13.7  4    -0.6  4  1012.0  4   936.8  4   15.0  4    2.5  4    3.1  999.9    22.3*    4.8    0.0I 999.9  000000
874160  20130927    15.6  4    -1.5  4  1013.8  4   939.1  4   15.0  4    5.3  4    8.2  999.9    24.1     9.3    0.0I 999.9  000000
874160  20130928     6.1  4    -2.2  4  1027.2  4   949.5  4   15.0  4    6.5  4   10.8  999.9    18.3     2.0    0.0I 999.9  000000
874160  20130929     8.1  4    -3.4  4  1026.0  4   948.2  4   15.0  4    2.1  4    2.6  999.9    15.6*   -0.1    0.0I 999.9  000000
874160  20130930    11.1  4     0.3  4  1023.5  4   946.8  4   15.0  4    2.9  4    4.1  999.9    17.5     3.0    0.0I 999.9  000000
874160  20131001    12.2  4     1.9  4  1017.4  4   941.4  4   15.0  4    2.1  4    2.6  999.9    19.9*    4.9    0.0I 999.9  000000
874160  20131002    13.8  4     2.9  4  1012.9  4   937.8  4   15.0  4    3.2  4    6.7  999.9    20.8     7.4    0.0I 999.9  000000
874160  20131003    13.3  4     5.8  4  1018.7  4   943.2  4   13.7  4    3.0  4    4.6  999.9    22.1     8.5    0.5G 999.9  010010
874160  20131004    13.3  4     2.3  4  1023.3  4   947.1  4   15.0  4    3.0  4    6.7  999.9    22.0*    4.5    0.0G 999.9  000000
874160  20131005    16.0  4     0.9  4  1016.5  4   941.4  4   15.0  4    3.3  4    6.7  999.9    24.6     7.5    0.0I 999.9  000000
874160  20131006    18.4  4     2.4  4  1017.4  4   943.0  4   15.0  4    2.4  4    3.6  999.9    26.3*   10.5    0.0I 999.9  000000
874160  20131007    20.2  4     4.1  4  1014.4  4   940.7  4   15.0  4    2.5  4    3.1  999.9    27.9    14.0    0.0A 999.9  000000
874160  20131008    20.0  4     3.1  4  1009.0  4   935.5  4   15.0  4    2.7  4    5.7  999.9    30.9*    9.5    0.0G 999.9  000000
874160  20131009    20.3  4     0.9  4  1010.7  4   937.6  4   15.0  4    4.7  4    7.7  999.9    32.6    14.0    0.0I 999.9  000000
874160  20131010    17.4  4    -3.9  4  1015.0  4   940.5  4   15.0  4    2.8  4    4.6  999.9    26.9*    8.1    0.0I 999.9  000000
874160  20131011    19.0  4     1.0  4  1013.3  4   939.5  4   15.0  4    4.3  4    7.7  999.9    28.6    12.6    0.0I 999.9  000000
874160  20131013    17.7  4    10.7  4  1012.7  4   938.3  4   15.0  4    3.7  4    5.1  999.9    23.9*   12.4    0.0I 999.9  000000
874160  20131014    20.6  4    10.8  4  1013.9  4   940.0  4   15.0  4    2.7  4    4.6  999.9    29.5*   14.4    0.0I 999.9  000000
874160  20131015    22.7  4    11.4  4  1012.4  4   939.2  4   15.0  4    2.6  4    4.1  999.9    31.0    17.3    0.0I 999.9  000000
874160  20131016    21.5  4    11.6  4  1012.2  4   939.1  4   15.0  4    3.5  4    5.1  999.9    28.3    15.6    0.0I 999.9  000000
874160  20131017    22.1  4    10.2  4  1014.3  4   941.0  4   15.0  4    2.2  4    2.6  999.9    28.6    14.8    0.0I 999.9  000000
874160  20131018    23.5  4     9.8  4  1009.6  4   936.9  4   15.0  4    2.6  4    5.7  999.9    32.1*   15.5    0.0I 999.9  000000
874160  20131019    24.4  4     8.8  4  1001.9  4   930.1  4   15.0  4    2.6  4    4.1  999.9    33.6*   15.8    0.0I 999.9  000000
874160  20131020    25.3  4    -4.9  4   997.6  4   926.5  4   15.0  4    3.9  4    4.6  999.9    35.7    17.5    0.0I 999.9  000000
874160  20131021    18.9  4     1.1  4  1011.7  4   938.1  4   15.0  4    3.7  4    5.1  999.9    29.0    11.5    0.0I 999.9  000000
874160  20131022    19.4  4     3.1  4  1004.6  4   931.4  4   15.0  4    3.5  4    4.6  999.9    28.3*   10.2    0.0I 999.9  000000
874160  20131023    19.0  4    -0.4  4  1009.0  4   935.7  4   15.0  4    5.4  4    7.2  999.9    29.5    11.6    0.0I 999.9  000000
874160  20131024    15.3  4    -0.9  4  1021.6  4   946.2  4   15.0  4    3.5  4    4.6  999.9    21.7     8.0    0.0I 999.9  000000
874160  20131025    17.5  4     1.8  4  1014.2  4   939.7  4   15.0  4    2.6  4    3.1  999.9    26.7*   10.4    0.0I 999.9  000000
874160  20131026    22.4  4     7.1  4  1011.5  4   938.3  4   15.0  4    2.5  4    3.1  999.9    28.5    12.7    0.0I 999.9  000000
874160  20131027    22.6  4     3.4  4  1013.2  4   940.2  4   15.0  4    3.5  4    6.2  999.9    30.0    16.0    0.0I 999.9  000000
874160  20131028    23.1  4     6.6  4  1005.5  4   933.0  4   15.0  4    2.1  4    3.6  999.9    31.7*   13.6    0.0I 999.9  000000
874160  20131029    24.9  4     6.9  4  1006.8  4   934.8  4   15.0  4    4.0  4    8.2  999.9    33.6    17.6    0.0I 999.9  000000
874160  20131030    24.6  4    10.7  4  1004.2  4   932.2  4   15.0  4    1.7  4    2.1  999.9    31.7*   16.8    0.0I 999.9  000000
874160  20131031    23.2  4    14.3  4   999.8  4   928.1  4   15.0  4    4.9  4    6.2  999.9    33.2    15.0    0.0I 999.9  000000
874160  20131101    18.2  4     8.2  4  1013.9  4   940.1  4   15.0  4    4.0  4    5.1  999.9    28.5    13.7    0.0I 999.9  000000
874160  20131102    19.8  4     4.3  4  1017.2  4   943.1  4   15.0  4    2.8  4    4.1  999.9    25.2*   13.2    0.0I 999.9  000000
874160  20131103    21.7  4     4.8  4  1014.9  4   941.3  4   15.0  4    1.9  4    3.6  999.9    31.2*   12.2    0.0I 999.9  000000
874160  20131104    23.8  4     6.5  4  1009.2  4   936.7  4   15.0  4    2.8  4    4.1  999.9    32.2*   13.9    0.0I 999.9  000000
874160  20131105    25.2  4     9.4  4  1009.5  4   937.3  4   15.0  4    3.1  4    4.6  999.9    33.6    15.5    0.0I 999.9  000000
874160  20131106    26.4  4     9.9  4  1002.0  4   930.5  4   15.0  4    2.7  4    3.6  999.9    36.1*   15.5    0.0I 999.9  000000
874160  20131107    23.7  4     7.4  4  1009.0  4   937.0  4   15.0  4    4.5  4    8.2  999.9    37.6    16.0    0.0I 999.9  000000
874160  20131108    22.4  4     6.1  4  1007.9  4   935.2  4   15.0  4    2.8  4    4.1  999.9    28.6    15.3    0.0I 999.9  000000
874160  20131109    20.0  4    10.5  4  1003.3  4   930.7  4   15.0  4    5.7  4   11.3  999.9    29.5    15.6    0.0I 999.9  000000
874160  20131110    12.8  4     9.2  4  1012.9  4   937.8  4   11.7  4    4.1  4    5.1  999.9    21.5     9.6   34.0G 999.9  010000
874160  20131111    17.7  4     8.8  4  1012.1  4   937.5  4   15.0  4    2.3  4    3.6  999.9    25.9*    9.0    0.0G 999.9  000000
874160  20131112    20.4  4     8.9  4  1007.6  4   934.7  4   15.0  4    2.5  4    3.1  999.9    27.5    13.6    0.0I 999.9  000000
874160  20131113    23.9  4     8.9  4  1004.9  4   932.7  4   15.0  4    2.7  4    4.1  999.9    30.7*   15.1    0.0I 999.9  000000
