871290  20130101    22.6  7    14.9  7  1017.5  7   994.8  7   13.5  7    3.6  7    6.2  999.9    31.7    19.1   15.0G 999.9  010010
871290  20130102    22.3  7    10.9  7  1017.6  7   994.5  7   14.6  7    1.8  7    2.6  999.9    29.2*   14.0    0.0G 999.9  000000
871290  20130103    27.4  7    14.9  7  1011.9  7   989.2  7   14.2  7    4.7  7    6.7  999.9    33.7*   18.6    0.0I 999.9  000000
871290  20130104    29.9  8    17.6  8  1006.9  8   984.5  8   13.8  8    2.6  8    4.1  999.9    37.4*   23.2    0.0I 999.9  000000
871290  20130105    30.9  8    20.4  8  1004.5  8   982.3  8   12.4  8    3.3  8    9.3  999.9    37.4    26.2    0.0I 999.9  000000
871290  20130106    23.8  8    20.5  8  1007.3  8   984.7  8   11.9  8    2.8  8    5.1  999.9    35.0    21.4    1.0G 999.9  010010
871290  20130107    24.6  8    19.9  8  1002.6  8   980.0  8   11.4  8    1.6  8    4.1  999.9    33.0*   18.6    7.9G 999.9  010010
871290  20130108    31.2  8    22.5  8  1004.1  8   981.9  8   13.8  8    6.1  8  999.9  999.9    37.8*   21.4    0.0G 999.9  000000
871290  20130109    28.5  8    21.4  8  1012.8  8   990.3  8   12.2  8    3.2  8    6.2  999.9    38.1    23.0    3.0G 999.9  010010
871290  20130110    30.8  8    19.9  8  1013.6  8   991.2  8   13.5  8    1.7  8    4.1  999.9    37.2*   24.0    0.0G 999.9  000000
871290  20130111    30.7  8    18.6  8  1009.7  8   987.4  8   14.3  8    3.3  8    5.1  999.9    38.4*   24.0    0.0I 999.9  000000
871290  20130112    30.9  8    14.9  8  1006.8  8   984.6  8   13.5  8    3.1  8    5.7  999.9    39.0    23.6    0.0I 999.9  000000
871290  20130113    30.1  7    18.1  7  1009.3  7   987.1  7   14.2  7    2.0  7    3.6  999.9    38.0    24.5*   2.0G 999.9  000000
871290  20130114    30.7  8    18.8  8  1010.7  8   988.4  8   12.7  8    2.3  8    3.1  999.9    38.2    24.0    0.0G 999.9  000000
871290  20130115    29.7  8    15.1  8  1008.4  8   986.2  8   13.2  8    1.8  8    4.1  999.9    38.0    20.5    0.0I 999.9  000000
871290  20130116    30.0  9    17.7  9  1004.6  8   982.4  8   13.8  9    1.1  9    4.1  999.9    38.5    23.0    0.0I 999.9  000000
871290  20130117    28.5  8    19.7  8  1009.7  8   987.4  8   12.4  8    2.1  8    4.1  999.9    39.3    22.6    4.1G 999.9  010000
871290  20130118    29.7  6    18.6  6  1013.1  6   990.7  6   13.0  6    2.6  6    4.1  999.9    35.8*   21.2    2.0G 999.9  000000
871290  20130119    29.8  6    15.4  6  1014.5  6   991.8  6   13.0  6    1.8  6    3.1  999.9    36.5    21.0    0.0G 999.9  000000
871290  20130120    29.0  5    15.8  5  1016.3  5   993.4  5   15.0  5    2.6  5    3.6  999.9    33.5*   24.0    0.0I 999.9  000000
871290  20130121    27.4  5    16.6  5  1013.9  5   992.5  5   13.2  5    2.1  5    2.6  999.9    31.4*   19.6    0.0I 999.9  000000
871290  20130122    28.5  8    16.3  8  1013.4  8   990.8  8   13.8  8    1.8  8    2.6  999.9    35.0*   22.6    0.0I 999.9  000000
871290  20130123    30.0  8    18.6  8  1009.3  8   986.9  8   15.0  8    2.0  8    7.2  999.9    38.2*   20.6    0.0I 999.9  000000
871290  20130124    33.6  8    19.3  8  1002.6  8   980.7  8   13.8  8    2.6  8    4.6  999.9    42.3*   26.4    0.0I 999.9  000000
871290  20130125    28.8  8    17.1  8  1008.4  8   986.2  8   13.5  8    3.9  8    7.2  999.9    44.0    22.0    0.0I 999.9  000000
871290  20130126    27.4  8    13.2  8  1013.1  8   990.5  8   13.8  8    2.9  8    4.6  999.9    35.2*   20.0    0.0I 999.9  000000
871290  20130127    29.5  8    14.3  8  1010.4  8   988.0  8   13.8  8    4.3  8    6.2  999.9    37.2*   22.2    0.0I 999.9  000000
871290  20130128    30.1  8    14.8  8  1010.5  8   988.1  8   15.0  8    2.7  8    4.1  999.9    38.8    22.0    0.0I 999.9  000000
871290  20130129    31.0  8    16.2  8  1010.3  8   988.0  8   13.2  8    2.0  8    2.6  999.9    38.2*   24.0    0.0I 999.9  000000
871290  20130130    32.1  7    17.8  7  1007.7  7   985.6  7   14.6  7    2.4  7    3.6  999.9    37.6*   26.0    0.0I 999.9  000000
871290  20130131    30.4  7    19.3  7  1005.6  6   983.6  6   13.4  7    3.0  7    5.1  999.9    39.5    25.8    0.0I 999.9  000000
871290  20130201    33.1  8    20.6  8  1002.9  8   980.9  8   13.5  8    1.9  8    3.6  999.9    43.0*   26.0    0.0I 999.9  000000
871290  20130202    30.0  7    19.3  7  1007.3  7   985.2  7   12.7  7    2.6  7    5.1  999.9    44.3    26.0    0.0I 999.9  000000
871290  20130203    28.9  8    18.4  8  1014.4  8   991.9  8   13.8  8    1.9  8    3.6  999.9    33.9*   24.8    0.0I 999.9  000000
871290  20130204    29.3  8    18.4  8  1010.5  8   988.1  8   14.6  8    2.8  8    4.6  999.9    36.8*   23.0    0.0I 999.9  000000
871290  20130205    30.2  8    15.5  8  1009.3  8   986.9  8   14.6  8    3.2  8    6.2  999.9    37.4*   22.8    0.0I 999.9  000000
871290  20130206    28.4  7    14.7  7  1012.4  7   989.9  7   15.0  7    2.3  7    4.1  999.9    34.3*   23.0    0.0I 999.9  000000
871290  20130207    28.6  8    13.4  8  1012.4  7   990.2  8   15.0  8    1.1  8    3.1  999.9    35.7*   19.6    0.0I 999.9  000000
871290  20130208    28.4  7    14.3  7  1009.1  7   986.6  7   15.0  7    1.4  7    5.1  999.9    37.2*   18.1    0.0I 999.9  000000
871290  20130209    30.3  7    16.6  7  1005.9  7   983.7  7   15.0  7    1.9  7    3.6  999.9    38.3*   22.8    0.0I 999.9  000000
871290  20130210    29.6  8    16.9  8  1004.1  8   982.0  8   14.3  8    2.6  8    4.6  999.9    40.2    19.0* 999.9  999.9  010010
871290  20130211    25.3  8    18.6  8  1008.3  8   985.7  8   14.3  8    2.7  8    4.1  999.9    38.0    19.6   42.9A 999.9  000000
871290  20130212    30.2  7    17.6  7  1003.5  7   981.3  7   15.0  7    1.9  7    4.1  999.9    38.0*   21.0    0.0I 999.9  000000
871290  20130213    31.6  8    18.2  8  1002.2  8   980.1  8   15.0  8    3.2  8    5.7  999.9    40.0*   23.1    0.0I 999.9  000000
871290  20130214    27.7  8    17.9  8  1008.8  8   986.4  8   13.8  8    5.2  8    8.2  999.9    40.6    21.0    0.0I 999.9  000000
871290  20130215    28.0  7    19.6  7  1009.2  7   986.7  7   15.0  7    2.1  7    4.1  999.9    35.6*   21.4    0.0I 999.9  000000
871290  20130216    30.7  7    20.8  7  1002.2  7   980.1  7   15.0  7    3.1  7    5.1  999.9    39.6*   24.6    0.0I 999.9  000000
871290  20130217    27.7  7    20.9  7  1000.0  7   977.9  7   12.9  7    4.0  7   12.9  999.9    40.2    22.7*   0.8A 999.9  010010
871290  20130218    17.9  8    16.1  7  1015.4  8   992.2  8   10.3  8    3.9  8    5.1  999.9    22.4*   14.2  460.0G 999.9  010000
871290  20130219    15.7  8    14.8  8  1017.2  8   993.7  8    7.1  8    3.2  8    4.6  999.9    18.5    14.5    5.1G 999.9  010000
871290  20130220    17.3  8    16.0  8  1015.4  8   991.9  8    8.2  8    2.5  8    4.1  999.9    19.4*   15.2    5.1G 999.9  010000
871290  20130221    20.7  8    17.8  8  1015.6  8   992.4  8   15.4  8    0.9  8    4.1  999.9    24.2*   16.4    0.0G 999.9  000000
871290  20130222    21.8  8    18.3  8  1015.1  8   992.0  8   13.2  8    1.1  8    3.1  999.9    27.6*   18.0    0.0I 999.9  000000
871290  20130223    26.9  7    21.1  7  1007.4  7   984.7  7   13.7  7    2.7  7    6.2  999.9    35.0*   20.0    0.0I 999.9  000000
871290  20130224    29.6  8    22.7  8  1002.9  8   980.7  8   13.7  8    2.0  8    5.1  999.9    36.2*   24.0    0.0I 999.9  000000
871290  20130225    24.8  8    17.0  8  1012.9  8   990.3  8   12.2  8    3.8  8    5.7  999.9    37.5    19.2    1.0G 999.9  010000
871290  20130226    22.1  7    13.9  7  1016.5  7   993.5  7   15.0  7    1.8  7    4.1  999.9    27.2*   17.8    0.0G 999.9  000000
871290  20130227    24.6  8    15.8  8  1013.7  8   990.9  8   13.8  8    2.4  8    5.1  999.9    32.0*   17.2    0.0I 999.9  000000
871290  20130228    26.4  8    17.5  8  1008.7  8   986.1  8   14.6  8    3.6  8    6.7  999.9    34.6*   19.1    0.0I 999.9  000000
871290  20130301    29.2  8    18.3  8  1001.6  7   979.4  8   13.2  8    3.8  8    6.7  999.9    37.9*   21.6    0.0I 999.9  000000
871290  20130302    28.3  8    14.9  8  1003.7  8   981.6  8   13.4  8    5.3  8   10.3  999.9    38.7    24.2    0.0I 999.9  000000
871290  20130303    24.2  8    14.2  8  1015.8  8   993.1  8   13.2  8    2.0  8    2.6  999.9    29.3    22.0    0.0I 999.9  000000
871290  20130304    22.4  8    13.2  8  1018.0  8   994.9  8   15.0  8    2.0  8    3.1  999.9    27.2    18.6    0.0I 999.9  000000
871290  20130305    21.5  8    12.4  8  1014.3  8   991.2  8   13.8  8    2.1  8    5.1  999.9    30.8*   12.0    0.0I 999.9  000000
871290  20130306    24.9  8    12.6  8  1006.4  8   983.8  8   13.8  8    3.0  8    6.2  999.9    33.7*   16.2    0.0I 999.9  000000
871290  20130307    26.4  7    18.9  7  1007.8  7   985.5  7   14.6  7    1.5  7    2.6  999.9    31.0*   20.4    0.0I 999.9  000000
871290  20130308    28.4  8    22.8  8  1007.7  8   985.3  8   13.8  8    1.3  8    3.1  999.9    35.2*   22.8    0.0I 999.9  000000
871290  20130309    28.8  7    22.8  7  1006.1  7   984.4  7   15.0  7    2.6  7    5.1  999.9    36.0*   24.4    0.0I 999.9  000000
871290  20130310    27.1  8    21.3  8  1006.2  8   983.8  8   12.6  8    2.8  8    5.1  999.9    38.2    23.2*   0.8A 999.9  010010
871290  20130311    22.4  7    19.0  7  1007.2  7   984.4  7   14.2  7    1.2  7    2.1  999.9    28.6    20.2    0.0I 999.9  000000
871290  20130312    24.7  8    19.4  8  1007.4  8   984.7  8   13.8  8    2.5  8    9.3  999.9    28.8*   18.9    5.1G 999.9  000010
871290  20130313    22.2  7    17.9  7  1012.1  7   989.1  7   13.4  7    1.2  7    4.1  999.9    27.0*   18.0    0.0G 999.9  000000
871290  20130314    16.7  8    13.8  8  1017.4  7   994.1  7   11.7  8    4.7  8    6.7  999.9    27.0    13.0*   1.0A 999.9  010000
871290  20130315    15.9  7    13.2  7  1021.7  7   998.1  7    9.7  7    2.7  7    4.1  999.9    19.0*   14.2    0.3C 999.9  010000
871290  20130316    19.3  7    14.7  7  1023.0  7   999.3  7   14.6  7    0.7  7    1.5  999.9    26.0*   14.8    0.0I 999.9  000000
871290  20130317    21.1  8    13.5  8  1021.0  8   997.7  8   13.5  8    1.7  8    3.6  999.9    26.0    17.5    0.0I 999.9  000000
871290  20130318    19.9  7    11.8  7  1020.0  7   996.8  7   14.2  7    1.9  7    2.6  999.9    26.0    16.4    0.0I 999.9  000000
871290  20130319    20.4  8    12.4  8  1016.0  8   992.8  8   14.6  8    1.1  8    3.1  999.9    24.7*   15.0    0.0I 999.9  000000
871290  20130320    21.2  8    13.3  8  1011.8  8   988.7  8   13.5  8    1.3  8    3.6  999.9    28.9*   12.5    0.0I 999.9  000000
871290  20130321    22.6  7    14.2  7  1011.9  7   989.0  7   14.6  7    1.3  7    3.6  999.9    31.2*   12.0    0.0I 999.9  000000
871290  20130322    24.8  8    15.7  8  1013.8  8   991.0  8   13.5  8    2.1  8    5.1  999.9    32.0    16.6    0.0I 999.9  000000
871290  20130323    21.8  8    17.6  8  1014.8  8   991.9  8   11.1  8    1.6  8    3.1  999.9    26.1    19.0    4.1G 999.9  010010
871290  20130324    18.7  7    15.4  7  1013.4  7   990.2  7    7.7  7    0.5  7    3.6  999.9    27.8*   13.0    5.1G 999.9  100000
871290  20130325    25.1  5    17.0  5  1012.5  5   989.5  5   12.2  5    1.3  5    2.1  999.9    28.8    15.0    0.0G 999.9  000000
871290  20130326    24.1  8    14.7  8  1018.6  8   995.7  8   13.8  8    2.2  8    3.6  999.9    29.4    19.4    0.0I 999.9  000000
871290  20130327    23.7  7    13.6  7  1018.3  7   995.3  7   14.6  7    0.8  7    2.1  999.9    30.8*   13.0    0.0I 999.9  000000
871290  20130328    24.5  6    13.6  5  1016.4  6   994.1  6   14.0  6    1.6  6    4.1  999.9    31.4    15.0    0.0I 999.9  000000
871290  20130329    23.1  7    12.7  7  1014.9  7   992.0  7   15.0  7    2.1  7    4.6  999.9    31.2*   15.7    0.0I 999.9  000000
871290  20130330    24.9  7    12.7  7  1010.5  7   987.8  7   12.4  7    3.3  7    7.2  999.9    34.8*   14.6    0.0I 999.9  000000
871290  20130331    26.2  7    14.3  7  1007.8  7   985.3  7   14.6  7    2.2  7    3.6  999.9    35.4    19.2    0.0I 999.9  000000
871290  20130401    23.2  8    15.9  8  1011.4  8   988.8  8   12.1  8    5.3  8   10.3  999.9    36.5    19.7    0.0I 999.9  000000
871290  20130402    20.5  8    16.3  8  1015.0  8   992.0  8   11.4  8    3.9  8    6.2  999.9    22.3    19.7    0.0B 999.9  010000
871290  20130403    20.2  7    14.3  7  1017.7  7   994.5  7   12.4  7    2.4  7    4.1  999.9    25.4*   16.8    0.0I 999.9  000000
871290  20130404    22.5  8    13.8  8  1012.3  8   989.3  8   13.2  8    1.5  8    2.6  999.9    28.2*   16.8    0.0I 999.9  000000
871290  20130405    20.4  7    11.5  7  1008.6  7   985.5  7   12.4  7    1.7  7    3.6  999.9    32.4*   11.0    0.0I 999.9  000000
871290  20130406    22.3  6    13.6  5  1007.1  5   984.4  5   13.0  6    2.2  6    3.6  999.9    33.0    13.6    0.0I 999.9  000000
871290  20130407    21.4  8    11.4  8  1015.6  8   992.9  8   12.1  8    2.6  8    4.1  999.9    33.4    16.6    0.0I 999.9  000000
871290  20130408    22.2  6    12.6  6  1017.5  6   994.4  6   12.4  6    1.1  6    2.1  999.9    28.4*   17.6    0.0I 999.9  000000
871290  20130409    21.9  8    12.2  8  1014.5  8   991.5  8   14.0  8    2.5  8    4.1  999.9    29.8*   14.2    0.0I 999.9  000000
871290  20130410    24.0  8    14.3  8  1008.5  7   985.1  8   14.6  8    1.9  8    3.6  999.9    32.0*   14.7    0.0I 999.9  000000
871290  20130411    26.2  8    18.9  8  1002.2  8   979.8  8   12.9  8    1.6  8    5.1  999.9    35.0*   18.4    0.0I 999.9  000000
871290  20130412    20.7  8    14.8  8  1015.1  7   992.2  7   13.0  8    4.6  8    6.2  999.9    22.4*   19.0    0.0I 999.9  000000
871290  20130413    19.3  8    12.2  8  1020.0  8   996.7  8   15.0  8    2.6  8    5.1  999.9    23.6*   14.8    0.0I 999.9  000000
871290  20130414    20.9  8    12.1  8  1016.8  8   993.6  8   15.0  8    2.0  8    4.1  999.9    25.9*   16.4    0.0I 999.9  000000
871290  20130415    20.8  8    12.3  8  1017.1  8   993.9  8   15.0  8    2.5  8    6.2  999.9    30.0*   10.4    0.0I 999.9  000000
871290  20130416    20.4  7     9.5  6  1015.8  7   992.6  7   14.6  7    1.9  7    5.1  999.9    32.2*   10.6    0.0I 999.9  000000
871290  20130417    22.4  8    10.7  8  1015.6  8   992.6  8   12.7  8    1.8  8    4.1  999.9    32.6*   11.0    0.0I 999.9  000000
871290  20130418    22.6  8    11.8  8  1014.8  8   991.8  8   13.2  8    1.3  8    3.1  999.9    33.6     9.5    0.0I 999.9  000000
871290  20130419    23.1  7    10.4  7  1014.5  7   991.6  7   12.6  7    2.5  7    6.2  999.9    32.8    12.4*   0.0I 999.9  000000
871290  20130420    22.3  7     8.9  7  1015.1  7   992.2  7   13.7  7    2.8  7    6.2  999.9    32.0*   10.6    0.0I 999.9  000000
871290  20130421    23.2  8    11.5  8  1014.9  8   992.0  8   12.4  8    2.3  8    5.1  999.9    33.0    11.2    0.0I 999.9  000000
871290  20130422    23.1  7    11.9  7  1014.8  7   991.9  7   11.9  7    1.5  7    2.6  999.9    33.8    12.8    0.0I 999.9  000000
871290  20130423    25.0  8    12.5  8  1015.6  8   992.8  8   14.3  8    3.4  8    5.7  999.9    34.0    15.5    0.0I 999.9  000000
871290  20130424    24.2  8    12.6  8  1014.3  8   991.5  8   12.4  8    2.4  8    4.6  999.9    34.2    13.2    0.0I 999.9  000000
871290  20130425    24.5  8    11.5  8  1011.1  8   988.3  8   13.2  8    2.6  8    6.2  999.9    34.0    15.5    0.0I 999.9  000000
871290  20130426    24.1  8    12.7  8  1009.0  8   986.3  8   12.7  8    2.9  8    6.7  999.9    33.0    15.4    0.0I 999.9  000000
871290  20130427    25.2  7    15.2  7  1006.1  7   983.6  7   12.4  7    3.8  7    6.2  999.9    30.4*   18.4    0.0I 999.9  000000
871290  20130428    23.7  8    12.5  8  1011.4  8   988.7  8   12.1  8    3.6  8    5.1  999.9    30.4    19.2    0.0I 999.9  000000
871290  20130429    20.7  8    13.1  8  1013.5  8   990.4  8   13.5  8    1.2  8    1.5  999.9    28.0    16.0    0.0I 999.9  000000
871290  20130430    21.2  8    15.0  8  1012.7  8   989.7  8   11.7  8    1.4  8    3.6  999.9    24.6    19.0    0.0I 999.9  000000
871290  20130501    19.8  8    18.4  8  1010.1  8   987.0  8   10.0  8    1.4  8    2.6  999.9    24.4    18.3    0.0G 999.9  010000
871290  20130502    21.2  8    19.7  7  1007.3  8   984.3  8    7.4  8    2.2  8    5.1  999.9    24.0*   19.0    0.0G 999.9  100000
871290  20130503    24.2  8    19.9  8  1008.5  8   985.6  8   10.1  8    1.5  8    3.6  999.9    29.2*   20.2    0.0G 999.9  010000
871290  20130504    22.3  8    15.9  8  1014.1  8   991.1  8   12.4  8    1.8  8    2.6  999.9    29.6    17.8    0.0I 999.9  000000
871290  20130505    21.0  8    13.2  8  1020.6  8   997.3  8   15.0  8    2.0  8    4.1  999.9    27.8*   12.4    0.0I 999.9  000000
871290  20130506    20.4  8    11.3  8  1016.3  8   993.1  8   13.5  8    1.5  8    5.1  999.9    30.0*    9.0    0.0I 999.9  000000
871290  20130507    20.8  8     8.8  8  1023.0  8   999.7  8   13.8  8    1.9  8    4.6  999.9    31.0    14.4    0.0I 999.9  000000
871290  20130508    18.0  8     6.1  8  1013.9  8   990.6  8   11.6  8    2.0  8    7.7  999.9    29.8*    6.8    0.0I 999.9  000000
871290  20130509    20.1  8     8.2  8  1010.4  8   987.2  8   13.5  8    3.0  8    5.1  999.9    30.2     9.8    0.0I 999.9  000000
871290  20130510    19.9  8    10.9  8  1007.4  8   984.2  8   12.6  8    1.6  8    5.1  999.9    29.8*   10.6    0.0I 999.9  000000
871290  20130511    21.6  8    13.9  8  1011.2  8   988.2  8   13.2  8    3.6  8    7.2  999.9    31.0    13.4    0.0I 999.9  000000
871290  20130512    21.0  8     9.2  8  1014.1  8   991.0  8   12.4  8    2.6  8    4.1  999.9    26.8    17.8*   0.0I 999.9  000000
871290  20130513    20.2  8    14.7  8  1013.1  8   989.8  7   14.3  8    1.1  8    1.5  999.9    25.6    16.0    0.0I 999.9  000000
871290  20130514    20.0  8    16.1  8  1011.3  7   988.2  7   11.1  8    1.1  8    2.6  999.9    26.2    15.6    0.0I 999.9  000000
871290  20130515    14.9  8    11.3  8  1017.1  8   993.7  8   11.4  8    4.1  8    8.7  999.9    26.5     8.6*   1.0G 999.9  010000
871290  20130516    11.5  9     6.1  8  1026.6  8  1002.8  8   11.4  9    1.2  9    3.6  999.9    17.8*    7.0*   2.0G 999.9  000000
871290  20130517    14.1  6     1.7  6  1022.5  6   998.7  6   13.0  6    2.8  6    4.6  999.9    17.2*   11.4    0.0G 999.9  000000
871290  20130518    14.8  8     5.1  8  1019.5  8   995.7  8   10.9  8    1.4  8    2.6  999.9    18.6*   11.7    0.0I 999.9  000000
871290  20130519    13.7  8     7.2  8  1021.6  8   998.0  8   13.2  8    1.5  8    2.6  999.9    19.8*    5.6    0.0I 999.9  000000
871290  20130520    10.7  8     6.7  8  1022.2  8   998.2  8    8.9  8    0.8  8    1.5  999.9    21.0     1.8    0.0I 999.9  100000
871290  20130521    10.4  8     6.9  8  1017.4  8   993.4  8    9.8  8    0.9  8    1.5  999.9    18.4     3.0    0.0I 999.9  000000
871290  20130522    13.0  9     9.1  8  1020.8  8   996.9  8    9.7  9    0.5  9    1.5  999.9    20.0*    7.6    0.0I 999.9  000000
871290  20130523    11.3  8     7.5  8  1020.5  8   996.4  8    8.7  8    0.6  8    1.5  999.9    20.4*    3.5    0.0I 999.9  100000
871290  20130524    12.6  8     6.9  8  1021.2  8   997.2  8    9.8  8    0.9  8    2.1  999.9    23.6*    2.4    0.0I 999.9  000000
871290  20130525    13.2  8     6.9  8  1018.4  8   994.3  8   11.3  8    1.6  8    5.1  999.9    24.2     3.4    0.0I 999.9  000000
871290  20130526    13.8  8     7.5  8  1012.6  8   989.0  8   12.6  8    1.3  8    3.1  999.9    24.0     5.0    0.0I 999.9  000000
871290  20130527    15.6  8     8.7  8  1008.4  8   985.0  8    9.8  8    1.5  8    3.1  999.9    26.8*    6.1   95.0E 999.9  000000
871290  20130528    18.4  8    12.5  8   998.4  8   975.4  8   11.3  8    1.6  8    4.1  999.9    27.0     8.8    0.0I 999.9  000000
871290  20130529    18.8  8     7.5  8  1008.0  8   985.0  8   12.1  8    4.8  8    9.3  999.9    27.2     8.8    0.0I 999.9  000000
871290  20130530    14.9  7     5.1  7  1016.0  7   992.4  7   11.4  7    3.2  7    8.2  999.9    25.2*    6.0*   0.0I 999.9  000000
871290  20130531    17.7  8     3.7  8  1007.2  8   984.0  8   12.1  8    2.6  8    4.1  999.9    25.2     7.2    0.0I 999.9  000000
871290  20130601    13.4  7     6.7  7  1010.8  7   987.3  7   14.6  7    0.4  7    1.5  999.9    25.3*    5.5    0.0I 999.9  000000
871290  20130602    15.7  8     9.4  8  1016.9  8   993.3  8   11.3  8    1.4  8    4.1  999.9    26.2     6.8    0.0I 999.9  000000
871290  20130603    15.9  8     5.9  8  1020.9  8   997.2  8   10.3  8    1.9  8    3.6  999.9    27.2     6.2    0.0I 999.9  000000
871290  20130604    16.6  8     7.8  8  1016.6  8   993.1  8   12.6  8    1.3  8    4.1  999.9    28.0*    6.4    0.0I 999.9  000000
871290  20130605    18.1  8    10.5  8  1011.8  8   988.5  8   10.3  8    1.4  8    4.1  999.9    30.1*    8.1    0.0I 999.9  000000
871290  20130606    16.7  8     4.4  8  1020.3  8   996.9  8   11.7  8    2.4  8    5.1  999.9    31.0     8.8    0.0I 999.9  000000
871290  20130607    13.6  8     4.6  8  1015.7  8   992.0  8    9.2  8    0.9  8    4.6  999.9    27.0*    4.0    0.0I 999.9  000000
871290  20130608    20.5  8     8.1  8  1020.3  8   997.2  8   10.3  8    4.0  8    8.2  999.9    29.2     5.4    0.0I 999.9  000000
871290  20130609    17.8  7    11.4  7  1015.4  7   992.1  7   11.7  7    2.9  7    4.1  999.9    24.2*   12.0    0.0I 999.9  000000
871290  20130610    19.4  8    14.2  8  1017.3  8   994.1  8   10.1  8    1.9  8    3.6  999.9    25.0    15.6    0.0I 999.9  000000
871290  20130611    21.8  8    17.1  8  1017.4  8   994.3  8   10.5  8    0.8  8    2.6  999.9    26.0*   17.0    0.0I 999.9  000000
871290  20130612    21.2  8    16.4  8  1016.3  8   993.2  8   10.9  8    2.1  8    5.7  999.9    28.0*   15.2    0.0I 999.9  000000
871290  20130613    22.2  8    17.7  8  1014.2  8   991.4  8   10.9  8    1.8  8    4.1  999.9    28.7*   15.4    0.0I 999.9  000000
871290  20130614    19.5  7    18.0  7  1015.8  7   992.6  7    9.0  7    1.1  7    4.6  999.9    28.7    15.7    2.0G 999.9  010010
871290  20130615    15.4  7    14.2  7  1017.2  7   993.6  7    8.2  7    2.1  7    3.1  999.9    19.2    13.4    1.0G 999.9  010000
871290  20130616    15.8  8    14.1  8  1013.9  8   990.4  8    9.5  8    2.7  8    6.2  999.9    17.5    13.7    0.0G 999.9  010000
871290  20130617    12.1  8     6.7  8  1019.7  8   995.9  8   12.1  8    2.1  8    4.1  999.9    17.6    10.8    3.0G 999.9  000000
871290  20130618    13.0  8    11.8  8  1014.6  7   990.6  8    5.0  8    0.9  8    4.6  999.9    14.8*   10.8    1.0G 999.9  010000
871290  20130619    10.6  8     4.9  8  1023.4  8   999.7  8    8.0  8    4.3  8    5.7  999.9    15.0     9.2    5.1G 999.9  010000
871290  20130620     8.6  7     0.4  7  1024.9  7  1000.5  7   11.1  7    1.9  7    2.1  999.9     9.9     7.3    0.0G 999.9  000000
871290  20130621     6.4  7     1.9  7  1017.6  7   993.3  7   11.9  7    1.5  7    3.6  999.9    15.0*    0.0    0.0I 999.9  000000
871290  20130622     9.1  8     4.1  8  1012.1  8   988.1  8   12.2  8    1.2  8    3.1  999.9    20.9*    0.0    0.0I 999.9  000000
871290  20130623     9.8  8     5.3  8  1019.4  8   995.5  8   13.2  8    1.0  8    2.6  999.9    22.5     0.0    0.0I 999.9  000000
871290  20130624     8.9  8     4.6  8  1021.2  8   996.9  8   13.0  8    1.1  8    2.6  999.9    17.3     1.4    0.0I 999.9  000000
871290  20130625     8.5  8     3.6  8  1019.7  8   995.5  8   12.7  8    0.6  8    1.5  999.9    18.8*    0.8    0.0I 999.9  000000
871290  20130626     9.1  8     3.5  8  1018.5  8   994.3  8   10.9  8    1.4  8    3.1  999.9    20.0*    0.8    0.0I 999.9  000000
871290  20130627    11.4  7     5.4  7  1013.5  7   989.7  7   12.9  7    2.2  7    6.7  999.9    22.2*    1.8    0.0I 999.9  000000
871290  20130628    13.9  8     9.6  8  1007.0  7   983.6  7   10.3  8    1.7  8    3.6  999.9    22.6     2.4    0.0I 999.9  000000
871290  20130629    12.5  8     8.5  8  1015.0  8   991.2  8   11.4  8    0.9  8    2.6  999.9    21.0     6.8    0.0I 999.9  000000
871290  20130630    11.7  8     8.9  8  1018.3  8   994.4  8    6.3  8    0.8  8    2.6  999.9    21.3     5.7    0.0I 999.9  100000
871290  20130701    13.5  8     7.7  7  1021.5  8   997.6  8   11.6  8    1.4  8    4.1  999.9    22.0*    6.4    0.0I 999.9  000000
871290  20130702    14.1  8     2.0  8  1014.7  8   991.1  8   11.6  8    3.2  8    6.2  999.9    23.2*    6.8    0.0I 999.9  000000
871290  20130703    17.6  8     5.7  8  1006.5  8   983.2  8   11.3  8    4.1  8    8.7  999.9    26.4*    7.6    0.0I 999.9  000000
871290  20130704    20.7  8    14.2  8  1009.6  8   986.6  8   12.1  8    2.0  8    4.1  999.9    27.2    12.0    0.0I 999.9  000000
871290  20130705    17.4  8    14.5  8  1011.8  8   988.6  8    7.9  8    1.4  8    2.6  999.9    25.6    14.4    0.0B 999.9  010000
871290  20130706    16.2  7     7.6  7  1014.9  7   991.4  7   10.8  7    5.1  7    7.2  999.9    17.4    15.2    0.0I 999.9  000000
871290  20130707    12.7  8     6.9  8  1023.8  8   999.7  8   11.1  8    3.2  8    4.1  999.9    17.7    10.8    0.0I 999.9  000000
871290  20130708    11.6  8     5.3  8  1028.5  8  1004.4  8   11.7  8    2.2  8    3.6  999.9    14.0*   10.2    0.0I 999.9  000000
871290  20130709    11.9  8     8.1  8  1018.7  8   994.7  8   11.1  8    1.6  8    3.1  999.9    14.2*   10.0    0.0G 999.9  010000
871290  20130710    13.2 12    11.8 12  1014.7  9   990.9  9    6.6 12    0.2 12    1.5  999.9    14.5    10.4    0.0G 999.9  010000
871290  20130711    13.2 12    12.6 12  1013.3  7   989.7  7    3.1 12    1.3 12    4.1  999.9    16.2*   11.0*   0.5G 999.9  110000
871290  20130712    15.3  8    11.2  8  1020.9  8   997.3  8   10.8  8    3.6  8    5.1  999.9    18.0*   13.0    0.3G 999.9  000000
871290  20130713    15.0  8    10.9  8  1018.0  8   994.4  8   10.9  8    1.1  8    2.6  999.9    20.0*   10.4    0.0G 999.9  000000
871290  20130714    13.3 10    11.8 10  1019.0  7   995.2  7    6.6 10    2.6 10    5.7  999.9    16.2*    9.2*   0.0B 999.9  110000
871290  20130715    15.3  8     9.4  8  1022.9  8   999.2  8   11.4  8    1.1  8    2.6  999.9    21.6*    7.8    0.0I 999.9  000000
871290  20130716    14.3  9     9.9  9  1017.9  8   994.2  8   10.6  9    1.5  9    4.6  999.9    24.8*    7.5    0.0I 999.9  100000
871290  20130717    15.1  7    10.4  7  1012.8  7   989.3  7    9.7  7    1.3  7    5.1  999.9    26.0     6.5    0.0I 999.9  000000
871290  20130718    16.6  9     6.9  9  1011.4  8   988.0  8    9.0  9    5.9  9   16.5  999.9    27.0     8.2    0.0I 999.9  000000
871290  20130719     9.9  7     0.2  7  1024.0  7   999.9  7   10.6  7    2.6  7    4.1  999.9    12.6*    7.5    0.0I 999.9  000000
871290  20130720     9.0  8     0.5  8  1013.3  8   989.3  8   12.1  8    1.6  8    2.6  999.9    15.8*    5.2    0.0I 999.9  000000
871290  20130721     8.1  8    -4.1  8  1022.1  7   998.5  8   12.4  8    3.4  8    6.7  999.9    17.0     5.7    0.0I 999.9  000000
871290  20130722     2.8  8    -5.9  8  1029.9  8  1005.2  8   12.9  8    1.3  8    3.1  999.9    12.2*   -5.9    0.0I 999.9  000000
871290  20130723     4.1  8    -7.8  8  1029.2  8  1004.4  8   13.7  8    2.0  8    5.1  999.9    15.2*   -6.4    0.0I 999.9  000000
871290  20130724     6.4  8    -6.2  8  1028.9  8  1004.2  8   12.6  8    1.3  8    2.6  999.9    17.4*   -4.1    0.0I 999.9  000000
871290  20130725     7.4  8    -5.6  8  1023.7  8   999.2  8   12.9  8    2.9  8    8.2  999.9    21.2*   -5.8    0.0I 999.9  000000
871290  20130726    13.2  8    -5.2  8  1018.6  8   994.7  8   10.0  8    4.5  8    8.2  999.9    22.0*   -1.2    0.0I 999.9  000000
871290  20130727    11.8  8    -2.2  8  1018.9  8   995.0  8   11.4  8    2.1  8    6.2  999.9    23.0     1.8    0.0I 999.9  000000
871290  20130728    12.7  8     1.9  8  1019.6  8   995.9  8   10.9  8    1.0  8    2.1  999.9    24.6*    4.0    0.0I 999.9  000000
871290  20130729    16.8  7     9.2  7  1016.8  7   993.4  7   10.8  7    1.1  7    1.5  999.9    26.2*   10.0    0.0I 999.9  000000
871290  20130730    19.8  8     8.4  8  1010.3  8   987.1  8   10.1  8    3.2  8   11.3  999.9    33.2*    9.0    0.0I 999.9  000000
871290  20130731    19.8  7     6.8  7  1006.5  7   983.6  7    9.7  7    3.8  7    8.2  999.9    34.0    10.6    0.0I 999.9  000000
871290  20130801    15.2  7     8.1  7  1013.5  7   990.1  7   12.1  7    2.7  7    5.1  999.9    19.9*    9.5    0.0I 999.9  000000
871290  20130802    15.7  8     4.9  8  1019.5  8   995.9  8   12.1  8    2.3  8    3.1  999.9    21.0*    6.7    0.0I 999.9  000000
871290  20130803    13.9  7     4.7  7  1014.2  7   990.5  7   11.3  7    1.8  7    4.1  999.9    23.6*    3.5    0.0I 999.9  000000
871290  20130804    13.0  7     5.3  7  1018.3  7   994.6  7   12.6  7    1.6  7    3.6  999.9    22.4*    3.5    0.0I 999.9  000000
871290  20130805    16.3  8     4.7  8  1013.1  8   989.6  8   12.6  8    1.9  8    2.6  999.9    26.9*    5.0    0.0I 999.9  000000
871290  20130806    17.6  8     7.8  8  1015.5  8   992.1  8   11.7  8    1.9  8    2.6  999.9    28.0     8.0    0.0I 999.9  000000
871290  20130807    18.4  8    10.6  8  1001.2  8   977.1  7   12.1  8    1.1  8    3.1  999.9    32.9*    7.2    0.0I 999.9  000000
871290  20130808    19.1  9     1.5  9  1010.6  8   987.5  8    6.9  9    6.1  9   11.8  999.9    34.0     9.4    0.0I 999.9  000000
871290  20130809    13.5  8    -3.1  8  1026.5  8  1002.7  8   11.4  8    4.3  8    7.2  999.9    20.0    10.5    0.0I 999.9  000000
871290  20130810     7.1  8    -4.1  8  1027.5  8  1003.0  8   12.1  8    2.6  8    5.1  999.9    18.2*   -2.4    0.0I 999.9  000000
871290  20130811    12.3  8    -6.3  8  1014.0  8   990.1  8   11.9  8    3.0  8    6.2  999.9    23.0*    0.0    0.0I 999.9  000000
871290  20130812    13.1  8    -2.9  8  1010.8  8   987.1  8   10.9  8    2.8  8    4.6  999.9    24.7     5.0    0.0I 999.9  000000
871290  20130813    11.4  7     2.3  7  1027.0  7  1003.1  7   11.1  7    4.7  7    7.2  999.9    18.4     9.5*   0.0I 999.9  000000
871290  20130814     6.2  8    -2.9  8  1033.7  8  1008.9  8   10.9  8    1.6  8    3.6  999.9    16.4*   -3.9    0.0I 999.9  000000
871290  20130815    10.1  8    -6.8  8  1023.1  8   998.8  8   11.1  8    2.9  8    6.2  999.9    21.2*   -1.4    0.0I 999.9  000000
871290  20130816    13.1  6    -6.4  6  1020.3  6   996.3  6   11.6  6    2.1  6    6.2  999.9    22.2    -1.5*   0.0I 999.9  000000
871290  20130817    11.5  8    -3.7  8  1024.6  7  1000.6  8   10.0  8    1.3  8    3.6  999.9    22.5     2.0    0.0I 999.9  000000
871290  20130818    12.2  8    -1.4  8  1017.6  8   993.6  8   10.8  8    2.3  8    5.7  999.9    25.5*    1.0    0.0I 999.9  000000
871290  20130819    15.4  8     0.8  8  1011.5  8   988.0  8   11.4  8    1.1  8    3.1  999.9    30.2*    2.5    0.0I 999.9  000000
871290  20130820    19.6  8     7.4  8  1009.3  8   986.1  8   10.3  8    1.3  8    2.6  999.9    31.9*    5.5    0.0I 999.9  000000
871290  20130821    21.4  8    10.3  8  1005.5  8   982.6  8   10.9  8    2.4  8    5.1  999.9    32.5    13.5    0.0I 999.9  000000
871290  20130822    16.7  8    -0.9  8  1010.9  7   987.7  7    7.7  8    4.5  8    7.7  999.9    32.8    14.9*   0.0I 999.9  000000
871290  20130823    11.4  7    -7.2  7  1023.2  7   999.2  7   11.1  7    2.4  7    4.6  999.9    13.7*    9.2    0.0I 999.9  000000
871290  20130824    10.4  7    -5.6  7  1026.3  7  1002.1  7   11.1  7    2.4  7    4.6  999.9    13.8*    8.6    0.0I 999.9  000000
871290  20130825     9.2  8    -6.2  8  1029.9  8  1005.6  8   12.4  8    2.6  8    5.1  999.9    15.2*    3.2    0.0I 999.9  000000
871290  20130826    11.4  8    -4.1  8  1031.8  8  1007.5  8   10.8  8    1.9  8    4.1  999.9    16.4*    5.0    0.0I 999.9  000000
871290  20130827    10.5  8    -3.6  8  1027.4  8  1003.1  8   11.9  8    2.6  8    6.2  999.9    20.9*   -1.5    0.0I 999.9  000000
871290  20130828    14.6  8    -3.1  8  1022.6  8   998.7  8   12.2  8    2.0  8    3.1  999.9    26.6*    4.0    0.0I 999.9  000000
871290  20130829    18.3  8    -2.2  8  1016.1  8   992.6  8   12.1  8    2.6  8    6.2  999.9    29.8*    4.0    0.0I 999.9  000000
871290  20130830    18.6  8    -1.3  8  1009.5  8   986.3  8   10.9  8    2.0  8    4.1  999.9    30.9*    5.0    0.0I 999.9  000000
871290  20130831    20.6  9     2.4  9  1007.2  8   984.1  8   11.7  9    1.2  9    3.6  999.9    32.7*    6.0    0.0I 999.9  000000
871290  20130901    20.4  7     1.9  7  1008.6  7   985.6  7   11.7  7    1.4  7    2.1  999.9    34.0*    7.5    0.0I 999.9  000000
871290  20130902    22.9  7     6.7  7  1008.0  7   985.3  7   12.1  7    2.2  7    4.1  999.9    31.8*   13.0    0.0I 999.9  000000
871290  20130903    19.2  8     6.3  8  1018.5  8   995.3  8    9.3  8    4.2  8    7.2  999.9    33.4    16.5    0.0I 999.9  000000
871290  20130904    17.4  8     4.5  8  1021.3  8   997.6  8   10.8  8    2.9  8    5.1  999.9    25.2*   12.5    0.0I 999.9  000000
871290  20130905    20.3  8     7.0  8  1012.3  8   989.1  8   10.9  8    2.5  8    5.1  999.9    29.0*   12.0    0.0I 999.9  000000
871290  20130906    24.2  7    10.0  7  1009.6  7   986.7  7   11.1  7    2.6  7    5.7  999.9    35.9*   12.0    0.0I 999.9  000000
871290  20130907    28.1  8    12.1  8  1004.9  8   982.5  8   10.8  8    2.1  8    3.6  999.9    38.4*   15.8    0.0I 999.9  000000
871290  20130908    25.9  8    11.3  8  1012.0  8   989.4  8   10.9  8    3.1  8    6.2  999.9    39.4    19.7*   0.0I 999.9  000000
871290  20130909    26.4  8    11.3  8  1010.1  8   987.4  8   10.1  8    3.5  8    7.7  999.9    39.8*   12.0    0.0I 999.9  000000
871290  20130910    31.3  8    10.6  8  1004.2  8   982.1  8    8.5  8    5.1  8    7.7  999.9    40.5    20.8    0.0I 999.9  000000
871290  20130911    32.4  8    11.3  8  1000.8  8   978.9  8    9.5  8    4.1  8    6.2  999.9    40.0    24.9*   0.0I 999.9  000000
871290  20130912    27.1  8     9.7  8  1001.9  8   979.6  8   12.1  8    3.7  8    6.7  999.9    40.6    20.5    0.0I 999.9  000000
871290  20130913    17.2  8     6.3  8  1016.6  8   993.3  8   10.3  8    5.2  8    6.7   10.3    33.1    13.8    0.0I 999.9  000000
871290  20130914    12.3  7     7.4  7  1019.9  6   996.1  6   10.5  7    3.3  7    5.7  999.9    15.8    11.2*   0.0B 999.9  010000
871290  20130915    11.8  8     8.3  8  1018.9  7   995.0  8    8.5  8    2.6  8    4.1  999.9    15.6*    9.4    6.1G 999.9  010000
871290  20130916    11.7  8     5.9  8  1018.7  8   994.9  8   12.1  8    4.2  8    5.7  999.9    16.0     9.0    0.0G 999.9  010000
871290  20130917    12.6  8     1.1  8  1023.1  8   999.0  8   12.1  8    3.1  8    5.1  999.9    18.5*    7.0    0.0I 999.9  000000
871290  20130918    11.2  8    -0.9  8  1021.6  8   997.5  8   11.6  8    1.6  8    3.1  999.9    19.8*    1.9*   0.0I 999.9  000000
871290  20130919    14.1  8     1.6  8  1017.8  7   994.5  8   11.4  8    3.1  8    6.2  999.9    25.2*    1.8    0.0I 999.9  000000
871290  20130920    20.3  7     3.9  7  1007.3  7   983.3  7   11.7  7    2.3  7    4.1  999.9    29.4*    8.4*   0.0I 999.9  000000
871290  20130921    17.7  6     2.6  6  1006.5  6   983.4  6   11.6  6    3.5  6    7.7  999.9    31.0     8.0    0.0I 999.9  000000
871290  20130922    13.7  8     4.2  8  1021.7  8   997.9  8   11.1  8    5.6  8    7.2  999.9    25.8     8.9*   1.0G 999.9  010000
871290  20130923    11.4  7    -0.1  7  1029.2  7  1005.0  7   12.1  7    1.2  7    3.1  999.9    21.4     1.2    0.0G 999.9  000000
871290  20130924    14.1  7     0.6  7  1028.1  7  1004.1  7   13.4  7    2.6  7    5.1  999.9    21.0*    6.2    0.0I 999.9  000000
871290  20130925    14.5  8    -1.9  8  1021.7  7   997.9  7   11.3  8    3.0  8    6.2  999.9    23.4*    1.7    0.0I 999.9  000000
871290  20130926    17.3  8     0.9  8  1013.4  8   990.0  8   11.3  8    2.9  8    5.1  999.9    27.0*    2.8   51.3G 999.9  000000
871290  20130927    18.6  8     4.1  8  1010.3  8   987.1  8   10.9  8    2.1  8    3.1  999.9    28.0     9.7*   0.0G 999.9  000000
871290  20130928    18.3  8     4.3  8  1014.4  8   991.2  8   10.0  8    7.8  8   12.9  999.9    26.1    13.5    0.0I 999.9  000000
871290  20130929    15.1  8    -0.9  8  1021.7  8   998.0  8   10.9  8    3.7  8    6.2  999.9    21.4    11.0    0.0I 999.9  000000
871290  20130930    13.8  8    -2.0  8  1020.0  8   996.1  8   10.9  8    2.4  8    5.1  999.9    23.5*    1.5    0.0I 999.9  000000
871290  20131001    16.2  8     2.2  8  1016.4  8   992.8  8   13.5  8    1.8  8    5.1  999.9    25.2*    4.0    0.0I 999.9  000000
871290  20131002    19.1  8     3.9  8  1012.8  8   989.5  8   12.4  8    2.7  8    5.7  999.9    28.4*    7.0    0.0I 999.9  000000
871290  20131003    20.4  8     5.2  8  1012.2  8   989.1  8   11.4  8    3.4  8    6.7  999.9    29.5    10.5    0.0I 999.9  000000
871290  20131004    20.7  8     5.4  8  1021.4  8   997.8  8   11.3  8    3.1  8    7.7  999.9    28.4    14.0    0.0I 999.9  000000
871290  20131005    19.8  8     4.6  8  1017.9  8   994.6  8   12.1  8    2.3  8    5.1  999.9    29.7*    7.0    0.0I 999.9  000000
871290  20131006    22.2  8     5.9  8  1017.9  8   994.8  8   11.3  8    2.2  8    4.6  999.9    30.0    12.2    0.0I 999.9  000000
871290  20131007    22.4  7     7.4  7  1016.6  7   993.5  7   12.1  7    3.6  7    6.7  999.9    31.7*   10.5    0.0I 999.9  000000
871290  20131008    24.9  8     4.8  8  1011.2  8   988.4  8   10.1  8    3.3  8    7.7  999.9    35.2*   11.0    0.0I 999.9  000000
871290  20131009    28.8  8    10.4  8  1004.8  8   982.5  8   10.9  8    4.0  8    6.2  999.9    37.2*   19.0    0.0I 999.9  000000
871290  20131010    22.8  8    12.8  8  1012.6  8   989.9  8   11.3  8    2.4  8    5.1  999.9    38.6    19.4    6.1G 999.9  000010
871290  20131011    22.6  8    17.8  8  1011.8  8   988.9  8   10.9  8    1.4  8    6.2  999.9    26.5    20.0    0.0G 999.9  000000
871290  20131012    21.0  7    17.5  7  1012.7  7   989.6  7   11.6  7    3.4  7    5.1  999.9    25.5    17.5*   3.0B 999.9  010010
871290  20131013    22.1  8    17.6  8  1012.4  8   989.4  8   11.3  8    1.3  8    3.1  999.9    28.4*   17.5    7.1G 999.9  000000
871290  20131014    22.5  9    19.5  9  1013.5  8   990.5  8    9.8  9    1.0  9    2.1  999.9    29.3    18.8    1.0G 999.9  010010
871290  20131015    22.6  9    18.0  9  1015.0  8   992.0  8   11.7  9    2.0  9    3.1  999.9    27.8*   17.6    7.1G 999.9  010010
871290  20131016    23.4  8    17.2  8  1013.3  8   989.4  8   13.0  8    2.0  8    4.6  999.9    32.2*   15.5    1.0G 999.9  000000
871290  20131017    21.3  8    16.4  8  1014.3  8   991.3  8   10.3  8    3.3  8   12.9  999.9    32.6    16.0   23.1G 999.9  010010
871290  20131018    24.8  8    15.8  8  1011.2  8   988.3  8   14.6  8    1.2  8    3.6  999.9    33.7*   15.4    0.0G 999.9  000000
871290  20131019    27.1  8    13.6  8  1004.0  8   981.6  8   13.8  8    3.1  8    6.7  999.9    36.5*   19.0    0.0I 999.9  000000
871290  20131020    31.9  8    12.1  8   994.8  8   972.9  8   13.8  8    3.4  8    6.2  999.9    39.0*   23.6    0.0I 999.9  000000
871290  20131021    25.8  7     4.1  7  1010.1  7   987.6  7   12.6  7    5.1  7    8.2  999.9    32.4    17.0    0.0I 999.9  000000
871290  20131022    24.1  8     8.7  8  1006.8  8   983.8  7   12.4  8    3.3  8    6.2  999.9    32.7*   13.0    0.0I 999.9  000000
871290  20131023    27.4  8    14.3  8  1001.9  8   979.4  8   12.1  8    1.2  8    3.1  999.9    36.7*   18.0    0.0I 999.9  000000
871290  20131024    21.4  8     6.6  8  1016.8  8   994.0  8   10.9  8    6.7  8    9.3  999.9    38.0    13.4    0.0G 999.9  010000
871290  20131025    19.8  8     8.7  8  1017.1  8   994.3  8   12.4  8    1.5  8    2.6  999.9    22.6*   15.8    0.0G 999.9  000000
871290  20131026    21.7  8    14.3  8  1012.2  8   989.2  8   12.4  8    3.3  8    5.1  999.9    29.9*   14.5    0.0I 999.9  000000
871290  20131027    23.5  8    13.2  8  1015.6  8   992.6  8   14.3  8    2.1  8    4.1  999.9    32.0*   14.0    0.0I 999.9  000000
871290  20131028    25.8  7     9.6  7  1010.6  7   988.0  7   12.9  7    5.7  7    7.7  999.9    33.8*   18.2    0.0I 999.9  000000
871290  20131029    28.7  8    12.1  8  1004.9  8   982.4  8   12.7  8    2.5  8    4.6  999.9    36.7*   19.4    0.0I 999.9  000000
871290  20131030    31.6  8    18.5  8  1003.2  8   981.1  8   14.8  8    2.6  8    5.1  999.9    38.9*   24.0    0.0I 999.9  000000
871290  20131031    31.9  8    20.0  8   997.3  8   975.4  8   12.1  8    5.4  8    7.7  999.9    41.0*   25.5*   0.0I 999.9  000010
871290  20131101    22.2  8    18.6  8  1002.1  7   979.8  7   10.3  8    6.8  8   10.3  999.9    32.2*   19.0*  53.1G 999.9  010010
871290  20131102    20.7  7    13.1  7  1015.0  6   992.3  7   12.6  7    4.6  7    8.2  999.9    26.9*   16.0    4.1G 999.9  010010
871290  20131103    21.6  7    11.2  7  1017.7  7   994.6  7   12.9  7    1.9  7    4.1  999.9    30.2*   12.4    0.0G 999.9  000000
871290  20131104    21.4  7    10.3  7  1015.7  7   992.7  7   13.4  7    1.9  7    4.6  999.9    30.6    12.2    0.0I 999.9  000000
871290  20131105    23.6  8    11.7  8  1013.7  8   990.9  8   15.0  8    1.8  8    3.1  999.9    31.7*   13.4    0.0I 999.9  000000
871290  20131106    26.1  8    11.0  8  1009.2  8   986.5  8   12.4  8    3.6  8    6.2  999.9    34.7*   17.0    0.0I 999.9  000000
871290  20131107    28.2  8    12.6  8  1005.3  7   983.6  8   13.2  8    3.8  8    8.7  999.9    36.4*   18.5    0.0I 999.9  000000
871290  20131108    30.7  9    16.6  9  1003.0  8   980.8  8   12.7  9    2.8  9    5.1  999.9    38.7*   19.9*   0.0I 999.9  000000
871290  20131109    25.2  8    19.1  8   999.8  8   977.6  8   12.2  8    4.5  8    6.7  999.9    39.5    20.0    0.0I 999.9  000000
871290  20131110    22.9  8    15.9  8  1000.6  8   978.2  8   14.3  8    7.6  8   14.4  999.9    32.6    17.4    0.0H 999.9  010000
871290  20131111    20.2  8    10.3  8  1010.8  8   987.6  8   12.1  8    4.4  8    9.3  999.9    28.8*   13.7    5.1G 999.9  010010
871290  20131112    22.8  8     8.3  8  1010.3  8   987.4  8   13.2  8    2.6  8    5.1  999.9    34.0*   11.4    0.0G 999.9  000000
871290  20131113    27.5  8     8.1  8  1007.6  8   985.1  8   12.7  8    4.8  8    6.2  999.9    36.4*   17.5    0.0I 999.9  000000
