876230  20130101    15.5  8     2.9  8  1022.0  8   999.3  8   28.2  8    4.3  8    9.3  999.9    25.8     7.4    0.0I 999.9  000000
876230  20130102    17.8  7     5.9  7  1018.7  7   996.1  7   32.8  7    4.9  7    7.2  999.9    25.9*    9.0    0.0I 999.9  000000
876230  20130103    23.3  8    11.9  8  1011.4  8   989.4  8   16.3  8    7.3  8    9.3  999.9    31.5*   15.8    0.0I 999.9  000000
876230  20130104    21.7  9    16.2  9  1009.9  8   987.9  8   19.2  9    4.0  9    6.2  999.9    32.3    17.0    0.0B 999.9  010010
876230  20130105    21.9  8    14.9  8  1009.2  8   987.1  8   28.2  8    3.6  8    5.7  999.9    30.1*   12.8    7.9G 999.9  010000
876230  20130106    26.3  8    14.8  8  1004.7  8   983.0  8   23.5  8    4.4  8    7.7  999.9    35.0*   18.0    0.0G 999.9  000000
876230  20130107    26.2  8     6.6  8  1001.7  8   980.2  8   16.3  8    5.7  8   10.3  999.9    35.7    20.7    1.0G 999.9  010010
876230  20130108    23.1  9     5.4  9  1009.4  8   987.5  8   26.2  9    3.7  9    4.6  999.9    30.8*   17.0    0.0G 999.9  010000
876230  20130109    24.3  8    11.4  8  1014.6  8   992.6  8   30.7  7    3.1  8    6.2  999.9    33.5*   13.2    0.0I 999.9  000000
876230  20130110    28.1  8    15.0  8  1013.6  8   991.9  8   19.0  8    6.6  8    8.2  999.9    36.9*   19.2    0.0I 999.9  000000
876230  20130111    29.4  8    18.0  8  1009.5  8   988.0  8   17.1  8    8.8  8   11.8  999.9    37.6    22.6    0.0I 999.9  000000
876230  20130112    28.1  8    17.7  8  1009.3  8   987.7  8   23.7  8    4.6  8    8.7  999.9    36.3    20.8    0.0G 999.9  010000
876230  20130113    26.2  8    16.4  7  1013.8  7   992.1  7   33.8  8    3.5  8    6.7  999.9    34.9    16.9    0.0I 999.9  000000
876230  20130114    26.1  8    16.6  8  1015.2  8   993.4  8   18.3  8    3.4  8    5.1  999.9    33.6    18.0    0.0I 999.9  000000
876230  20130115    26.7  8    16.7  8  1010.3  8   988.6  7   24.1  8    4.9  8    8.2  999.9    34.0*   16.3    0.0I 999.9  000000
876230  20130116    23.8  7    20.4  7  1007.0  7   985.3  7   12.4  7    4.5  7    5.7  999.9    28.6    18.2   10.9G 999.9  010010
876230  20130117    23.4  8    16.8  8  1014.8  8   992.8  8   28.3  8    3.9  8    5.7  999.9    29.7    17.3    0.0G 999.9  000000
876230  20130118    22.7  8    17.1  8  1017.1  8   994.9  8   20.3  8    2.9  8    4.1  999.9    30.1*   15.0    0.0I 999.9  000000
876230  20130119    21.4  8    15.0  8  1020.3  8   998.1  8   22.0  8    3.5  8    5.7  999.9    30.8    15.6   13.0G 999.9  010000
876230  20130120    20.2  8    13.2  8  1022.2  8   999.7  8   26.4  8    4.6  8    7.7  999.9    26.7*   11.1    0.0G 999.9  000000
876230  20130121    22.0  7    13.8  7  1018.5  7   996.2  7   28.6  7    6.1  7    9.3  999.9    29.0*   13.9    0.0I 999.9  000000
876230  20130122    25.6  8    14.3  8  1014.3  8   992.4  8   17.1  8    7.4  8    9.3  999.9    32.2*   18.8    0.0I 999.9  000000
876230  20130123    27.6  9    17.3  8  1008.8  8   987.1  8   21.9  9    3.3  9    5.1  999.9    36.4*   18.9    0.0I 999.9  000010
876230  20130124    23.8  8    14.8  8  1003.2  7   981.6  7   23.5  8    5.1  8    8.2  999.9    37.2    18.4    1.0G 999.9  000000
876230  20130125    17.7  8     6.0  8  1016.0  8   993.6  8   19.2  8    5.1  8   11.3  999.9    29.2     9.2    0.0G 999.9  000000
876230  20130126    20.1  7     6.4  7  1013.5  7   991.2  7   26.4  7    4.9  7    7.7  999.9    30.5*   12.9    0.0I 999.9  000000
876230  20130127    26.9  8    13.4  8  1008.5  8   986.7  8   25.6  8    3.5  8    6.2  999.9    37.7*   15.8    0.0I 999.9  000000
876230  20130128    26.6  8    15.5  8  1011.4  8   989.7  8   22.7  8    2.7  8    4.6  999.9    38.7    21.9    0.0I 999.9  000000
876230  20130129    25.7  9    16.5  9  1013.1  8   991.2  8   22.4  9    2.6  9    5.1  999.9    32.1*   18.9    0.0I 999.9  000010
876230  20130130    24.3  8    16.7  8  1012.0  8   990.0  8   17.5  8    2.6  8    6.2  999.9    33.6*   15.0    5.1G 999.9  010010
876230  20130131    27.3  8    17.9  8  1007.4  8   985.8  8   29.9  8    5.6  8   11.3  999.9    35.1*   19.8    0.0G 999.9  000000
876230  20130201    27.6  8    15.2  8  1004.1  8   982.5  7   26.7  8    5.8  8    7.7  999.9    36.7    19.6    0.0I 999.9  000000
876230  20130202    24.8  8    11.1  8  1012.3  8   990.5  8   31.2  8    3.8  8    5.7  999.9    35.6    18.7    0.0I 999.9  000000
876230  20130203    23.1  7    12.4  7  1017.1  7   994.9  7   12.1  7    5.0  7    8.7  999.9    30.7*   11.8    0.0I 999.9  000000
876230  20130204    24.8  8    14.2  8  1010.4  8   988.5  8   17.4  8    7.2  8    9.3  999.9    33.7*   15.7    0.0I 999.9  000000
876230  20130205    25.8  7    17.2  7  1011.8  7   990.0  7   18.5  7    6.0  7    8.7  999.9    33.8*   16.4    0.0I 999.9  000000
876230  20130206    27.0  8    17.4  8  1013.2  8   991.4  8   29.9  8    5.9  8    8.7  999.9    35.1*   18.0    0.0I 999.9  000000
876230  20130207    24.3  7    15.8  7  1014.8  7   992.9  7   29.9  7    4.8  7    6.7  999.9    36.0    15.8    0.0I 999.9  000000
876230  20130208    25.9  8    17.4  8  1011.0  8   989.3  8   24.9  8    5.8  8    8.2  999.9    34.1    16.9    0.0I 999.9  000000
876230  20130209    26.1  7    19.3  7  1007.6  7   986.0  7   17.9  7    4.0  7    6.7  999.9    34.9    18.9    0.0I 999.9  000000
876230  20130210    24.9  8    19.5  8  1007.3  7   985.6  7   17.1  8    3.4  8    6.7  999.9    35.4    17.9    6.1G 999.9  010010
876230  20130211    25.4  8    15.9  8  1007.7  8   985.8  7   20.4  8    3.3  8    8.2  999.9    35.0*   16.8    0.0G 999.9  000000
876230  20130212    27.2  8    15.1  8  1003.3  8   981.8  8   24.5  8    3.4  8    4.6  999.9    35.7    19.7    1.0G 999.9  010010
876230  20130213    23.4  8    10.6  8  1007.9  8   986.1  8   10.3  8    3.1  8    7.7  999.9    33.0    16.2    0.0G 999.9  000000
876230  20130214    24.3  8    13.7  8  1010.3  8   988.4  8   27.0  8    2.6  8    5.7  999.9    33.8*   14.5    0.0I 999.9  000000
876230  20130215    28.1  8    18.2  8  1007.8  8   986.2  8   24.5  8    4.5  8    8.2  999.9    36.5*   18.9    0.0I 999.9  000000
876230  20130216    25.6 10    19.4 10  1002.1  8   980.6  8   20.3 10    4.0 10    6.2  999.9    38.1    18.6    6.1G 999.9  010010
876230  20130217    19.4  8     8.9  8  1009.7  8   987.7  8   22.5  8    5.6  8    8.2  999.9    35.0    14.9   10.9G 999.9  010010
876230  20130218    16.2  8     5.1  8  1019.3  8   996.6  8   28.8  8    2.1  8    4.1  999.9    24.8*    5.7    0.0G 999.9  000000
876230  20130219    18.1  8    10.3  8  1019.0  7   996.4  7   29.9  8    4.3  8    6.2  999.9    25.5    12.4    0.0I 999.9  000000
876230  20130220    17.9  8    12.9  8  1017.9  8   995.4  8   29.9  8    2.9  8    4.6  999.9    26.5     9.6    0.0I 999.9  000000
876230  20130221    20.3  8    13.8  8  1015.8  8   993.4  8   19.3  8    3.0  8    6.7  999.9    29.0*   10.6    0.0I 999.9  000000
876230  20130222    22.1  8    14.7  8  1013.5  8   991.4  8   17.1  8    6.7  8   12.9  999.9    31.5*   14.0    0.0I 999.9  000000
876230  20130223    23.4  8    16.7  8  1007.4  8   985.5  8   23.7  8    5.3  8    8.2  999.9    31.8    18.2  999.9  999.9  010010
876230  20130224    19.9  8    10.8  8  1010.1  8   987.9  8   22.0  8    4.2  8    9.3  999.9    28.6    13.0    0.5G 999.9  000000
876230  20130225    16.6  8     7.5  8  1017.7  8   995.2  8   11.1  8    5.7  8    9.3  999.9    27.8     8.6    0.0G 999.9  000000
876230  20130226    16.6  8     5.9  8  1017.9  8   995.2  8   22.0  8    1.8  8    3.1  999.9    25.3*    6.2    0.0I 999.9  000000
876230  20130227    20.4  8     9.6  8  1013.1  8   990.8  8   27.2  8    6.1  8    8.7  999.9    30.2*   11.9    0.0I 999.9  000000
876230  20130228    24.6  7    14.5  7  1008.9  7   987.0  7    8.9  7    9.1  7   12.9  999.9    31.7    17.6    0.0I 999.9  000000
876230  20130301    19.2  9    16.3  9  1006.7  8   984.8  8    7.2  9    8.0  9   12.9  999.9    32.5    15.7*  24.9G 999.9  010010
876230  20130302    16.8 10    14.1 10  1010.2  8   987.8  8   19.2 10    6.3 10    9.3  999.9    20.0*   12.0   38.1G 999.9  010010
876230  20130303    15.8  8    11.3  8  1019.3  8   996.5  8   27.4  8    4.3  8    6.2  999.9    21.8    10.1    0.8G 999.9  000000
876230  20130304    16.1  8    10.0  8  1019.5  8   996.8  8   24.8  8    1.4  8    3.1  999.9    24.0*    7.6    0.0G 999.9  000000
876230  20130305    19.4  8    11.8  8  1012.8  8   990.4  8   27.4  8    3.9  8    7.7  999.9    28.1*   11.2    0.0I 999.9  000000
876230  20130306    20.6  7     9.8  7  1007.1  7   985.1  7   19.3  7    6.8  7    9.8  999.9    24.3*   14.6    0.0I 999.9  000000
876230  20130307    15.7  7     6.1  7  1013.7  7   991.2  7   24.3  7    1.6  7    3.1  999.9    24.9     9.8    0.0I 999.9  000000
876230  20130308    18.8  8    12.7  8  1013.0  8   990.6  8   27.2  8    2.6  8    6.7  999.9    28.9*   11.1  999.9  999.9  010010
876230  20130309    20.7  9    17.9  9  1008.2  7   986.1  7   16.4  9    1.9  9    6.2  999.9    29.5    15.6    8.9G 999.9  010010
876230  20130310    21.2  8     9.9  8  1010.6  8   988.5  8   29.9  8    3.3  8    5.1  999.9    29.8    16.0    0.0G 999.9  000000
876230  20130311    18.3  7     9.4  7  1007.1  7   984.9  7   29.9  7    4.2  7    7.2  999.9    26.1*   13.4    0.0I 999.9  000000
876230  20130312    17.0  8     9.4  8  1012.2  8   989.8  8   25.9  8    3.1  8    4.6  999.9    27.7     8.0    0.0I 999.9  000000
876230  20130313    14.7  8     6.4  8  1019.7  8   997.0  8   29.9  8    5.4  8    7.2  999.9    24.8     8.8    0.3G 999.9  000000
876230  20130314    11.3  8     4.6  8  1024.4  8  1001.3  8   28.2  8    2.6  8    4.1  999.9    18.0     6.8    0.0G 999.9  010000
876230  20130315    12.9  9     4.4  9  1025.3  8  1002.2  8   25.6  9    2.3  9    3.6  999.9    18.0*    7.4    0.0G 999.9  010000
876230  20130316    12.4  8     5.1  8  1025.7  8  1002.6  8   27.5  8    4.1  8    6.7  999.9    18.7     6.4    0.0I 999.9  000000
876230  20130317    15.6  8     7.3  8  1025.8  8  1002.8  8   21.7  8    5.9  8    9.3  999.9    19.8*   10.6    0.0I 999.9  000000
876230  20130318    14.3  8     8.1  8  1023.5  8  1000.5  8   28.2  8    4.6  8    8.2  999.9    22.0*    6.8    0.0I 999.9  000000
876230  20130319    15.7  8     9.6  8  1019.6  8   996.9  8   28.3  8    4.1  8    6.7  999.9    22.7     8.3    0.0I 999.9  000000
876230  20130320    17.3  8    12.6  8  1013.0  8   990.5  8   23.2  8    3.7  8    5.1  999.9    24.9*   10.0*   0.0I 999.9  100000
876230  20130321    18.5  8     7.3  8  1013.9  8   991.5  8   17.7  8    4.6  8    6.7  999.9    25.7    14.0    0.0I 999.9  000000
876230  20130322    15.7  8     3.4  8  1016.4  8   993.7  8   20.9  8    1.5  8    4.1  999.9    26.5*    3.8    0.0I 999.9  000000
876230  20130323    19.4  8    10.3  8  1016.3  7   993.9  7   31.2  8    3.2  8    5.1  999.9    28.0*   10.0    0.0I 999.9  000000
876230  20130324    21.2  7    13.5  7  1009.8  7   987.7  7   29.9  7    4.2  7    8.2  999.9    26.3*   12.8    0.0I 999.9  000000
876230  20130325    18.6  8     4.3  8  1013.0  8   990.7  8   24.5  8    3.6  8    6.2  999.9    28.2    12.9    0.0I 999.9  000000
876230  20130326    16.8  8     4.9  8  1019.4  8   996.7  8   26.9  8    2.0  8    4.1  999.9    28.4*    6.0    0.0I 999.9  000000
876230  20130327    19.6  8     7.7  8  1017.9  8   995.6  8   29.9  8    5.2  8    6.7  999.9    29.3*    9.3    0.0I 999.9  000000
876230  20130328    21.2  8    10.5  8  1016.4  8   994.1  8   29.9  8    4.9  8    6.7  999.9    31.2*   11.6    0.0I 999.9  000000
876230  20130329    20.8  8    11.3  8  1014.0  8   991.8  8   18.2  8    6.0  8    8.2  999.9    32.2    11.5    0.0I 999.9  000000
876230  20130330    21.1  8    12.9  8  1011.1  7   989.0  7   19.3  8    3.7  8    6.2  999.9    31.1    12.5    0.0I 999.9  000000
876230  20130331    16.5  8    15.0  8  1017.8  8   995.3  8    8.4  8    5.5  8    7.7  999.9    30.1    15.3*   9.9G 999.9  010010
876230  20130401    14.8  9    14.4  9  1018.3  8   995.5  8    4.2  9    4.0  9    5.7  999.9    17.0*   12.6   22.1G 999.9  010000
876230  20130402    14.4  9    12.9  9  1018.1  8   995.3  8   11.9  9    3.5  9    4.6  999.9    17.6    11.5   11.9G 999.9  010000
876230  20130403    14.7  8    13.4  8  1017.0  7   994.2  7   12.2  8    2.4  8    3.6  999.9    17.0*   13.0    6.1G 999.9  010000
876230  20130404    16.9  8    13.7  8  1009.9  8   987.4  8   16.6  8    3.1  8    5.1  999.9    21.8*   13.3    9.9G 999.9  010000
876230  20130405    17.7  8    10.1  8  1006.3  8   983.9  8   27.4  8    3.1  8    6.2  999.9    25.3*   10.6    0.0G 999.9  000000
876230  20130406    15.1  8     2.9  8  1011.5  8   989.0  8   21.1  8    5.0  8    8.2  999.9    25.5     9.8    0.0G 999.9  000010
876230  20130407    13.9  7     4.8  7  1016.7  7   993.9  7   29.9  7    2.1  7    3.1  999.9    24.0*    5.1    0.0I 999.9  000000
876230  20130408    14.9  7     6.9  7  1017.8  7   995.1  7   27.8  7    2.3  7    4.1  999.9    24.8     7.2    0.0I 999.9  000000
876230  20130409    18.1  8     8.0  8  1014.0  8   991.5  8   24.9  8    6.8  8   11.3  999.9    26.7*   10.9    0.0I 999.9  000000
876230  20130410    16.7  8    11.4  8  1011.1  8   988.8  8   23.5  8    5.6  8    7.7  999.9    27.2    14.6    4.1A 999.9  000010
876230  20130411    15.6  9    11.6  9  1011.0  7   988.4  7   14.6  9    4.2  9    9.3  999.9    20.2*   11.9   10.9G 999.9  110010
876230  20130412    11.6  8    -1.6  8  1018.4  8   995.4  8   29.9  8    4.2  8    5.7  999.9    20.9     5.0    2.0G 999.9  000000
876230  20130413    10.1  7    -0.2  7  1019.4  7   996.1  7   29.9  7    2.1  7    3.1  999.9    19.5*    0.6*   0.0G 999.9  000000
876230  20130414    17.2  6     4.8  6  1013.8  6   991.1  6   29.9  6    3.2  6    5.1  999.9    26.1*    6.3    0.0I 999.9  000000
876230  20130415    18.1  8     8.8  8  1015.8  8   993.3  8   29.9  8    1.9  8    3.1  999.9    28.2*    9.8    0.0I 999.9  000000
876230  20130416    17.4  8    10.8  8  1017.1  8   994.6  8   29.9  8    4.5  8    7.7  999.9    28.8     9.5    0.0I 999.9  000000
876230  20130417    19.1  8    12.5  8  1015.1  8   992.6  8   27.2  8    3.6  8    4.6  999.9    29.4*   11.0    0.0I 999.9  000000
876230  20130418    21.1  8    12.8  8  1012.7  8   990.5  8   27.4  8    3.8  8    5.7  999.9    31.0*   12.5    0.0I 999.9  000000
876230  20130419    21.8  8    12.2  8  1013.5  8   991.3  8   27.2  8    4.1  8    6.2  999.9    31.9    12.5    0.0I 999.9  000000
876230  20130420    18.3  8     8.7  8  1015.1  8   992.7  8   27.4  8    5.5  8    9.3  999.9    31.1     9.8    0.0I 999.9  000000
876230  20130421    19.5  8    11.7  8  1015.7  8   993.4  8   29.9  8    5.4  8    7.7  999.9    28.6*   11.4    0.0I 999.9  000000
876230  20130422    19.5  8    13.2  8  1016.5  8   994.1  8   23.0  8    4.6  8    6.2  999.9    28.8    11.2    0.0I 999.9  000000
876230  20130423    19.7  8    14.2  8  1017.6  8   995.3  8   19.3  8    3.8  8    7.7  999.9    29.1    11.6    0.0I 999.9  000000
876230  20130424    20.7  8    15.3  8  1015.3  8   993.0  8   18.2  8    4.7  8    7.7  999.9    28.0    13.1    0.0I 999.9  000000
876230  20130425    21.2  8    15.4  8  1012.7  8   990.5  8   27.2  8    3.7  8    6.7  999.9    29.3    14.7    0.0I 999.9  000000
876230  20130426    20.1  8    14.1  8  1012.8  8   990.5  8    9.5  8    3.3  8    7.7  999.9    28.5    11.5    0.0I 999.9  000000
876230  20130427    16.1  8    12.6  8  1012.6  8   990.2  8   18.2  8    3.1  8    6.2  999.9    21.2    12.8    2.0G 999.9  010000
876230  20130428    14.8  8    12.7  8  1011.8  7   989.2  7   15.9  8    2.6  8    4.6  999.9    19.7*   10.9    7.1G 999.9  010000
876230  20130429    15.1  8    11.8  8  1013.9  8   991.3  8   16.4  8    1.9  8    3.1  999.9    22.3*    8.6    0.0G 999.9  000000
876230  20130430    16.2  8    11.3  8  1014.3  8   991.7  8   26.6  8    3.1  8    6.2  999.9    24.6*    9.2    0.0I 999.9  000000
876230  20130501    17.3  7    14.2  7  1010.6  7   988.2  7   19.3  7    5.6  7    8.2  999.9    23.5*   13.1    0.0I 999.9  000000
876230  20130502    17.1  8    15.0  8  1013.7  8   991.2  8    9.3  8    3.0  8    4.6  999.9    24.2    14.4    0.0I 999.9  100000
876230  20130503    15.3  8    12.1  8  1013.6  8   991.0  8   24.0  8    2.8  8    4.6  999.9    21.0    11.1    0.0G 999.9  010000
876230  20130504    15.3  8     8.6  8  1016.1  8   993.4  8   18.3  8    3.3  8    5.7  999.9    22.2*    9.2    0.0I 999.9  000000
876230  20130505    13.3  8     6.0  8  1020.0  8   997.1  8   31.2  8    2.1  8    3.6  999.9    22.7     4.0    0.0I 999.9  000000
876230  20130506    14.7  8     4.6  8  1015.7  8   993.0  8   22.7  8    4.6  8    8.7  999.9    22.5     7.0    0.0I 999.9  000000
876230  20130507    10.7  8    -2.4  8  1021.1  8   998.0  8   29.9  8    2.8  8    6.2  999.9    21.3*    0.8    0.0I 999.9  000000
876230  20130508    16.4  8     2.6  8  1010.0  8   987.5  8   31.2  8    3.6  8    5.7  999.9    26.6*    4.4    0.0I 999.9  000000
876230  20130509    15.0  8     6.6  8  1011.7  8   989.1  8   19.0  8    1.9  8    4.6  999.9    27.7     5.3    0.0I 999.9  000000
876230  20130510    16.0  8    12.1  7  1007.8  7   985.5  7    9.8  8    2.2  8    3.1  999.9    26.8*   10.3    0.0I 999.9  100000
876230  20130511    14.0  8     4.0  8  1016.5  8   993.8  8   21.9  8    2.5  8    5.1  999.9    26.9     6.5    0.0I 999.9  000000
876230  20130512    12.1  7     2.5  7  1016.9  7   994.0  7   27.8  7    2.3  7    5.7  999.9    18.7*    3.7    0.0I 999.9  000000
876230  20130513    10.6  8     2.1  8  1016.0  8   992.9  8   23.7  8    1.6  8    2.6  999.9    19.5     2.3    0.0I 999.9  000000
876230  20130514     9.9  8    -0.7  8  1015.7  8   992.7  8   28.2  8    3.3  8    6.2  999.9    19.4     4.7    0.0I 999.9  000000
876230  20130515     5.4  9    -5.7  9  1022.1  8   998.6  8   24.3  9    4.9  9    7.7  999.9    15.5    -6.1    0.0I 999.9  000000
876230  20130516     6.1  8    -4.4  8  1025.1  8  1001.4  8   28.2  8    2.5  8    3.6  999.9    16.6*   -3.1    0.0I 999.9  000000
876230  20130517     8.5  8    -2.1  8  1022.5  8   999.1  8   29.9  8    4.8  8    8.2  999.9    17.7*   -1.9    0.0I 999.9  000000
876230  20130518     7.5  8     2.9  8  1021.3  8   997.9  8   24.5  8    4.0  8    5.1  999.9    17.9     2.5  999.9  999.9  010000
876230  20130519     9.5  9     8.1  8  1022.6  6   999.4  6    9.2  9    2.8  9    4.6  999.9    13.4*    7.5    7.1G 999.9  010000
876230  20130520     9.2  7     6.4  7  1020.9  7   997.6  7   14.2  7    3.6  7    6.7  999.9    18.3*    0.6    0.0G 999.9  100000
876230  20130521     8.1  9     6.7  9  1018.6  7   995.4  7    9.0  9    1.9  9    5.1  999.9    14.0*    1.7    0.0I 999.9  100000
876230  20130522     8.8  8     5.3  8  1021.1  8   997.7  8   12.7  8    2.2  8    4.1  999.9    18.9*   -0.2    0.0I 999.9  100000
876230  20130523    10.8  8     6.1  8  1017.8  8   994.7  8   18.8  8    3.2  8    5.1  999.9    21.8*    0.8    0.0I 999.9  000000
876230  20130524    11.8  8     6.2  8  1020.3  8   997.3  8   23.3  8    2.9  8    6.2  999.9    22.5     2.7    0.0I 999.9  000000
876230  20130525    10.9  9     6.4  9  1017.1  8   994.1  8   18.8  9    3.9  9    8.7  999.9    22.2*    5.2    0.0I 999.9  100000
876230  20130526    12.5  8     5.0  8  1011.2  8   988.5  8   17.1  8    2.7  8    6.7  999.9    22.6     3.0    0.0I 999.9  000000
876230  20130527     9.7  8     6.1  8  1007.8  8   984.9  8   18.8  8    3.2  8    8.2  999.9    21.3     4.1    0.0I 999.9  000000
876230  20130528    13.1  8     6.6  8  1000.8  8   978.2  8   21.2  8    4.4  8    9.8  999.9    18.5     6.2    0.0I 999.9  000000
876230  20130529    10.1  8     0.7  8  1008.1  8   985.3  8   18.3  8    4.2  8    9.8  999.9    17.9     3.9    0.0I 999.9  000000
876230  20130530    11.9  8     0.3  8  1009.7  8   986.9  8   26.9  8    3.1  8    4.6  999.9    24.2*    4.1    0.0I 999.9  000000
876230  20130531    16.1  8     0.8  8  1003.0  8   980.6  8   24.1  8    3.7  8    7.7  999.9    25.3     5.4    0.0I 999.9  000000
876230  20130601    14.5  8    -1.6  8  1008.2  8   985.6  8   18.5  8    4.1  8    8.2  999.9    22.7*    6.9    0.0I 999.9  000000
876230  20130602    14.7  8    -0.5  8  1016.4  8   993.7  8   24.9  8    3.8  8    5.7  999.9    24.4     8.2    0.0I 999.9  000000
876230  20130603    13.4  8     0.9  8  1017.4  8   994.5  8   27.2  8    2.8  8    4.6  999.9    22.6*    6.2    0.0I 999.9  000000
876230  20130604    15.7  8     3.9  8  1013.4  8   990.8  8   29.9  8    2.4  8    4.6  999.9    23.4     6.8    0.0I 999.9  000000
876230  20130605    14.1  8     0.3  8  1011.2  8   988.6  8   15.8  8    4.7  8    9.3  999.9    22.7     7.3    0.0I 999.9  000000
876230  20130606     8.3  9    -2.2  9  1020.0  8   996.8  8   15.3  9    3.9  9    7.2  999.9    19.7    -0.3    0.0I 999.9  000000
876230  20130607    11.6  7    -2.9  7  1016.5  7   993.5  7   27.8  7    4.3  7    6.7  999.9    19.5*    2.0    0.0I 999.9  000000
876230  20130608     7.0  8    -5.1  8  1024.6  8  1001.1  8   19.3  8    4.0  8    9.8  999.9    19.7    -2.6    0.0I 999.9  000000
876230  20130609     9.6  8     1.8  8  1017.5  8   994.3  8   20.4  8    2.0  8    5.1  999.9    19.6*   -0.1    0.0I 999.9  000000
876230  20130610    10.1  7    -1.8  7  1016.7  7   993.6  7   29.9  7    2.3  7    2.6  999.9    23.7*    1.3    0.0I 999.9  000000
876230  20130611    16.4  8     9.7  8  1015.3  8   992.6  8   19.3  8    3.6  8    5.1  999.9    26.0*    3.6    0.0I 999.9  000000
876230  20130612    14.3  8     7.9  8  1015.5  8   992.8  8   17.4  8    2.4  8    5.1  999.9    26.8     5.3    0.0I 999.9  000000
876230  20130613    15.1  8     6.4  8  1014.7  8   992.0  8   26.7  8    2.9  8    5.1  999.9    24.7*    5.2    0.0I 999.9  000000
876230  20130614    10.6  8     2.0  8  1024.2  8  1001.1  8   29.9  8    4.3  8    5.7  999.9    24.9     5.9    0.0I 999.9  000000
876230  20130615    10.1  8     4.2  8  1015.0  8   991.8  8   17.1  8    6.8  8    9.8  999.9    20.5*    4.2    0.0I 999.9  000000
876230  20130616    11.7  9     0.6  9  1016.5  8   993.7  8   15.6  9    5.9  9    9.3  999.9    21.3     5.9    0.3G 999.9  010000
876230  20130617     3.6  8    -7.1  8  1018.7  8   995.1  8   21.2  8    2.7  8    5.7  999.9    14.3*   -6.7    0.0G 999.9  000000
876230  20130618     7.7  8    -5.9  8  1015.2  8   991.8  8   21.7  8    6.5  8   10.8  999.9    15.1    -4.1    0.0I 999.9  000000
876230  20130619     2.5  8   -10.2  8  1026.8  8  1002.9  8   28.2  8    2.4  8    3.1  999.9    12.5*   -5.8    0.0I 999.9  000000
876230  20130620     6.9  8    -9.6  8  1022.7  8   999.1  8   29.9  8    3.6  8    5.7  999.9    17.3*   -5.3    0.0I 999.9  000000
876230  20130621     8.1  7    -5.5  7  1011.7  7   988.6  7   29.9  7    3.3  7    5.7  999.9    17.8    -0.3    0.0I 999.9  000000
876230  20130622    10.3  8    -1.8  8  1014.5  8   991.5  8   26.7  8    2.6  8    5.7  999.9    17.5     3.1    0.0I 999.9  000000
876230  20130623     5.7  8    -1.4  8  1022.8  8   999.2  8   27.2  8    1.6  8    3.1  999.9    14.7*   -2.1    0.0I 999.9  000000
876230  20130624     7.8  8    -0.8  8  1023.2  8   999.7  8   27.5  8    3.1  8    6.2  999.9    15.6    -0.9    0.0G 999.9  010000
876230  20130625     7.6  8    -1.0  8  1017.5  8   994.1  8   24.8  8    2.6  8    4.1  999.9    19.1*    0.8    0.0G 999.9  000000
876230  20130626    10.7  8     1.0  8  1014.4  8   991.4  8   27.5  8    2.0  8    3.6  999.9    19.7     1.5    0.0I 999.9  000000
876230  20130627    10.2  8     2.7  8  1009.8  8   986.9  8   19.0  8    5.1  8    7.7  999.9    21.3     4.8    0.0I 999.9  000000
876230  20130628    10.3  7     3.2  7  1008.7  7   985.8  7   14.8  7    1.6  7    2.6  999.9    17.7*    4.0    0.0A 999.9  000000
876230  20130629     7.1  8    -4.4  8  1016.5  8   993.3  8   29.9  8    2.7  8    4.1  999.9    19.4     0.1    0.0G 999.9  000000
876230  20130630     7.2  7    -1.2  7  1022.0  7   998.6  7   29.9  7    2.1  7    4.1  999.9    13.2*    1.1    0.0I 999.9  000000
876230  20130701     8.7  8     0.3  8  1021.6  8   998.2  8   29.9  8    3.0  8    4.6  999.9    17.8*    1.4    0.0I 999.9  000000
876230  20130702    11.7  7     4.4  7  1008.8  7   986.1  7   10.9  7    6.4  7    7.7  999.9    15.9*    5.8    0.0I 999.9  000000
876230  20130703     8.9  8     1.7  8  1008.7  8   985.7  8    5.6  8    2.6  8    7.2  999.9    17.2     1.5    0.0I 999.9  000000
876230  20130704    11.5  8    -1.3  8  1017.1  8   994.1  8   18.5  8    5.0  8    8.7  999.9    17.2     2.5    0.0I 999.9  000000
876230  20130705     8.9  8     0.9  8  1016.3  8   993.2  8   17.9  8    3.6  8    4.6  999.9    17.5     7.1    0.0B 999.9  010000
876230  20130706     8.4  8     5.3  8  1019.5  8   996.2  8   24.0  8    5.3  8    6.7  999.9    10.5*    6.2    5.1G 999.9  010000
876230  20130707     4.9  8     1.9  8  1028.4  8  1004.7  8   23.7  8    2.3  8    5.1  999.9    11.5     1.6    0.0G 999.9  000000
876230  20130708     4.4  8     1.2  8  1029.1  8  1005.3  8   27.4  8    4.9  8   11.3  999.9    10.9*   -1.0    0.0I 999.9  000000
876230  20130709     8.0  9     5.1  9  1019.6  8   996.3  8   18.2  9    4.9  9    7.7  999.9    11.9     0.9    4.1G 999.9  110000
876230  20130710     7.2  9     7.2  9  1016.4  7   993.1  7    1.1  9    3.9  9    6.2  999.9    10.3     4.3    0.0G 999.9  100000
876230  20130711     9.7  8     8.4  8  1017.4  8   994.2  8    8.4  8    1.6  8    2.6  999.9    13.7*    6.1    0.0I 999.9  100000
876230  20130712     9.5  8     4.2  8  1021.3  8   998.0  8   17.7  8    2.6  8    4.6  999.9    19.3*    1.3    0.0I 999.9  000000
876230  20130713    12.3  8     3.8  8  1014.1  8   991.2  8   29.9  8    4.0  8    7.7  999.9    19.9*    2.1    0.0I 999.9  000000
876230  20130714    10.6  7    -5.8  6  1020.9  7   997.9  7   27.8  7    3.2  7    5.7  999.9    14.9     4.8    0.0I 999.9  000000
876230  20130715     9.2  8    -2.4  8  1020.0  8   996.6  8   29.9  8    2.6  8    4.1  999.9    20.4*    0.5    0.0I 999.9  000000
876230  20130716    13.0  8     0.6  8  1014.1  8   991.2  8   27.2  8    2.3  8    2.6  999.9    23.2*    2.3    0.0I 999.9  000000
876230  20130717    12.3  8     0.9  8  1009.0  8   986.2  8   27.2  8    2.2  8    4.1  999.9    24.9     4.6    0.0I 999.9  000000
876230  20130718     7.3  9     1.1  9  1021.8  8   998.5  8   13.4  9    6.9  9   11.3  999.9    22.1     1.3    0.0G 999.9  010000
876230  20130719     1.7  8    -3.5  8  1025.4  8  1001.3  8   20.4  8    2.1  8    3.1  999.9     9.7*   -4.9    0.0G 999.9  000000
876230  20130720     3.7  8    -5.3  8  1011.8  8   988.2  8   29.9  8    4.9  8    8.7  999.9    10.2    -4.6    0.0I 999.9  000000
876230  20130721     3.9  7    -2.9  7  1021.4  7   997.7  7   14.3  7    7.4  7    9.3  999.9     5.7*    1.8    0.0G 999.9  011000
876230  20130722     3.1  8    -6.4  8  1027.4  8  1003.5  8   29.9  8    5.0  8    6.2  999.9     7.5*   -2.0    0.0G 999.9  000000
876230  20130723     2.5  8    -6.5  8  1025.0  8  1001.0  8   28.2  8    3.3  8    6.7  999.9    10.5*   -4.7    0.0I 999.9  000000
876230  20130724     4.9  8    -2.6  8  1025.7  8  1001.9  8   29.9  8    3.3  8    6.7  999.9    15.5*   -3.7    0.0I 999.9  000000
876230  20130725     9.0  8    -4.9  8  1018.3  8   995.0  8   27.2  8    6.5  8    7.7  999.9    18.1*   -3.0    0.0I 999.9  000000
876230  20130726     8.6  8    -2.8  8  1016.6  8   993.4  8    9.8  8    6.0  8    8.2  999.9    19.0     2.0    0.0I 999.9  000000
876230  20130727     8.3  7    -0.9  7  1022.7  7   999.4  7   14.3  7    2.9  7    5.1  999.9    16.3*    1.9    0.0I 999.9  000000
876230  20130728     9.6  8     0.7  8  1021.5  8   998.2  8   22.0  8    2.3  8    4.1  999.9    19.1*    1.2    0.0I 999.9  000000
876230  20130729     9.9  7     2.7  7  1020.4  7   997.2  7   15.8  7    1.9  7    3.6  999.9    20.5*    0.8    0.0I 999.9  000000
876230  20130730    13.3  8     8.0  8  1016.3  8   993.4  8   19.3  8    4.5  8    6.2  999.9    20.7     1.4    0.0B 999.9  010000
876230  20130731    12.4  8     7.7  8  1015.9  8   993.1  8   14.6  8    4.1  8    5.7  999.9    17.1     8.4    1.0G 999.9  000010
876230  20130801     8.2 10     5.3 10  1019.5  7   996.3  7   10.5 10    2.2 10    3.1  999.9    15.4*    2.6    0.0G 999.9  100000
876230  20130802     8.2  8     1.8  8  1020.8  8   997.5  8   26.6  8    1.6  8    2.6  999.9    17.0    -0.5    0.0I 999.9  000000
876230  20130803     7.1  8     2.3  8  1015.7  8   992.4  8   21.6  8    3.2  8    5.7  999.9    17.5    -0.2    0.0I 999.9  000000
876230  20130804    10.5  8     1.3  8  1016.1  8   992.9  8   23.8  8    4.8  8   11.8  999.9    19.9*    1.6    0.0I 999.9  000000
876230  20130805    13.9  8    -5.1  8  1010.9  8   988.2  8   14.6  8    4.5  8    7.7  999.9    20.6     5.0    0.0I 999.9  000000
876230  20130806    10.8  8    -4.8  8  1015.2  8   992.2  8    6.6  8    5.1  8   11.3  999.9    20.0*    1.0    0.0I 999.9  000000
876230  20130807    14.2  8    -1.3  8  1003.5  8   981.0  8   14.0  8    5.5  8   11.3  999.9    21.6     7.1    0.0I 999.9  000000
876230  20130808     9.1  8    -6.9  8  1016.2  8   993.1  8   22.9  8    4.6  8    7.7  999.9    16.7     3.7    0.0I 999.9  000000
876230  20130809     4.7  9    -6.3  9  1027.6  8  1003.8  8   11.6  9    2.3  9    3.1  999.9    15.8*   -4.5    0.0I 999.9  000000
876230  20130810     8.9  8   -10.1  8  1021.4  8   998.0  8   15.4  8    4.2  8    6.7  999.9    19.2*   -1.5    0.0I 999.9  000000
876230  20130811    10.8  8    -0.8  8  1012.1  8   989.2  8    9.2  8    3.3  8    6.2  999.9    20.0     3.2    0.0G 999.9  010000
876230  20130812     6.9  8     1.3  8  1017.3  8   994.0  8   21.4  8    5.1  8    8.7  999.9    12.0     2.8    7.1G 999.9  100000
876230  20130813     4.8  8    -4.9  8  1029.5  8  1005.6  8   27.2  8    2.5  8    3.1  999.9    12.9*   -4.4    0.0G 999.9  000000
876230  20130814     6.1  8    -4.5  8  1029.1  8  1005.3  8   27.2  8    3.3  8    9.3  999.9    16.8*   -5.0    0.0I 999.9  000000
876230  20130815    10.9  8    -4.1  8  1015.1  8   992.1  8   19.3  8    6.5  8    9.3  999.9    23.2*   -1.8    0.0I 999.9  000000
876230  20130816    11.8  7    -6.3  7  1024.6  7  1001.5  7   27.2  7    3.7  7    6.2  999.9    24.2     1.7    0.0I 999.9  000000
876230  20130817     8.4  8    -5.3  8  1025.2  8  1001.7  8   21.1  8    6.6  8   12.9  999.9    19.5*   -1.5    0.0I 999.9  000000
876230  20130818    11.6  8    -1.3  8  1016.0  8   992.9  8   17.5  8    7.1  8    8.8  999.9    22.9*    1.9    0.0I 999.9  000000
876230  20130819    13.6  8    -0.4  8  1012.8  8   990.0  8   12.9  8    5.7  8    9.3  999.9    23.7     4.0    0.0I 999.9  000000
876230  20130820    11.8  8    -1.1  7  1015.7  8   992.7  8   17.7  8    1.9  8    5.7  999.9    22.6     1.5    0.0I 999.9  000000
876230  20130821    13.7  8    -6.1  8  1011.0  8   988.3  8   15.4  8    3.9  8    9.3  999.9    23.7     3.3    0.0I 999.9  000000
876230  20130822     6.6  8   -10.9  8  1020.9  8   997.6  8   18.2  8    7.5  8   11.3  999.9    11.7*   -0.4    0.0I 999.9  000000
876230  20130823     2.6  7    -6.9  7  1027.7  7  1003.8  7   27.0  7    3.0  7    5.1  999.9     7.1*   -3.5    0.0I 999.9  000000
876230  20130824     3.6  8    -6.3  8  1033.3  8  1009.3  8   29.9  8    4.4  8    5.1  999.9     7.8    -1.7    0.0I 999.9  000000
876230  20130825     5.1  7    -5.1  7  1036.3  7  1012.3  7   29.9  7    2.5  7    3.6  999.9     9.2*    1.2    0.0I 999.9  000000
876230  20130826     4.8  8    -6.8  8  1034.4  8  1010.5  8   29.9  8    3.7  8    6.7  999.9    12.5*   -1.3    0.0I 999.9  000000
876230  20130827    12.0  8    -3.7  8  1021.3  8   998.1  8   16.3  8    6.2  8    8.8  999.9    26.0*    1.5    0.0I 999.9  000000
876230  20130828    18.2  8    -3.0  8  1015.7  8   993.2  8   15.4  8    2.7  8    5.1  999.9    30.4*    4.5    0.0I 999.9  000000
876230  20130829    21.1  8    -3.4  8  1010.5  8   988.3  8   12.7  8    3.1  8    5.1  999.9    33.8*    9.0    0.0I 999.9  000000
876230  20130830    17.5  8    -0.8  8  1008.4  8   986.2  8    5.6  8    2.3  8    4.6  999.9    28.7*    6.5    0.0I 999.9  000000
876230  20130831    17.3  8     0.8  8  1011.0  8   988.7  8   14.8  8    3.9  8    5.7  999.9    29.2     9.5    0.0I 999.9  000000
876230  20130901    16.7  8     0.7  8  1014.2  7   991.6  7    4.7  8    4.3  8    6.7  999.9    22.3*    6.5    0.0I 999.9  000000
876230  20130902    14.2  9     2.2  9  1017.6  8   994.8  7   19.8  9    4.8  9    7.2  999.9    23.3    10.3    0.0G 999.9  010000
876230  20130903     8.5  8    -1.4  8  1026.5  8  1003.0  8   28.8  8    2.6  8    5.7  999.9    17.3     0.9    0.0I 999.9  000000
876230  20130904    11.1  9    -1.8  9  1021.6  8   998.4  8   16.4  9    8.6  9   14.4  999.9    17.8*    4.8    0.0I 999.9  000000
876230  20130905    15.1  8     0.7  8  1014.6  8   991.9  8   12.6  8    4.3  8    7.7  999.9    23.5*    7.8    0.0I 999.9  000000
876230  20130906    13.6  9     5.7  9  1015.1  8   992.4  8   23.0  9    4.2  9    6.2  999.9    24.1     8.8  999.9  999.9  010000
876230  20130907    15.4  9    10.2  9  1010.9  8   988.2  8   19.3  9    3.5  9    6.2  999.9    25.4*   11.2    1.0G 999.9  010010
876230  20130908    18.2  8     1.6  8  1014.2  8   991.7  8   32.5  8    4.4  8    7.7  999.9    27.8*    6.9    0.0G 999.9  000000
876230  20130909    22.4  8     7.3  8  1006.5  8   984.5  8   19.3  8    5.0  8    7.7  999.9    33.2*   11.7    0.0I 999.9  000000
876230  20130910    22.8  8     5.3  8  1005.3  8   983.5  8    6.9  8    5.6  8    9.3  999.9    34.4    16.3    0.0I 999.9  000000
876230  20130911    17.3  8    -1.2  8  1012.3  8   989.9  8   29.9  8    5.8  8    8.2  999.9    26.4    14.2    0.0I 999.9  000000
876230  20130912    10.1  8     5.0  8  1014.9  8   992.1  8   17.5  8    6.5  8    9.8  999.9    23.1     6.8    0.0B 999.9  010000
876230  20130913     6.4  8     1.9  8  1026.1  8  1002.5  8   25.3  8    5.1  8    6.7  999.9    10.9*    2.5    0.0G 999.9  010000
876230  20130914     5.3  8    -2.1  8  1027.5  8  1003.7  8   29.9  8    3.3  8    5.1  999.9    12.5    -0.4    0.0G 999.9  000000
876230  20130915     5.8  9     0.9  9  1027.6  8  1003.9  8   11.7  9    4.0  9    5.7  999.9    12.1     1.5    4.1G 999.9  010000
876230  20130916     4.9  8     0.4  8  1025.9  8  1002.1  8   29.9  8    4.2  8    6.2  999.9     8.9*   -0.2    0.5G 999.9  000000
876230  20130917     5.4  8    -4.1  8  1022.8  8   999.1  8   26.1  8    2.8  8    5.1  999.9    15.6*   -4.4    0.0G 999.9  000000
876230  20130918     9.4  7    -6.3  7  1018.3  7   995.4  7   29.9  7    2.9  7  999.9  999.9    18.4*   -0.4*   0.0I 999.9  000000
876230  20130919    13.9  8    -6.1  8  1016.0  8   993.1  8   20.6  8    4.2  8    9.8  999.9    24.5*    2.5    0.0I 999.9  000000
876230  20130920    14.9  9    -5.4  9  1010.5  8   988.0  8   13.7  9    5.6  9   10.3   16.5    25.2     9.3    0.0I 999.9  000000
876230  20130921    11.0  8    -2.7  8  1017.0  8   994.0  8   22.0  8    5.3  8    8.2  999.9    20.4     5.8    0.0G 999.9  010000
876230  20130922     8.8  8    -3.7  8  1025.2  8  1001.8  8   21.6  8    2.3  8    6.7  999.9    16.3    -1.7    0.0I 999.9  000000
876230  20130923     8.1  8    -0.8  8  1033.1  8  1009.5  8   16.7  8    3.3  8    6.2  999.9    16.6     0.8    0.0G 999.9  010000
876230  20130924     8.2  8    -4.8  8  1030.8  8  1007.2  8   27.2  8    2.9  8    6.2  999.9    16.9*   -2.0    0.0I 999.9  000000
876230  20130925    10.9  8    -1.4  8  1022.9  8   999.7  8   22.0  8    7.9  8   14.9  999.9    19.8*    3.2    0.0I 999.9  000000
876230  20130926    14.7  8     1.5  8  1015.5  8   992.7  8   17.4  8    8.0  8   10.8  999.9    24.3*    5.0    0.0I 999.9  000000
876230  20130927    12.6  7     4.4  7  1018.6  7   995.7  7   17.5  7    7.6  7   11.8  999.9    25.0     8.3  999.9  999.9  010000
876230  20130928     2.8  8     2.4  7  1023.9  8  1000.2  8    7.2  8    7.9  8   10.3  999.9    16.1     1.6   46.0G 999.9  010000
876230  20130929     8.8 11     7.2 11  1017.4  8   994.0  8    7.9 11    5.6 11    7.2  999.9    14.0*    2.0   11.9G 999.9  010000
876230  20130930    10.2  8     7.9  8  1020.4  8   997.2  8   18.2  8    6.1  8    7.2  999.9    14.0     7.4    6.1G 999.9  010000
876230  20131001    10.3  8     6.9  8  1020.1  8   996.9  8   24.1  8    2.9  8    4.1  999.9    14.4     6.2    0.8G 999.9  000000
876230  20131002    11.1  8     7.1  8  1018.9  8   995.7  8   21.4  8    2.6  8    5.1  999.9    18.0*    3.7    0.0G 999.9  000000
876230  20131003    12.2 10     9.3 10  1020.5  8   997.5  8   18.2 10    3.8 10    9.3  999.9    19.0     8.3   23.9G 999.9  010010
876230  20131004    12.6  8     6.8  8  1023.7  8  1000.6  8   19.8  8    2.1  8    5.7  999.9    20.5*    4.3    2.0G 999.9  000000
876230  20131005    16.8  7     7.8  7  1019.0  7   996.2  7   31.4  7    4.6  7    7.2  999.9    24.5*    8.5    0.0G 999.9  000000
876230  20131006    18.3  6     7.0  6  1019.8  6   997.2  6   26.1  6    3.8  6    7.2  999.9    27.0*    8.0*   0.0I 999.9  000000
876230  20131007    19.7  8     6.8  8  1019.0  8   996.6  8   25.3  8    7.8  8   10.3  999.9    27.9    10.0    0.0I 999.9  000000
876230  20131008    19.9  8     6.0  8  1012.6  8   990.4  8   22.4  8    8.5  8   11.8  999.9    29.5*   10.9    0.0I 999.9  000000
876230  20131009    18.6  8     2.6  8  1013.5  8   991.3  8   25.4  8    5.6  8    9.3  999.9    30.1    11.2    2.0G 999.9  000010
876230  20131010    15.8  8     2.2  8  1018.0  8   995.2  8   29.9  8    2.8  8    5.7  999.9    24.6*    4.9    0.0G 999.9  000000
876230  20131011    13.3  9     5.4  9  1021.5  8   998.6  8   18.2  9    5.7  9    8.8   13.4    25.6     8.0    9.9A 999.9  010010
876230  20131012    12.8  7    10.3  7  1020.4  7   997.4  7   21.9  7    3.3  7    4.6  999.9    16.0*   10.7    3.0A 999.9  000000
876230  20131013    14.7  8    13.8  8  1016.0  8   993.2  8    4.3  8    2.4  8    5.1  999.9    18.9*   10.5    9.9A 999.9  110010
876230  20131014    18.1  8    10.4  7  1016.2  8   993.6  8   12.7  8    2.1  8    3.6  999.9    27.4*    9.2    0.0A 999.9  100000
876230  20131015    21.1  7    14.2  7  1015.9  7   993.6  7   26.9  7    3.2  7    6.7  999.9    29.2*   12.3    0.0I 999.9  000000
876230  20131016    20.2  9    14.7  8  1014.8  8   992.6  8   24.5  9    3.2  9    8.8   15.4    29.4    15.2    4.1G 999.9  010010
876230  20131017    20.1  8    13.5  8  1016.7  8   994.4  8   27.4  8    1.8  8    4.1  999.9    27.1    13.9    0.0G 999.9  000000
876230  20131018    22.2  8    13.4  8  1011.3  8   989.1  8   29.9  8    3.0  8    6.2  999.9    30.1*   14.0    0.0I 999.9  000000
876230  20131019    21.2  8    14.4  8  1004.5  8   982.6  8   24.3  8    5.0  8    8.8  999.9    30.7    15.0    0.0I 999.9  000000
876230  20131020    20.0  9     8.5  9  1001.3  8   979.3  8   24.3  9    4.1  9    6.7  999.9    27.7    15.0   15.0G 999.9  010010
876230  20131021    13.1  8     4.7  8  1015.6  8   992.9  8   31.2  8    3.7  8    8.2  999.9    23.9     5.6    0.0G 999.9  000000
876230  20131022    15.9  8     6.1  8  1009.2  8   986.6  8   29.9  8    4.8  8    8.8  999.9    22.9*    9.1    0.0I 999.9  000000
876230  20131023    16.6  9     2.2  9  1012.1  8   989.7  8   27.0  9    5.1  9    7.7   12.9    23.0    11.5    0.0I 999.9  000000
876230  20131024    12.2  8     2.3  8  1025.1  8  1002.0  8   25.4  8    3.3  8    6.7  999.9    24.5     4.1    0.0I 999.9  000000
876230  20131025    13.7  8     4.7  8  1020.5  8   997.6  8   26.9  8    7.5  8    9.8  999.9    20.6     9.0*   0.0G 999.9  000000
876230  20131026    16.4  8     1.9  8  1014.9  8   992.2  8   24.6  8    3.7  8    5.7  999.9    27.0*    7.0    0.0I 999.9  000000
876230  20131027    17.2  8     1.2  8  1019.1  8   996.5  8   21.4  8    4.3  8    7.2  999.9    27.9     9.5    0.0I 999.9  000000
876230  20131028    19.9  8     7.1  8  1012.1  8   989.8  8   18.0  8    7.7  8   10.8  999.9    29.6*   12.4    0.0I 999.9  000000
876230  20131029    21.6  8    10.9  8  1011.1  8   989.0  8   26.1  8    4.4  8    6.2  999.9    30.8    13.3    3.0G 999.9  010010
876230  20131030    17.7  8    11.3  7  1011.4  7   989.1  7   23.8  8    5.3  8    7.7  999.9    22.0    13.6    0.0G 999.9  010000
876230  20131031    17.7  9    14.9  8  1007.4  7   985.1  7   22.2  9    4.1  9    6.2  999.9    22.7*   12.5    0.0G 999.9  010010
876230  20131101    17.9  8     9.9  8  1013.6  8   991.2  8   26.9  8    6.1  8    8.2  999.9    23.5    14.7   32.0G 999.9  010000
876230  20131102    18.1  8     6.3  8  1017.4  8   994.8  8   29.9  8    2.9  8    4.6  999.9    25.4*    9.3    0.0G 999.9  000000
876230  20131103    20.8  8     7.7  8  1016.4  8   994.0  8   29.9  8    2.6  8    4.6  999.9    29.9*    9.8    0.0I 999.9  000000
876230  20131104    21.5  8     8.8  8  1014.1  8   992.0  8   26.1  8    5.9  8   10.8  999.9    30.6    12.2    0.0I 999.9  000000
876230  20131105    23.3  8    12.2  8  1013.7  8   991.6  8   29.9  8    7.8  8    9.8  999.9    32.0*   13.4    0.0I 999.9  000000
876230  20131106    24.6  9    11.6  9  1007.7  8   985.9  8   17.1  9    9.5  9   14.4  999.9    32.2    16.4    0.0I 999.9  000000
876230  20131107    19.0  8     8.9  8  1013.7  8   991.5  8   24.9  8    3.1  8    6.7  999.9    31.5    13.7   14.0G 999.9  010010
876230  20131108    19.2  8     7.8  8  1012.2  8   989.9  8   29.9  8    3.1  8    6.2  999.9    26.5*   12.1    0.0G 999.9  000000
876230  20131109    16.8  9    11.5  9  1009.6  8   987.3  8   21.2  9    5.4  9   11.8  999.9    27.3    12.0    0.0H 999.9  010000
876230  20131110    14.4  8    11.7  8  1011.2  8   988.6  8   16.6  8    5.9  8    9.3  999.9    22.1    11.4   27.9G 999.9  010000
876230  20131111    19.4  8     7.4  8  1008.7  8   986.3  8   29.9  8    4.3  8    7.7  999.9    27.4*   11.6    0.0G 999.9  000000
876230  20131112    19.1  8     4.9  8  1010.3  8   988.1  8   29.9  8    3.1  8    5.1  999.9    27.7    12.9    0.0I 999.9  000000
876230  20131113    20.8  8     9.1  8  1010.3  8   988.1  8   20.8  8    6.1  8    9.8  999.9    31.2*   11.0    0.0I 999.9  000000
