876450  20130101    12.8  8     7.2  8  1016.3  8   995.5  8   17.5  8    8.0  8   11.3  999.9    25.3     7.9    0.0I 999.9  000000
876450  20130102    12.2  8     5.7  8  1021.0  8   999.9  8   17.2  8    2.7  8    5.1  999.9    20.2*    1.8    0.0I 999.9  000000
876450  20130103    17.1  8    10.6  8  1017.6  8   996.9  8   18.8  8    5.2  8    8.7  999.9    25.2*    8.8    0.0I 999.9  000000
876450  20130104    19.9  8    14.9  8  1014.1  8   993.7  8   18.2  8    3.4  8    5.1  999.9    26.8*   12.0    0.0I 999.9  000000
876450  20130105    22.1  9    18.6  9  1007.2  8   987.2  8   14.0  9    3.6  9    7.7  999.9    27.6    18.0    3.0G 999.9  010010
876450  20130106    21.5  8    14.3  8  1005.3  8   985.3  8   14.8  8    3.8  8    7.7  999.9    30.0*   11.0    0.0G 999.9  000000
876450  20130107    23.0  8    16.4  8  1001.6  8   981.7  8   17.5  8    4.0  8    5.7  999.9    30.8    11.0    0.0I 999.9  000000
876450  20130108    18.6  8    10.5  8  1009.2  8   988.9  8   15.9  8    3.5  8    5.1  999.9    28.6     9.0    0.0I 999.9  000000
876450  20130109    19.2  8    10.7  8  1016.8  8   996.3  8   18.8  8    3.2  8    5.1  999.9    28.8     8.0    0.0I 999.9  000000
876450  20130110    23.6  7    15.4  7  1017.7  7   997.5  7   18.5  7    2.7  7    4.6  999.9    31.3*   11.6    0.0I 999.9  000000
876450  20130111    24.3  8    14.9  8  1015.1  8   995.0  8   18.8  8    4.7  8    7.7  999.9    32.1    14.4    0.0I 999.9  000000
876450  20130112    23.6  8    15.5  8  1012.6  8   992.6  8   16.3  8    2.9  8    5.7  999.9    32.2    13.4    0.0I 999.9  100000
876450  20130113    22.6  8    16.8  8  1015.3  8   995.2  8   18.8  8    2.5  8    4.6  999.9    30.4    16.0    0.0I 999.9  000000
876450  20130114    20.3  8    15.2  8  1016.8  8   996.5  8   18.2  8    2.3  8    3.6  999.9    29.0    15.6    0.0I 999.9  000000
876450  20130115    22.7  8    16.9  8  1012.6  8   992.5  8   16.6  8    2.7  8    7.7  999.9    29.8*   14.2    0.0I 999.9  000000
876450  20130116    22.4  7    17.8  7  1008.8  7   988.8  7   12.2  7    2.1  7    4.1  999.9    31.0    14.8  999.9  999.9  110000
876450  20130117    18.1  9    16.1  9  1014.0  8   993.6  8   13.5  9    3.8  9    7.2  999.9    27.6    13.0    3.0G 999.9  000000
876450  20130118    18.4  8    14.1  8  1018.1  8   997.5  8   16.1  8    3.4  8    4.6  999.9    24.1    15.2    0.0G 999.9  010000
876450  20130119    16.5  8    11.0  8  1021.5  8  1000.8  8   18.2  8    3.9  8    6.2  999.9    24.2     9.4    0.0I 999.9  000000
876450  20130120    16.6  8     9.2  8  1024.4  8  1003.6  8   18.2  8    3.5  8    5.1  999.9    24.6*    5.9    0.0I 999.9  000000
876450  20130121    19.6  8    13.3  8  1022.8  8  1002.2  8   18.8  8    3.0  8    5.1  999.9    25.4    11.5    0.0I 999.9  000000
876450  20130122    21.0  8    14.2  8  1018.7  8   998.3  8   15.9  8    4.3  8    6.7  999.9    28.0*   11.0    0.0I 999.9  000000
876450  20130123    23.6  8    16.0  8  1011.2  8   991.1  8   15.4  8    3.3  8    6.7  999.9    31.4*   12.5    0.0I 999.9  100000
876450  20130124    21.8  8    16.2  8  1002.7  8   982.9  8   16.9  8    4.2  8    8.2  999.9    32.1    16.9*   3.0G 999.9  010010
876450  20130125    14.2  8    10.8  8  1011.5  8   990.9  8   18.2  8    6.3  8    8.7  999.9    25.4     8.8    2.0G 999.9  000000
876450  20130126    16.1  8     5.3  8  1013.6  8   992.9  8   18.8  8    2.4  8    4.6  999.9    27.4*    5.0    0.0G 999.9  000000
876450  20130127    22.5  8     9.8  8  1010.8  8   990.7  8   16.3  8    5.0  8   10.3  999.9    31.6*   11.3    0.0I 999.9  000000
876450  20130128    25.1  8    15.4  8  1011.2  8   991.2  8   16.6  8    2.5  8    6.2  999.9    34.8*   15.6    0.0I 999.9  000000
876450  20130129    25.8  9    15.6  9  1013.9  8   994.0  8   17.4  9    3.0  9   12.3  999.9    35.7    19.3    0.0I 999.9  000000
876450  20130130    21.3  8    16.9  8  1012.5  7   992.4  7   15.0  8    2.8  8    4.6  999.9    31.2    16.3   39.9G 999.9  010010
876450  20130131    21.3  8    18.0  8  1010.7  8   990.5  8   11.6  8    3.0  8    4.6  999.9    27.9*   16.0    0.0G 999.9  100000
876450  20130201    24.8  8    19.3  8  1004.4  8   984.5  8   15.1  8    3.7  8    7.2  999.9    31.6*   17.6    0.0I 999.9  000000
876450  20130202    19.9  7    11.6  7  1012.1  7   991.8  7   17.9  7    4.7  7    7.7  999.9    31.6    13.1    0.0I 999.9  000000
876450  20130203    15.4  8     6.2  8  1019.9  8   999.2  8   18.2  8    1.9  8    3.6  999.9    24.0     5.6    0.0I 999.9  000000
876450  20130204    18.6  8     9.1  8  1014.2  8   993.7  8   18.2  8    3.6  8    7.2  999.9    27.4*   11.0    0.0I 999.9  000000
876450  20130205    19.9  8     9.9  8  1014.7  8   994.4  8   18.2  8    1.8  8    3.6  999.9    29.4*    9.6    0.0G 999.9  000000
876450  20130206    21.8  8    11.9  8  1016.5  8   996.3  8   18.2  8    2.8  8    6.7  999.9    30.8*   10.5    0.0I 999.9  000000
876450  20130207    20.9  9    13.7  9  1017.2  8   996.9  8   15.3  9    1.3  9    3.6  999.9    31.0    11.5    0.0I 999.9  000000
876450  20130208    21.4  9    15.0  9  1014.7  8   994.5  8   13.0  9    1.9  9    4.6  999.9    30.5    12.2    0.0I 999.9  100000
876450  20130209    20.7  8    14.5  8  1012.4  7   992.2  7   13.0  8    2.7  8    5.1  999.9    31.5    12.7    0.0I 999.9  100000
876450  20130210    25.2  9    18.2  9  1008.3  8   988.4  8   12.9  9    3.9  9    6.2  999.9    33.4*   17.4    0.0I 999.9  100010
876450  20130211    24.2  8    16.4  8  1006.4  8   986.5  8   18.2  8    2.2  8    6.7  999.9    34.1    15.6    0.0G 999.9  000000
876450  20130212    22.4  9    13.6  9  1002.3  8   982.5  8   17.4  9    2.8  9    5.1  999.9    31.8    14.4    0.8A 999.9  010000
876450  20130213    20.4  8     9.7  8  1006.7  8   986.6  8   18.2  8    3.1  8    6.2  999.9    30.2     9.0    0.0I 999.9  000000
876450  20130214    21.1  8    10.4  8  1011.3  8   991.1  8   17.5  8    3.4  8    5.1  999.9    30.7    11.5    0.0I 999.9  000000
876450  20130215    24.6  8    15.4  8  1010.5  8   990.5  8   13.2  8    3.7  8    5.1  999.9    32.7*   15.0    0.0I 999.9  100000
876450  20130216    24.5  8    15.8  8  1005.1  7   985.3  7   15.4  8    4.5  8    7.7  999.9    33.4    15.5    0.0I 999.9  100000
876450  20130217    20.4  9    14.6  9  1005.7  8   985.7  8   16.7  9    4.9  9    9.3  999.9    33.6    17.6   17.0G 999.9  010010
876450  20130218    15.4  8     6.7  8  1018.2  8   997.5  8   18.2  8    2.8  8    5.7  999.9    23.2     6.3    0.0G 999.9  000000
876450  20130219    16.3  8     7.8  8  1020.7  8  1000.0  8   18.2  8    2.1  8    4.1  999.9    24.2*    8.9    0.0I 999.9  000000
876450  20130220    16.6  8     7.3  8  1019.4  8   998.7  8   18.2  8    2.5  8    6.7  999.9    25.1*    6.6    0.0I 999.9  000000
876450  20130221    17.8  8     9.0  8  1016.8  8   996.2  8   17.5  8    3.2  8    4.1  999.9    26.2*   10.0    0.0I 999.9  000000
876450  20130222    18.5  8    10.6  8  1018.5  8   998.0  8   15.6  8    4.1  8    7.7  999.9    27.1    10.5    0.0I 999.9  100000
876450  20130223    18.9  8    15.4  8  1012.3  8   992.0  8   14.8  8    5.0  8    7.7  999.9    27.5    14.8  999.9  999.9  010000
876450  20130224    19.0  8    14.2  8  1006.3  8   986.1  8   15.8  8    2.8  8    6.2  999.9    27.0*   12.2    5.1G 999.9  010000
876450  20130225    15.6  8     9.4  8  1011.4  8   990.9  8   15.1  8    6.4  8    9.3  999.9    27.0    11.0    0.8G 999.9  010000
876450  20130226    13.4  8     7.4  8  1014.9  8   994.1  8   17.5  8    4.8  8    7.2  999.9    20.1     8.2    0.0G 999.9  000000
876450  20130227    13.4  8     5.9  8  1016.5  8   995.6  8   17.5  8    1.4  8    3.1  999.9    24.5*    2.5    0.0I 999.9  000000
876450  20130228    16.1  8    10.1  8  1016.8  8   996.1  8   17.5  8    3.8  8    6.7  999.9    25.6     9.8    0.0I 999.9  000000
876450  20130301    16.4  8    13.4  8  1013.3  8   992.7  8   12.6  8    5.2  8    8.2  999.9    23.6    12.6    3.0G 999.9  010010
876450  20130302    16.5 10    14.6 10  1003.7  8   983.3  8    9.5 10    6.9 10   10.3  999.9    20.5    14.3   59.9G 999.9  010010
876450  20130303    15.6  8    11.9  8  1012.3  8   991.7  8   18.2  8    6.4  8    8.2  999.9    20.1    13.2    4.1G 999.9  000000
876450  20130304    13.7  8     9.7  8  1017.2  8   996.4  8   17.5  8    3.5  8    5.7  999.9    19.5     7.2    0.0G 999.9  000000
876450  20130305    14.3  8     7.9  8  1013.6  8   992.8  8   17.1  8    1.8  8    4.1  999.9    24.1*    5.2    0.0I 999.9  000000
876450  20130306    18.1  8     9.9  8  1007.6  8   987.3  8   18.2  8    3.4  8    7.2  999.9    25.3     7.6    0.0I 999.9  000000
876450  20130307    14.1  8     7.2  8  1012.9  8   992.3  8   17.2  8    2.2  8    4.6  999.9    26.0     3.8    0.0I 999.9  000000
876450  20130308    16.6  8    11.3  8  1014.9  8   994.2  8   16.6  8    2.0  8    4.1  999.9    26.2*    8.9    4.1G 999.9  010010
876450  20130309    21.7  8    16.5  8  1008.5  8   988.4  8   17.5  8    2.2  8    5.1  999.9    27.9*   14.2    1.0G 999.9  000000
876450  20130310    17.9  8    11.2  8  1006.5  8   986.2  8   17.5  8    5.6  8    9.3  999.9    28.5    13.7    0.0G 999.9  000000
876450  20130311    11.3  7     6.6  7  1007.8  7   987.0  7   16.4  7    2.6  7    6.7  999.9    21.1     2.5    0.0I 999.9  000000
876450  20130312    13.3  8     5.3  8  1012.1  8   991.4  8   17.5  8    2.2  8    4.6  999.9    25.0     3.1    0.0G 999.9  000000
876450  20130313    12.7  9     6.2  9  1018.1  8   997.2  8   15.4  9    4.2  9    8.7   14.4    21.1     8.0    0.0I 999.9  000000
876450  20130314     8.3  8     3.9  8  1022.8  8  1001.5  8   17.5  8    3.0  8    6.2  999.9    17.7     0.8    0.0I 999.9  000000
876450  20130315     9.8  8     5.9  8  1024.3  8  1003.1  8   14.8  8    1.3  8    3.1  999.9    17.2     6.1    0.0G 999.9  010000
876450  20130316     9.1  8     3.6  8  1027.3  8  1005.9  8   15.4  8    1.5  8    3.1  999.9    17.1*    0.9    4.1G 999.9  000000
876450  20130317     9.6  8     3.9  8  1029.3  8  1007.9  8   17.5  8    2.2  8    4.6  999.9    18.3     1.2    0.0G 999.9  000000
876450  20130318    10.9  8     7.1  8  1027.5  8  1006.2  8   17.5  8    3.3  8    4.6  999.9    18.4*    2.0    0.0I 999.9  000000
876450  20130319    14.6  8    11.2  8  1023.4  8  1002.5  8   16.9  8    4.4  8    7.7  999.9    20.0     7.0  999.9  999.9  010000
876450  20130320    17.4 10    15.7 10  1015.4  8   994.9  8    9.7 10    3.9 10    6.7  999.9    23.9*   14.6    3.0G 999.9  010000
876450  20130321    17.5  8    12.5  8  1011.1  8   990.6  8   17.5  8    3.9  8    8.7  999.9    24.1    12.5    0.8G 999.9  000000
876450  20130322    12.7  8     2.2  8  1015.2  8   994.4  8   17.5  8    3.0  8    5.1  999.9    23.5     2.6    0.0G 999.9  000000
876450  20130323    14.3  8     5.4  8  1017.4  8   996.6  8   17.5  8    0.9  8    2.6  999.9    24.3     4.0    0.0I 999.9  000000
876450  20130324    16.9  8    13.0  8  1014.5  8   994.0  8   13.0  8    4.3  8    7.2  999.9    25.4    12.4    0.0I 999.9  100000
876450  20130325    17.2  8    13.2  8  1011.1  8   990.6  8   14.3  8    4.5  8    7.2  999.9    25.6    13.0   29.0G 999.9  010010
876450  20130326    15.7  9     7.5  9  1018.7  7   998.0  7   10.5  9    2.4  9    4.1  999.9    23.0    11.0    0.0G 999.9  100000
876450  20130327    15.4  8     8.1  8  1020.6  8   999.8  8   17.5  8    1.2  8    3.1  999.9    25.1*    5.1    0.0I 999.9  000000
876450  20130328    15.9  8     8.4  8  1020.1  8   999.3  8   17.5  8    2.4  8    5.7  999.9    25.6     4.8    0.0I 999.9  000000
876450  20130329    16.3  8     9.6  8  1018.5  8   997.9  8   17.5  8    1.9  8    5.1  999.9    25.6     5.8    0.0I 999.9  000000
876450  20130330    17.6  8    11.4  8  1015.5  8   994.9  8   17.5  8    1.8  8    4.1  999.9    25.9     6.5    0.0I 999.9  000000
876450  20130331    16.7  7    13.7  7  1016.8  7   996.3  7   15.4  7    3.8  7    6.7  999.9    25.5     6.5    0.0I 999.9  000000
876450  20130401    15.9 11    15.4 11  1019.8  8   999.1  8    4.2 11    6.1 11    8.2  999.9    22.5    13.6    0.0G 999.9  010000
876450  20130402    17.6  8    16.9  8  1017.2  8   996.6  8    8.9  8    4.1  8    6.7  999.9    20.4*   14.2   87.1G 999.9  010010
876450  20130403    17.7  8    16.7  8  1015.5  7   995.0  7    5.6  8    5.4  8    7.7  999.9    20.8    15.5   17.0G 999.9  010000
876450  20130404    16.4 10    14.8 10  1009.7  8   989.2  8   10.6 10    1.5 10    4.6  999.9    20.5    13.0    0.0G 999.9  100000
876450  20130405    17.1  7    12.7  7  1003.1  7   982.7  7   16.3  7    1.7  7    4.6  999.9    24.9*   10.4*   0.0G 999.9  000000
876450  20130406    13.1  8     6.1  8  1006.6  7   986.1  7   16.4  8    5.4  8   10.3   15.4    25.3     8.3    2.0G 999.9  000000
876450  20130407    11.7  7     1.0  7  1015.7  7   994.6  7   17.9  7    2.4  7    6.2  999.9    22.0*    2.1    0.0G 999.9  000000
876450  20130408    14.1  8     6.1  8  1017.6  8   996.8  8   17.5  8    1.2  8    2.1  999.9    22.7*    4.8    0.0I 999.9  000000
876450  20130409    14.2  8     8.9  8  1019.4  8   998.6  8   12.9  8    3.4  8    5.7  999.9    24.0     7.0    0.0I 999.9  100000
876450  20130410    13.9  8    10.6  8  1017.6  8   996.8  8   16.7  8    4.1  8    6.7  999.9    23.4     9.2    0.0I 999.9  000000
876450  20130411    15.4  9    13.5  9  1011.0  8   990.4  8   15.3  9    3.1  9    6.7  999.9    19.8*   12.2    0.0G 999.9  010000
876450  20130412    13.2  8     7.3  8  1011.9  8   991.2  8   17.5  8    7.8  8   11.3  999.9    21.5     8.8    0.0I 999.9  000000
876450  20130413    10.2  7     0.4  7  1015.9  7   994.5  7   17.9  7    4.8  7    9.3   14.4    17.0*    1.0    0.0I 999.9  000000
876450  20130414    12.2  5     3.5  5  1010.7  5   989.8  5   18.0  5    3.0  5    5.7  999.9    20.3*    3.5    0.0I 999.9  000000
876450  20130415    13.4  8     7.7  8  1014.3  8   993.5  8   17.5  8    3.5  8    8.2  999.9    22.7     6.4    0.0I 999.9  000000
876450  20130416    11.2  8     7.4  8  1019.5  8   998.6  8   15.9  8    2.3  8    5.1  999.9    21.4     3.8    0.0I 999.9  000000
876450  20130417    11.0  8     7.8  8  1018.7  8   997.5  8    9.8  8    1.6  8    4.6  999.9    22.2*    2.5    0.0I 999.9  100000
876450  20130418    17.6  8    12.8  8  1015.2  8   994.6  8   16.1  8    2.3  8    4.1  999.9    27.2*    7.7    0.0I 999.9  100000
876450  20130419    17.3  8    12.1  8  1016.3  8   995.8  8   13.4  8    1.8  8    4.6  999.9    27.9     7.8    0.0I 999.9  100000
876450  20130420    17.1  8     9.1  8  1019.2  8   998.6  8   17.5  8    1.8  8    3.1  999.9    27.5     6.5    0.0I 999.9  000000
876450  20130421    15.8  8    10.9  8  1020.6  8   999.9  8   17.5  8    2.7  8    5.1  999.9    27.5     6.9    0.0I 999.9  000000
876450  20130422    16.0  8    11.9  8  1021.1  8  1000.4  8   11.3  8    2.0  8    3.1  999.9    25.4     8.6    0.0I 999.9  100000
876450  20130423    15.2  7    13.8  7  1021.6  7  1000.8  7    6.6  7    1.3  7    2.6  999.9    24.6     9.0    0.0I 999.9  100000
876450  20130424    16.6  8    14.9  8  1020.0  7   999.3  7    5.3  8    2.7  8    3.6  999.9    22.9*   11.6    0.0I 999.9  100000
876450  20130425    15.7  8    12.5  8  1016.1  7   995.5  7   10.1  8    1.8  8    4.1  999.9    25.2*    9.2    0.0I 999.9  100000
876450  20130426    14.5  8    13.1  8  1016.2  8   995.4  8   10.3  8    1.5  8    5.1  999.9    25.7     9.5    0.0I 999.9  000000
876450  20130427    16.4  9    14.9  9  1016.8  8   996.2  8    6.0  9    4.3  8    5.1  999.9    20.3*   11.2    0.0I 999.9  100000
876450  20130428    16.9  9    15.3  9  1010.2  8   989.8  8    7.2  8    4.0  8    6.2  999.9    21.3    14.5   25.9G 999.9  010000
876450  20130429    15.7  8    12.2  8  1010.7  8   990.2  8   16.9  8    4.8  8    7.2  999.9    21.3    12.6    0.5G 999.9  000000
876450  20130430    13.1  8    10.0  8  1015.8  8   995.0  8   10.0  8    1.0  8    2.6  999.9    22.0*    6.4    0.0G 999.9  100000
876450  20130501    13.2  8    12.5  8  1015.6  8   994.9  8    5.3  8    2.1  8    5.1  999.9    22.0     9.8    3.0A 999.9  110010
876450  20130502    15.0  9    13.4  9  1014.2  8   993.5  8   10.1  8    1.0  8    2.6  999.9    19.0*   11.6    7.9G 999.9  110000
876450  20130503    11.7  8    10.4  8  1014.8  8   994.0  8   16.4  8    3.2  8    6.7  999.9    20.2     9.0    0.0G 999.9  010000
876450  20130504    10.9  8     7.4  8  1014.5  8   993.4  8   16.9  8    2.7  8    6.7  999.9    18.7*    4.8    0.5G 999.9  000000
876450  20130505    12.1  8     7.3  8  1018.6  8   997.6  8   17.5  8    2.7  8    3.6  999.9    19.3     5.3    0.0G 999.9  000000
876450  20130506    11.2  8     6.9  8  1012.7  8   991.8  8   16.3  8    2.3  8    7.2  999.9    19.0*    4.2  999.9  999.9  010000
876450  20130507     8.9  8     1.9  8  1019.1  8   997.9  8   16.7  8    4.0  8    6.7  999.9    19.0     2.7    0.0G 999.9  000000
876450  20130508    12.9  8     3.2  8  1009.3  8   988.4  8   17.5  8    4.7  8    8.7  999.9    23.4*    5.0    0.0I 999.9  000000
876450  20130509    12.7  8     7.6  8  1012.9  8   992.1  8   17.5  8    1.4  8    3.6  999.9    24.0     4.2    0.0I 999.9  000000
876450  20130510    13.3  8    11.8  8  1011.0  7   990.3  7    9.3  8    1.8  8    4.6  999.9    22.3     6.2    0.0I 999.9  100000
876450  20130511    14.0  8     8.7  8  1013.6  8   992.8  8   14.6  8    2.9  8    5.7  999.9    20.4     8.9    0.0I 999.9  000000
876450  20130512     9.1  8     2.7  8  1016.1  8   995.0  8   17.5  8    2.1  8    4.1  999.9    19.7*    0.2    0.0I 999.9  000000
876450  20130513    10.0  8     3.3  8  1015.0  8   994.0  8   17.5  8    1.7  8    3.6  999.9    20.3    -2.0    0.0I 999.9  000000
876450  20130514     9.5  8     1.7  8  1013.8  8   992.7  8   17.5  8    2.6  8    5.1  999.9    18.5     3.8    0.0I 999.9  000000
876450  20130515     4.0  8    -4.6  8  1015.8  8   994.4  8   17.5  8    5.5  8    8.7  999.9    16.1    -3.0    0.0I 999.9  000000
876450  20130516     5.5  8     0.3  8  1020.7  8   999.1  8   17.5  8    5.3  8   10.3  999.9    10.3*   -0.1    0.0I 999.9  000000
876450  20130517     6.1  8    -0.2  8  1024.2  8  1002.6  8   17.5  8    2.1  8    4.1  999.9    15.1*   -2.3    0.0I 999.9  000000
876450  20130518     3.6  8     1.0  8  1024.9  8  1003.2  8   13.2  8    1.4  8    3.6  999.9    15.5    -4.0  999.9  999.9  010000
876450  20130519     7.6  8     7.1  8  1024.8  8  1003.3  8    3.9  8    1.8  8    2.6  999.9    10.6    -1.0    8.9G 999.9  010000
876450  20130520     7.8  8     6.7  8  1022.5  8  1001.1  8    8.9  8    1.1  8    3.1  999.9    11.4*    2.0    2.0G 999.9  100000
876450  20130521     6.8  8     4.2  8  1019.1  8   997.7  8   11.9  8    1.4  8    2.6  999.9    16.6*   -1.2    0.0G 999.9  100000
876450  20130522     9.0  9     5.0  9  1020.3  8   999.0  8   12.4  9    1.0  9    2.6  999.9    18.7*    2.2    0.0I 999.9  100000
876450  20130523     6.4  8     5.0  8  1019.4  8   998.0  8    8.9  8    2.4  8    7.7  999.9    20.2    -2.2    0.0I 999.9  100000
876450  20130524    11.2  8     6.4  8  1018.2  8   997.1  8   17.5  8    5.1  8    8.2  999.9    15.9     1.1    0.0I 999.9  000000
876450  20130525     4.6  8     2.2  8  1020.4  8   998.9  8   11.7  8    2.1  8    5.1  999.9    15.0    -2.2    0.0I 999.9  000000
876450  20130526    10.5  8     8.7  8  1012.8  7   991.8  7    5.8  8    4.1  8    7.7  999.9    18.8*    1.0    0.0I 999.9  100000
876450  20130527     7.9  9     6.4  9  1010.8  8   989.8  8   10.3  9    1.5  9    3.6  999.9    19.2     1.0    0.0I 999.9  100000
876450  20130528    11.2  7    10.4  7  1003.0  6   982.3  6   12.7  7    2.8  7    6.7   18.5    16.6     5.0    0.8G 999.9  110010
876450  20130529     9.9  8     5.7  8  1004.0  8   983.2  8   14.5  8    3.3  8    7.2  999.9    14.6*    2.6   36.1G 999.9  100000
876450  20130530     8.4  8     2.6  8  1007.0  8   986.0  8   17.5  8    4.2  8    7.7  999.9    16.2*   -0.6    0.0G 999.9  000000
876450  20130531    10.2  8     5.3  8  1004.5  8   983.6  8   17.5  8    3.6  8    6.2  999.9    16.9     4.5    0.0I 999.9  000000
876450  20130601    11.2  9     4.0  9  1007.4  8   986.5  8   16.7  9    4.3  9    9.3  999.9    16.7*    1.9  999.9  999.9  010010
876450  20130602     9.9  8     3.7  8  1012.4  8   991.4  8   16.9  8    4.1  8    6.7  999.9    18.3     3.7    0.0G 999.9  000000
876450  20130603     7.8  9     3.7  9  1015.6  8   994.3  8   13.7  9    1.5  9    5.1  999.9    17.6*    1.5    0.0G 999.9  100000
876450  20130604    12.4  8     5.6  8  1010.2  8   989.4  8   17.5  8    4.8  8    8.2  999.9    18.2     2.4    0.0I 999.9  000000
876450  20130605     9.7 10     2.2 10  1008.4  8   987.4  8   14.3 10    5.2 10   12.3   18.5    17.5     3.5    0.0I 999.9  000000
876450  20130606     9.1  7     4.8  7  1016.8  7   995.7  7   15.9  7    5.7  7   11.8  999.9    18.8     4.1    0.0I 999.9  000000
876450  20130607     7.1  8     2.2  8  1016.1  7   994.9  7   16.3  8    4.4  8    8.2   13.9    16.4*    2.5    0.0I 999.9  000000
876450  20130608     3.9  8    -2.5  8  1025.5  8  1003.8  8   17.5  8    2.3  8    4.6  999.9    16.5    -4.6    0.0I 999.9  000000
876450  20130609     6.7  8     3.9  8  1019.2  8   997.7  8   15.0  8    2.2  8    6.2  999.9    15.0*   -2.0    0.0I 999.9  000000
876450  20130610     9.6  8     6.3  8  1016.0  8   994.8  8    7.6  8    1.9  8    5.7  999.9    18.8*    2.0    0.0I 999.9  100000
876450  20130611    10.5  9     7.4  9  1017.1  8   996.0  8   13.5  9    2.5  9    6.2  999.9    19.5     2.4    0.0I 999.9  100000
876450  20130612    14.8  9    13.3  9  1014.8  8   994.1  8    7.2  8    3.3  9    6.2  999.9    19.7*    5.8    0.0I 999.9  100000
876450  20130613    11.4  8     7.3  8  1013.3  8   992.4  8   15.0  8    2.4  8    5.7  999.9    21.9*    3.7    0.0I 999.9  100000
876450  20130614     7.3  8     1.6  8  1023.2  8  1002.0  8   17.5  8    4.4  8    7.7  999.9    22.3     1.0    0.0I 999.9  000000
876450  20130615     5.0  8     1.2  8  1020.4  8   998.8  8   17.5  8    4.7  8   10.3  999.9    11.2    -1.0    0.0I 999.9  000000
876450  20130616     9.3  8     5.6  8  1014.0  8   992.9  8   16.3  8    4.5  8   10.3  999.9    12.4*    4.9    0.0G 999.9  010000
876450  20130617     2.1  7    -2.5  7  1019.5  7   997.8  7   17.9  7    2.4  7    4.6  999.9    13.7    -6.0    5.1G 999.9  000000
876450  20130618     3.5 11     0.4 11  1015.1  8   993.5  8   10.1 11    3.7 11    7.7  999.9    12.6*   -4.8    0.0G 999.9  100000
876450  20130619     2.2  8    -5.2  8  1024.0  8  1002.3  8   17.5  8    3.1  8    5.1  999.9    12.8    -4.4    0.0I 999.9  000000
876450  20130620     2.7  8    -5.5  8  1023.7  8  1001.9  8   17.5  8    2.4  8    5.1  999.9    11.6*   -3.6    0.0I 999.9  000000
876450  20130621     4.3  7    -4.3  7  1012.6  7   991.2  7   17.2  7    4.7  7    8.2  999.9    12.7*   -3.2    0.0I 999.9  000000
876450  20130622     8.4  7     0.4  7  1009.7  7   988.7  7   17.2  7    4.7  7    7.7  999.9    13.1     1.0    0.0I 999.9  000000
876450  20130623     1.9  8    -3.6  8  1022.4  8  1000.6  8   17.5  8    1.5  8    3.1  999.9    12.0*   -7.0    0.0I 999.9  000000
876450  20130624     2.4  8    -2.4  8  1024.3  8  1002.5  8   17.5  8    1.6  8    2.6  999.9    15.5    -6.4    0.0I 999.9  000000
876450  20130625     1.9  8    -1.4  8  1019.6  8   997.8  8   17.5  8    0.7  8    1.5  999.9    14.1    -4.6    0.0I 999.9  000000
876450  20130626     2.3  9     0.1  9  1015.5  8   993.8  8    9.0  9    1.4  9    3.6  999.9    13.7*   -4.5    0.0I 999.9  100000
876450  20130627     8.9  8     3.7  8  1013.8  8   992.6  8   17.5  8    2.6  8    6.2  999.9    17.0*   -2.4    0.0I 999.9  000000
876450  20130628     8.3  8     6.2  8  1010.0  8   989.0  8    9.8  8    1.8  8    4.1  999.9    17.2     3.3    0.0I 999.9  100000
876450  20130629     8.0  8     1.3  8  1012.2  8   991.1  8   16.1  8    5.5  8    9.8  999.9    13.2*    3.0    0.0I 999.9  000000
876450  20130630     5.0  8    -3.3  8  1019.5  8   998.0  8   17.5  8    3.3  8    6.7  999.9    13.6    -0.8    0.0I 999.9  000000
876450  20130701     3.7  8    -3.2  8  1022.2  8  1000.6  8   17.5  8    2.3  8    5.7  999.9    13.0*   -4.0    0.0I 999.9  000000
876450  20130702     7.7  9     2.7  9  1014.3  8   993.1  8   12.1  9    3.2  9    9.8  999.9    16.2*   -2.9    0.0I 999.9  100000
876450  20130703     8.0  8     3.8  8  1011.3  8   990.2  8   16.9  8    2.8  8    7.7  999.9    17.5    -1.2    0.0I 999.9  000000
876450  20130704    12.1  8    10.2  8  1015.5  8   994.6  8    8.9  8    3.4  8    6.2  999.9    16.5     1.8    1.0G 999.9  010000
876450  20130705    10.1  8     9.7  8  1016.1  8   995.0  8    4.3  8    4.1  8    5.7  999.9    13.0     8.2    8.9G 999.9  110000
876450  20130706    10.3  9     9.0  9  1013.8  8   992.7  8    7.2  9    4.9  9   10.3  999.9    12.5     7.9*  10.9G 999.9  110000
876450  20130707     5.4  9     3.1  9  1024.7  8  1003.2  8   15.8  9    3.7  9    8.7  999.9    11.1     1.8    0.0G 999.9  010000
876450  20130708     1.9  8    -1.4  8  1031.3  8  1009.3  8   15.1  8    2.6  8    4.6  999.9    11.5    -5.2    0.0I 999.9  100000
876450  20130709     4.1 11     3.2 11  1024.4  8  1002.6  8    6.8 11    2.9 11    5.1  999.9    11.3    -3.6    7.1A 999.9  110000
876450  20130710     7.1  8     6.7  8  1018.3  8   996.9  8    2.4  8    1.7  8    2.6  999.9     9.3*    4.0    2.0A 999.9  110000
876450  20130711     9.8  8     9.2  8  1016.4  8   995.3  8    4.2  8    1.7  8    4.1  999.9    11.8*    6.4    0.0I 999.9  100000
876450  20130712     6.8 10     5.2 10  1019.8  8   998.5  8    7.6 10    1.7 10    4.6  999.9    15.7*   -1.3    0.0I 999.9  100000
876450  20130713     7.6 10     7.2 10  1015.6  7   994.4  7    1.3 10    4.2 10    6.7  999.9    16.3     0.3    0.0I 999.9  100000
876450  20130714     6.7  8     1.5  8  1016.2  8   994.9  8   17.5  8    3.8  8    7.2  999.9    12.3     0.1    0.0G 999.9  010000
876450  20130715     4.1  7    -0.8  7  1018.8  7   997.2  7   17.9  7    2.2  7    6.7  999.9    14.3*   -5.6    0.0I 999.9  000000
876450  20130716     9.8  8     2.4  8  1011.4  8   990.3  8   17.5  8    3.3  8    7.7  999.9    18.0*   -0.7    0.0I 999.9  000000
876450  20130717     6.9  8     4.2  8  1008.0  8   986.9  8   17.5  8    2.4  8    5.7  999.9    18.0     0.6    0.0I 999.9  000000
876450  20130718     4.7  8     1.8  8  1016.5  8   995.1  8   14.6  8    5.9  8   10.3  999.9    14.8     1.4    0.3G 999.9  010000
876450  20130719     1.9  8    -3.1  8  1022.5  8  1000.8  8   17.5  8    3.9  8    7.2  999.9     7.2    -4.0    0.5G 999.9  000000
876450  20130720     1.9  8    -1.5  8  1008.7  8   987.2  8   17.5  8    3.6  8    6.2  999.9     8.4*   -4.5    0.0G 999.9  000000
876450  20130721     3.1  8     0.6  8  1010.9  8   989.4  8   14.8  8    5.5  8    9.8  999.9     9.3    -1.9    0.0G 999.9  010000
876450  20130722     4.5  9     2.2  9  1017.2  8   995.6  8   13.7  9    7.9  9    9.3  999.9     8.6     1.4    0.0G 999.9  010000
876450  20130723     2.5  8    -2.0  8  1021.6  8   999.9  8   17.5  8    3.9  8    5.1  999.9     8.0    -3.8    0.8G 999.9  000000
876450  20130724     4.8 10     2.1 10  1024.0  8  1002.3  8   11.9  9    3.3 10    4.6  999.9     9.8*   -2.9    0.0G 999.9  110000
876450  20130725     4.2  8    -0.9  8  1023.0  8  1001.3  8   16.1  8    4.4  8    9.8  999.9    13.4*   -3.2    0.0I 999.9  000000
876450  20130726     4.4  9    -0.6  9  1023.4  7  1001.9  7   14.3  9    4.5  9    9.3  999.9    13.8    -1.9    0.0I 999.9  000000
876450  20130727     8.2  8     2.9  8  1021.8  8  1000.5  8   16.9  8    2.4  8    4.6  999.9    16.2*   -0.6    0.0I 999.9  000000
876450  20130728     6.2  8     0.8  8  1022.3  8  1000.8  8   14.8  8    1.6  8    2.6  999.9    16.6    -1.0    0.0I 999.9  000000
876450  20130729     7.7  8     3.7  8  1022.6  8  1001.2  8    7.4  8    1.0  8    3.6  999.9    19.8*   -0.5    0.0I 999.9  100000
876450  20130730     7.6  8     4.6  8  1021.1  8   999.8  8    9.5  8    2.4  8    6.2  999.9    20.0     1.3    0.0I 999.9  100000
876450  20130731    10.7  8     9.7  8  1013.6  8   992.6  8    7.4  8    4.1  8    6.7  999.9    14.6     5.7    5.1G 999.9  010000
876450  20130801     8.0  7     6.1  7  1016.8  7   995.6  7   16.9  7    5.9  7    8.2  999.9     9.6*    6.9    0.0G 999.9  000000
876450  20130802     4.8  8     3.0  8  1020.7  8   999.1  8   15.8  8    2.0  8    3.1  999.9    10.3    -2.0    0.0I 999.9  000000
876450  20130803     6.1  9     3.7  9  1018.4  8   997.0  8   11.4  9    1.5  9    4.1  999.9    11.8*    1.6    0.0I 999.9  100000
876450  20130804     8.7  8     2.9  8  1016.2  8   994.9  8   15.0  8    2.4  8    5.7  999.9    17.2*    1.6    0.0I 999.9  100000
876450  20130805    11.6  8     0.9  8  1009.0  8   988.1  8   17.5  8    7.5  8   11.3  999.9    17.4     4.8    0.0I 999.9  000000
876450  20130806     6.9  8    -1.2  8  1016.0  8   994.8  8   17.5  8    3.1  8    5.7  999.9    17.4    -3.0    0.0I 999.9  000000
876450  20130807     9.7  8     3.4  8  1005.5  8   984.6  8   16.1  8    3.4  8    5.1  999.9    19.0    -0.2    0.0I 999.9  000000
876450  20130808     8.3  8     1.2  8  1010.9  8   989.9  8   17.5  8    5.5  8    9.8  999.9    13.5     2.5    0.0I 999.9  000000
876450  20130809     4.6  8    -3.5  8  1025.0  8  1003.4  8   17.5  8    3.0  8    9.3  999.9    12.6*   -6.4    0.0I 999.9  000000
876450  20130810     3.5  8    -5.9  8  1022.9  8  1001.2  8   17.5  8    3.3  8    9.3  999.9    14.5*   -7.5    0.0I 999.9  000000
876450  20130811     8.6  8    -1.9  8  1010.6  8   989.5  8   17.5  8    5.1  8    7.2  999.9    14.9    -0.9  999.9  999.9  010000
876450  20130812     5.8  7     2.4  7  1012.5  7   991.3  7   17.9  7    6.3  7   13.4  999.9    16.5     2.4    0.0G 999.9  000000
876450  20130813     2.1  8    -3.9  8  1026.9  8  1005.0  8   17.5  8    3.3  8    4.6  999.9     9.4*   -5.5    0.0I 999.9  000000
876450  20130814     3.0  8    -5.0  8  1030.1  8  1008.1  8   17.5  8    2.7  8    6.2  999.9    11.2*   -7.4    0.0I 999.9  000000
876450  20130815     6.6  8    -3.7  8  1020.2  8   998.3  8   15.6  8    8.0  8   14.4  999.9    14.2*   -1.8    0.0I 999.9  000000
876450  20130816     9.8  6    -2.2  6  1020.5  6   999.3  6   17.2  6    7.4  6    9.8  999.9    15.1     1.4    0.0I 999.9  000000
876450  20130817     3.2  8    -2.8  8  1029.1  8  1007.2  8   13.0  8    3.1  8    9.3  999.9    15.2    -8.2    0.0I 999.9  100000
876450  20130818     5.2  9     0.4  9  1022.0  8  1000.5  8   14.0  9    4.3  9    9.8  999.9    16.9*   -2.2    0.0I 999.9  100000
876450  20130819    10.4  8     4.4  8  1015.4  8   994.3  8   13.2  8    2.8  8    6.2  999.9    21.4*   -1.0    0.0I 999.9  100000
876450  20130820     9.4  8     2.4  8  1017.1  8   996.0  8   17.5  8    3.6  8    7.2  999.9    22.0    -1.0    0.0I 999.9  000000
876450  20130821    10.9  9     9.4  9  1009.7  8   988.9  8   12.6  9    3.8  9    8.2  999.9    21.6     5.7    5.1G 999.9  010010
876450  20130822     5.2  8    -0.6  8  1011.7  8   990.4  8   15.6  8    9.5  8   14.4  999.9    14.6     2.9    0.0G 999.9  100000
876450  20130823     3.2  7    -3.2  7  1023.3  7  1001.5  7   16.7  7    6.0  7    8.7  999.9     9.5*   -2.8    0.3G 999.9  000000
876450  20130824     3.1  8    -2.4  8  1031.3  8  1009.4  8   17.5  8    3.4  8    4.6  999.9     9.5    -2.0    0.0G 999.9  000000
876450  20130825     0.4  8    -5.6  8  1035.1  8  1013.0  8   17.5  8    2.8  8    4.1  999.9     8.6    -7.5    0.0I 999.9  000000
876450  20130826     0.4  8    -4.7  8  1035.5  8  1013.3  8   17.5  8    2.4  8    4.1  999.9     8.5    -8.5    0.0I 999.9  000000
876450  20130827     2.6  8    -4.1  8  1024.9  8  1003.0  8   16.1  8    4.4  8    9.3  999.9    12.0*   -5.6    0.0I 999.9  000000
876450  20130828    10.5  7     1.4  7  1016.2  7   995.0  7   15.1  7    2.8  7    9.3  999.9    24.7*   -0.2    0.0I 999.9  000000
876450  20130829    13.2  8     1.5  8  1012.7  8   991.9  8   11.9  8    3.4  8   11.8  999.9    27.3*    1.0*   0.0I 999.9  000000
876450  20130830    14.8  9     4.1  9  1011.4  7   990.8  7   12.1  9    3.2  9    7.7  999.9    27.8     2.9    0.0I 999.9  000000
876450  20130831    14.3  8     3.8  8  1013.0  8   992.3  8   17.5  8    3.1  8    6.7  999.9    26.4     6.5    0.0I 999.9  000000
876450  20130901    12.9  8     4.4  8  1013.2  8   992.4  8   17.5  8    3.2  8    5.7  999.9    24.0*    3.2    0.0I 999.9  000000
876450  20130902    10.3  8     4.2  8  1015.4  8   994.5  8   16.1  8    3.9  8    6.7  999.9    24.8     8.0    0.0G 999.9  010000
876450  20130903     7.2  9     1.6  9  1022.8  8  1001.4  8   16.3  9    6.3  9    9.3  999.9    13.5     3.2    1.0G 999.9  010000
876450  20130904     2.8  8    -2.6  8  1026.8  8  1004.9  8   17.5  8    2.8  8    5.7  999.9    11.8*   -5.6    0.0G 999.9  000000
876450  20130905     9.6  8     4.5  8  1020.4  8   999.2  8   16.9  8    4.9  8    7.2  999.9    14.9*    2.6    0.0I 999.9  000000
876450  20130906     9.7  8     6.2  7  1018.1  8   996.9  8   10.8  8    1.5  8    5.7  999.9    19.7*    0.8    0.0I 999.9  100000
876450  20130907    12.3  9    11.3  9  1012.1  8   991.3  8    6.8  9    1.4  9    2.6  999.9    20.5     7.6    6.1G 999.9  110010
876450  20130908    13.9  8     9.1  8  1012.8  8   992.0  8   13.7  8    5.0  8    7.7  999.9    20.4*    6.9   22.1G 999.9  100000
876450  20130909    15.7  8    11.3  8  1011.4  8   990.7  8   17.5  8    3.1  8    9.3  999.9    25.6*    7.8    0.0G 999.9  000000
876450  20130910    21.2  8    13.7  8  1006.9  8   986.8  8   15.8  8    4.2  8    7.2  999.9    25.8    14.0    0.0I 999.9  000000
876450  20130911    14.0  8     5.2  8  1012.0  8   991.5  8   16.9  8    8.1  8   10.3  999.9    26.5    12.0    0.0G 999.9  010000
876450  20130912    12.4  8     9.3  8  1010.2  8   989.4  8   13.7  8   10.0  8   12.3  999.9    14.4*   10.9    0.0G 999.9  010010
876450  20130913     7.0  8     3.4  8  1021.3  8  1000.0  8   16.4  8    8.7  8   10.3  999.9    14.6     4.2    0.0G 999.9  010000
876450  20130914     4.1  8    -1.5  8  1027.2  8  1005.3  8   17.5  8    3.9  8    6.2  999.9    10.6    -1.8    0.0I 999.9  000000
876450  20130915     4.5  8     0.9  8  1025.6  8  1003.9  8   13.7  8    6.2  8    8.2  999.9    12.4     0.2  999.9  999.9  010000
876450  20130916     5.4  8     3.9  8  1022.1  8  1000.6  8    6.1  8    5.7  8    6.7  999.9     8.5     4.0    3.0G 999.9  010000
876450  20130917     4.7 10     2.1 10  1017.8  8   996.3  8   14.2 10    7.7 10   10.3   16.0     6.7*    3.0    5.1G 999.9  010000
876450  20130918     5.7  8    -1.2  8  1015.4  8   993.9  8   17.5  8    5.3  8    9.3  999.9    14.1*   -1.6    0.3G 999.9  000000
876450  20130919     8.3  8    -2.4  8  1017.6  8   996.2  8   17.5  8    2.8  8    7.7  999.9    20.0*   -3.0    0.0G 999.9  000000
876450  20130920    11.6  8     3.6  8  1011.5  8   990.6  8   16.6  8    4.1  8    9.3  999.9    20.5     5.2    0.0I 999.9  000000
876450  20130921     8.0  8     1.9  8  1013.2  8   992.2  8   16.9  8    4.6  8    6.2  999.9    18.3     1.8    0.0I 999.9  000000
876450  20130922     6.0  8     1.7  7  1023.8  8  1002.2  8   17.9  7    2.6  8    3.6  999.9    12.8    -2.5    0.0I 999.9  100000
876450  20130923     6.2  7     2.0  7  1030.7  7  1009.0  7   17.9  7    1.3  7    3.1  999.9    13.0    -2.0    0.0I 999.9  000000
876450  20130924     3.8 10     0.3 10  1032.1  8  1010.2  8   11.9 10    1.6 10    4.1  999.9    13.3*   -5.0    0.0I 999.9  100000
876450  20130925     6.1  9     0.8  9  1028.8  8  1007.2  8   10.9  9    4.2  9    8.2  999.9    15.2    -1.4    0.0I 999.9  100000
876450  20130926    10.7  8     4.7  8  1022.4  8  1001.1  8   17.5  8    5.9  8    8.8  999.9    16.9*    3.6    0.0I 999.9  000000
876450  20130927    11.2  8     7.4  8  1021.4  8  1000.2  8   14.5  8    3.4  8    4.6  999.9    17.3     4.0    0.0I 999.9  100000
876450  20130928    11.2  8     9.6  8  1020.7  8   999.7  8   10.3  8    6.7  8   11.3  999.9    17.6     7.8    5.1G 999.9  010000
876450  20130929     8.8  9     6.8  9  1017.6  7   996.4  7   11.1  9    5.2  9    9.3  999.9    15.3     4.3   21.1G 999.9  010000
876450  20130930     8.9  8     6.3  8  1014.6  8   993.4  8   15.0  8    3.0  8   10.3  999.9    13.6*    4.9    4.1G 999.9  010000
876450  20131001    10.4  9     8.7  9  1015.8  8   994.8  8    6.6  9    6.8  9    9.3  999.9    14.6     7.5    2.0G 999.9  010000
876450  20131002    11.3  8     8.5  8  1019.6  8   998.5  8   11.9  8    2.4  8    4.1  999.9    15.7*    6.6    0.0G 999.9  110000
876450  20131003    12.4  8     9.3  8  1020.7  8   999.8  8   11.6  8    2.5  8    3.6  999.9    16.6*    8.6    0.0G 999.9  100000
876450  20131004    13.2  8     9.5  8  1022.2  8  1001.2  8   17.5  8    3.3  8    5.7  999.9    18.2     9.2    0.0I 999.9  000000
876450  20131005    11.6  9     8.6  9  1022.4  8  1001.4  8    9.2  9    2.7  9    5.1  999.9    18.5     6.8    0.0I 999.9  100000
876450  20131006    13.0  8     7.6  8  1023.0  8  1002.0  8   14.0  8    2.3  8    4.6  999.9    21.5*    2.9    0.0I 999.9  100000
876450  20131007    14.7  8     7.2  8  1023.9  8  1003.0  8   17.5  8    3.1  8    6.7  999.9    22.6*    4.2    0.0I 999.9  000000
876450  20131008    14.5  8     7.8  8  1019.9  8   999.1  8   17.5  8    5.4  8    9.8  999.9    23.2     4.8    0.0I 999.9  000000
876450  20131009    13.8  9    12.6  9  1014.8  8   994.0  8   11.3  9    2.1  9    4.1  999.9    23.0    11.0   15.0G 999.9  110010
876450  20131010    12.6  8     8.7  8  1018.8  8   997.7  8   16.4  8    0.6  8    2.6  999.9    21.2*    3.7    7.1G 999.9  000000
876450  20131011    11.9  8     6.2  8  1022.9  8  1002.0  8   18.2  8    5.3  8    7.2  999.9    21.8     7.2    0.0G 999.9  000000
876450  20131012    11.9  7     7.7  7  1022.8  7  1001.6  7   15.8  7    5.0  7    7.2  999.9    19.2*    6.5*   0.0I 999.9  000000
876450  20131013    13.9  8    12.2  8  1018.0  8   997.2  8   12.4  8    2.3  8    4.6  999.9    19.4    10.1    0.0I 999.9  100000
876450  20131014    17.1  7    10.4  7  1015.0  7   994.3  7   14.6  7    2.6  7    6.7  999.9    25.4*    6.7    0.0I 999.9  100000
876450  20131015    17.0  8     7.6  8  1017.5  8   996.8  8   18.2  8    1.3  8    3.1  999.9    26.7*    5.7    0.0I 999.9  000000
876450  20131016    18.9  9    14.4  9  1016.2  7   995.8  7   14.5  9    1.2  9    6.2  999.9    27.5    13.5    0.0I 999.9  000010
876450  20131017    16.4  8    14.5  8  1014.2  8   993.7  8   11.3  8    3.3  8    8.2  999.9    26.5    13.8    5.1G 999.9  100000
876450  20131018    16.1  8    10.9  8  1012.2  8   991.5  8   12.7  8    1.1  8    4.1  999.9    26.1*    5.7    0.0G 999.9  100000
876450  20131019    19.3  8    11.9  8  1007.2  8   986.9  8   15.9  8    4.1  8    8.2  999.9    26.8     9.1    0.0G 999.9  000010
876450  20131020    18.9  8    13.0  8  1000.4  8   980.3  8   12.6  8    5.5  8   12.9  999.9    27.5    15.2   30.0G 999.9  010010
876450  20131021    10.4  8     4.1  8  1013.5  8   992.6  8   17.5  8    4.2  8    6.2  999.9    21.8     5.6    0.0G 999.9  000000
876450  20131022     8.6  8     5.9  8  1013.9  7   992.7  7   14.3  8    3.5  8    6.2  999.9    14.9*    2.0    0.0B 999.9  010000
876450  20131023    11.6  9     9.5  9  1011.5  8   990.6  8   13.0  9    3.5  9    8.7  999.9    17.9*    4.8   39.1G 999.9  010010
876450  20131024     9.1  8     3.7  8  1023.8  8  1002.5  8   18.2  8    4.3  8    7.7  999.9    19.5     1.6   10.9G 999.9  000000
876450  20131025     8.8  7     5.1  7  1025.5  7  1004.1  7   17.2  7    3.4  7    6.7  999.9    16.0     0.3    0.0G 999.9  010000
876450  20131026    13.9  8     8.7  7  1014.9  8   994.0  8   13.8  8    2.4  8    4.6  999.9    22.8*    6.2    0.0G 999.9  110000
876450  20131027    13.7  8     3.1  8  1019.1  8   998.2  8   18.2  8    4.0  8    6.7  999.9    23.3     4.6    0.0I 999.9  000000
876450  20131028    11.1  8     4.6  8  1019.1  8   998.1  8   18.2  8    2.4  8    5.7  999.9    20.5     3.8    0.0I 999.9  000000
876450  20131029    15.8  8     8.8  8  1016.4  8   995.6  8   17.5  8    3.1  8    4.1  999.9    22.6*    8.9    0.0I 999.9  000000
876450  20131030    15.1  8     9.2  8  1016.6  8   995.9  8   18.2  8    5.4  8    9.3  999.9    23.5     7.6    0.0I 999.9  000000
876450  20131031    15.4  8    12.4  8  1013.4  7   993.6  8   15.6  8    7.6  8   10.3  999.9    23.5    13.0*   0.0I 999.9  000000
876450  20131101    17.1  8    15.6  8  1011.1  8   990.6  8   12.1  8    3.8  8    6.2  999.9    18.9    14.3    4.1G 999.9  110000
876450  20131102    15.3  8    11.7  8  1013.5  8   992.9  8   18.2  8    6.0  8    8.7  999.9    18.8    12.4    0.0G 999.9  000000
876450  20131103    13.1  7     7.9  7  1017.1  7   996.2  7   17.9  7    2.7  7    5.7  999.9    21.7*    6.2    0.0I 999.9  000000
876450  20131104    13.6  8     7.7  8  1019.8  8   999.0  8   16.9  8    3.7  8    5.1  999.9    23.6     7.2    0.0I 999.9  000000
876450  20131105    15.9  8     9.7  8  1019.7  8   998.9  8   18.2  8    4.4  8    7.7  999.9    23.9*    8.4    0.0I 999.9  000000
876450  20131106    17.3  8    10.7  7  1016.3  8   995.8  8   13.8  8    6.2  8   11.3  999.9    25.2*   10.2    0.0I 999.9  100000
876450  20131107    15.9 10    12.2 10  1013.5  8   993.0  8   13.8 10    3.7 10    5.7  999.9    25.7    12.6    7.1G 999.9  010000
876450  20131108    16.1  8    10.5  8  1012.8  8   992.2  8   17.1  8    1.9  8    4.6  999.9    24.0*    7.6    0.5G 999.9  000000
876450  20131109    16.5  8    10.3  8  1012.2  8   991.7  8   15.6  8    5.7  8   10.8  999.9    25.5    11.5    0.0G 999.9  100000
876450  20131110    13.8  8    11.8  7  1009.7  8   989.2  8    4.3  8    5.5  8    7.7  999.9    23.1    11.0   26.9G 999.9  010000
876450  20131111    17.3  8    12.2  8  1005.2  8   984.8  8   15.1  8    4.0  8    6.7  999.9    25.3*   12.2    7.1G 999.9  000000
876450  20131112    16.0  8     6.9  8  1006.8  8   986.4  8   17.5  8    4.1  8    8.2  999.9    25.6     8.4    0.0G 999.9  000000
876450  20131113    14.1  8     7.6  8  1015.8  8   995.0  8   18.2  8    3.5  8    7.7  999.9    24.9*    6.6    0.0I 999.9  000000
