878280  20130101    12.5  8     4.7  8  1022.8  8  1017.7  8   29.9  8    4.3  8    8.7  999.9    18.4*    6.2    3.0G 999.9  000000
878280  20130102    19.2  8     1.6  8  1014.6  8  1009.5  8   29.9  8    6.8  8   12.9  999.9    32.8*    9.2    0.0G 999.9  000000
878280  20130103    24.3  8     1.4  8  1005.6  8  1000.6  8   28.2  8    7.5  8   11.8  999.9    34.0    18.6    0.0I 999.9  000000
878280  20130104    18.9  8     6.9  8  1011.3  8  1006.3  8   29.9  8    3.8  8    7.2  999.9    29.6    11.4    0.0I 999.9  000000
878280  20130105    23.4  6     5.6  6  1007.8  6  1002.7  6   29.9  6    3.3  6    5.1  999.9    32.2*   10.6    0.0I 999.9  000000
878280  20130106    23.3  7     5.6  7   996.9  7   992.0  7   29.9  7    5.0  7   11.8  999.9    32.8    17.0    0.0I 999.9  000000
878280  20130107    18.4  8    -2.1  8   996.8  8   991.8  8   27.7  8   10.2  8   15.4  999.9    29.9    14.0    0.5G 999.9  000000
878280  20130108    21.0  8     0.6  8  1003.8  8   998.8  8   29.9  8    7.3  8   11.8  999.9    26.8*   15.5    0.0G 999.9  000000
878280  20130109    24.4  8     4.0  8  1010.8  8  1005.8  8   29.9  8    4.8  8    8.7  999.9    32.6*   16.0    0.0I 999.9  000000
878280  20130110    26.2  7     9.3  7  1012.5  7  1007.5  7   29.9  7    4.0  7    6.2  999.9    36.0*   18.0    0.0I 999.9  000000
878280  20130111    26.9  8    12.2  8  1005.7  8  1000.8  8   27.5  8    6.2  8   11.8  999.9    36.5    19.0    7.1G 999.9  010010
878280  20130112    19.4  8    11.2  8  1015.0  8  1009.9  8   27.5  8    5.1  8   11.3  999.9    23.0*   14.0    0.0G 999.9  000000
878280  20130113    18.8  8     9.0  8  1020.5  8  1015.4  8   29.9  8    5.7  8   11.3  999.9    27.0*   11.4    0.0I 999.9  000000
878280  20130114    22.1  8    12.7  8  1016.6  8  1011.6  8   29.9  8    8.4  8   10.8  999.9    28.0*   16.3    0.0I 999.9  000000
878280  20130115    23.3  8    14.4  8  1008.4  8  1003.4  8   29.9  8    6.1  8    8.7  999.9    31.6*   17.0    0.0I 999.9  000000
878280  20130116    20.7  8    14.0  8  1009.8  8  1004.8  8   28.2  8    5.7  8   12.3  999.9    32.0    17.2    0.0I 999.9  000000
878280  20130117    18.0  8     8.7  8  1019.6  7  1014.8  8   27.5  8    4.3  8    9.3  999.9    27.2    11.0    0.0I 999.9  000000
878280  20130118    18.9  8    11.8  8  1018.5  8  1013.4  8   29.4  8    6.1  8   10.8  999.9    26.6    15.0    0.0I 999.9  000000
878280  20130119    18.8  8    10.1  8  1025.7  7  1020.6  7   17.7  8    2.9  8    7.7  999.9    28.0*   11.8    0.0I 999.9  100000
878280  20130120    22.4  8     9.3  8  1022.0  8  1016.9  8   29.9  8    6.4  8   11.8  999.9    32.4*   12.6    0.0I 999.9  000000
878280  20130121    26.3  8    10.9  8  1013.8  8  1008.9  8   29.9  8    7.5  8   10.3  999.9    35.8*   17.0    0.0I 999.9  000000
878280  20130122    29.3  7    11.9  7  1007.4  7  1002.5  7   29.9  7    8.1  7   11.3  999.9    37.0    17.0    0.0I 999.9  000000
878280  20130123    21.9  8     9.2  8  1007.5  8  1002.6  8   27.5  8    5.7  8   12.9  999.9    37.6    17.0    0.0I 999.9  000000
878280  20130124    14.7  8    10.8  8  1011.3  8  1006.2  8   22.5  8    4.6  8    8.7  999.9    27.5    12.6*   8.9G 999.9  010000
878280  20130125    15.5  8     4.2  8  1015.0  8  1009.8  8   29.9  8    5.0  8    7.7  999.9    26.4*    6.3    4.1G 999.9  000000
878280  20130126    18.6  8     6.4  8  1010.1  8  1005.0  8   29.9  8    3.6  8    7.7  999.9    28.0*    9.6    0.0G 999.9  000000
878280  20130127    21.0  8     8.8  8  1008.3  8  1003.3  8   27.5  8    4.3  8    8.2  999.9    32.4*    9.6    0.0I 999.9  000000
878280  20130128    24.2  8     6.3  8  1011.0  8  1006.0  8   29.9  8    5.1  8    8.7  999.9    33.6    18.4    0.0I 999.9  000000
878280  20130129    22.1  8     8.8  8  1013.9  8  1008.9  8   29.9  8    3.6  8    5.7  999.9    31.4*   13.3    0.0G 999.9  000000
878280  20130130    22.7  7     6.8  7  1011.5  7  1006.5  7   29.9  7    4.8  7    6.2  999.9    27.2*   17.6    0.0I 999.9  000000
878280  20130131    24.3  8     7.3  8  1003.3  8   998.3  8   29.4  8    3.7  8    7.2  999.9    35.6*   16.0    0.0I 999.9  000000
878280  20130201    22.5  8     6.1  7  1001.2  7   996.3  7   27.5  8    5.0  8   11.3  999.9    36.0    14.7    2.0G 999.9  010000
878280  20130202    17.8  8     4.1  8  1015.8  8  1010.7  8   29.9  8    4.2  8    7.7  999.9    26.4    13.0    0.0G 999.9  000000
878280  20130203    21.2  8     6.9  8  1014.3  8  1009.2  8   29.9  8    4.2  8    7.7  999.9    32.6*   12.5    0.0I 999.9  000000
878280  20130204    22.0  7     7.1  7  1012.1  7  1007.1  7   29.9  7    6.9  7   10.3  999.9    30.6    18.2    0.0I 999.9  000000
878280  20130205    22.3  8     6.9  8  1012.1  8  1007.0  8   29.4  8    5.4  8    9.3  999.9    35.4*   13.0    0.0I 999.9  000000
878280  20130206    26.4  8     9.6  8  1010.1  8  1005.1  8   29.9  8    5.4  8    9.3  999.9    35.4    13.0    0.0I 999.9  000000
878280  20130207    21.2  8    10.8  8  1013.0  8  1008.0  8   28.2  8    4.5  8   12.9  999.9    34.4    13.0    0.0I 999.9  000000
878280  20130208    20.9  8     9.9  8  1013.3  8  1008.3  8   25.9  8    5.8  8   12.3  999.9    31.0    13.5    0.0I 999.9  000000
878280  20130209    24.4  7    15.0  7  1004.2  7   999.3  7   29.9  7    6.5  7   12.3  999.9    29.0    18.7    0.0I 999.9  000000
878280  20130210    19.7  7    16.1  7  1006.8  7  1001.8  7   27.8  7    3.0  7    5.1  999.9    25.0*   16.2    0.0I 999.9  100010
878280  20130211    22.2  8    13.6  8  1000.0  8   995.0  8   26.2  8    5.0  8    9.8  999.9    30.0*   16.4    5.1G 999.9  010000
878280  20130212    21.1  7     2.0  7   997.0  7   992.1  7   27.8  7   11.0  7   11.8  999.9    27.6    17.2    0.0G 999.9  000000
878280  20130213    20.4  8     1.3  8  1003.9  8   998.9  8   29.9  8    7.4  8   10.3  999.9    26.6    15.4    0.0I 999.9  000000
878280  20130214    19.9  8     4.1  8  1006.4  8  1001.4  8   29.9  8    3.6  8    8.7  999.9    29.3*   10.8    0.0I 999.9  000000
878280  20130215    21.8  8     9.2  8  1001.6  8   996.7  8   24.9  8    3.0  8    5.1  999.9    29.5    18.1    2.0A 999.9  010000
878280  20130216    16.5  7    13.3  7  1000.3  6   995.3  6   18.5  7    1.6  7    5.1  999.9    22.4    13.8*   6.1G 999.9  010000
878280  20130217    14.1  6     6.1  6  1007.9  6  1002.8  6   29.1  6    5.7  6    7.7  999.9    18.8*    9.0    7.1G 999.9  000000
878280  20130218    16.9  8     3.6  8  1016.8  8  1011.6  8   29.9  8    4.3  8    6.2  999.9    24.7*    9.0    0.0G 999.9  000000
878280  20130219    19.5  8     5.9  8  1015.0  8  1010.0  8   29.9  8    4.9  8    7.2  999.9    25.1    10.6    0.0I 999.9  000000
878280  20130220    20.0  8     9.8  8  1015.0  8  1009.9  8   29.9  8    2.1  8    5.1  999.9    29.8*   11.6    0.0I 999.9  000000
878280  20130221    17.9  7    14.7  7  1013.5  7  1008.5  7   22.7  7    5.3  7    8.7  999.9    21.0*   14.4    0.0I 999.9  000000
878280  20130222    17.8  5    16.3  5  1012.2  4  1007.1  4   13.7  5    1.8  5    5.7  999.9    19.0*   15.0    0.0G 999.9  010000
878280  20130223    18.6  8    15.6  8  1006.1  8  1001.0  8   15.4  8    3.9  8    8.7  999.9    23.8*   15.0   33.0G 999.9  010000
878280  20130224    14.7  8    11.1  8  1012.6  8  1007.5  8   16.9  8    6.2  8   10.3  999.9    24.1    12.6   10.9G 999.9  010010
878280  20130225    13.2  8     4.6  8  1020.8  8  1015.6  8   29.9  8    4.6  8    6.7  999.9    17.2*   10.8    0.5G 999.9  000000
878280  20130226    12.4  7     7.3  7  1017.6  7  1012.4  7   22.9  7    2.9  7    8.7  999.9    18.8*    5.0    0.0G 999.9  000000
878280  20130227    16.7  6    11.6  6  1013.3  6  1008.1  6   25.9  6    5.3  6    6.7  999.9    20.2     9.4    0.0I 999.9  000000
878280  20130228    16.1  7    14.1  7  1016.5  7  1011.4  7   20.8  7    5.3  7    7.7  999.9    18.2    14.4    0.0G 999.9  010000
878280  20130301    15.8  8    14.0  8  1015.3  8  1010.1  8   14.8  8    3.4  8    8.2  999.9    18.6    13.7    5.1G 999.9  010000
878280  20130302    15.7  8    11.7  8  1017.6  8  1012.4  8   26.9  8    5.4  8    9.3  999.9    18.4    13.6    0.0G 999.9  010000
878280  20130303    15.2  7     9.1  7  1020.6  7  1015.5  7   28.6  7    2.4  7    4.1  999.9    21.6*    9.0    0.0I 999.9  000000
878280  20130304    17.4  8     9.5  8  1017.2  8  1012.0  8   27.0  8    2.0  8    7.2  999.9    26.4*    8.8    0.0I 999.9  000000
878280  20130305    20.9  8    11.6  7  1006.7  7  1001.7  7   29.9  8    3.2  8    7.2  999.9    29.6*   14.0    0.0I 999.9  000000
878280  20130306    17.4  8     5.1  8  1000.2  8   995.2  8   24.9  8    8.4  8   13.9  999.9    31.8    12.6    1.0G 999.9  010000
878280  20130307    13.3  7    -1.5  7  1009.9  7  1004.8  7   28.6  7    5.5  7    7.2  999.9    20.6     9.8    0.0G 999.9  000000
878280  20130308    18.9  7     5.6  7  1006.6  7  1001.5  7   29.9  7    4.9  7    8.7  999.9    26.6*   12.0    0.0I 999.9  000000
878280  20130309    17.3  8     9.0  8  1001.4  8   996.3  8   26.6  8    4.9  8   10.3  999.9    27.8    14.4    0.5A 999.9  010000
878280  20130310    15.5  6     4.1  6  1008.9  6  1003.7  6   29.9  6    3.8  6    6.2  999.9    23.0*   10.0    2.0G 999.9  000000
878280  20130311    16.9  7     4.9  7  1005.7  6  1000.2  7   27.2  7    5.3  7    7.7  999.9    24.0    11.0    0.0G 999.9  010000
878280  20130312    12.9  8     4.6  8  1014.2  8  1009.0  8   27.5  8    4.3  8    7.2  999.9    20.0     9.0    0.0G 999.9  010000
878280  20130313     9.8  7     3.9  7  1025.8  7  1020.5  7   27.8  7    4.6  7    8.7  999.9    12.8*    6.0    0.0G 999.9  000000
878280  20130314     9.7  8     4.4  8  1026.6  8  1021.2  8   29.4  8    3.6  8    6.2  999.9    13.5*    5.8    0.3G 999.9  000000
878280  20130315     9.6  8     4.0  8  1027.1  8  1021.8  8   29.9  8    2.2  8    5.1  999.9    15.4*    4.5    0.0G 999.9  000000
878280  20130316    13.4  8     2.8  8  1024.0  8  1018.8  8   29.9  8    4.4  8    7.7  999.9    22.2*    5.0    0.0I 999.9  000000
878280  20130317    16.9  8     6.4  8  1022.9  8  1017.8  8   29.9  8    8.2  8   11.8  999.9    23.0*   11.0    0.0I 999.9  000000
878280  20130318    19.7  8     8.0  8  1019.2  8  1014.1  8   29.9  8    8.0  8   12.9  999.9    26.0*   13.4    0.0I 999.9  000000
878280  20130319    20.7  7     7.3  7  1013.4  7  1008.4  7   29.9  7    8.4  7   12.3  999.9    28.6*   14.8    0.0I 999.9  000000
878280  20130320    22.3  7     6.6  7  1003.9  7   998.9  7   28.6  7    7.6  7   11.3  999.9    29.5    16.0    0.0I 999.9  000000
878280  20130321    15.4  7     4.1  7  1012.9  7  1007.8  7   29.9  7    6.0  7    8.7  999.9    21.0*   10.0    0.5G 999.9  000000
878280  20130322    16.1  8     4.5  8  1012.2  8  1007.1  8   29.9  8    5.3  8    9.3  999.9    23.6*   11.0    0.0G 999.9  000000
878280  20130323    15.0  8     9.2  8  1017.8  8  1012.7  8   25.6  8    4.5  8    9.8  999.9    24.6     6.0    0.0I 999.9  000000
878280  20130324    17.9  8     9.0  8  1004.8  8   999.8  8   29.4  8    6.0  8    9.8  999.9    24.5    11.4    0.0I 999.9  000000
878280  20130325    16.4  7     2.7  7  1011.0  7  1005.9  7   29.9  7    5.6  7    7.7  999.9    23.0    11.2    3.0G 999.9  000000
878280  20130326    17.9  8     2.7  8  1014.4  8  1009.3  8   29.9  8    4.4  8    7.2  999.9    23.2*   11.4    0.0G 999.9  000000
878280  20130327    17.4  8    12.0  8  1019.0  8  1013.9  8   29.4  8    3.3  8    6.2  999.9    24.2    13.0    0.0I 999.9  000000
878280  20130328    17.7  8    10.2  8  1015.6  8  1010.4  8   29.9  8    3.9  8    7.7  999.9    24.0    11.0    0.0I 999.9  000000
878280  20130329    16.3  8    12.1  8  1016.7  8  1011.6  8   26.2  8    2.4  8    5.1  999.9    25.6    11.0    0.0I 999.9  000000
878280  20130330    16.2  8    12.1  8  1016.0  8  1010.9  8   23.2  8    4.2  8    8.7  999.9    23.0    13.6    0.8G 999.9  000000
878280  20130331    12.1  7     5.9  7  1028.2  7  1023.0  7   29.9  7    2.4  7    4.6  999.9    19.0*    5.2    0.0G 999.9  000000
878280  20130401    13.6  5     6.8  5  1024.6  5  1019.4  5   29.9  5    4.0  5    7.7  999.9    20.0     6.4*   0.0I 999.9  000000
878280  20130402    11.9  9     9.3  9  1022.3  8  1017.1  8   21.4  9    2.1  9    4.1  999.9    20.2     6.6    0.0I 999.9  000000
878280  20130403    15.7  8    12.4  8  1022.5  8  1017.3  8   15.8  8    2.3  8    8.2  999.9    22.2*   11.0    0.0I 999.9  000000
878280  20130404    18.9  8    12.1  8  1006.8  7  1001.8  7   27.7  8    5.1  8    7.2  999.9    27.4*   13.4    0.0I 999.9  000000
878280  20130405    15.8  6     2.4  6  1001.9  6   996.8  6   28.3  6    4.2  6    6.7  999.9    22.4    10.0    0.0G 999.9  000000
878280  20130406    13.9  8    -1.6  8  1004.8  8   999.7  8   29.9  8    7.1  8    8.7  999.9    21.8     7.2    0.0G 999.9  000000
878280  20130407    16.5  8     2.8  8  1010.9  8  1005.8  8   29.9  8    4.7  8    6.2  999.9    22.4     8.6    0.0I 999.9  000000
878280  20130408    14.3  8     3.3  8  1015.7  8  1010.5  8   29.9  8    2.2  8    3.1  999.9    21.0*    7.0    0.0I 999.9  000000
878280  20130409    18.5  8     6.7  8  1008.5  8  1003.4  8   29.9  8    5.6  8    9.3  999.9    26.6*   11.0    0.0I 999.9  000000
878280  20130410    21.1  7     0.1  7  1003.1  7   998.1  7   29.3  7    7.4  7   10.8  999.9    25.4*   14.2    0.0I 999.9  000000
878280  20130411    14.2  8     2.1  8  1010.9  8  1005.8  8   27.5  8    4.8  8    7.7  999.9    27.6     7.8    0.0I 999.9  000000
878280  20130412     9.4  8     0.8  8  1018.8  8  1013.6  8   29.9  8    4.2  8    6.2  999.9    16.8     4.4    0.0I 999.9  000000
878280  20130413    11.6  8    -1.0  8  1013.5  8  1008.3  8   29.9  8    5.0  8    9.3  999.9    17.0*    5.6    0.0I 999.9  000000
878280  20130414    15.3  6     6.2  6  1009.0  6  1003.9  6   29.9  6    4.9  6    8.2  999.9    22.6*    9.0    0.0I 999.9  000000
878280  20130415    12.8  7     6.4  7  1016.2  7  1011.0  7   29.9  7    2.7  7    7.2  999.9    23.2     5.4    0.0I 999.9  000000
878280  20130416    18.3  8     9.9  8  1013.2  8  1008.1  8   29.9  8    3.1  8    4.6  999.9    26.6*    8.4    0.0I 999.9  000000
878280  20130417    19.1  7     7.9  7  1011.5  7  1006.4  7   29.9  7    2.7  7    5.1  999.9    28.1    11.8    0.0I 999.9  000000
878280  20130418    22.0  6     7.0  6  1008.1  6  1003.1  6   29.9  6    2.9  6    5.1  999.9    31.0*   12.2    0.0I 999.9  000000
878280  20130419    20.4  8     6.0  8  1011.3  8  1006.2  8   29.9  8    2.3  8    6.2  999.9    32.6    13.6    0.0I 999.9  000000
878280  20130420    18.3  8     8.9  8  1014.0  8  1008.9  8   29.9  8    4.3  8   10.3  999.9    29.2     8.5    0.0I 999.9  000000
878280  20130421    19.7  8     7.1  8  1012.5  8  1007.4  8   29.9  8    3.4  8    5.1  999.9    29.2    11.6    0.0I 999.9  000000
878280  20130422    17.1  8     6.9  8  1017.2  8  1012.0  8   29.9  8    1.3  8    5.1  999.9    27.5    11.0    0.0I 999.9  000000
878280  20130423    15.5  7    14.6  7  1020.4  7  1015.3  7    9.5  7    2.3  7    4.1  999.9    25.0     9.0    2.0G 999.9  010000
878280  20130424    15.4  8    14.6  8  1017.6  7  1012.4  7    7.2  8    1.3  8    4.1  999.9    18.1*   14.0*   2.0G 999.9  110010
878280  20130425    16.4  8    12.7  8  1015.3  8  1010.2  8   15.3  8    1.8  8    3.1  999.9    20.6*   13.7    4.1G 999.9  110010
878280  20130426    16.3  7    10.9  7  1014.0  6  1008.9  6   26.1  7    3.0  7    4.1  999.9    23.0*    9.5    0.0G 999.9  000000
878280  20130427    14.9  8    10.9  8  1014.7  8  1009.5  8   22.5  8    2.6  8    6.2  999.9    24.6     9.8    0.0I 999.9  000000
878280  20130428    15.0  8    10.9  8  1014.1  8  1008.9  8   26.2  8    1.9  8    7.2  999.9    21.5    11.4    0.0I 999.9  000000
878280  20130429    14.0  8    11.2  8  1010.5  8  1005.3  8   18.8  8    1.2  8    2.6  999.9    20.8    11.2    0.0I 999.9  100000
878280  20130430    13.7  8     8.1  8  1010.1  8  1005.0  8   29.9  8    2.3  8    6.2  999.9    20.4     9.0    0.0I 999.9  000000
878280  20130501    13.4  8     9.3  8  1010.4  8  1005.2  8   26.9  8    1.4  8    2.6  999.9    19.2    11.0    0.0G 999.9  010000
878280  20130502    10.0  8     4.6  8  1015.5  8  1010.2  8   28.8  8    1.1  8    3.1  999.9    16.2*    2.4    0.5G 999.9  010000
878280  20130503    15.1  7     9.4  7  1010.0  7  1004.9  7   29.9  7    6.7  7    9.8  999.9    19.8*   11.0    0.0G 999.9  000000
878280  20130504    14.5  8     3.4  8  1009.9  8  1004.8  8   29.9  8    4.8  8    9.8  999.9    21.6     9.0    0.0I 999.9  000000
878280  20130505    10.6  8    -1.4  8  1014.0  8  1008.8  8   29.9  8    3.9  8    8.2  999.9    19.1*    2.6    0.0I 999.9  000000
878280  20130506    14.4  7    -1.4  7  1010.6  7  1005.5  7   29.9  7    6.7  7    8.7  999.9    20.8     7.0    0.0I 999.9  000000
878280  20130507    12.7  7    -4.4  7  1008.5  7  1003.3  7   29.9  7    5.8  7   11.3  999.9    22.0*    4.5    0.0I 999.9  000000
878280  20130508    17.5  8     0.5  8   998.1  8   993.2  8   29.9  8    6.5  8    8.7  999.9    24.0     9.4    0.0I 999.9  000000
878280  20130509    15.0  8     4.3  8  1004.8  8   999.7  8   29.9  8    3.9  8    7.7  999.9    22.4*    9.0    0.0I 999.9  000000
878280  20130510    16.5  8     3.7  8  1001.6  8   996.5  8   29.4  8    5.2  8    7.7  999.9    22.7    12.0    0.0I 999.9  000000
878280  20130511    11.9  8     0.4  8  1010.6  8  1005.4  8   29.9  8    5.1  8    7.7  999.9    22.6     2.4    0.0G 999.9  000000
878280  20130512    12.3  8    -3.5  8  1007.8  8  1002.7  8   29.9  8    6.7  8   11.8  999.9    19.0*    5.2    0.0I 999.9  000000
878280  20130513    10.8  8    -1.4  8  1008.1  8  1002.9  8   29.9  8    5.3  8    8.7  999.9    19.8     5.8    0.0B 999.9  010000
878280  20130514     5.1  7    -2.8  7  1014.5  7  1009.1  7   29.9  7    5.5  7    7.7  999.9    14.0     1.6    0.3G 999.9  000000
878280  20130515     5.0  8    -7.2  8  1017.3  8  1012.0  8   29.9  8    8.2  8   14.4  999.9     9.2*    1.9    0.0G 999.9  000000
878280  20130516     7.1  8    -0.6  8  1019.7  8  1014.4  8   29.9  8    3.7  8    6.2  999.9    13.2*    2.1    0.0I 999.9  000000
878280  20130517     7.6  8    -0.8  8  1016.9  8  1011.6  8   29.9  8    2.3  8    5.1  999.9    17.0*    0.2    0.0I 999.9  000000
878280  20130518     7.4  7    -1.6  7  1017.8  7  1012.5  7   29.9  7    1.9  7    2.6  999.9    16.8*    0.0    0.0I 999.9  000000
878280  20130519     6.3  9     1.5  9  1021.2  8  1015.9  8   20.1  9    1.5  9    5.1  999.9    18.2    -1.0*   0.0I 999.9  100000
878280  20130520     8.4  8     4.8  8  1016.3  7  1011.0  7   21.6  8    2.2  8    6.2  999.9    17.7    -0.6  999.9  999.9  110010
878280  20130521    10.4  8     3.2  8  1012.2  8  1006.9  8   29.9  8    2.6  8    5.1  999.9    18.5     4.4    0.5G 999.9  000000
878280  20130522    11.0  8     3.8  8  1014.9  8  1009.7  8   29.9  8    2.5  8    4.1  999.9    19.0     3.5    0.0G 999.9  000000
878280  20130523    10.7  8     4.3  8  1006.3  8  1001.1  8   26.2  8    5.9  8    9.8  999.9    20.0     4.0    0.5A 999.9  010000
878280  20130524     5.7  8    -1.3  8  1020.3  8  1015.0  8   29.9  8    2.7  8    3.6  999.9    21.8    -3.0    0.5A 999.9  000000
878280  20130525     8.3  8     2.7  8  1010.9  8  1005.6  8   29.9  8    1.1  8    3.6  999.9    19.2*   -2.0    0.0I 999.9  000000
878280  20130526    12.3  7     4.9  7  1005.2  7  1000.1  7   29.9  7    2.7  7    4.1  999.9    19.5     4.0    0.0I 999.9  000000
878280  20130527     9.7  8     8.6  8  1004.5  8   999.2  8   19.5  8    2.6  8    5.1  999.9    17.6     6.0    1.0A 999.9  110000
878280  20130528    11.3  8     5.8  8   996.5  8   991.9  8   29.9  8    3.7  8   10.3  999.9    14.3*    6.0    0.0I 999.9  000000
878280  20130529     8.3  8     1.6  8  1002.3  8   997.1  8   29.9  8    4.9  8   11.3  999.9    16.0     4.5    0.0I 999.9  000000
878280  20130530    12.2  7     0.9  7   996.3  7   991.2  7   29.9  7    5.6  7   10.3  999.9    17.8*    4.0    0.0I 999.9  000000
878280  20130531    10.9  8     1.4  8   991.7  8   986.6  8   29.9  8    3.6  8    6.2  999.9    19.6     3.8    0.0I 999.9  000000
878280  20130601     8.2  7     2.4  7   996.2  7   991.1  7   24.8  7    2.9  7    5.7  999.9    17.1     4.4    4.1G 999.9  010000
878280  20130602     7.6  7     3.9  7  1010.7  7  1005.4  7   29.9  7    3.2  7    5.7  999.9    15.0*    2.0    0.0G 999.9  000000
878280  20130603     8.1  8     5.4  8  1009.1  8  1003.8  8   23.7  8    2.3  8    3.6  999.9    16.2     2.5    3.0A 999.9  010000
878280  20130604     9.5  8     6.9  8  1008.8  8  1003.6  8   29.9  8    2.6  8    6.2  999.9    12.2*    6.0    2.0A 999.9  000000
878280  20130605     9.9  8     6.8  8  1005.5  8  1000.3  8   20.4  8    5.7  8   11.3  999.9    14.5*    7.0   16.0G 999.9  010000
878280  20130606     7.3  8     2.4  8  1011.5  8  1006.2  8   29.9  8    2.2  8    5.1  999.9    15.0     3.1    2.0G 999.9  000000
878280  20130607    10.9  7    -1.7  7  1009.2  7  1004.0  7   29.9  7    7.5  7   12.9  999.9    16.4     4.0    0.0G 999.9  000000
878280  20130608     5.9  8    -2.9  8  1018.7  7  1013.4  7   29.9  8    3.2  7    6.2  999.9    14.2*   -0.6    0.0I 999.9  000000
878280  20130609     8.3  8    -2.0  8  1011.0  8  1005.7  8   29.9  8    3.8  8    7.7  999.9    16.2*    1.0    0.0I 999.9  000000
878280  20130610    11.4  8     2.1  8  1008.9  8  1003.7  8   29.9  8    3.8  8    7.2  999.9    17.5     5.4    0.0I 999.9  000000
878280  20130611    10.3  8     0.4  8  1008.7  8  1003.5  8   29.9  8    3.6  8    5.1  999.9    17.4     5.4    0.0I 999.9  000000
878280  20130612    10.2  8     1.7  8  1012.3  8  1007.1  8   28.8  8    4.0  8    6.2  999.9    17.0     5.6    0.0B 999.9  010000
878280  20130613     7.3  8     1.3  8  1014.1  8  1008.8  8   28.8  8    2.5  8    6.2  999.9    18.8     5.0    0.5G 999.9  000000
878280  20130614     2.7  8    -5.2  8  1024.4  7  1018.8  8   29.4  8    3.1  8    7.7  999.9    12.0    -4.0    0.0G 999.9  000000
878280  20130615    11.1  8    -1.8  8  1003.3  8   998.1  8   28.8  8    9.4  8   11.8  999.9    17.6*   -2.0    0.8G 999.9  010000
878280  20130616     8.4  8    -5.6  8  1012.3  7  1006.1  8   29.9  8    6.0  8   11.3  999.9    18.5     3.0    0.0G 999.9  000000
878280  20130617     8.7  8    -4.1  8  1006.2  8  1000.9  8   29.9  8    6.5  8    8.2  999.9    14.2*    3.9    0.0I 999.9  000000
878280  20130618     6.8  8    -4.2  8  1007.0  8  1001.8  8   29.9  8    5.8  8    8.2  999.9    15.2     3.2    0.0I 999.9  000000
878280  20130619     3.5  8    -4.3  8  1017.0  8  1011.7  8   29.9  8    4.7  8    8.2  999.9    13.6*   -3.2    0.0I 999.9  000000
878280  20130620     8.9  7     0.1  7  1010.4  7  1005.1  7   29.9  7    4.1  7    8.7  999.9    15.0    -3.0    0.0I 999.9  000000
878280  20130621    10.8  6     0.9  6   999.2  6   994.0  6   26.1  6    6.5  6   10.3  999.9    17.4     6.5    2.0A 999.9  010000
878280  20130622     4.0  8    -0.2  8  1010.6  8  1005.3  8   29.9  8    2.9  8    5.1  999.9    14.6    -2.6   11.9G 999.9  000000
878280  20130623     5.4  8     0.7  8  1017.4  8  1012.0  8   29.9  8    3.1  8    5.1  999.9    12.2*   -1.0    0.0G 999.9  000000
878280  20130624     5.5  8     0.9  8  1016.2  8  1010.9  8   29.9  8    2.6  8    4.6  999.9    13.2    -0.8    0.0I 999.9  000000
878280  20130625     7.6  8     0.6  8  1009.4  8  1004.1  8   29.9  8    2.7  8    4.1  999.9    15.7*    0.8    0.0I 999.9  000000
878280  20130626     8.2  8    -0.6  8  1006.5  8  1001.3  8   29.9  8    2.8  8    3.1  999.9    16.9     2.2    0.0I 999.9  000000
878280  20130627    10.2  8     3.1  8  1001.7  7   996.3  8   29.9  8    3.8  8    8.7  999.9    17.0     2.0    0.0I 999.9  000000
878280  20130628    10.7  8     1.8  8  1000.3  8   995.1  8   29.9  8    4.8  8    7.7  999.9    15.8     6.5    0.0I 999.9  000000
878280  20130629     5.7  7    -1.7  6  1010.6  6  1005.7  7   29.9  7    4.5  7    7.7  999.9    15.9     2.0    0.0I 999.9  000000
878280  20130630     2.9  8    -5.1  8  1017.1  8  1011.8  8   29.9  8    2.4  8    4.1  999.9     9.0    -3.0    0.0I 999.9  000000
878280  20130701     1.1  7    -4.5  7  1012.9  7  1007.5  7   29.9  7    2.7  7    5.1  999.9    12.6*   -4.4    0.0I 999.9  000000
878280  20130702    14.8  8     0.8  8   996.3  8   991.5  7   26.2  8    6.8  8    9.3  999.9    17.0    13.0*   0.0I 999.9  000000
878280  20130703    10.3  7     0.0  7  1002.4  7   997.2  7   29.9  7    5.5  7    7.7  999.9    15.0     7.0    0.0I 999.9  000000
878280  20130704     6.7  8    -3.0  8  1015.1  8  1009.8  8   29.9  8    4.0  8    8.2  999.9    13.9     2.1    0.0I 999.9  000000
878280  20130705     4.1  8    -0.7  8  1021.3  8  1015.9  8   24.3  8    1.2  8    5.1  999.9    11.0     0.5  999.9  999.9  010000
878280  20130706     5.9  9     4.2  9  1022.8  8  1017.5  8   14.2  9    1.4  9    3.1  999.9     9.4*    1.5    5.1G 999.9  110000
878280  20130707     3.7  8    -2.3  8  1027.5  8  1022.2  8   29.9  8    2.8  8    4.1  999.9    10.4    -5.0    0.0G 999.9  000000
878280  20130708     3.6  8    -3.3  8  1021.8  8  1016.4  8   29.9  8    4.7  8   11.3  999.9    12.4*   -3.0    0.0I 999.9  000000
878280  20130709     8.8  8     1.7  8  1011.2  8  1005.9  8   29.9  8    4.7  8   11.3  999.9    16.0*   -0.6    0.0I 999.9  000000
878280  20130710    10.4  8     2.8  8  1008.3  8  1003.0  8   29.9  8    3.5  8    6.2  999.9    17.8     4.0    0.0I 999.9  000000
878280  20130711     7.2 10    -0.2 10  1014.1 10  1008.8 10   29.9 10    3.0 10    5.1  999.9    17.8     0.7    0.0I 999.9  000000
878280  20130712     8.9  8    -1.2  8  1012.1  8  1006.8  8   29.9  8    3.9  8    7.2  999.9    17.4*    1.4    0.0I 999.9  000000
878280  20130713    10.4  8    -2.3  8  1004.3  8   999.1  8   29.9  8    7.2  8   10.3  999.9    14.0     3.0    0.0I 999.9  000000
878280  20130714     7.1  8    -2.4  8  1015.5  8  1010.2  8   29.9  8    3.6  8    5.7  999.9    13.8     1.4    0.0I 999.9  000000
878280  20130715     7.7  8    -2.8  8  1012.6  8  1007.3  8   29.9  8    3.9  8    9.3  999.9    14.4*    2.0    0.0I 999.9  000000
878280  20130716    11.7  7     1.5  7  1006.5  7  1001.3  7   29.9  7    5.8  7    8.7  999.9    14.8*    7.8    0.0I 999.9  000000
878280  20130717     4.7  8     2.8  8  1013.0  8  1007.6  8    9.7  8    4.2  8   10.3  999.9    16.1     2.2*  14.0G 999.9  010000
878280  20130718     0.1  8    -3.3  8  1025.7  8  1020.2  8   29.9  8    5.9  8    7.7  999.9     4.0    -4.5    8.9G 999.9  000000
878280  20130719     0.4  8    -3.4  8  1015.6  8  1010.2  8   29.9  8    4.8  8    6.2  999.9     7.8*   -4.5    0.0G 999.9  000000
878280  20130720     3.5  8    -1.1  8  1009.5  8  1004.2  8   25.3  8    7.3  8    9.8  999.9     9.6    -3.6    5.1A 999.9  010000
878280  20130721     3.5  8     1.8  8  1025.6  8  1020.2  8   11.3  8    7.1  8    9.3  999.9     5.3     2.0   22.1G 999.9  010000
878280  20130722     2.6  6    -3.4  6  1024.8  6  1019.4  6   29.9  6    4.2  6    6.2  999.9     5.8*   -1.6    3.0G 999.9  000000
878280  20130723     5.4  8    -0.5  8  1022.9  8  1017.5  8   29.9  8    3.6  8    6.2  999.9     9.8*   -1.2    0.0G 999.9  000000
878280  20130724     6.2  8     0.2  8  1016.7  7  1011.1  8   29.9  8    3.7  8    7.2  999.9    14.2*    1.0    0.0I 999.9  000000
878280  20130725     8.0  8    -0.9  8  1009.8  8  1004.6  8   29.9  8    4.9  8   12.9  999.9    15.1*    2.0    0.0I 999.9  000000
878280  20130726     5.5  8     0.8  8  1015.7  8  1010.4  8   29.9  8    1.3  8    4.6  999.9    16.0     2.0    0.0I 999.9  000000
878280  20130727     4.6  8    -2.1  8  1021.1  8  1015.8  8   29.9  8    3.8  8    8.7  999.9    11.0*   -2.4    0.0I 999.9  000000
878280  20130728     5.1  6    -1.2  6  1018.8  6  1013.4  6   29.9  6    1.8  6    2.6  999.9    13.2*   -0.6    0.0I 999.9  000000
878280  20130729     6.7  6     1.2  6  1022.1  6  1016.8  6   29.9  6    1.6  6    3.1  999.9    15.0*   -1.7    0.0I 999.9  000000
878280  20130730     4.7  9     2.1  9  1019.0  8  1013.6  8   18.7  9    1.0  9    2.1  999.9    16.0    -1.2    0.0I 999.9  100000
878280  20130731     7.6  8     4.8  8  1018.0  8  1012.8  8   24.3  8    2.4  8    5.1  999.9    14.0     0.8    0.5G 999.9  010000
878280  20130801     4.9  7     1.0  7  1018.1  7  1012.7  7   27.8  7    2.9  7    5.1  999.9    11.8*   -1.0    1.0G 999.9  000000
878280  20130802     7.4  7     5.4  7  1020.4  7  1015.1  7   20.9  7    2.5  7    5.7  999.9    12.8*    1.5    0.0G 999.9  000000
878280  20130803     9.7  7     4.0  7  1009.6  6  1004.0  7   29.9  7    4.4  7    7.2  999.9    12.0*    6.0    0.0B 999.9  010000
878280  20130804     6.3  7     1.2  7  1004.4  7   999.1  7   26.4  7    3.4  7    7.2  999.9    14.0    -1.0    0.0G 999.9  010000
878280  20130805     9.4  8     2.7  8   997.8  7   992.7  8   23.7  8    7.4  8   11.3  999.9    14.0     3.0    3.0G 999.9  010000
878280  20130806     6.7  8    -0.3  8  1005.6  8  1000.3  8   29.9  8    6.5  8   12.9  999.9    13.6*   -0.8    2.0G 999.9  000000
878280  20130807     8.3  8     1.4  8   993.7  8   988.6  8   29.9  8    9.0  8   15.4  999.9    14.2     3.5    0.3G 999.9  000000
878280  20130808     6.9  8    -2.8  8  1010.8  8  1005.5  8   29.9  8    7.5  8   11.3  999.9    13.5     2.0    0.0G 999.9  000000
878280  20130809     5.2  8    -3.6  8  1022.3  8  1017.0  8   29.9  8    3.6  8    6.7  999.9    12.5*   -1.6    0.0I 999.9  000000
878280  20130810    12.4  8    -3.3  8  1004.9  7   999.7  7   29.9  8    7.4  8    8.7  999.9    19.8*    7.8    0.0I 999.9  000000
878280  20130811    10.2  7    -0.9  7  1002.1  6   997.0  6   29.9  7    5.9  7   10.3  999.9    20.4     3.4*   0.0I 999.9  000000
878280  20130812     4.3  8    -3.6  8  1018.9  8  1013.5  8   29.9  8    4.6  8    6.2  999.9    16.0    -2.8    0.0G 999.9  000000
878280  20130813     4.2  8    -6.4  8  1025.1  8  1019.7  8   29.9  8    4.9  8    8.2  999.9    11.0*   -2.2    0.0I 999.9  000000
878280  20130814     7.9  8   -10.2  8  1015.7  8  1010.4  8   29.9  8    7.5  8   11.8  999.9    19.0*   -0.4    0.0I 999.9  000000
878280  20130815    11.0  8    -2.8  8  1003.3  8   998.2  8   29.9  8    5.0  8   12.3  999.9    20.0     5.9    0.0I 999.9  000000
878280  20130816     9.8  7    -5.6  7  1018.5  7  1013.3  7   29.9  7    6.5  7   11.3  999.9    18.0     5.0    0.0I 999.9  000000
878280  20130817    12.3  8    -7.2  7  1014.1  8  1008.9  8   29.9  8    5.9  8   10.3  999.9    21.8*    4.2    0.0I 999.9  000000
878280  20130818    15.0  8    -8.7  8  1002.9  8   997.8  8   27.5  8    6.7  8   11.3  999.9    24.4     5.0    0.0I 999.9  000000
878280  20130819    14.5  7    -5.2  7  1004.4  7   999.3  7   27.2  7    9.0  7   12.4  999.9    22.0     9.0    0.0I 999.9  000000
878280  20130820    11.3  8    -5.4  8  1010.2  8  1005.0  8   29.9  8    6.2  8   10.3  999.9    17.0     6.0    0.0I 999.9  000000
878280  20130821     4.7  8    -0.9  8  1011.9  8  1006.6  8   20.8  8    5.1  8   11.3  999.9    15.5     3.0    0.0G 999.9  010000
878280  20130822     1.1  7    -3.3  7  1022.5  7  1017.1  7   23.7  7    7.4  7   11.3  999.9     3.7*   -1.6    1.0G 999.9  001000
878280  20130823     0.6  7    -4.4  7  1028.7  7  1023.2  7   28.6  7    6.9  7   11.3  999.9     4.0*   -2.6    4.1G 999.9  011000
878280  20130824     0.2  8    -1.9  8  1035.6  8  1030.1  8   20.4  8    5.3  8   10.3  999.9     4.5    -3.0    5.1G   5.1  011000
878280  20130825     1.6  8    -3.9  8  1035.8  8  1030.4  8   29.9  8    3.6  8    7.7  999.9     8.5*   -3.2*  91.4G 999.9  000000
878280  20130826     5.3  7    -4.3  7  1025.1  7  1019.8  7   29.9  7    6.3  7    8.8  999.9    12.5*   -1.0    0.0G 999.9  000000
878280  20130827    10.9  7    -2.2  7  1011.9  7  1006.6  7   29.9  7    4.3  7    7.2  999.9    14.4*    0.4    0.0I 999.9  000000
878280  20130828    10.8  8     3.6  8  1009.4  8  1004.1  8   26.2  8    4.7  8    8.2  999.9    20.6*    4.6    1.0G 999.9  010000
878280  20130829    12.6  7     4.1  7  1006.0  7  1000.4  6   29.9  7    3.4  7    6.2  999.9    22.0     5.4    0.0G 999.9  000000
878280  20130830     9.8  8     5.4  8  1011.0  8  1005.8  8   29.9  8    3.3  8    5.7  999.9    21.4     5.6    0.0I 999.9  000000
878280  20130831     8.6  8     4.1  8  1013.1  8  1007.8  8   28.8  8    1.7  8    4.1  999.9    20.0     1.0    0.5A 999.9  010000
878280  20130901     9.5 10     4.8 10  1012.7  8  1007.5  8   16.9 10    3.3 10    9.3  999.9    15.6*    4.0    2.0G 999.9  100000
878280  20130902     7.0  8     1.2  8  1017.0  8  1011.8  8   27.5  8    3.2  8    6.2  999.9    16.5     1.2    0.0G 999.9  010000
878280  20130903     5.2  7     1.0  6  1028.1  5  1022.5  6   29.9  7    2.1  7    4.1  999.9    10.0*    0.2    0.8G 999.9  000000
878280  20130904     6.6  7     2.7  7  1019.0  7  1013.7  7   25.7  7    6.0  7   11.3  999.9    11.4*    1.5*   0.0G 999.9  010000
878280  20130905    13.1  8     4.2  8  1006.6  8  1001.4  8   26.2  8    7.4  8   11.3  999.9    21.9*    6.0    3.0G 999.9  010000
878280  20130906    12.4  7     6.2  7  1009.8  7  1004.6  7   29.9  7    2.7  7    5.7  999.9    16.9*    6.8    0.8G 999.9  000000
878280  20130907    12.8  8     7.3  8  1007.0  8  1001.9  8   25.6  8    3.4  8    5.1  999.9    18.6     9.4    3.0G 999.9  010000
878280  20130908    13.3  8     4.0  8  1005.8  8  1000.6  8   29.9  8    6.0  8   12.9  999.9    23.9*    5.1    1.0G 999.9  000000
878280  20130909    18.6  7     3.8  7   996.9  7   991.9  7   27.2  7    8.0  7   12.9  999.9    25.7*    8.6    0.0G 999.9  000000
878280  20130910    16.3  6    -2.1  6   997.7  6   992.7  6   29.9  6   10.9  6   15.4  999.9    19.4*   13.8*   0.0I 999.9  000000
878280  20130911     8.4  8    -5.1  8  1017.2  8  1012.0  8   29.9  8    3.3  8    5.1  999.9    20.0     1.0    0.0I 999.9  000000
878280  20130912     6.5  8    -0.3  8  1021.5  8  1016.2  8   28.2  8    2.8  8    7.2  999.9    12.0     3.5  999.9  999.9  010000
878280  20130913     5.0  8    -0.7  8  1028.9  7  1022.6  8   27.5  8    3.5  8    5.1  999.9    12.7    -1.0    0.5G 999.9  000000
878280  20130914     3.7  8    -3.3  8  1029.5  8  1024.8  7   29.9  8    1.9  8    5.1  999.9    11.8*   -4.1    0.3G 999.9  000000
878280  20130915     3.4  7    -2.4  7  1031.4  7  1026.0  7   29.9  7    2.4  7    6.2  999.9    12.6    -4.7    0.0G 999.9  000000
878280  20130916     4.6  7    -1.9  7  1027.5  7  1022.1  7   29.9  7    2.6  7   10.3  999.9    11.4*   -1.7    0.0I 999.9  000000
878280  20130917     6.3  8    -2.1  8  1020.5  8  1015.1  8   29.9  8    2.7  8    5.1  999.9    14.2*   -1.0    0.0I 999.9  000000
878280  20130918     8.9  8    -2.6  8  1014.7  8  1009.5  8   29.9  8    2.8  8    4.1  999.9    16.9*   -0.4    0.0I 999.9  000000
878280  20130919    10.9  7    -1.8  7  1008.0  7  1002.8  7   29.9  7    3.8  7    8.7  999.9    18.2*    4.8    0.0I 999.9  000000
878280  20130920     7.6  7    -2.4  7  1007.2  7  1002.0  7   29.9  7    3.8  7    6.2  999.9    19.0     2.0    0.0I 999.9  000000
878280  20130921     7.6  8     0.9  8  1017.5  8  1012.2  8   28.2  8    3.3  8    5.1  999.9    13.5     1.0    0.0I 999.9  000000
878280  20130922     8.8  8    -1.0  8  1029.1  8  1023.7  8   29.9  8    4.6  8    9.3  999.9    14.3     2.9    0.0I 999.9  000000
878280  20130923     7.9  8    -1.6  8  1030.5  8  1025.2  8   29.9  8    4.4  8   10.3  999.9    15.4*   -1.1    0.0I 999.9  000000
878280  20130924     7.2  8     1.1  8  1029.1  8  1023.8  8   26.2  8    4.0  8   10.3  999.9    16.5    -2.3    0.0I 999.9  000000
878280  20130925    12.7  8    -3.1  8  1016.6  8  1011.4  8   29.9  8   11.3  8   17.0  999.9    20.2*    5.0    0.0I 999.9  000000
878280  20130926    12.7  8    -2.6  8  1012.6  8  1007.4  8   29.9  8    7.7  8   14.4  999.9    21.5     5.6    0.0I 999.9  000000
878280  20130927     6.9  7    -0.2  7  1028.4  7  1023.1  7   29.9  7    6.8  7    9.3  999.9    10.4*    3.0    1.0G 999.9  000000
878280  20130928     6.5  8     4.2  7  1033.0  8  1027.6  8   22.2  8    4.8  8   10.3  999.9    13.0     4.0    2.0G 999.9  010000
878280  20130929     7.1  7  9999.9  0  1032.5  7  1027.1  7    4.8  7    4.5  7    6.2  999.9     8.4*    5.2    7.1G 999.9  010000
878280  20130930     8.6  7     6.3  6  1029.2  7  1023.9  7   14.8  7    3.3  7    6.2  999.9    10.7*    6.6    2.0G 999.9  000000
878280  20131001     9.9  7     5.9  7  1020.8  7  1015.6  7   27.2  7    9.1  7   12.9  999.9    12.0*    7.5    0.8G 999.9  000000
878280  20131002     9.1  8     2.3  8  1016.4  8  1011.2  8   24.3  8    4.9  8    7.7  999.9    16.4*    1.6    7.9G 999.9  010000
878280  20131003    10.6  8     0.7  8  1019.6  8  1014.3  8   29.9  8    4.0  8   10.3  999.9    17.0     1.5    0.0G 999.9  000000
878280  20131004    12.3  6     4.6  6  1019.1  6  1013.9  6   29.9  6    5.3  6    9.3  999.9    19.0*    7.0    0.0I 999.9  000000
878280  20131005    14.1  7     2.4  7  1018.6  7  1013.5  7   29.9  7    4.5  7    7.2  999.9    20.0*    8.0    0.0I 999.9  000000
878280  20131006    13.5  8     0.1  8  1018.8  8  1013.6  8   29.9  8    3.7  8    6.2  999.9    23.9*    6.0    0.0I 999.9  000000
878280  20131007    15.9  8     5.1  8  1014.5  8  1009.3  8   29.9  8    2.3  8    7.7  999.9    28.8*    4.0    0.0I 999.9  000000
878280  20131008    22.3  8     4.4  8  1005.1  8  1000.1  8   29.9  8    5.9  8   10.3  999.9    29.4    13.0    0.0A 999.9  000000
878280  20131009    16.6  8    -3.2  8  1010.1  8  1005.0  8   28.8  8    6.7  8   10.3  999.9    27.4     9.2    0.0I 999.9  000000
878280  20131010    13.2  8    -1.4  8  1014.4  8  1009.2  8   29.9  8    7.2  8   12.9  999.9    21.0     9.5    0.0I 999.9  000000
878280  20131011    11.3  8    -3.3  8  1023.8  8  1018.6  8   29.4  8    7.6  8   12.9  999.9    20.8*    3.5    0.0I 999.9  000000
878280  20131012    16.2  7     0.2  7  1018.1  7  1013.0  7   28.6  7    7.8  7   12.9  999.9    23.3*   10.9*   0.0I 999.9  000000
878280  20131013    17.5  8     6.7  8  1010.8  8  1005.7  8   29.9  8    8.2  8   11.3  999.9    25.0    10.6    0.0I 999.9  000000
878280  20131014    20.3  8     0.8  8  1010.3  8  1005.3  8   29.9  8    5.8  8    7.7  999.9    26.0    14.9*   0.0I 999.9  000000
878280  20131015    20.4  8     3.8  8  1011.8  8  1006.7  8   29.9  8    5.1  8    8.8  999.9    27.8*   12.6    0.0I 999.9  000000
878280  20131016    17.8  7     5.6  7  1018.1  7  1013.1  7   29.9  7    5.1  7    9.3  999.9    29.2    14.0    0.0I 999.9  000000
878280  20131017    13.6  8     6.3  8  1016.9  8  1011.7  8   29.9  8    3.2  8    6.2  999.9    24.0*    5.2    0.0I 999.9  000000
878280  20131018    14.9  8     2.8  8  1010.5  7  1005.8  8   29.9  8    3.9  8   10.3  999.9    24.5     6.9    0.0I 999.9  000000
878280  20131019    18.3  8     0.6  8  1000.6  8   995.5  8   29.9  8    4.9  8   11.3  999.9    26.0*   10.0    0.0I 999.9  000000
878280  20131020    13.1  8    -0.6  8   999.5  8   995.4  7   29.9  8    9.1  8   15.4  999.9    27.4     8.2*   0.0I 999.9  000000
878280  20131021     8.5  8    -6.3  8  1013.2  8  1008.0  8   29.9  8    5.3  8    8.8  999.9    16.9*    1.2    0.0I 999.9  000000
878280  20131022    14.3  8    -7.6  8  1005.6  8  1000.4  8   29.9  8    5.4  8    9.3  999.9    18.2     7.0    0.0I 999.9  000000
878280  20131023    11.3  8     0.1  8  1015.4  8  1010.2  8   28.2  8    3.7  8    7.7  999.9    19.4     3.4    0.5G 999.9  010000
878280  20131024    14.3  8    -3.0  8  1021.2  8  1016.1  8   29.9  8    3.7  8    9.3  999.9    23.2*    3.1    0.0G 999.9  000000
878280  20131025    17.8  8    -1.6  8  1013.7  8  1008.6  8   29.9  8    6.9  8   12.4  999.9    26.4*    9.3    0.0I 999.9  000000
878280  20131026    18.0  8    -3.6  8  1008.8  8  1003.7  8   26.2  8   10.9  8   15.4  999.9    27.5    13.7    0.0I 999.9  000000
878280  20131027    15.6  8    -6.2  8  1017.9  8  1012.7  8   29.9  8    4.9  8    8.2  999.9    26.7*    7.0    0.0I 999.9  000000
878280  20131028    14.5  8    -0.7  8  1013.0  8  1007.9  8   29.9  8    5.5  8   11.3  999.9    27.5     6.0    0.0I 999.9  000000
878280  20131029    12.8  7     7.0  7  1018.6  7  1013.4  7   27.8  7    4.5  7    9.3  999.9    18.6*    8.0    0.0I 999.9  000000
878280  20131030    14.6  6    11.6  6  1011.5  6  1006.2  6   22.5  6    3.8  6    7.2  999.9    19.2     9.0    6.1A 999.9  010000
878280  20131031    16.5  8    11.2  8  1007.0  8  1001.9  8   29.9  8    3.9  8    6.2  999.9    21.4*   13.0    4.1A 999.9  000000
878280  20131101    16.5  8     8.0  8  1013.6  8  1008.5  8   28.2  8    4.4  8    7.7  999.9    22.7     9.6    0.3G 999.9  010010
878280  20131102    16.8  8     4.6  8  1015.7  7  1010.5  8   29.9  8    5.2  8   11.3  999.9    26.4*    9.1    0.0G 999.9  000000
878280  20131103    15.1  8     7.1  8  1019.1  8  1014.0  8   29.9  8    2.4  8    4.1  999.9    27.5    11.4    0.0I 999.9  000000
878280  20131104    16.4  8     8.8  8  1017.0  8  1011.8  8   22.9  8    3.9  8   11.3  999.9    26.0*    8.4    0.0I 999.9  100000
878280  20131105    20.7  8     9.6  8  1011.2  8  1006.1  8   29.9  8    5.7  8   12.3  999.9    29.8*   10.2    0.0I 999.9  000000
878280  20131106    22.3  6     5.4  6  1001.6  5   996.2  6   29.9  6    5.8  6    9.3  999.9    27.4*   17.0    0.0I 999.9  000000
878280  20131107    18.4  7     0.3  7  1005.3  7  1000.3  7   29.9  7    8.6  6   11.3  999.9    28.3    12.5    0.0I 999.9  000000
878280  20131108    15.8  8     1.4  8  1009.6  8  1004.4  8   29.9  8    4.0  8    6.7  999.9    23.0     8.0    0.0I 999.9  000000
878280  20131109    14.2  8     4.3  8  1015.2  8  1010.0  8   28.8  8    4.7  8    7.7  999.9    19.2*    8.8    0.0I 999.9  000000
878280  20131110    17.2  8     3.4  8  1008.6  8  1003.5  8   29.9  8    8.1  8   12.9  999.9    24.8*   10.7    0.0I 999.9  000000
878280  20131111    19.1  8    -2.7  8  1002.2  8   997.1  8   25.6  8    8.8  8   15.4  999.9    26.0    11.2    0.0I 999.9  000000
878280  20131112    15.5  8    -8.6  8  1007.2  8  1002.1  8   24.3  8    9.1  8   14.4  999.9    25.0     9.0    0.0I 999.9  000000
878280  20131113    15.3  8     0.8  8  1009.8  8  1004.7  8   29.9  8    3.4  8    6.2  999.9    21.0    11.4    0.0I 999.9  000000
