879380  20130101     9.9 22     3.8 22  1016.1  5  1009.1  5   15.4 22    6.6 22   12.3   19.0    12.5*    7.6    0.0I 999.9  000000
879380  20130102     9.7 23     4.5 23  1007.8  7  1000.8  7   16.1 23    5.0 23    9.8   14.4    14.0*    7.1    0.0B 999.9  010000
879380  20130103     9.4 21     4.3 21   992.8  8   986.0  8   16.7 21    7.4 21   13.4   17.5    14.6     7.6    4.1G 999.9  010000
879380  20130104    10.7 24     3.7 24   997.9  7   991.1  7   16.1 24    5.2 24    9.3   14.9    14.0*    7.7    0.8G 999.9  010000
879380  20130105    13.2 20     3.9 20   991.9  6   985.1  6   16.4 20    6.6 20   11.8   15.9    16.0*    9.0    0.0G 999.9  000000
879380  20130106     7.5 24     4.1 24   977.4  8   970.7  8   13.0 24    7.6 24   15.4   17.5    16.4     5.0*   7.9G 999.9  010000
879380  20130107     7.8 24     3.3 24   973.0  8   966.1  8   17.2 24    4.9 24   13.9   17.0    12.2*    4.0  142.2G 999.9  010000
879380  20130108     7.9 24     3.7 24   984.7  7   977.9  7   13.8 24    9.7 24   15.9   19.5    12.6     5.1    0.0G 999.9  010000
879380  20130109    10.7 21     5.4 21   993.5  7   986.7  7   16.9 21    4.5 21   12.3   16.5    15.4*    7.0*   0.0G 999.9  010000
879380  20130110    11.7 22     7.1 22   995.2  7   988.4  7   17.1 22    4.4 22   10.3   15.9    16.0*    7.8    0.3G 999.9  010000
879380  20130111    11.8 24     6.1 24   988.3  8   981.5  8   16.4 24   11.4 24   16.5   24.7    18.1     7.0*   0.0G 999.9  010000
879380  20130112     7.7 24     2.7 24  1004.5  7   997.6  7   14.5 24   16.6 24   22.6   28.8    10.8     6.0    2.0G 999.9  010000
879380  20130113     9.0 18     6.6 18  1015.1  6  1008.0  6   11.9 18    5.2 18   11.3  999.9    11.0*    7.0    4.1G 999.9  010000
879380  20130114    13.0 18     7.2 18  1012.4  6  1005.4  6   17.5 18    9.1 18   12.9   18.0    16.0*    7.6    0.5G 999.9  010000
879380  20130115    12.5 18     7.9 18  1002.1  6   995.2  6   16.9 18    7.7 18   12.9   18.5    16.4*    9.0    0.0G 999.9  010000
879380  20130116    10.2 16     5.3 16  1006.5  5   999.6  5   15.3 16   12.0 16   15.4   20.1    16.5     7.0    0.0G 999.9  010000
879380  20130117    11.6 17     6.3 17  1009.2  5  1002.3  5   16.3 17    8.1 17   12.3   15.4    14.8*    8.5    0.0G 999.9  010000
879380  20130118    11.9 16     6.3 16  1015.8  5  1008.8  5   15.9 16    9.4 16   13.4   17.5    15.0     9.8  999.9  999.9  010000
879380  20130119    15.8 18    10.6 18  1015.4  6  1008.5  6   16.1 18    6.0 18   10.8  999.9    22.0*    9.0    2.0G 999.9  010000
879380  20130120    18.6 15    10.4 15  1009.1  5  1002.3  5   17.5 15    4.2 15    9.8   12.9    22.6    12.0    0.0G 999.9  000000
879380  20130121    12.3 19     9.3 19  1007.5  6  1000.6  6   15.1 19    4.0 19    9.8  999.9    22.7    10.8*  15.0A 999.9  010000
879380  20130122    12.2 17     5.7 17  1006.0  5   999.1  5   16.7 17    9.1 17   12.9   17.5    14.2*    9.3    0.0I 999.9  000000
879380  20130123     7.8 18     4.2 18  1003.0  6   996.0  6   14.8 18   12.0 18   17.5   24.2    14.5     6.0* 999.9  999.9  010000
879380  20130124     7.3 15     2.8 15  1009.8  5  1002.8  5   13.2 15   14.2 15   23.7   27.8     9.0*    4.8    3.0G 999.9  010000
879380  20130125    10.4 19     3.8 19  1004.5  7   997.5  7   16.9 19   16.8 19   19.0   25.2    12.6*    6.8    0.0G 999.9  010000
879380  20130126    11.6 18     5.6 18  1003.8  6   996.8  6   17.5 18   10.8 18   14.9   22.6    15.0*    8.2    0.0I 999.9  000000
879380  20130127    12.5 17     6.7 17   992.5  6   985.7  6   17.9 17    5.1 17   11.3   12.9    15.1     9.0    0.0I 999.9  000000
879380  20130128     9.7 19     4.8 19   996.4  7   989.5  7   15.3 19   10.7 19   19.5   28.8    14.9     4.8    4.1G 999.9  010000
879380  20130129    12.6 16     5.5 16   998.3  4   991.5  4   15.9 16    5.9 16   15.9   22.1    18.0*    7.0    0.0G 999.9  010000
879380  20130130    11.2 18     3.2 18   998.1  6   991.2  6   17.2 18    8.2 18   14.4   20.1    18.6     7.3    0.0G 999.9  000000
879380  20130131    13.5 12     2.6 12   977.5  4   970.8  4   15.0 12    9.5 12   14.9   20.1    17.0*    8.0* 999.9  999.9  010000
879380  20130201     6.8 23     2.7 23   982.2  7   975.4  7   11.4 23   13.0 23   22.1   27.3    16.1     4.0*   0.8G 999.9  010000
879380  20130202     8.1 23     3.4 23  1004.9  8   997.9  8   15.4 23    8.0 23   14.9   17.5    11.0*    4.6    5.1G 999.9  010000
879380  20130203    11.3 19     5.1 19   989.6  7   982.8  7   13.5 19   11.0 19   23.7   32.4    16.0*    7.0    0.0G 999.9  010000
879380  20130204    10.2 24     3.1 24   999.5  8   992.6  8   14.3 24   14.6 24   25.7   32.9    16.1     7.0    3.0G 999.9  010000
879380  20130205    11.9 23     5.9 23   993.1  6   985.9  7   16.1 23    4.4 23   10.3   14.9    16.0*   10.5    0.0G 999.9  010000
879380  20130206     9.0 24     4.6 24   995.0  8   988.2  8   13.0 24   12.3 24   19.5   27.8    13.8     6.6    0.8G 999.9  010000
879380  20130207     7.8 23     2.7 23  1003.5  7   996.5  7   15.6 23   10.9 23   15.4   26.8    10.2*    5.0    4.1G 999.9  010000
879380  20130208     8.7 24     3.1 24  1004.2  8   997.2  8   16.7 24    3.4 24   11.3  999.9    12.0*    5.8    0.0G 999.9  000000
879380  20130209    11.5 24     5.2 24   998.1  7   991.2  7   15.6 24    6.6 24   12.9   16.5    17.0*    7.0    0.0G 999.9  010000
879380  20130210    12.7 24     6.7 24  1001.9  8   995.1  8   17.4 24    1.5 24    4.1  999.9    23.6     9.0    0.0I 999.9  000000
879380  20130211    12.2 24     9.0 24   985.7  8   979.0  8   14.0 24    3.7 24   12.3   18.0    16.2     9.0*   0.5G 999.9  010000
879380  20130212     8.8 24     3.6 24   988.2  7   981.8  8   12.9 24    8.2 24   12.9   13.4    15.6     6.2    7.9G 999.9  010000
879380  20130213     9.6 23     3.6 23   989.1  8   982.3  8   17.7 23    5.5 23   10.8  999.9    13.0*    6.8    0.0G 999.9  000000
879380  20130214    12.1 24     4.2 24   982.9  7   976.2  7   16.6 24    6.7 24   17.0   24.7    15.0*    8.5    0.0B 999.9  010000
879380  20130215     8.0 23     1.9 23   981.2  8   974.5  8   17.4 23    7.9 23   17.0   22.1    16.1     5.0    0.0G 999.9  000000
879380  20130216     6.3 24     1.8 24   989.8  8   982.9  8   14.3 24   11.5 24   15.4   21.6    10.5     3.9    3.0G 999.9  010000
879380  20130217     5.3 23     1.6 23   996.0  8   989.0  8   12.2 23    8.4 23   17.5   20.6     8.5     3.1    4.1G 999.9  010000
879380  20130218     7.4 24     2.7 24   997.1  8   990.2  8   15.3 24   10.6 24   17.5   22.1    10.8*    3.0    2.0G 999.9  010000
879380  20130219     4.2 24     2.0 24  1001.3  8   994.2  8   10.1 24   13.0 24   19.5   26.2    11.1     1.8    7.9G 999.9  010000
879380  20130220     6.3 24     2.6 24  1008.8  8  1001.7  8   13.5 24    8.1 24   18.0   23.1     9.0*    3.2    7.1G 999.9  010000
879380  20130221     6.0 22     2.4 22  1014.6  8  1007.5  8   16.4 22    2.0 22    5.1  999.9     9.0     2.9    0.0G 999.9  010000
879380  20130222     9.6 24     6.3 24  1017.4  8  1010.4  8   17.1 24    2.7 24    7.2  999.9    14.0*    4.8    1.0G 999.9  010000
879380  20130223    10.3 24     7.0 24  1022.0  8  1015.0  8   16.7 24    3.9 24    7.7  999.9    15.0*    7.4    0.0G 999.9  000000
879380  20130224    10.0 22     6.4 22  1022.6  6  1015.5  6   16.3 22    2.3 22    5.1  999.9    15.0*    6.0    0.0I 999.9  000000
879380  20130225     8.9 24     6.8 24  1018.4  8  1011.4  8   12.1 24    4.1 24    9.8  999.9    15.0*    5.9    0.0I 999.9  100000
879380  20130226    10.7 23     7.4 23  1014.9  8  1007.9  8   14.5 23    4.4 23   10.3  999.9    14.6     6.6    0.3G 999.9  010000
879380  20130227     9.9 23     6.3 23  1015.9  8  1008.9  8   17.4 23    5.2 23   10.3  999.9    14.6     6.0    0.0G 999.9  000000
879380  20130228    10.2 24     6.7 24  1013.4  7  1006.4  7   17.2 24    7.4 24   13.9   18.5    14.1     6.6  999.9  999.9  010000
879380  20130301    10.6 24     5.2 24  1014.3  8  1007.3  8   17.5 24    7.2 24    9.8  999.9    14.0*    8.0    0.0G 999.9  010000
879380  20130302    11.9 24     6.3 24  1013.2  7  1006.3  7   16.7 22    7.5 24   12.9   17.5    16.4*    8.8    0.0I 999.9  000000
879380  20130303    14.1 22     9.4 22  1013.6  7  1006.7  7   16.7 22    4.5 22    8.7  999.9    18.2*   10.7    0.0I 999.9  000000
879380  20130304    14.5 24     9.3 24  1005.3  8   998.5  8   17.7 23    5.3 24    9.3  999.9    19.3    11.0    0.0I 999.9  000000
879380  20130305     9.4 24     7.9 24   996.8  8   990.0  8   13.8 24    5.3 24   15.4   21.1    14.6     7.0*   0.0G 999.9  010000
879380  20130306     7.3 24     3.1 24   998.3  8   991.4  8   13.4 24    7.2 24   13.4   16.5    12.2     6.0*   7.1G 999.9  010000
879380  20130307     5.2 23     1.9 23  1004.6  8   997.5  8   16.9 23    2.7 23    7.7  999.9     9.8     2.9    0.5G 999.9  010000
879380  20130308     5.9 24     1.1 24  1003.7  8   996.7  8   17.1 24    3.8 24    9.3   18.5    10.0*    1.8    0.0G 999.9  000000
879380  20130309     7.1 23     0.9 23  1000.6  8   993.7  8   17.5 23    6.0 23    9.3  999.9    11.1     3.0  999.9  999.9  010000
879380  20130310     7.2 24     3.7 24  1001.2  8   994.2  8   16.3 24    4.4 24   11.3  999.9    10.0*    5.5    0.0G 999.9  010000
879380  20130311     6.6 24     3.3 24  1002.1  7   995.2  7   15.6 24    5.8 24    8.2  999.9     9.9     4.8    0.5G 999.9  010000
879380  20130312     5.4 24     1.2 24  1020.1  8  1013.0  8   15.3 24    5.1 24   12.9  999.9     9.0*    3.0*   1.0G 999.9  010000
879380  20130313     6.7 24     1.6 24  1029.4  8  1022.3  8   17.5 24    4.1 24    8.2  999.9    10.0*    4.0    0.0G 999.9  000000
879380  20130314     6.8 23     2.9 23  1026.4  8  1019.3  8   16.1 23    2.8 23   17.0  999.9    13.0*    2.3    0.0I 999.9  000000
879380  20130315     8.2 24     2.3 24  1018.0  8  1011.0  8   16.9 23    1.5 20    3.1  999.9    13.0     3.7  999.9  999.9  010000
879380  20130316     9.3 22     5.3 22  1018.0  8  1011.0  8   18.3 21    2.9 22    6.2  999.9    16.0*    5.0    0.3G 999.9  000000
879380  20130317    12.7 21     6.7 21  1017.2  8  1010.2  8   18.5 20    2.6 21    6.2  999.9    17.6*    5.8    0.0G 999.9  000000
879380  20130318    11.2 22     7.1 22  1012.2  8  1005.3  8   17.7 20    2.5 20    7.7  999.9    17.6     6.9    0.0I 999.9  000000
879380  20130319    14.8 21     7.8 21   999.9  8   993.1  8   18.3 21    3.8 18   10.3  999.9    19.6*    8.6    0.0I 999.9  000000
879380  20130320    12.0 22     4.1 22   991.1  8   984.4  8   18.0 22    5.9 17    9.3  999.9    20.1     9.0*   0.0I 999.9  000000
879380  20130321     9.6 21     2.6 21   990.3  8   983.5  8   16.4 21    6.8 17   13.4   19.0    13.3*    5.5    0.0G 999.9  010000
879380  20130322     7.4 21     1.5 21   997.9  8   991.0  8   15.8 21   10.1 17   15.9   18.5    14.0     4.5    0.5G 999.9  010000
879380  20130323     7.1 22     2.7 22  1006.4  8   999.4  8   17.4 22    3.7 22   11.3  999.9    11.0*    2.6    0.0G 999.9  010000
879380  20130324    10.3 18     7.0 18   989.9  6   983.1  6   15.8 18    4.9 18   18.0   24.2    14.0     4.2    0.0G 999.9  010000
879380  20130325     7.9 22     3.3 22   995.7  8   988.8  8   16.7 22    8.1 22   16.4   22.6    12.6     3.7    0.8G 999.9  010000
879380  20130326     8.1 19     4.3 19   992.2  7   985.4  7   12.4 19   10.3 19   15.9   23.7    12.2     5.7    7.1G 999.9  010000
879380  20130327     7.8 23     3.6 23  1004.4  8   997.4  8   16.9 23    2.7 23   10.3   17.0    12.0*    4.0    1.0G 999.9  010000
879380  20130328     8.9 23     3.4 23   998.7  8   991.8  8   16.1 23    9.4 20   15.9   21.1    12.4     6.0*   1.0G 999.9  010000
879380  20130329     9.0 24     3.6 24  1004.7  8   997.8  8   17.5 24    3.2 20    9.8   14.9    12.0*    6.9    0.0G 999.9  000000
879380  20130330     8.9 24     3.4 24  1008.0  8  1001.0  8   15.4 24   12.0 24   19.0   24.2    12.1     7.0*   0.5G 999.9  010000
879380  20130331    10.2 23     5.1 23  1015.3  8  1008.3  8   15.6 23    5.6 23   11.3   18.0    11.0     8.2    0.0G 999.9  010000
879380  20130401    14.6 20     4.7 20  1005.3  7   998.5  7   17.9 20    4.0 20   18.0  999.9    21.0*    9.1    0.0G 999.9  000000
879380  20130402     8.8 23     0.6 23  1013.4  8  1006.5  8   17.5 23    7.1 23   19.5  999.9    21.6     4.5    0.0I 999.9  000000
879380  20130403    11.6 20     4.2 20   999.3  7   992.4  7   17.4 20    4.6 18   10.8   18.0    14.0*    9.0*   0.0I 999.9  000000
879380  20130404     9.9 24     4.5 24   987.1  8   980.3  8   16.3 24    5.9 20   11.3   15.4    13.8     8.0*   2.0G 999.9  010000
879380  20130405     7.7 21    -0.2 21   982.4  7   975.6  7   16.6 21    5.7 18   11.3   20.6    12.3     5.7    0.0G 999.9  000000
879380  20130406     5.2 23    -0.5 23   978.0  7   971.2  7   12.9 23    8.5 23   14.4   23.1     8.4     2.4*   0.5G 999.9  011000
879380  20130407     4.1 16     1.4 16   991.9  7   984.9  7   12.4 16    7.2 16   12.9   17.5     6.9     1.3    3.0G 999.9  010000
879380  20130408     7.4 22     3.1 22   998.8  8   991.8  8   16.9 21    3.7 18    8.2  999.9    12.0*    3.2    0.0G 999.9  010000
879380  20130409    12.3 22     5.0 22   989.5  8   982.7  8   18.0 22    5.6 18    8.7   15.4    15.2*    6.2    0.0I 999.9  000000
879380  20130410     9.3 17     4.8 17   986.2  7   979.4  7   18.3 17    6.3 17   11.8   16.5    15.6     6.9*   0.0G 999.9  000000
879380  20130411     5.8 24     2.5 24  1008.1  8  1001.0  8   17.4 24    7.0 21   11.8   13.4    12.2     4.0*   0.0G 999.9  010000
879380  20130412     5.6 21     2.3 21  1009.9  8  1002.8  8   16.9 21    4.1 17   10.3  999.9     8.1     2.5    0.3G 999.9  010000
879380  20130413     7.7 21     3.7 21  1006.8  8   999.9  8   18.3 21    4.9 21   10.8   13.9    11.0*    3.4    0.5G 999.9  000000
879380  20130414     8.9 24     3.5 24  1004.2  6   997.2  6   15.9 24    7.7 24   12.9   18.0    11.1     3.8    0.0G 999.9  000000
879380  20130415     6.4 24     1.7 24  1011.7  8  1004.6  8   16.6 24    4.4 24    8.7   14.9    10.0*    3.2    0.0I 999.9  000000
879380  20130416     9.1 23     6.2 23  1000.3  8   993.4  8   16.4 23    2.1 20    4.1  999.9    11.0*    4.2    0.5G 999.9  010000
879380  20130417    11.7 24     7.5 24   996.3  8   989.5  8   17.7 24    3.4 24   10.8   13.4    16.2*    7.0*   0.5G 999.9  000000
879380  20130418    12.7 22     7.0 22   987.1  8   980.4  8   17.9 21    4.0 19   11.3   15.4    18.1     8.6    0.0G 999.9  010000
879380  20130419     9.3 23     4.2 23   996.5  8   989.7  8   17.1 23    8.2 19   15.4  999.9    18.2     6.6    0.0G 999.9  010000
879380  20130420     8.7 22     5.0 22  1007.4  8  1000.4  8   18.0 22    2.4 22    5.1  999.9    11.8     5.7    0.0I 999.9  000000
879380  20130421     8.9 24     5.3 24   996.5  7   989.6  7   16.1 24    3.6 24   14.9   19.5    10.5     7.0* 999.9  999.9  010000
879380  20130422     5.4 23     1.3 23  1012.8  8  1005.7  8   16.6 23    7.6 19   19.0   26.2    10.3     4.0    0.0G 999.9  010000
879380  20130423     5.5 24    -0.9 24  1016.8  8  1009.6  8   16.6 24    2.4 24    4.6  999.9    10.0*    2.2    0.0I 999.9  000000
879380  20130424     9.3 23     0.8 23  1009.7  7  1002.7  7   16.4 23    4.0 23    7.2   13.9    13.0*    3.0    0.0I 999.9  000000
879380  20130425     9.6 24     4.9 24  1001.7  8   994.7  8   17.4 24    2.5 24    6.7  999.9    13.8*    6.8    0.0I 999.9  000000
879380  20130426     8.8 22     5.5 22  1000.2  8   993.3  8   17.2 22    4.9 22   15.4   23.1    14.1     6.6    0.3A 999.9  010000
879380  20130427     6.3 23     0.4 23  1009.9  7  1002.9  7   15.6 23    4.9 23   14.4   19.5    11.6     4.0    0.0B 999.9  010000
879380  20130428    10.3 22    -0.2 22   998.8  7   991.9  7   15.9 22    7.6 22   23.6  999.9    15.0*    4.2  999.9  999.9  010000
879380  20130429     7.3 24    -1.1 24   989.8  8   982.9  8   16.4 24    6.9 24   18.0   23.1    16.1     5.5    0.0G 999.9  010000
879380  20130430     5.0 21    -1.9 21   985.5  8   978.6  8   17.4 21    7.6 21   15.4   20.6     8.5     3.4*   0.5G 999.9  010000
879380  20130501     5.4 22     2.6 22   995.6  7   988.6  7   14.0 22    6.0 22   12.3   17.0     7.0*    3.4    4.1G 999.9  010000
879380  20130502     7.4 22     2.7 22   998.0  7   991.1  7   15.0 22    6.6 22   14.9   18.5    11.6*    4.0    0.5G 999.9  010000
879380  20130503     5.7 24     2.6 24  1000.1  8   993.1  8   16.9 24    3.0 24    8.7  999.9    12.1     3.5    3.0G 999.9  010000
879380  20130504     7.9 24     2.2 24   995.3  8   988.4  8   17.4 24    5.1 24   14.4   19.5     9.2*    3.7    0.0G 999.9  010000
879380  20130505     7.1 20     2.3 20   987.4  7   980.5  7   16.9 20    5.8 20   12.9   18.0     9.3     5.0    0.3G 999.9  010000
879380  20130506     4.5 23     0.8 23   984.9  7   978.1  7   13.2 23   16.0 23   21.1   32.4     6.1     3.0*   1.0G 999.9  010000
879380  20130507     4.7 23     1.6 23   978.7  7   971.9  7   14.8 23    8.8 23   15.4   20.1     6.3     2.0*   0.5G 999.9  010000
879380  20130508     4.8 24     0.9 24   977.1  8   970.3  8   16.4 24    5.1 24   12.9   22.6     9.0*    2.4    0.5G 999.9  010000
879380  20130509     3.4 21    -0.1 21   980.0  6   973.1  6   12.9 21    5.4 20   13.9   24.7     6.9     2.0*   2.0G 999.9  011000
879380  20130510     3.2 22     0.4 22   984.1  7   977.1  7   14.8 22    8.5 22   19.0   24.2     4.4     1.5    4.1G 999.9  010000
879380  20130511     5.1 18    -0.7 18   987.6  6   980.7  6   16.9 18    5.6 18   12.9   19.0     7.0*    2.3    0.0G 999.9  010000
879380  20130512     4.6 21    -0.4 21   972.6  6   965.8  6   14.5 21    7.8 21   14.4   20.1     7.1     2.0*   0.0B 999.9  010000
879380  20130513     1.1 23    -0.6 23   987.0  7   980.0  7    8.4 23   13.2 23   15.9   24.2     5.1    -2.0*   6.1G 999.9  011000
879380  20130514    -0.1 24    -1.6 24  1005.6  8   999.0  7    4.5 24   11.4 24   14.4   20.1     1.6    -1.8    2.0G 999.9  011000
879380  20130515     2.8 24    -0.1 24  1012.1  8  1005.0  8   12.9 24    5.5 24   14.4   21.1     6.0*   -0.4    2.0G 999.9  011000
879380  20130516     6.2 24     1.9 24  1006.8  7   999.7  7   16.7 24    6.6 24   16.4   21.1     8.0*    1.3    0.0G 999.9  010000
879380  20130517     6.7 22     1.2 22  1000.0  8   993.1  8   18.0 22    3.8 22    6.7   14.4     8.7     4.6    0.0G 999.9  000000
879380  20130518     5.5 22     0.1 22  1005.7  6   998.7  6   16.4 22    3.3 22    9.3   15.4     8.5     3.0    0.0I 999.9  000000
879380  20130519     7.6 22     1.6 22  1006.4  8   999.4  8   18.0 22    4.0 22   10.8   16.5    12.0*    4.4    0.0I 999.9  000000
879380  20130520    10.1 24     2.9 24   999.9  7   993.0  7   15.9 24    4.6 24    9.8   15.9    13.0*    6.2  999.9  999.9  010000
879380  20130521     5.5 21     0.2 21   991.4  7   984.5  7   16.7 21    5.3 21   15.9   23.1    14.1     2.0*   2.0G 999.9  010000
879380  20130522     3.9 23    -0.7 23   986.2  6   979.3  6   13.7 23    9.0 23   19.5   28.8     7.1     2.0*   0.8G 999.9  010000
879380  20130523     1.7 17    -1.0 17   996.4  6   989.3  6   13.2 17    8.5 17   12.9   15.4     5.1    -0.4    4.1G 999.9  011000
879380  20130524     0.8 23    -1.0 23  1007.3  8  1000.1  8    9.5 23    7.9 23   12.3   16.5     2.6     0.0    2.0G 999.9  001000
879380  20130525    -1.4 19    -3.7 19  1008.5  6  1001.2  6   17.1 19    3.3 19    6.7  999.9     1.6    -3.7    1.0G 999.9  000000
879380  20130526    -2.4 22    -4.7 22  1005.6  8   998.4  8   17.9 22    2.6 22    5.1  999.9     0.3    -4.0*   0.0G 999.9  000000
879380  20130527    -3.1 24    -4.8 24  1006.1  8   998.9  8   17.1 24    2.8 24    5.1  999.9     0.5    -5.0*   0.0I 999.9  000000
879380  20130528     0.2 24    -2.2 24  1009.4  8  1002.1  8   17.1 24    2.0 24    3.1  999.9     2.5*   -4.8    0.0I 999.9  000000
879380  20130529     2.0 24    -1.8 24  1005.7  8   998.5  8   17.4 24    2.2 24    4.1  999.9     4.2*   -0.8    0.0I 999.9  000000
879380  20130530     3.4 20    -0.8 20   982.2  7   975.2  7   17.9 20    2.2 20    7.7  999.9     5.2*    1.0    0.0I 999.9  000000
879380  20130531     3.3 22    -0.3 22   977.1  8   970.2  8   16.7 22    5.8 22   11.3  999.9     5.5     1.4  999.9  999.9  010000
879380  20130601     0.7 21    -0.9 21   993.2  7   986.2  7    9.3 21    4.1 21    9.3  999.9     5.1    -2.0*   5.1G   2.0  011000
879380  20130602     0.3 22    -3.5 22   998.3  8   991.2  8   17.9 22    2.5 22    4.6  999.9     3.1*   -3.0    2.0G 999.9  000000
879380  20130603     2.4 24     0.6 24   995.5  8   988.5  8   15.9 24    1.6 24    4.1  999.9     4.0*    0.5    0.0G 999.9  010000
879380  20130604     3.6 21     1.3 21  1001.5  7   994.4  7   17.5 21    1.6 21    3.1  999.9     5.1     2.0*   5.1G 999.9  000000
879380  20130605     3.5 24     0.3 24   999.4  8   992.3  8   17.4 24    2.5 24    7.7   12.9     7.0*    1.7    0.0G 999.9  000000
879380  20130606     6.2 24     0.8 24   985.8  8   978.9  8   16.4 24    4.7 24    8.2  999.9     8.4     1.8    0.3A 999.9  010000
879380  20130607     2.6 23     0.2 23   980.7  7   973.4  7   11.9 23   10.9 23   16.5   22.1     7.7     2.0*   2.0G 999.9  011000
879380  20130608     3.9 24     0.2 24   987.3  8   980.4  8   17.5 24    4.5 23   12.3   19.5     6.0*    0.4    4.1G 999.9  000000
879380  20130609     4.3 24     0.5 24   985.8  8   978.9  8   17.2 24    3.7 24    8.7  999.9     8.0*    1.2    0.0G 999.9  010000
879380  20130610     3.3 24     0.4 24   979.3  7   972.4  7   14.0 24    9.7 24   14.4   21.6     8.1     1.0*   0.0G 999.9  011000
879380  20130611     2.2 24    -2.8 24   991.1  8   984.1  8   17.4 24    4.0 24    9.3   14.4     4.6    -0.9    0.5G 999.9  000000
879380  20130612     1.9 23    -1.3 23   987.7  8   980.6  8   16.3 23    5.5 23   12.9   21.6     4.1     1.0    0.0G 999.9  011000
879380  20130613     1.5 24    -0.7 24   998.6  6   991.5  6    9.7 23    9.2 24   14.9   20.1     4.1     0.4    2.0G 999.9  011000
879380  20130614     1.8 21    -2.3 21  1008.5  8  1001.3  8   17.9 21    3.3 20    7.2  999.9     4.0*    0.0*   2.0G 999.9  000000
879380  20130615     2.5 21    -0.8 21   985.5  8   978.6  8   14.2 21    7.5 21   18.0   18.5     5.1    -0.3    1.0G 999.9  010000
879380  20130616     1.7 21    -3.6 21   980.7  7   973.7  7   15.6 21    6.7 21   13.4   19.0     4.6    -0.9    1.0G 999.9  001000
879380  20130617    -0.4 23    -4.2 23   985.6  8   978.6  8   15.0 23    4.9 23   10.8   18.5     3.1    -2.2    0.0G 999.9  001000
879380  20130618    -1.2 21    -4.1 21   994.0  8   986.9  8   10.6 21    5.5 20   12.9   14.9     1.3    -2.7    0.0G 999.9  001000
879380  20130619     0.6 24    -2.8 24   989.0  7   981.9  7   10.3 24    8.1 24   14.4   22.6     5.0    -2.3    1.0G 999.9  011000
879380  20130620     1.8 22    -0.6 22   976.2  7   969.3  7   12.2 22    5.9 22   20.6   26.8     3.6     0.2    3.0G 999.9  011000
879380  20130621    -0.5 19    -2.3 19   971.6  6   964.7  6    4.5 19    9.0 19   14.4   24.2     3.0    -1.2    3.0G   3.0  001000
879380  20130622     1.7 19    -0.9 19   988.4  7   981.4  7    9.0 19    9.6 19   20.6   26.2     4.0*   -1.5    3.0G   7.9  011000
879380  20130623     6.2 24     1.0 24   989.1  7   982.2  7   14.5 24   14.0 24   22.6   32.4    10.0*   -0.2    0.0G 999.9  010000
879380  20130624     8.4 24     3.4 24   983.5  8   976.7  8   16.3 24   10.4 24   20.6   29.8    11.4     5.5    0.3G 999.9  010000
879380  20130625     7.9 24     1.9 24   981.5  6   975.4  7   17.2 24    5.3 24    9.3   14.4    13.0*    5.8    0.0G 999.9  000000
879380  20130626    10.6 23     1.5 23   980.6  8   973.9  8   17.4 23    8.6 23   18.0   24.7    15.6     5.0*   0.0I 999.9  000000
879380  20130627     4.3 24    -1.4 24   992.0  8   985.1  8   17.1 24    3.3 24    9.8  999.9    14.3     1.0    0.0I 999.9  000000
879380  20130628     4.1 24     1.6 24   987.2  7   980.2  7   11.6 24    8.0 24   11.8  999.9     5.8     3.0*   3.0G 999.9  010000
879380  20130629     1.3 24    -3.5 24  1003.3  8   996.2  8   16.7 24    4.2 24    9.8  999.9     5.1     0.9*   0.3G 999.9  010000
879380  20130630     0.3 24    -2.7 24  1006.8  8   999.6  8   17.2 24    1.9 24    4.1  999.9     2.0*   -1.0    0.0G 999.9  000000
879380  20130701     3.3 24    -2.2 24   993.6  8   986.6  8   14.8 24    7.3 24   12.9   17.0     6.0*   -0.7    0.5A 999.9  010000
879380  20130702     3.6 21    -0.7 21   975.3  8   968.5  8   16.4 21    1.6 21    5.7  999.9     5.7     3.0    2.0G 999.9  010000
879380  20130703     2.0 23     1.4 23   979.6  8   972.7  8   10.8 23    0.9 23    2.1  999.9     4.1     0.8    0.0G 999.9  100000
879380  20130704     2.7 24    -0.6 24   996.7  7   989.6  7   16.6 24    4.3 24   11.8   17.0     4.1     0.8    0.0I 999.9  000000
879380  20130705     1.8 23    -1.9 23  1011.2  8  1004.1  8   16.7 23    2.7 23    5.7  999.9     4.2     0.5    0.0G 999.9  001000
879380  20130706     2.3 24    -3.1 24  1012.8  8  1005.6  8   16.7 24    4.0 24   10.8   17.0     5.4*    0.5  999.9  999.9  010000
879380  20130707     4.6 24     1.6 24  1004.2  7   997.1  7   13.8 24   11.5 24   17.0   23.1     6.0*    0.8    2.0G 999.9  010000
879380  20130708     6.9 24     0.5 24   996.1  8   989.2  8   16.3 24    4.3 23   15.9   18.5    10.0*    4.1    0.0G 999.9  010000
879380  20130709     4.5 24    -1.3 24   997.4  8   990.4  8   16.7 24    4.3 24   14.4  999.9    10.1     2.9    0.0G 999.9  000000
879380  20130710     4.7 22     0.1 22   995.6  8   988.6  8   18.0 22    1.2 22    4.6  999.9     6.9     2.3    0.0I 999.9  000000
879380  20130711     3.4 24    -0.1 24   993.9  8   986.9  8   17.2 24    3.2 24    9.3  999.9     6.1     1.0    0.0B 999.9  010000
879380  20130712     7.8 24     0.7 24   982.4  8   975.6  8   17.1 24    6.2 24   10.8   23.1    12.0*    2.0    0.0G 999.9  000000
879380  20130713     3.2 24    -1.9 24   978.4  8   971.6  8   12.4 24    8.3 24   18.5   25.7    11.8     1.0*   0.5A 999.9  011000
879380  20130714     3.7 21    -1.5 21   994.2  7   987.2  7   15.1 21   10.5 21   22.6   25.7     5.4*    1.0    2.0G 999.9  011000
879380  20130715     4.1 21    -0.4 21   986.2  8   979.3  8   17.5 21    4.8 21   10.3   14.4     7.0*    2.0    0.0G 999.9  010000
879380  20130716    -1.8 24    -2.7 24   988.5  7   981.4  7    4.3 24   13.9 24   19.5   21.1     7.5    -4.0*   2.0G   3.0  011000
879380  20130717     0.2 24    -2.2 24  1009.3  8  1002.0  8   10.9 24   10.2 24   13.9   19.5     2.0*   -3.8    2.0G 999.9  011000
879380  20130718     3.1 24    -0.7 24  1005.7  8   998.6  8   14.8 24    8.1 24   18.5   24.7     5.0*    0.1    0.5G 999.9  010000
879380  20130719     2.3 24    -0.2 24   989.9  8   983.0  8    6.9 24    9.0 24   16.5   28.3     5.1     0.7    2.0G 999.9  011000
879380  20130720     0.8 23    -1.8 23  1022.2  8  1015.0  8    9.7 23    8.8 23   17.5   23.7     2.0*    0.0*   4.1G 999.9  011000
879380  20130721    -0.5 23    -3.4 23  1028.2  7  1020.9  7   16.6 23    1.7 23    4.6  999.9     2.0*   -3.5    0.5G 999.9  000000
879380  20130722     4.7 24     0.6 24  1010.0  8  1003.6  8   16.7 24    9.7 24   20.1   26.8     8.0*   -1.0    0.0G 999.9  010000
879380  20130723     4.3 23     0.8 23  1010.5  8  1003.4  8   17.4 23    7.6 23   20.6   23.7     7.6     3.5    0.0I 999.9  000000
879380  20130724     6.2 24    -0.7 24   984.1  8   977.3  8   16.9 24    6.8 24   12.3   19.0     8.0*    4.0    0.0G 999.9  010000
879380  20130725     2.3 24    -1.3 24   973.6  7   966.7  7   10.8 24    8.7 24   15.9   23.1     8.5     0.0*   0.0G 999.9  011000
879380  20130726    -0.7 23    -3.3 23   993.7  8   986.6  8   11.3 23    5.9 23   16.5   25.2     2.3    -2.0*   0.3G 999.9  001000
879380  20130727     2.7 24    -1.0 24   996.6  8   989.5  8   15.0 24    7.4 24   19.0   28.3     6.0*   -2.2    2.0G 999.9  011000
879380  20130728     5.2 23     1.3 23  1001.7  7   994.6  7   16.1 23   13.5 23   22.6   28.3     6.1     2.5    0.3G 999.9  010000
879380  20130729     5.1 22     2.0 22  1005.4  7   998.3  7   14.6 22   11.5 22   18.5   25.2     6.3     4.0    0.8G 999.9  010000
879380  20130730     4.7 20    -0.5 20  1004.0  8   997.0  8   15.4 20   15.1 20   28.3   33.4     7.1     2.0*   0.0G 999.9  010000
879380  20130731     3.0 24    -0.2 24  1007.6  8  1000.5  8   14.8 24    6.4 24   13.9   18.5     6.0*    1.0*   0.5G 999.9  010000
879380  20130801    -0.1 20    -3.7 20  1016.2  7  1009.0  7   13.4 20    6.2 20   10.8   13.4     3.6    -1.2    0.8G 999.9  001000
879380  20130802     0.9 24    -1.9 24  1012.0  8  1004.8  8   15.8 24    1.1 24    2.6  999.9     2.3*   -0.6    0.0G 999.9  000000
879380  20130803     2.7 24     0.2 24   997.4  7   990.4  7   16.1 17    2.9 24    7.7  999.9     4.0*    0.3    0.0G 999.9  010000
879380  20130804     3.2 22     1.0 22   993.9  7   986.9  7   14.0 22    3.4 22    7.2  999.9     4.4*    1.7    0.0G 999.9  010000
879380  20130805     0.9 16     0.1 16   998.7  8   991.6  8   15.9 16    2.0 16    5.1  999.9     4.5     0.0    2.0G 999.9  010000
879380  20130806     2.4  8    -0.6  8   993.9  7   987.2  8   28.8  8    3.1  8    8.2  999.9     4.7*   -0.1    0.0G 999.9  000000
879380  20130807     3.7 12    -1.4 12   991.2  8   984.2  8   23.3 12    2.0 12    5.7  999.9     5.1     1.7    0.0G 999.9  000000
879380  20130808     2.0 24    -2.3 24   996.6  8   989.5  8   14.2 24    6.5 24   18.0  999.9     5.2     0.7    0.5G 999.9  011000
879380  20130809     3.7 23    -2.6 23   994.9  8   987.9  8   16.6 23    5.9 23   13.9   16.5     5.0*    0.7    0.3G 999.9  000000
879380  20130810     5.2 24    -0.8 24   977.2  8   970.3  8   16.3 24    8.8 24   19.6   26.3     7.0*    2.9    0.3G 999.9  010000
879380  20130811    -0.3 22    -3.0 22   983.4  5   976.4  5    6.9 22    8.8 22   18.5   23.2     7.6    -4.0*   2.0G 999.9  011000
879380  20130812     0.7 23    -2.4 23   993.3  8   986.2  8    9.2 23    4.4 23   12.9   18.5     3.0*   -4.3    3.0G 999.9  011000
879380  20130813    -0.5 19    -3.2 19  1003.7  8   996.6  8    8.7 17    9.4 19   20.6   23.2     2.0*   -3.4*   3.0G 999.9  001000
879380  20130814     3.4 24    -1.2 24   980.2  7   973.2  7   12.1 24    7.8 24   12.9   18.5     8.0*   -1.0*   0.0G 999.9  011000
879380  20130815     3.3 21    -3.2 21   971.7  7   964.8  7   13.5 21    8.1 21   13.9   23.7     5.0*    1.0*   0.0G 999.9  011000
879380  20130816     3.0 20    -2.4 20   986.9  6   979.9  6   15.8 19    7.1 20   14.4   24.2     7.2*    0.0*   0.8G 999.9  010000
879380  20130817     3.8 23    -1.2 23   983.0  7   976.1  7   14.3 23    6.7 23   11.3   21.6     7.0*    2.0*   0.3G 999.9  010000
879380  20130818     2.9 24    -1.9 24   984.5  8   977.5  8   15.3 24    5.0 24   10.3  999.9     4.2*    0.9*   0.0G 999.9  010000
879380  20130819     3.1 24    -4.7 24   973.1  7   966.2  7   15.0 24    5.7 24   13.9   22.1     7.0*    1.8*   1.0G 999.9  010000
879380  20130820     0.1 17    -2.3 17   987.4  7   980.4  7    6.9 17   11.8 17   16.0   22.7     2.0*   -1.2*   5.1G   1.0  001000
879380  20130821    -1.4 14    -3.2 14  1011.6  8  1004.4  8    5.5 14    9.8 14   13.9   18.0    -0.6*   -2.2*   2.0G   6.1  001000
879380  20130822    -2.2 22    -3.9 22  1028.9  7  1021.6  7    5.5 22    7.7 22   15.4   17.5    -1.0*   -3.0*   0.5G   4.1  001000
879380  20130823    -1.4 23    -2.7 23  1035.7  7  1028.4  7   10.6 23    6.4 23    9.3  999.9     1.0*   -3.0*   2.0G   1.0  001000
879380  20130824    -1.0 24    -3.5 24  1031.4  8  1024.1  8   20.6 15    3.2 24    7.2  999.9     3.0*   -4.2*   0.0G 999.9  000000
879380  20130825     1.3 24    -5.4 24  1019.1  8  1011.9  8   20.0 16    4.0 24    9.8  999.9     4.0*   -1.0*   0.0I 999.9  000000
879380  20130826     4.4 24    -2.7 24  1003.9  8   996.8  8   16.9 22    5.8 24    9.8   16.5     6.0*    1.0*   0.0I 999.9  000000
879380  20130827     2.7 23    -1.7 23   988.1  8   981.1  8   13.7 23   10.2 23   18.0   24.2     6.0*    0.9*   0.8G 999.9  011000
879380  20130828     1.2 23    -2.2 23   988.8  8   981.8  8    9.5 23    6.8 23   16.5   22.7     3.0*   -2.0*   0.3G 999.9  011000
879380  20130829     0.3 22    -2.3 22   995.7  8   988.6  8    7.4 22    9.1 22   13.4   20.1     2.0*   -1.0*   2.0G   5.1  001000
879380  20130830     0.8 23    -3.9 23  1005.4  8   998.3  8   16.3 23    4.0 23   10.8   15.4     4.0*   -1.5    1.0G 999.9  000000
879380  20130831     1.3 21    -2.3 21  1004.5  8   997.4  8   12.1 19   10.0 21   15.4   20.1     3.0*   -1.0*   1.0G 999.9  011000
879380  20130901     2.9 23    -2.1 23  1012.1  8  1005.0  8   17.2 21    5.4 23   10.3  999.9     5.0*    0.9*   0.5G 999.9  000000
879380  20130902     4.1 22     0.4 22  1017.1  8  1010.0  8   17.2 22    7.2 22   10.8   14.4     5.0*    3.4*   0.0G 999.9  000000
879380  20130903     4.5 24     0.2 24  1022.7  8  1015.6  8   16.3 24    5.8 24    9.8  999.9     7.0*    3.0*   0.0I 999.9  000000
879380  20130904     2.7 22    -1.8 22  1017.7  7  1010.5  7   18.8 16    3.4 22    8.2   13.4     8.0*    0.0*   0.0I 999.9  000000
879380  20130905     3.4 24    -0.6 24  1008.5  8  1001.4  8   16.7 24    3.1 24    9.8   12.4     7.0*    1.0* 999.9  999.9  010000
879380  20130906     3.8 24     1.1 24  1005.2  7   998.1  7   15.4 23    3.0 24    6.2  999.9     6.0*    2.0*   0.0G 999.9  010000
879380  20130907     3.9 24    -1.0 24   997.0  8   990.0  8   17.2 22    4.5 24    9.3   17.5     8.0*    1.7*   0.0I 999.9  000000
879380  20130908     6.9 24     1.9 24   983.4  8   976.6  8   16.7 24    4.0 24   10.3   15.4    11.0*    3.5  999.9  999.9  010000
879380  20130909     2.5 23    -0.7 23   982.2  7   975.3  7   11.7 23    7.2 23   11.8   18.0     6.0*   -1.0*   0.0G 999.9  011000
879380  20130910    -0.1 24    -4.1 24   993.6  8   986.5  8   15.0 24    8.8 24   15.4   19.0     2.2*   -2.2*   1.0G 999.9  001000
879380  20130911     1.1 24    -4.2 24  1001.9  8   994.8  8   12.6 24    6.6 24   14.9   23.2     4.1*   -1.0*   0.0G 999.9  011000
879380  20130912     1.5 24    -0.4 24  1010.9  8  1003.7  8   11.1 24   13.5 24   16.0   21.6     4.2    -0.1    0.0G 999.9  001000
879380  20130913     3.0 24    -0.1 24  1018.5  8  1011.3  8   15.3 24   11.5 24   16.0   21.1     5.0*    1.3    0.0G 999.9  010000
879380  20130914     3.9 23     0.1 23  1015.2  8  1008.1  8   16.1 23   11.8 23   26.0   39.0     5.2*    2.5*   0.0G 999.9  000000
879380  20130915     5.7 23     1.3 23  1019.0  8  1011.9  8   15.3 23   10.8 23   13.9   21.1     7.0*    4.4*   0.0G 999.9  010000
879380  20130916     6.2 24    -1.3 24  1016.9  8  1009.8  8   20.0 16    2.9 24    8.8  999.9    11.0*    2.0*   0.0I 999.9  000000
879380  20130917     6.0 22    -1.6 22  1008.4  7  1001.4  7   16.7 21    4.7 22    9.8  999.9     8.0*    4.0*   0.0I 999.9  000000
879380  20130918     6.1 24    -3.7 24  1003.4  8   996.4  8   16.7 24    7.5 24   11.3   18.0     8.0*    3.6*   0.0I 999.9  000000
879380  20130919     5.4 23    -1.3 23   998.2  8   991.2  8   15.0 23    5.6 23   10.3  999.9     9.0*    3.0*   0.8G 999.9  011000
879380  20130920     2.5 23    -1.9 23  1006.5  8   999.4  8   13.8 23    4.6 23    9.8  999.9     5.0*    0.0*   0.0G 999.9  011000
879380  20130921     2.7 23    -1.7 23  1002.9  6   995.8  6   12.2 18    8.6 23   18.0   22.1     4.0*    1.0*   0.5B 999.9  011000
879380  20130922     4.8 22     0.7 22  1010.3  8  1003.2  8   14.5 22   12.8 22   17.0   25.2     9.0*    2.7*   0.8G 999.9  010000
879380  20130923     6.8 24     0.8 24  1015.8  8  1008.7  8   15.8 24   13.1 24   20.1   27.8     9.2*    4.0    0.3G 999.9  000000
879380  20130924     7.5 20     1.6 20  1014.4  7  1007.3  7   16.7 20    3.3 20    7.7  999.9     9.3*    4.9    0.0G 999.9  010000
879380  20130925     4.2 24     0.4 24  1003.7  8   996.7  8   13.4 24    2.6 24   11.8  999.9    10.1     1.0*   0.5A 999.9  010000
879380  20130926     2.3 24    -2.8 24  1015.6  8  1008.4  8   17.1 22    7.6 24   11.8   16.5     7.1    -1.5    6.1G 999.9  000000
879380  20130927     6.3 24     0.5 24  1029.1  8  1021.9  8   16.9 22    8.8 24   13.9   17.0     9.0*    1.1    0.0G 999.9  010000
879380  20130928     5.8 22     0.8 22  1035.5  8  1029.1  8   23.3 12    2.3 22    7.2  999.9    10.0*    1.1    0.0I 999.9  000000
879380  20130929     7.4 24     1.3 24  1031.6  8  1024.5  8   15.4 17    4.6 24    9.8   18.5    16.0*    1.4    0.0I 999.9  100000
879380  20130930     7.4 24    -0.2 24  1022.7  8  1015.7  8   17.1 22    7.3 24   11.3   17.5    16.1     2.2    0.0I 999.9  000000
879380  20131001     6.7 23     2.6 23  1012.6  8  1005.6  8   15.3 23    5.4 23   10.8   14.4    11.6     3.5    0.0G 999.9  010000
879380  20131002     7.8 22     3.2 22  1007.5  8  1000.5  8   16.9 22    3.5 22    6.7  999.9    11.0*    4.6    0.0G 999.9  000000
879380  20131003     5.3 23     0.1 23  1008.6  7  1001.6  7   15.4 23    7.3 23   14.9   18.0    11.1     2.9    1.0G 999.9  010000
879380  20131004     5.8 24    -2.3 24  1008.7  8  1001.7  8   18.0 20    4.0 24    8.2  999.9    11.0*    1.3    0.0G 999.9  000000
879380  20131005     6.6 24    -0.5 24  1005.1  8   998.1  8   17.4 21    4.2 24   14.4   16.0    11.1     3.5    0.3G 999.9  010000
879380  20131006     7.1 24     0.6 24   997.7  8   990.8  8   15.0 24   10.6 24   16.5   23.7    10.6     3.1    0.0G 999.9  010110
879380  20131007     6.9 23     0.1 23  1000.6  7   993.6  7   16.1 23    5.6 23   11.3   18.0    11.0*    2.2    0.0G 999.9  000000
879380  20131008     7.2 24     3.8 24   993.7  8   986.8  8   15.0 24    2.8 24    6.2  999.9    11.4     5.7*   0.0G 999.9  010000
879380  20131009     6.9 24    -0.6 24   991.4  8   984.5  8   16.4 23    5.9 24   14.9   20.1    10.0*    4.0*   0.3G 999.9  010000
879380  20131010     4.6 23     0.9 23  1000.8  7   993.8  7   15.6 23    9.3 23   14.4   18.5     7.0*    2.0*   9.9G 999.9  010000
879380  20131011     7.1 24    -0.4 24  1003.1  8   996.1  8   16.3 24    6.0 24   20.6   26.8    11.0*    4.9*   0.0G 999.9  010000
879380  20131012     8.0 22    -0.7 22  1004.5  6   997.3  7   16.4 21    7.6 22   12.9   23.2    15.0*    3.0*   0.0A 999.9  000000
879380  20131013    12.7 23     1.0 23   982.5  7   975.8  7   15.3 23    9.8 23   15.4   29.9    15.0*   11.0*   0.0G 999.9  010000
879380  20131014     5.5 24    -0.7 23   983.5  8   976.7  8   14.8 24   10.3 24   16.0   20.1    10.0*    2.8*   0.3G 999.9  010000
879380  20131015     2.8 24    -2.5 24   993.6  8   986.5  8   14.2 24    7.6 24   18.0   25.7     8.0*   -0.6    0.0G 999.9  011000
879380  20131016     3.2 24    -1.1 24  1001.6  8   994.5  8   12.6 24   10.3 24   13.9   21.6     8.6    -0.5    2.0G 999.9  011000
879380  20131017     5.8 23     2.4 23  1002.5  6   995.5  6   13.5 23    9.3 23   16.5   23.2     8.0*    3.7    0.3G 999.9  010000
879380  20131018     5.9 23     1.4 23   992.9  8   985.9  8   13.5 23   11.5 23   23.7   31.9     8.1     4.2    0.3G 999.9  010000
879380  20131019     2.6 21    -1.3 21   981.3  6   974.4  6   10.8 21   10.7 21   20.6   27.8     7.1    -2.0*   0.0G 999.9  011000
879380  20131020    -1.3 19    -3.0 19   985.9  7   978.9  7    2.7 19    8.5 18   14.9   19.6     6.1    -5.0*   4.1G 999.9  001000
879380  20131021     2.6 24     0.3 24   990.5  8   983.4  8   11.1 24    5.7 24   12.4   18.0     5.0*   -1.3    3.0G 999.9  011000
879380  20131022     3.3 24     0.1 24   996.0  8   989.0  8   11.3 24    9.9 24   16.5   21.1     5.3     1.5    0.5G 999.9  011000
879380  20131023     5.9 23     1.3 23  1001.7  8   994.7  8   15.6 23   15.0 23   20.6   27.3     9.0*    2.1    0.0G 999.9  000000
879380  20131024     8.5 24     2.6 24  1004.0  8   997.0  8   15.4 24   14.0 24   19.6   23.2    11.0*    5.6    0.0I 999.9  000000
879380  20131025     9.2 22     1.4 22   998.3  8   991.4  8   17.2 22    6.5 22   12.9   21.1    15.0*    5.2    0.0I 999.9  000000
879380  20131026     6.2 24     1.6 24   990.7  8   983.8  8   14.0 24    8.7 24   18.0   23.2    15.1     4.0*   0.0G 999.9  010000
879380  20131027     7.0 23     0.7 23   993.2  7   985.5  6   13.7 23    9.1 23   20.1   29.9    14.0*    2.9*   2.0G 999.9  010000
879380  20131028     5.1 24    -2.5 24  1007.4  8  1000.3  8   17.5 16    5.4 24   13.9   20.1    15.6     1.2    1.0G 999.9  010000
879380  20131029    11.3 23     3.8 23  1007.9  6  1000.9  6   18.2 17    2.0 23    3.6  999.9    17.0*    4.7    0.0G 999.9  000000
879380  20131030    12.4 21     3.8 21   998.3  8   991.5  8   18.3 19    5.2 21   12.4   20.6    18.6     7.0    0.0I 999.9  000000
879380  20131031     8.9 17     0.7 17  1001.1  5   994.2  5   15.9 17    7.4 17   10.8   13.4    18.6     5.9*   0.0I 999.9  000000
879380  20131101     9.6 23     2.2 23  1005.0  8   998.1  8   16.9 23    3.2 23    7.7   17.0    14.0*    3.7    0.0I 999.9  000000
879380  20131102    10.2 23     1.9 23   992.4  8   985.6  8   15.6 23   12.3 23   16.5   35.0    14.6     4.0*   0.0G 999.9  010000
879380  20131103     4.0 22    -2.6 22  1003.0  8   996.0  8   14.0 22   10.5 22   18.0   23.2    12.6     0.5    2.0G 999.9  011000
879380  20131104     6.7 24     1.3 24   996.5  8   989.5  8   14.2 24   12.7 24   20.6   25.7    10.1     4.3    0.0G 999.9  010000
879380  20131105     7.3 21     1.7 21   999.2  8   992.2  8   16.4 21    8.0 21   18.0  999.9    11.0*    2.9    0.3G 999.9  010000
879380  20131106     7.9 24     3.4 24   989.5  8   982.6  8   15.0 24    5.3 24   11.3  999.9    13.1     5.4    0.0G 999.9  010000
879380  20131107     2.1 23    -1.3 23   993.3  6   986.3  6   11.1 23    9.8 23   17.0   20.6     9.5     0.2    7.9G 999.9  011000
879380  20131108     0.9 24    -2.1 24   999.1  8   992.1  8    9.8 24   11.3 24   19.6   21.1     5.1    -0.8    0.0G 999.9  011000
879380  20131109     3.4 24    -0.2 24  1002.1  8   995.0  8   12.2 23    8.5 24   18.0  999.9     7.2*   -1.3    5.1G 999.9  011000
879380  20131110     6.8 24     0.6 24   986.3  8   979.5  8   14.8 24    7.7 24   12.9   16.0     8.0*    2.5    0.0G 999.9  010000
879380  20131111     6.7 21     1.2 21   976.9  7   970.1  7   16.7 21    5.3 21   12.4   24.2     9.0     4.0*   0.3G 999.9  010000
879380  20131112     3.8 24     1.2 24   980.9  8   974.0  8   13.2 24   10.3 24   16.5   23.7     9.1     1.8    0.5G 999.9  010000
879380  20131113     5.0 24     0.0 24   994.6  8   987.6  8   15.8 24   11.4 24   14.9   21.6     9.7     2.5    0.5G 999.9  011000
