873280  20130101    22.2  8     5.2  8  1014.9  8   951.2  8   29.9  8    3.6  8    9.3  999.9    34.1    14.6    0.0I 999.9  000000
873280  20130102    23.6  8     5.2  8  1014.9  8   950.8  8   29.9  8    4.1  8   10.8  999.9    31.1*   14.2    0.0I 999.9  000000
873280  20130103    26.3  8     6.6  8  1010.6  8   947.4  8   26.2  8    7.0  8   11.3  999.9    34.1*   18.5    0.0I 999.9  000000
873280  20130104    28.6  8    12.1  8  1006.7  8   944.3  8   22.5  8    4.6  8    9.3  999.9    34.7    23.5    0.0I 999.9  000000
873280  20130105    25.6  8    14.8  8  1006.6  8   943.8  8   27.5  8    2.9  8    4.1  999.9    34.2    17.3    9.9G 999.9  010010
873280  20130106    26.6  8    17.4  8  1006.0  8   943.2  8   27.5  8    3.1  8    7.7  999.9    34.3    19.1    0.0G 999.9  010010
873280  20130107    27.6  8    14.9  8  1001.1  8   938.8  8   29.9  8    3.3  8    6.7  999.9    35.8*   19.6    0.0I 999.9  000000
873280  20130108    23.3  8    15.9  8  1005.8  8   942.9  8   24.1  8    3.6  8    7.2  999.9    37.1    18.9*   9.9A 999.9  010010
873280  20130109    25.0  8    16.4  8  1013.7  8   949.8  8   29.9  8    2.3  8    4.1  999.9    33.5*   17.8    7.1A 999.9  000000
873280  20130110    30.4  8    16.8  8  1011.5  8   949.1  8   29.9  8    3.1  8    6.2  999.9    35.6*   23.0    0.0I 999.9  000000
873280  20130111    30.1  7    14.2  7  1008.7  7   946.6  7   29.9  7    4.4  7    7.2  999.9    37.0    23.0*   0.0I 999.9  000000
873280  20130112    28.2  8    13.8  8  1006.7  8   944.4  8   22.7  8    4.3  8   12.9  999.9    37.4    22.4  999.9  999.9  010010
873280  20130113    28.6  8    15.4  8  1009.2  8   946.6  8   29.9  8    1.6  8    3.1  999.9    37.1    21.3    7.9G 999.9  000000
873280  20130114    27.0  8    16.6  8  1010.4  8   947.8  8   23.0  8    3.9  8    8.2  999.9    36.7    19.7    7.9G 999.9  010010
873280  20130115    27.8  8    17.0  8  1008.6  8   945.7  8   29.9  8    1.8  8    5.1  999.9    35.4*   19.7    6.1G 999.9  000000
873280  20130116    26.3  8    16.2  8  1006.2  8   943.6  8   28.8  8    4.5  8   12.9  999.9    35.8    18.4    8.9G 999.9  010010
873280  20130117    25.8  8    14.9  8  1010.3  8   947.1  8   29.9  8    2.4  8    5.1  999.9    33.3*   17.5    0.0G 999.9  000000
873280  20130118    24.3  7    12.1  7  1013.9  7   950.4  7   23.5  7    2.1  7    4.6  999.9    33.5    17.2    0.0I 999.9  000000
873280  20130119    24.3  7    14.7  7  1014.3  7   951.0  7   28.6  7    2.9  7    8.7  999.9    33.6    20.2    0.0I 999.9  000010
873280  20130120    23.3  8    17.1  8  1016.7  8   952.8  8   18.2  8    1.9  8    6.7  999.9    33.6    18.4    6.1G 999.9  010010
873280  20130121    24.3  8    14.6  8  1015.0  8   951.2  8   29.9  8    2.5  8    3.1  999.9    30.6*   18.6    7.1G 999.9  000000
873280  20130122    27.0  8    12.1  8  1012.3  8   949.2  8   29.9  8    3.3  8    5.1  999.9    32.7*   20.5    0.0G 999.9  000000
873280  20130123    28.0  8    12.7  8  1010.0  8   947.3  8   28.8  8    4.4  8   10.3  999.9    35.7*   20.4    2.0G 999.9  000010
873280  20130124    30.6  8    10.2  8  1003.2  8   941.4  8   27.5  8    2.7  8    4.1  999.9    38.5*   23.4    0.0G 999.9  000010
873280  20130125    25.5  8    10.2  8  1008.4  8   945.7  8   28.8  8    3.9  8    9.3  999.9    38.5    18.3    0.0G 999.9  000010
873280  20130126    26.9  8    10.7  8  1010.7  8   947.6  8   24.3  8    2.8  8    7.2  999.9    35.2*   17.5    0.0A 999.9  000000
873280  20130127    29.4  8    11.0  8  1008.8  8   946.4  8   29.9  8    4.6  8    8.2  999.9    36.3*   22.2    0.0I 999.9  000000
873280  20130128    25.8  8    14.6  8  1011.8  8   948.9  8   24.9  8    3.8  8    7.7  999.9    36.5    18.3    7.1G 999.9  010010
873280  20130129    25.5  8    14.9  8  1013.1  8   949.7  8   28.8  8    4.2  8    8.7  999.9    33.2    17.4   29.0G 999.9  000010
873280  20130130    27.1  8    16.0  8  1009.1  8   946.1  8   29.9  8    2.4  8    6.7  999.9    35.3*   19.2    0.0G 999.9  000000
873280  20130131    23.7  8    16.9  8  1008.0  8   944.9  8   24.9  8    4.8  8    7.7  999.9    36.1    17.8   36.1G 999.9  010010
873280  20130201    29.6  8    19.7  8  1003.6  8   941.3  8   22.9  8    3.4  8    5.7  999.9    36.8*   19.3    2.0G 999.9  000000
873280  20130202    26.3  7    15.9  7  1009.2  7   946.6  7   29.9  7    2.9  7    6.7  999.9    31.2    20.8    5.1G 999.9  000010
873280  20130203    25.1  8    13.3  8  1014.1  8   950.5  8   29.9  8    3.6  8    5.1  999.9    33.2*   16.6    0.0G 999.9  000000
873280  20130204    26.3  8    16.6  8  1009.4  8   946.5  8   26.9  8    2.7  8    4.1  999.9    33.4    19.0    0.0I 999.9  000000
873280  20130205    27.9  8    16.8  8  1008.6  8   945.9  8   27.5  8    2.1  8    4.1  999.9    33.9*   20.5    0.0I 999.9  000000
873280  20130206    26.3  8    16.1  8  1010.9  8   948.0  8   27.5  8    2.7  8    4.1  999.9    34.1    20.9    0.0I 999.9  000010
873280  20130207    26.0  8    15.0  8  1012.0  8   948.7  8   24.9  8    2.2  8    3.1  999.9    33.5*   18.2    3.0G 999.9  000000
873280  20130208    26.7  8    12.2  8  1008.5  8   945.6  8   24.9  8    2.2  8    4.6  999.9    35.3*   17.5    0.0G 999.9  000000
873280  20130209    27.6  7    12.8  7  1005.8  7   943.5  7   28.6  7    3.0  7    5.1  999.9    35.3    19.3    0.0I 999.9  000000
873280  20130210    25.0  8    14.1  8  1005.8  8   943.1  8   28.2  8    4.4  8    8.2  999.9    34.5    19.6    1.0G 999.9  010010
873280  20130211    24.6  8    13.6  8  1008.2  8   944.7  8   24.9  8    2.1  8    4.1  999.9    33.8*   16.7    4.1G 999.9  000000
873280  20130212    28.6  8    11.9  8  1003.1  8   940.8  8   29.9  8    3.1  8    5.1  999.9    36.0*   21.8    0.0G 999.9  000000
873280  20130213    26.4  8    14.5  8  1002.9  8   940.7  8   25.6  8    4.8  8    7.7  999.9    37.5    20.8    0.0I 999.9  000010
873280  20130214    23.7  8    16.9  8  1008.8  8   945.3  8   28.8  8    2.2  8    3.1  999.9    32.5    17.6   19.0G 999.9  000010
873280  20130215    26.8  8    17.6  8  1008.1  8   945.2  8   28.8  8    2.6  8    7.7  999.9    34.3*   20.5    0.0G 999.9  000000
873280  20130216    27.8  8    14.8  8  1002.1  8   939.8  8   35.6  8    3.6  8    6.7  999.9    35.7*   19.3    0.0G 999.9  000010
873280  20130217    25.1  7    13.7  7  1002.8  7   940.2  7   24.8  7    4.1  7    6.2  999.9    36.0    15.1   18.0G 999.9  000010
873280  20130218    18.5  8     7.1  8  1015.6  8   950.8  8   29.9  8    1.6  8    5.1  999.9    26.5    11.6    0.0G 999.9  000000
873280  20130219    19.5  8    11.5  8  1016.1  8   951.2  8   27.2  8    1.5  8    2.6  999.9    26.1*   15.6    0.0G 999.9  010000
873280  20130220    21.9  8    13.4  8  1013.2  8   949.0  8   29.9  8    1.8  8    3.6  999.9    27.6*   17.0    0.0I 999.9  000000
873280  20130221    21.7  8    13.6  8  1013.6  8   949.3  8   28.8  8    1.4  8    2.6  999.9    30.8*   13.3    0.0I 999.9  000000
873280  20130222    23.2  8    12.3  8  1012.0  8   948.2  8   24.9  8    4.5  8   10.3  999.9    31.0    14.5    0.0I 999.9  000000
873280  20130223    26.7  8    17.2  8  1006.4  8   943.7  8   29.9  8    5.6  8    7.7  999.9    32.0    18.8    0.0I 999.9  000000
873280  20130224    23.7  8    15.5  8  1006.6  8   943.5  8   29.9  8    3.1  8    7.2  999.9    32.2    15.7    8.9G 999.9  000010
873280  20130225    19.5  8     7.3  8  1014.0  8   949.4  8   29.9  8    3.1  8    5.1  999.9    29.5    12.4    0.0G 999.9  000000
873280  20130226    20.3  8    10.3  8  1014.7  8   950.1  8   28.8  8    1.8  8    3.6  999.9    28.5*   11.7    0.0I 999.9  000000
873280  20130227    23.5  8    10.4  8  1011.4  8   947.5  8   29.9  8    5.0  8    9.3  999.9    31.7*   15.8    0.0I 999.9  000000
873280  20130228    26.7  7    13.1  7  1006.8  7   944.0  7   29.9  7    7.4  7   12.3  999.9    34.8*   20.8    0.0I 999.9  000000
873280  20130301    29.6  8    14.4  8  1000.0  8   938.2  8   28.2  8    7.8  8   13.4  999.9    35.5    23.8    0.0I 999.9  000000
873280  20130302    21.9  8     9.8  8  1007.9  8   944.6  8   29.9  8    7.3  8   11.8  999.9    36.5    14.9    0.0I 999.9  000000
873280  20130303    19.4  8     7.9  8  1016.8  8   952.0  8   29.9  8    2.8  8    4.1  999.9    27.4*   11.2    0.0I 999.9  000000
873280  20130304    18.9  8     8.9  8  1016.5  8   951.6  8   29.9  8    2.2  8    3.6  999.9    28.4    10.6    0.0I 999.9  000000
873280  20130305    21.8  8     9.4  8  1012.1  8   947.9  8   29.9  8    3.0  8    6.2  999.9    31.2*   14.4    0.0I 999.9  000000
873280  20130306    25.6  8     9.1  8  1005.7  8   942.7  8   29.9  8    4.8  8    7.2  999.9    33.2*   18.6    0.0I 999.9  000000
873280  20130307    25.6  8    12.6  8  1006.8  8   943.8  8   29.9  8    4.1  8    6.7  999.9    33.8    17.0    0.0I 999.9  000000
873280  20130308    29.5  5    16.7  5  1006.8  5   944.4  5   18.0  5    2.5  5    4.1  999.9    34.4*   22.1    0.0I 999.9  000000
873280  20130309    28.7  8    17.9  8  1004.7  8   942.5  8   23.2  8    2.0  8    3.1  999.9    35.6*   20.2    0.0I 999.9  000000
873280  20130310    26.7  8    14.7  7  1005.5  8   943.1  8   23.8  8    4.1  8   11.3  999.9    36.5    20.2    0.0G 999.9  010010
873280  20130311    23.2  6    14.9  6  1005.9  6   942.6  6   29.9  6    3.1  6    6.2  999.9    31.0    16.4    0.0I 999.9  000000
873280  20130312    24.3  8     7.6  8  1007.5  8   944.3  8   29.9  8    3.4  8    7.7  999.9    31.0    17.8    0.0I 999.9  000010
873280  20130313    17.8  8    12.4  8  1012.2  8   947.8  8   28.8  8    2.8  8    4.6  999.9    31.5    13.6    3.0G 999.9  010010
873280  20130314    14.1  8    13.1  8  1018.1  8   952.2  8   14.0  8    1.8  8    3.1  999.9    19.9    12.4   14.0G 999.9  010000
873280  20130315    14.1  8    12.1  8  1022.6  8   956.1  8   18.8  8    0.7  8    2.1  999.9    17.7*   12.4    7.9G 999.9  010000
873280  20130316    16.9  8    11.8  8  1022.0  8   956.0  8   28.8  8    1.8  8    4.1  999.9    22.0*   12.2    0.0G 999.9  000000
873280  20130317    16.8  8    13.8  8  1021.1  8   955.5  8   23.2  8    1.8  8    3.6  999.9    22.2    14.3    1.0G 999.9  010000
873280  20130318    17.5  8    11.5  8  1019.5  8   953.9  8   29.9  8    1.6  8    3.6  999.9    23.0*   11.8    1.0G 999.9  000000
873280  20130319    18.7  8    11.3  8  1016.7  8   951.7  8   29.9  8    1.6  8    3.6  999.9    24.9    12.5    0.0G 999.9  000000
873280  20130320    18.9  8    11.2  8  1011.5  8   946.8  8   29.9  8    1.5  8    3.1  999.9    25.7*   11.3    0.0I 999.9  000000
873280  20130321    20.6  8    11.6  8  1011.6  8   947.2  8   27.5  8    2.4  8    5.1  999.9    28.2*   12.2    0.0I 999.9  000000
873280  20130322    22.0  8    11.6  8  1013.3  8   949.2  8   29.9  8    1.9  8    4.1  999.9    29.0    15.1    0.0I 999.9  000000
873280  20130323    22.1  8    13.7  8  1014.1  8   950.0  8   22.5  8    2.7  8    4.1  999.9    28.5    16.0    3.0G 999.9  010010
873280  20130324    20.1  8    12.2  8  1011.6  8   947.2  8   29.9  8    3.1  8    5.7  999.9    28.6    13.9    2.0G 999.9  000000
873280  20130325    20.0  8    11.7  8  1012.4  8   948.1  8   28.8  8    2.6  8    5.1  999.9    28.5    15.9    0.0G 999.9  000000
873280  20130326    19.2  8    10.6  8  1018.9  8   953.7  8   28.8  8    2.0  8    3.6  999.9    27.4*   12.4    3.0G 999.9  000000
873280  20130327    21.4  8    11.4  8  1017.7  8   953.2  8   26.2  8    2.5  8    4.1  999.9    28.2    14.1    0.0G 999.9  000000
873280  20130328    21.7  8    10.8  8  1016.6  8   952.2  8   23.2  8    2.7  8    4.1  999.9    29.0    13.3    0.0I 999.9  000000
873280  20130329    21.8  8     9.6  8  1014.0  8   949.8  8   20.0  8    2.9  8    6.7  999.9    30.0    12.9    0.0I 999.9  000000
873280  20130330    23.7  8    11.1  8  1010.4  8   946.7  8   29.9  8    3.8  8    6.2  999.9    31.2*   15.6    0.0I 999.9  000000
873280  20130331    20.5  8    12.4  8  1010.2  8   946.5  8   29.9  8    3.8  8    7.2  999.9    31.4    15.3    0.0I 999.9  000010
873280  20130401    17.3  8    15.1  8  1014.8  8   949.8  8   18.0  8    1.8  8    5.1  999.9    24.3    15.2   25.9G 999.9  010010
873280  20130402    15.7  8    12.9  8  1017.2  8   951.6  8   26.2  8    2.1  8    5.1  999.9    20.8    12.5   17.0G 999.9  010010
873280  20130403    14.8  8    10.1  8  1018.9  8   952.9  8   24.3  8    2.7  8    3.6  999.9    20.8*    8.3    2.0G 999.9  000000
873280  20130404    16.3  8    10.3  8  1012.7  8   947.4  8   24.9  8    2.6  8    4.6  999.9    23.2*   11.0    0.0G 999.9  000000
873280  20130405    18.9  8     8.3  8  1008.2  8   943.5  8   29.9  8    3.0  8    5.1  999.9    28.9*   10.7    0.0I 999.9  000000
873280  20130406    18.9  8     7.3  8  1009.0  8   944.7  8   29.9  8    5.1  8    8.7  999.9    29.5    13.6    0.0I 999.9  000000
873280  20130407    16.1  8     7.4  8  1016.5  8   951.1  8   29.9  8    2.1  8    5.1  999.9    24.7    10.6    0.0I 999.9  000000
873280  20130408    18.1  8    11.4  8  1017.3  8   952.0  8   24.9  8    2.2  8    3.6  999.9    24.9*   11.8    0.0I 999.9  000000
873280  20130409    19.3  8     9.2  8  1013.5  8   948.7  8   29.9  8    2.0  8    6.2  999.9    26.7*   12.1    0.0I 999.9  000000
873280  20130410    21.0  8    10.2  8  1007.9  8   943.9  8   29.9  8    4.4  8    9.8  999.9    28.0    15.2    0.0I 999.9  000000
873280  20130411    19.6  8    14.1  8  1005.3  8   941.3  8   26.2  8    3.6  8    6.7  999.9    28.1    15.3    0.0I 999.9  000010
873280  20130412    15.5  8     6.0  8  1015.5  8   950.1  8   29.9  8    3.2  8    7.7  999.9    26.8    10.0    0.0I 999.9  000000
873280  20130413    14.3  8     6.1  8  1020.4  8   954.0  8   29.9  8    1.9  8    3.6  999.9    22.2*    5.7    0.0I 999.9  000000
873280  20130414    17.3  8     9.6  8  1017.4  8   951.6  8   29.9  8    2.2  8    3.6  999.9    24.2    10.6    0.0I 999.9  000000
873280  20130415    18.5  8    10.8  8  1017.5  8   952.4  8   28.8  8    1.9  8    2.6  999.9    27.0*   11.9    0.0I 999.9  000000
873280  20130416    20.8  8     9.9  8  1015.9  8   951.2  8   29.9  8    2.2  8    3.6  999.9    29.4*   12.9    0.0I 999.9  000000
873280  20130417    21.5  8     8.1  8  1015.6  8   951.2  8   27.5  8    4.0  8    6.7  999.9    30.5    12.4    0.0I 999.9  000000
873280  20130418    22.0  8     8.2  8  1014.0  8   949.8  8   27.5  8    4.0  8    7.7  999.9    30.4    15.0    0.0I 999.9  000000
873280  20130419    21.7  8     6.7  8  1013.9  8   949.7  8   29.9  8    2.2  8    4.1  999.9    30.5    12.1    0.0I 999.9  000000
873280  20130420    20.9  8     6.1  8  1014.8  8   950.5  8   23.8  8    5.0  8   11.3  999.9    30.4    11.4    0.0I 999.9  000000
873280  20130421    23.1  8     8.0  8  1014.4  8   950.4  8   24.9  8    3.8  8    6.2  999.9    30.2*   14.9    0.0I 999.9  000000
873280  20130422    22.3  8     9.6  8  1015.1  8   951.0  8   23.8  8    3.0  8    5.1  999.9    31.0    14.8    0.0I 999.9  000000
873280  20130423    22.1  8    10.6  8  1016.4  8   952.2  8   29.9  8    3.1  8    7.7  999.9    31.4    16.0    0.0I 999.9  000000
873280  20130424    22.7  8    10.0  8  1014.0  8   950.0  8   24.9  8    4.8  8    7.7  999.9    31.0    15.4    0.0I 999.9  000000
873280  20130425    23.6  7     9.4  7  1010.6  7   946.9  7   29.9  7    4.4  7    8.2  999.9    30.5    16.0    0.0I 999.9  000000
873280  20130426    23.6  8     9.9  8  1008.6  8   945.1  8   23.8  8    5.1  8   12.3  999.9    31.0*   16.2    0.0I 999.9  000000
873280  20130427    17.0  8    10.9  8  1010.3  8   946.0  8   26.2  8    6.3  8   18.0  999.9    31.0    10.7    7.1G 999.9  000010
873280  20130428    16.1  8     8.7  8  1014.1  8   948.5  8   29.9  8    1.9  8    3.1  999.9    24.0*    9.3    0.0G 999.9  000000
873280  20130429    16.7  8     9.4  8  1014.3  8   949.0  8   26.2  8    1.7  8    2.6  999.9    25.0*    9.0    0.0I 999.9  000000
873280  20130430    20.2  8    12.2  8  1012.4  8   947.9  8   27.5  8    1.8  8    3.1  999.9    25.7    10.3    0.0I 999.9  000000
873280  20130501    20.7  8    15.2  8  1009.1  8   944.9  8   24.9  8    1.5  8    2.6  999.9    25.8    16.8    0.0I 999.9  000000
873280  20130502    20.0  8    15.9  8  1008.7  8   944.5  8   23.8  8    1.6  8    4.1  999.9    26.2*   14.6    0.0I 999.9  000000
873280  20130503    19.3  8    15.2  8  1010.1  8   945.8  8   17.1  8    1.7  8    3.1  999.9    27.5    15.0    6.1G 999.9  000010
873280  20130504    16.3  8    10.0  8  1014.6  8   949.3  8   25.6  8    2.5  8    3.6  999.9    24.8     9.6    0.5G 999.9  000000
873280  20130505    17.4  8    11.7  8  1020.0  8   954.5  8   26.2  8    1.2  8    2.6  999.9    24.1*   10.5    0.0G 999.9  000000
873280  20130506    17.8  8     8.9  8  1017.6  8   952.4  8   29.9  8    4.3  8    9.3  999.9    25.0    12.9    0.0I 999.9  000000
873280  20130507    14.3  8    -2.4  8  1022.8  8   956.6  8   28.8  8    3.2  8    7.2  999.9    25.8     4.4    0.0I 999.9  000000
873280  20130508    17.6  8     4.4  8  1014.1  8   948.8  8   29.9  8    3.5  8    5.1  999.9    25.4*    7.2    0.0I 999.9  000000
873280  20130509    18.7  8     7.7  8  1011.0  8   946.3  8   22.5  8    3.4  8    5.1  999.9    26.8*   12.4    0.0I 999.9  000000
873280  20130510    19.0  8     6.9  8  1008.1  8   943.7  8   24.9  8    2.8  8    4.6  999.9    29.0    13.0    0.0I 999.9  000000
873280  20130511    17.4  8     7.1  8  1013.4  8   948.4  8   28.8  8    2.0  8    3.1  999.9    27.5    10.1    0.0I 999.9  000000
873280  20130512    16.3  8     5.2  8  1014.5  8   949.2  8   24.9  8    2.4  8    5.1  999.9    25.5     7.0    0.0I 999.9  000000
873280  20130513    16.3  8     6.9  8  1014.2  8   948.8  8   21.2  8    1.3  8    3.1  999.9    25.2     8.0    0.0I 999.9  000000
873280  20130514    17.6  8    11.2  8  1011.6  8   946.6  8   24.3  8    2.5  8    4.1  999.9    23.0*   12.6    0.0I 999.9  000000
873280  20130515     9.2  8     2.1  8  1019.8  8   953.0  8   25.6  8    2.6  8    5.1  999.9    23.8     6.2    9.9G 999.9  010000
873280  20130516     7.6  8    -0.6  8  1026.2  8   958.1  8   26.2  8    2.5  8    3.1  999.9    15.9*    0.8    0.0G 999.9  000000
873280  20130517     9.7  8     0.1  8  1022.8  8   955.3  8   28.8  8    3.0  8    5.7  999.9    16.9*    2.7    0.0I 999.9  000000
873280  20130518    11.1  8     5.1  8  1019.4  8   952.6  8   17.5  8    1.4  8    2.1  999.9    16.9     8.3    2.0G 999.9  010000
873280  20130519    11.5  8     4.4  8  1022.3  8   955.2  8   17.5  8    1.8  8    3.1  999.9    18.5*    3.9    0.0G 999.9  000000
873280  20130520    10.8  8     4.4  8  1021.4  8   954.4  8   29.9  8    2.3  8    4.1  999.9    19.5     4.6    0.0I 999.9  000000
873280  20130521    10.0  8     5.1  8  1017.7  8   950.8  8   22.5  8    2.2  8    3.6  999.9    18.7     3.4    0.0I 999.9  000000
873280  20130522    10.7  8     4.4  8  1020.7  8   953.6  8   24.5  8    2.0  8    3.1  999.9    18.8*    4.3    0.0I 999.9  000000
873280  20130523    11.0  8     4.8  8  1020.0  8   953.2  8   23.8  8    2.5  8    3.1  999.9    20.0     3.3    0.0I 999.9  000000
873280  20130524    11.4  8     4.9  8  1021.4  8   954.4  8   18.2  8    2.5  8    3.6  999.9    20.6*    4.7    0.0I 999.9  000000
873280  20130525    14.1  8     3.2  8  1017.5  8   951.2  8   24.9  8    3.0  8    4.6  999.9    21.7*    5.8    0.0I 999.9  000000
873280  20130526    13.8  8     3.9  8  1012.5  8   946.8  8   29.9  8    2.6  8    3.6  999.9    24.1     7.8    0.0I 999.9  000000
873280  20130527    15.2  8     6.9  8  1007.5  8   942.2  8   29.9  8    3.9  8    6.2  999.9    22.2*    8.2    0.0I 999.9  000000
873280  20130528    19.0  8     8.9  8   999.3  8   935.4  8   27.5  8    3.8  8    8.2  999.9    24.5*   12.7    0.0I 999.9  000000
873280  20130529    13.2  8     1.6  8  1010.4  8   944.9  8   24.9  8    3.8  8    6.7  999.9    25.0     5.4    0.0I 999.9  000000
873280  20130530    13.1  8    -1.1  8  1015.1  8   949.0  8   24.9  8    2.8  8    3.6  999.9    21.6*    7.1    0.0I 999.9  000000
873280  20130531    19.0  8     2.3  8  1005.6  8   941.2  8   15.6  8    6.2  8   11.3  999.9    22.3     8.6    0.0I 999.9  000000
873280  20130601    14.3  8     3.4  8  1011.5  8   946.0  8   19.3  8    2.7  8    4.6  999.9    23.1*    6.8    0.0I 999.9  000000
873280  20130602    14.1  8    -2.4  8  1017.5  8   951.5  8   22.5  8    2.1  8    4.1  999.9    23.8     4.6    0.0I 999.9  000000
873280  20130603    12.9  8    -0.4  8  1020.6  8   954.2  8   24.3  8    2.3  8    3.1  999.9    21.6     7.6    0.0I 999.9  000000
873280  20130604    14.9  8     5.3  8  1017.6  8   951.5  8   24.9  8    2.6  8    4.1  999.9    23.6*    7.9    0.0I 999.9  000000
873280  20130605    16.7  8     5.7  8  1012.9  8   947.7  8   21.2  8    3.7  8    7.2  999.9    25.4*   11.5    0.0I 999.9  000000
873280  20130606    13.1  8    -6.0  8  1020.0  8   953.7  8   23.8  8    1.6  8    3.1  999.9    25.6     3.5    0.0I 999.9  000000
873280  20130607    14.3  8    -2.7  8  1016.6  8   950.6  8   26.2  8    3.4  8    7.7  999.9    22.1*    7.8    0.0I 999.9  000000
873280  20130608    13.9  8     1.7  8  1021.2  8   954.8  8   16.3  8    1.9  8    3.1  999.9    23.1     5.8    0.0I 999.9  000000
873280  20130609    16.4  8     8.0  8  1017.2  8   951.6  8   21.2  8    2.0  8    3.1  999.9    21.2    12.0    0.0I 999.9  000000
873280  20130610    15.2  8     9.8  8  1018.0  8   952.2  8   18.8  8    2.2  8    3.6  999.9    22.6*    9.3    0.0I 999.9  000000
873280  20130611    16.4  8    11.3  8  1018.0  8   952.2  8   14.3  8    3.0  8    6.2  999.9    23.2     9.9    0.0I 999.9  000000
873280  20130612    18.5  8    12.3  8  1016.5  8   951.4  8   24.9  8    3.3  8    5.1  999.9    26.0*   12.5    0.0I 999.9  000000
873280  20130613    19.0  8    11.6  8  1015.5  8   950.7  8   22.5  8    2.9  8    5.1  999.9    27.1    13.0    0.0I 999.9  000000
873280  20130614    17.6  8    10.8  8  1016.7  8   951.6  8   17.5  8    2.9  8    4.1  999.9    26.6    11.5    0.0I 999.9  000000
873280  20130615    15.9  8    11.3  8  1015.9  8   950.5  8   17.5  8    2.4  8    8.2  999.9    24.0    11.2    0.0I 999.9  100000
873280  20130616    12.8  8     5.5  8  1015.4  8   949.4  8   26.6  8    4.7  8   10.3  999.9    21.7     9.4    0.0G 999.9  010000
873280  20130617    10.9  8     1.4  8  1018.3  8   951.5  8   29.9  8    2.2  8    3.6  999.9    16.3     7.2    0.0I 999.9  000000
873280  20130618     9.7  8     1.9  8  1016.1  8   949.1  8   23.2  8    3.8  8   10.3  999.9    17.2*    5.4    0.0I 999.9  000000
873280  20130619     6.9  8    -6.8  8  1024.8  8   956.8  8   29.9  8    2.7  8    6.2  999.9    18.2     1.4    0.0I 999.9  000000
873280  20130620     7.6  8    -6.4  8  1025.2  8   957.1  8   29.9  8    1.8  8    3.1  999.9    13.5     3.2    0.0I 999.9  000000
873280  20130621     6.9  7    -4.7  7  1018.9  7   951.3  7   23.5  7    2.0  7    3.1  999.9    17.5*    0.0*   0.0I 999.9  000000
873280  20130622     9.8  8    -5.1  8  1013.4  8   946.7  8   23.2  8    2.5  8    4.1  999.9    19.3*    1.2    0.0I 999.9  000000
873280  20130623    10.2  8    -1.1  8  1020.0  8   953.0  8   22.5  8    2.4  8    4.6  999.9    20.3     1.7    0.0I 999.9  000000
873280  20130624     8.5  8     0.4  8  1022.3  8   954.7  8   24.3  8    2.7  8    3.6  999.9    16.8     3.2    0.0I 999.9  000000
873280  20130625     9.7  7     2.2  7  1020.0  7   952.7  7   27.2  7    2.2  7    3.6  999.9    16.2*    4.0*   0.0I 999.9  000000
873280  20130626     9.3  8     0.6  8  1018.9  8   951.7  8   24.9  8    2.7  8    4.1  999.9    17.2     2.6    0.0I 999.9  000000
873280  20130627    12.7  8     2.0  8  1013.1  8   946.8  8   29.9  8    5.2  8    9.3  999.9    19.5*    2.8    0.0I 999.9  000000
873280  20130628    13.6  8     3.6  8  1010.1  8   944.4  8   23.8  8    2.4  8    4.1  999.9    22.5     6.1    0.0I 999.9  000000
873280  20130629    11.8  8    -2.7  8  1015.2  8   948.9  8   22.5  8    3.0  8    5.1  999.9    22.7     3.6    0.0I 999.9  000000
873280  20130630    11.8  8     2.4  8  1019.0  8   952.3  8   17.5  8    2.6  8    4.6  999.9    20.1     5.3    0.0I 999.9  000000
873280  20130701    11.4  8     4.7  8  1022.4  8   955.4  8   20.0  8    3.0  8    7.2  999.9    19.8*    2.9    0.0I 999.9  000000
873280  20130702    16.7  8    -0.5  8  1013.2  8   947.7  8   21.2  8    7.8  8   12.3  999.9    23.8*    7.4    0.0I 999.9  000000
873280  20130703    15.2  8    -0.2  8  1007.4  8   942.4  8   22.5  8    2.6  8    3.1  999.9    25.0     8.7    0.0I 999.9  000000
873280  20130704    12.1  8     3.0  8  1014.0  8   948.0  8   21.2  8    2.3  8    4.1  999.9    23.6     8.2    0.0I 999.9  000000
873280  20130705    10.6  8     5.0  8  1015.1  8   948.6  8   20.3  8    1.0  8    3.1  999.9    16.8     6.7    0.0B 999.9  010000
873280  20130706    10.6  8     5.9  8  1018.2  8   951.3  8   13.8  8    2.6  8    7.2  999.9    14.6*    7.9    0.0G 999.9  000000
873280  20130707     7.1  8     4.8  8  1025.8  8   957.9  8   16.9  8    1.0  8    2.6  999.9    14.9     5.2    0.5A 999.9  010000
873280  20130708     9.2  8     5.2  8  1028.2  8   960.2  8   21.2  8    0.9  8    1.5  999.9    13.0*    6.2    0.0I 999.9  000000
873280  20130709    11.6  8     2.4  8  1018.1  8   951.3  8   28.8  8    1.3  8    2.6  999.9    14.5*    7.2    0.0I 999.9  000000
873280  20130710    10.2 11     5.7 11  1015.7 11   948.8 11   26.4 11    1.5 11    3.1  999.9    16.0     5.2    0.0I 999.9  000000
873280  20130711    13.3  9     6.9  9  1015.7  9   949.4  9   20.0  9    2.5  9    4.6  999.9    20.6*    8.2    0.0I 999.9  000000
873280  20130712    11.5  8     1.5  8  1021.9  8   955.0  8   20.0  8    2.6  8    4.1  999.9    21.6     3.0    0.0I 999.9  000000
873280  20130713    10.6  8     0.7  8  1018.9  8   952.0  8   28.8  8    2.4  8    3.6  999.9    21.5     0.9    0.0I 999.9  000000
873280  20130714    10.4  8    -1.9  8  1020.0  8   953.0  8   29.9  8    2.1  8    4.1  999.9    20.2     1.9    0.0I 999.9  000000
873280  20130715    12.1  7    -0.6  7  1023.2  7   956.1  7   28.6  7    1.6  7    3.1  999.9    19.4     3.5    0.0I 999.9  000000
873280  20130716    12.8  8     2.9  8  1018.6  8   952.1  8   22.5  8    2.4  8    4.1  999.9    21.9*    5.0    0.0I 999.9  000000
873280  20130717    15.2  8     5.5  8  1012.8  8   947.2  8   20.0  8    2.8  8    3.6  999.9    24.3*    8.4    0.0I 999.9  000000
873280  20130718     9.9  8     0.9  8  1016.2  8   949.9  8   16.6  8    5.7  8   12.9  999.9    25.1     6.8    0.0I 999.9  000000
873280  20130719     4.8  8    -2.7  8  1024.5  8   956.1  8   23.8  8    1.4  8    4.1  999.9    12.0     3.3    0.0I 999.9  000000
873280  20130720     4.6  8    -4.6  8  1016.7  8   948.5  8   20.0  8    3.8  8    9.3  999.9    12.5*   -1.9    0.0I 999.9  000000
873280  20130721     3.8  8    -8.4  8  1025.7  8   956.9  8   28.8  8    5.4  8    7.7  999.9    13.1    -0.9    0.0I 999.9  000000
873280  20130722     1.8  8    -9.6  8  1031.7  8   961.9  8   29.9  8    3.2  8    9.3  999.9     8.2    -4.5    0.0I 999.9  000000
873280  20130723     1.9  8    -8.8  8  1030.1  8   960.3  8   21.2  8    2.5  8    5.1  999.9     8.4*   -3.9    0.0I 999.9  000000
873280  20130724     4.7  8    -6.1  8  1029.7  8   960.4  8   24.3  8    3.1  8    4.1  999.9    14.6*   -3.8    0.0I 999.9  000000
873280  20130725     9.5  8    -8.8  8  1023.0  8   955.2  8   18.8  8    3.4  8    6.7  999.9    20.0*   -1.6    0.0I 999.9  000000
873280  20130726    13.5  8   -11.0  8  1017.2  8   950.9  8   16.9  8    7.2  8   14.4  999.9    21.8     5.5    0.0I 999.9  000000
873280  20130727    11.2  8    -4.9  8  1021.2  8   954.4  8   11.9  8    2.2  8    5.1  999.9    20.6     3.2    0.0I 999.9  000000
873280  20130728    12.5  8    -4.3  8  1021.1  8   954.3  8   12.6  8    2.6  8    4.1  999.9    21.3*    3.6    0.0I 999.9  000000
873280  20130729    14.6  8     1.7  8  1019.2  8   953.1  8   14.3  8    2.1  8    4.1  999.9    23.4*    7.7    0.0I 999.9  000000
873280  20130730    17.2  8     6.8  8  1011.7  8   946.6  8    8.0  8    3.3  8    9.3  999.9    28.0*    8.0    0.0I 999.9  000000
873280  20130731    15.9  8     8.1  8  1012.5  8   947.4  8    8.0  8    4.1  8    7.2  999.9    29.4     9.6    0.0I 999.9  000000
873280  20130801    11.1  7     0.6  7  1016.3  7   949.7  7   20.8  7    1.6  7    2.1  999.9    18.2*    6.3    0.0I 999.9  000000
873280  20130802    11.0  8    -2.0  8  1020.8  8   953.8  8   19.3  8    2.0  8    4.1  999.9    19.0     2.6    0.0I 999.9  000000
873280  20130803    11.0  8    -1.7  8  1015.4  8   948.9  8   19.3  8    3.2  8    5.1  999.9    19.3     5.3    0.0I 999.9  000000
873280  20130804    11.6  8    -1.3  8  1018.3  8   951.5  8   13.2  8    3.6  8    5.1  999.9    20.6*    5.2    0.0I 999.9  000000
873280  20130805    15.4  8     0.4  8  1015.0  8   949.3  8   19.3  8    3.6  8    6.2  999.9    24.9*    5.8    0.0I 999.9  000000
873280  20130806    14.8  8    -0.2  8  1015.9  8   950.1  8   20.0  8    4.3  8   10.8  999.9    26.2     6.0    0.0I 999.9  000000
873280  20130807    20.1  8     5.5  8  1003.9  8   939.9  8   21.6  8    6.7  8   13.4  999.9    27.3*    9.2    0.0I 999.9  000000
873280  20130808    10.7  8    -2.4  8  1014.0  8   948.2  8   18.2  8    5.4  8   10.8  999.9    15.6*    6.6    0.3A 999.9  000000
873280  20130809     8.0  8    -8.6  8  1029.5  8   961.2  8   29.9  8    2.3  8    4.1  999.9    14.0*    2.4    0.0I 999.9  000000
873280  20130810     7.0  8    -9.4  8  1027.4  8   958.9  8   29.9  8    2.8  8    5.1  999.9    15.9*    0.2    0.0I 999.9  000000
873280  20130811    11.3  8    -8.8  8  1015.0  8   948.2  8   29.9  8    4.1  8    6.2  999.9    20.5*    3.2    0.0I 999.9  000000
873280  20130812     9.9  8    -1.8  8  1015.5  8   948.8  8   28.2  8    5.0  8    9.3  999.9    20.8     3.8    0.0I 999.9  000000
873280  20130813     5.6  8    -1.5  8  1028.9  8   960.5  8   26.2  8    3.2  8   11.3  999.9    17.1    -2.6    2.0G 999.9  010000
873280  20130814     6.2  8    -4.7  8  1033.0  8   964.0  8   26.2  8    3.0  8    4.1  999.9    14.8*   -2.4    0.0G 999.9  000000
873280  20130815    10.2  8    -5.8  8  1023.0  8   955.5  8   24.9  8    3.6  8    5.7  999.9    21.2*    2.4    0.0I 999.9  000000
873280  20130816    11.9  7    -9.2  7  1023.1  7   956.0  7   18.5  7    3.2  7    4.1  999.9    21.5     2.6    0.0I 999.9  000000
873280  20130817    10.6  8    -8.7  8  1025.6  8   958.3  8   20.0  8    1.9  8    4.1  999.9    20.8     2.0    0.0I 999.9  000000
873280  20130818    14.1  8    -6.5  8  1017.9  8   951.6  8   10.0  8    5.9  8   10.8  999.9    23.4*    3.8    0.0I 999.9  000000
873280  20130819    19.3  7    -3.4  7  1012.7  7   947.9  7   14.3  7    3.6  7    6.2  999.9    26.4*   10.1    0.0I 999.9  000000
873280  20130820    17.7  8     0.6  8  1012.6  8   947.6  8   16.3  8    2.1  8    2.6  999.9    28.2*    5.7    0.0I 999.9  000000
873280  20130821    17.9  8     3.8  8  1009.5  8   944.9  8   10.6  8    2.6  8    6.2  999.9    28.7     9.6    0.0I 999.9  000000
873280  20130822    11.2  8    -9.6  8  1017.0  8   950.9  8   15.6  8    6.2  8    9.8  999.9    25.8     3.8    0.0I 999.9  000000
873280  20130824     7.2  8   -10.8  8  1027.2  8   959.0  8   20.0  8    1.4  8    2.1  999.9    13.5     3.3    0.0I 999.9  000000
873280  20130825     8.6  4    -7.7  4  9999.9  0   963.8  4   20.0  4    1.4  4    2.6  999.9    12.4*   -2.3    0.0I 999.9  000000
873280  20130826     6.8  8    -6.4  8  1032.6  7   964.0  8   21.2  8    2.3  8    4.6  999.9    13.7*    0.1    0.0I 999.9  000000
873280  20130827     9.3  8    -5.7  8  1027.9  8   959.9  8   24.9  8    2.6  8    4.1  999.9    19.5*    2.5    0.0I 999.9  000000
873280  20130828    15.1  8    -5.2  8  1023.2  8   956.7  8   29.9  8    2.6  8    4.1  999.9    26.2*    7.0    0.0I 999.9  000000
873280  20130829    19.9  8    -5.6  8  1015.5  8   950.6  8   15.0  8    5.1  8    7.7  999.9    29.4*   10.2    0.0I 999.9  000000
873280  20130830    20.7  8    -5.1  8  1010.4  8   946.3  8   27.5  8    2.6  8    5.1  999.9    31.0    11.2    0.0I 999.9  000000
873280  20130831    20.1  8    -4.7  8  1009.2  7   945.1  7   20.0  8    2.6  8    4.1  999.9    30.5    12.4*   0.0I 999.9  000000
873280  20130901    17.2  6    -4.4  6  1011.5  5   947.2  6   15.4  6    1.5  6    3.1  999.9    30.1    12.0    0.0I 999.9  000000
873280  20130902    17.4  8     2.8  8  1012.3  8   947.5  8   13.7  8    3.7  8    6.2  999.9    29.8     9.8    0.0I 999.9  000000
873280  20130903    16.2  4     2.2  4  1023.8  4   957.6  4   20.0  4    3.2  4    4.1  999.9    20.7*    9.4    0.0I 999.9  000000
873280  20130904    14.9  7     1.2  7  1020.2  7   953.8  6   17.9  7    5.6  7   10.3  999.9    22.2*    8.4    0.0I 999.9  000000
873280  20130905    19.2  8     3.9  8  1013.3  7   949.0  7   13.2  8    2.6  8    5.1  999.9    26.4*   11.2    0.0I 999.9  100000
873280  20130906    21.6  8     6.2  8  1011.6  8   947.3  8   15.0  8    3.1  8    5.1  999.9    31.2*   12.5    0.0I 999.9  000000
873280  20130907    25.4  7     7.8  7  1007.5  7   944.5  7   15.8  7    2.4  7    4.1  999.9    31.5*   17.9    0.0I 999.9  000000
873280  20130908    18.6  4     6.8  4  1011.7  4   948.1  4   12.6  4    2.3  4    4.1  999.9    32.3    16.4*   0.0I 999.9  000000
873280  20130909    24.8  7     5.7  7  1011.5  7   948.1  7   10.8  7    5.0  7   12.4  999.9    35.2*   16.2    0.0I 999.9  000000
873280  20130911    21.7  7     6.2  7  1005.6  7   943.3  7    7.1  7    3.6  7    5.7  999.9    30.3*   13.5    0.0I 999.9  000000
873280  20130912    15.8  8     4.6  8  1008.7  8   944.0  8   15.0  8    5.2  8   12.3  999.9    28.2     9.0    0.0I 999.9  000000
873280  20130913     9.4  7     0.8  7  1022.1  7   954.9  7   12.9  7    3.6  7    5.1  999.9    15.9*    5.0*   0.0I 999.9  000000
873280  20130914    11.0  8     0.6  8  1020.7  8   953.7  8   18.8  8    2.1  8    4.6  999.9    16.7     6.1    0.0I 999.9  000000
873280  20130915     8.9  8     4.1  8  1021.2  8   953.9  8   21.2  8    1.6  8    2.6  999.9    13.5     7.0    0.0B 999.9  010000
873280  20130916     5.3  8     0.7  8  1023.2  8   954.9  8   24.9  8    2.4  8    6.2  999.9    10.0*    1.4    5.1G 999.9  010000
873280  20130917     5.0  8    -5.6  8  1025.9  8   957.1  8   27.5  8    3.3  8    8.2  999.9    13.7*   -3.8    0.0G 999.9  000000
873280  20130918    10.4  8    -6.9  8  1021.8  8   954.2  8   19.3  8    2.6  8    3.6  999.9    18.7*    1.2    0.0I 999.9  000000
873280  20130919    14.5  8    -4.8  8  1018.0  8   951.8  8   29.9  8    6.3  8   11.3  999.9    22.8*    7.2    0.0I 999.9  000000
873280  20130920    17.2  8    -2.4  8  1009.5  8   944.6  8   26.9  8    2.9  8    6.2  999.9    24.4*    7.5    0.0I 999.9  000000
873280  20130921    11.3  6    -3.1  6  1010.4  6   944.9  6   25.9  6    4.3  6    7.7  999.9    25.5     7.1    0.0I 999.9  000000
873280  20130922     7.8  7    -4.7  7  1025.1  7   957.2  7   29.9  7    2.4  7    4.6  999.9    16.4*   -0.9    0.0I 999.9  000000
873280  20130923     8.7  7    -3.9  7  1030.8  7   962.8  7   29.9  7    2.2  7    3.6  999.9    17.2     1.8    0.0I 999.9  000000
873280  20130924     9.3  8    -6.0  8  1029.3  8   961.3  8   29.9  8    2.2  8    3.6  999.9    18.9*   -1.3    0.0I 999.9  000000
873280  20130925    14.3  7    -5.1  7  1021.7  7   955.0  7   27.2  7    5.8  7    9.3  999.9    21.5*    3.4    0.0I 999.9  000000
873280  20130926    17.7  8    -2.9  8  1014.2  8   948.8  8   26.2  8    4.5  8    7.2  999.9    25.0*    9.7    0.0I 999.9  000000
873280  20130927    17.4  8     0.1  8  1013.1  8   948.1  8   24.9  8    2.1  8    4.1  999.9    26.0*    8.9    0.0I 999.9  000000
873280  20130928     8.9  8     0.3  8  1022.6  8   955.9  8   19.8  8    7.0  8   15.4  999.9    21.7*    3.5    0.0I 999.9  000000
873280  20130929     8.3  8    -4.6  8  1025.3  8   957.1  8   28.8  8    4.0  8    7.7  999.9    16.9*   -3.2    0.0I 999.9  000000
873280  20130930    12.3  8     1.3  8  1021.8  8   954.9  8   28.8  8    4.2  8    5.1  999.9    19.4*    4.6    0.0I 999.9  000000
873280  20131001    14.9  7     1.8  7  1017.8  7   951.6  7   27.2  7    2.2  7    4.1  999.9    21.9*    7.2    0.0I 999.9  000000
873280  20131002    17.2  8     1.2  8  1013.6  8   948.3  8   24.9  8    4.0  8   10.3  999.9    25.5*   10.0    0.0I 999.9  000000
873280  20131003    15.3  8     6.1  8  1018.1  8   952.7  8   19.3  8    3.7  8    7.7  999.9    26.4     9.6   18.0G 999.9  010000
873280  20131004    13.6  8     0.4  8  1024.2  8   957.5  8   29.9  8    3.2  8    7.2  999.9    22.7*    4.0    0.0G 999.9  000000
873280  20131005    16.9  8     0.5  8  1018.9  8   953.2  8   28.8  8    2.5  8    4.1  999.9    25.7*    8.7    0.0I 999.9  000000
873280  20131006    19.4  8     4.4  8  1018.8  8   953.7  8   21.2  8    2.1  8    3.6  999.9    27.2*   11.3    0.0I 999.9  000000
873280  20131007    21.4  8     3.4  8  1017.2  8   952.7  8   18.8  8    3.2  8    8.7  999.9    28.3    13.1    0.0I 999.9  000000
873280  20131008    23.3  8     2.9  8  1012.0  8   948.1  8   16.9  8    6.7  8   13.4  999.9    31.4*   14.7*   0.0I 999.9  000000
873280  20131009    24.2  8     3.2  8  1008.7  8   945.6  8   11.3  8    6.5  8   13.9  999.9    32.5    18.0    0.0I 999.9  000000
873280  20131010    21.0  8    -2.3  8  1014.0  8   949.6  8   22.5  8    2.6  8    3.6  999.9    29.7*   11.6    0.0I 999.9  000000
873280  20131011    22.4  8     9.6  8  1012.5  8   948.6  8   23.8  8    2.6  8    6.7  999.9    29.9    13.3    0.0I 999.9  000000
873280  20131012    19.8  7    13.2  7  1013.6  7   949.2  7   22.9  7    2.6  7    3.1  999.9    29.7    13.9*   9.9A 999.9  000010
873280  20131013    21.8  8    12.4  8  1012.5  8   948.4  8   26.2  8    2.3  8    5.1  999.9    27.5*   14.5    0.0I 999.9  000000
873280  20131014    22.9  8    13.3  8  1014.1  8   950.1  8   26.2  8    2.8  8    6.2  999.9    31.0*   17.1    0.0I 999.9  000010
873280  20131015    24.0  8    13.0  8  1014.0  8   950.2  8   26.2  8    4.2  8    7.7  999.9    31.4    16.8   13.0G 999.9  000000
873280  20131016    21.2  7    12.6  7  1012.9  7   949.5  7   29.9  7    5.6  7    6.2  999.9    24.4    17.7    0.0G 999.9  000010
873280  20131017    18.8  7     9.6  7  1015.2  6   951.0  7   29.9  7    2.3  7    3.1  999.9    28.7*   12.0    0.0I 999.9  000000
873280  20131018    23.6  8     9.3  8  1010.8  8   947.7  8   29.9  8    2.4  8    4.1  999.9    31.2*   14.8    0.0I 999.9  000000
873280  20131019    27.7  8     7.0  8  1003.3  6   941.6  8   21.2  8    5.3  8   10.3  999.9    34.6*   21.5    0.0I 999.9  000000
873280  20131020    29.1  5     8.7  5   995.5  5   934.6  4   24.6  5   13.3  5  999.9  999.9    35.8    25.3    0.0I 999.9  000000
873280  20131021    19.6  8     0.5  8  1011.3  8   947.8  8   26.2  8    4.2  8    7.7  999.9    32.5    10.1    0.0I 999.9  000000
873280  20131022    27.3  4     3.8  4  1003.4  4   941.1  4   29.9  4    8.2  4   12.9  999.9    30.3*   19.4    0.0I 999.9  000000
873280  20131023    21.8  7     6.1  7  1006.2  7   943.7  7   20.0  7    5.3  7    8.2  999.9    26.1*   16.2    0.0I 999.9  000000
873280  20131024    17.8  8    -1.4  8  1018.4  8   953.7  8   22.5  8    3.1  8    6.2  999.9    26.8    12.4    0.0I 999.9  000000
873280  20131025    20.5  7     4.3  7  1015.4  7   951.9  7   24.9  7    1.9  7    4.1  999.9    26.2*   15.0    0.0I 999.9  000000
873280  20131026    18.1  4     8.6  4  1011.5  4   947.8  4   24.9  4    1.9  4    3.6  999.9    28.0    13.4*   0.0I 999.9  000000
873280  20131027    22.7  8     5.3  8  1013.7  8   950.5  8   27.5  8    4.0  8    9.3  999.9    31.7    12.7    0.0I 999.9  000000
873280  20131028    30.1  4    10.7  4  1006.1  4   944.0  4   29.9  4   10.6  4   11.3  999.9    33.3*   20.2    0.0I 999.9  000000
873280  20131029    26.5  8     7.0  8  1005.5  8   943.6  8   26.2  8    3.1  8    8.8  999.9    33.7    19.0*   0.0I 999.9  000000
873280  20131030    27.4  8    14.8  8  1003.6  8   941.8  8   29.9  8    5.1  8    8.7  999.9    34.4    20.5   14.0B 999.9  000010
873280  20131031    27.6  8    16.3  8   997.6  8   936.9  8   24.9  8    2.9  8    5.1  999.9    35.0    20.1    0.0I 999.9  000000
873280  20131101    20.2  4    15.2  4  1004.4  4   942.0  4   21.2  4    8.1  4   12.9  999.9    35.6    15.5*  14.0A 999.9  010010
873280  20131102    18.4  8     7.7  8  1017.4  8   952.5  8   25.6  8    3.7  8    7.7  999.9    25.2*   12.0    0.0I 999.9  000000
873280  20131103    25.3  4     3.8  4  1016.9  4   952.6  4   29.9  4    2.6  4    4.1  999.9    28.9*    9.3    0.0I 999.9  000000
873280  20131104    22.1  7     6.9  7  1013.2  7   950.0  7   29.9  7    1.8  7    5.1  999.9    31.5*   12.0    0.0I 999.9  000000
873280  20131105    23.7  8     7.7  8  1012.2  8   949.1  8   29.9  8    4.0  8    7.7  999.9    33.5    14.4*   0.0I 999.9  000000
873280  20131106    25.9  8     6.7  8  1007.1  8   944.8  8   26.9  8    6.5  8   11.3  999.9    34.0*   17.3    0.0I 999.9  000000
873280  20131108    24.0  8    14.4  8  1006.2  8   943.8  8   29.9  8    2.6  8    4.1  999.9    32.8    17.8    0.0I 999.9  000010
873280  20131109    26.2  4    14.3  4   999.9  4   937.7  4   27.5  4    3.4  4    5.1  999.9    29.7*   17.8    0.0I 999.9  000000
873280  20131110    15.5  8    13.8  8  1007.1  8   943.3  8   27.5  8    3.0  8    4.6  999.9    30.0    12.0    7.1G 999.9  010010
873280  20131111    17.4  8    11.3  8  1011.9  8   947.1  8   18.8  8    1.9  8    4.1  999.9    25.9*   11.6    5.1G 999.9  000000
873280  20131112    22.7  8     6.5  8  1009.4  8   945.9  8   29.9  8    2.8  8    5.1  999.9    31.6*   14.4    0.0G 999.9  000000
873280  20131113    28.3  8     3.9  8  1005.9  8   944.1  8   28.2  8    8.3  8   14.4  999.9    35.2*   22.2    0.0I 999.9  000000
